-7.554937999999999647e+02
-7.347037000000000262e+02
-7.725711999999999762e+02
-7.877925000000000182e+02
-7.814813000000000329e+02
-7.989299999999999500e+02
-8.167500000000000000e+02
-8.182350000000000136e+02
-8.141512000000000171e+02
-8.516475000000000364e+02
-8.824611999999999625e+02
-8.858025000000000091e+02
-9.065924999999999727e+02
-9.284963000000000193e+02
-9.010236999999999625e+02
-9.633936999999999671e+02
-9.849262999999999693e+02
-9.314661999999999580e+02
-9.797287999999999784e+02
-1.004602999999999952e+03
-9.507712000000000216e+02
-1.001633000000000038e+03
-1.026134999999999991e+03
-1.020566000000000031e+03
-1.022793999999999983e+03
-1.048410000000000082e+03
-1.016854000000000042e+03
-1.039500000000000000e+03
-1.067714999999999918e+03
-1.067714999999999918e+03
-1.071426999999999907e+03
-1.099642000000000053e+03
-1.095930000000000064e+03
-1.117090999999999894e+03
-1.136395999999999958e+03
-1.115234999999999900e+03
-1.177233999999999924e+03
-1.173150000000000091e+03
-1.139738000000000056e+03
-1.173892000000000053e+03
-1.196910000000000082e+03
-1.171664999999999964e+03
-1.152359999999999900e+03
-1.239974999999999909e+03
-1.216214999999999918e+03
-1.188000000000000000e+03
-1.269674999999999955e+03
-1.219556000000000040e+03
-1.213244999999999891e+03
-1.230323000000000093e+03
-1.228465999999999894e+03
-1.221040999999999940e+03
-1.233291999999999916e+03
-1.249627999999999929e+03
-1.221040999999999940e+03
-1.273387999999999920e+03
-1.262992999999999938e+03
-1.265590999999999894e+03
-1.269674999999999955e+03
-1.292320999999999913e+03
-1.249999000000000024e+03
-1.307913999999999987e+03
-1.308655999999999949e+03
-1.303459000000000060e+03
-1.345780999999999949e+03
-1.365828999999999951e+03
-1.345410000000000082e+03
-1.393300999999999931e+03
-1.376595000000000027e+03
-1.355063000000000102e+03
-1.377337999999999965e+03
-1.398127999999999929e+03
-1.367684999999999945e+03
-1.386248000000000047e+03
-1.417060999999999922e+03
-1.386990000000000009e+03
-1.385875999999999976e+03
-1.425971000000000004e+03
-1.389960000000000036e+03
-1.399240999999999985e+03
-1.441934999999999945e+03
-1.440450000000000045e+03
-1.428199000000000069e+03
-1.451215999999999894e+03
-1.457527000000000044e+03
-1.477945999999999913e+03
-1.483515000000000100e+03
-1.490940000000000055e+03
-1.494652000000000044e+03
-1.519154999999999973e+03
-1.496137999999999920e+03
-1.504675999999999931e+03
-1.527693999999999960e+03
-1.530663999999999987e+03
-1.516556000000000040e+03
-1.558508000000000038e+03
-1.544770999999999958e+03
-1.549969000000000051e+03
-1.585608999999999924e+03
-1.584865999999999985e+03
-1.565932000000000016e+03
-1.611968000000000075e+03
-1.611224999999999909e+03
-1.619763999999999896e+03
-1.636840999999999894e+03
-1.624219000000000051e+03
-1.618650000000000091e+03
-1.639810999999999922e+03
-1.655031999999999925e+03
-1.676565000000000055e+03
-1.689188000000000102e+03
-1.672853000000000065e+03
-1.658744999999999891e+03
-1.683248000000000047e+03
-1.705521999999999935e+03
-1.674337999999999965e+03
-1.683990000000000009e+03
-1.679535000000000082e+03
-1.691414999999999964e+03
-1.703295000000000073e+03
-1.682505000000000109e+03
-1.705151000000000067e+03
-1.740790999999999940e+03
-1.672480999999999995e+03
-1.658744999999999891e+03
-1.677679000000000087e+03
-1.674337999999999965e+03
-1.679163999999999987e+03
-1.699211000000000013e+03
-1.709605999999999995e+03
-1.685104000000000042e+03
-1.716288999999999987e+03
-1.704779999999999973e+03
-1.695499000000000024e+03
-1.725941000000000031e+03
-1.694013999999999896e+03
-1.644266000000000076e+03
-1.681391000000000076e+03
-1.673965999999999894e+03
-1.663942999999999984e+03
-1.727797000000000025e+03
-1.712948000000000093e+03
-1.705151000000000067e+03
-1.709978000000000065e+03
-1.688074000000000069e+03
-1.689188000000000102e+03
-1.722229000000000042e+03
-1.727425999999999931e+03
-1.707378999999999905e+03
-1.729653999999999996e+03
-1.720373000000000047e+03
-1.714060999999999922e+03
-1.756012999999999920e+03
-1.770863000000000056e+03
-1.698839999999999918e+03
-1.784970000000000027e+03
-1.794250999999999976e+03
-1.735964999999999918e+03
-1.759354000000000042e+03
-1.776431000000000040e+03
-1.738564000000000078e+03
-1.760838999999999942e+03
-1.784598999999999933e+03
-1.766406999999999925e+03
-1.778659000000000106e+03
-1.792394999999999982e+03
-1.768263999999999896e+03
-1.794623000000000047e+03
-1.819867999999999938e+03
-1.814670000000000073e+03
-1.822837999999999965e+03
-1.825807000000000016e+03
-1.838800999999999931e+03
-1.847339999999999918e+03
-1.878153999999999996e+03
-1.849195999999999913e+03
-1.860334000000000060e+03
-1.895973999999999933e+03
-1.863674999999999955e+03
-1.886692999999999984e+03
-1.904884000000000015e+03
-1.868873000000000047e+03
-1.867016000000000076e+03
-1.901913999999999987e+03
-1.900057000000000016e+03
-1.890034000000000106e+03
-1.926415999999999940e+03
-1.922703999999999951e+03
-1.900057000000000016e+03
-1.919363000000000056e+03
-1.919363000000000056e+03
-1.921589999999999918e+03
-1.950175999999999931e+03
-1.975791999999999916e+03
-1.931614000000000033e+03
-1.962798999999999978e+03
-1.967253999999999905e+03
-1.956488000000000056e+03
-1.988414999999999964e+03
-1.966510999999999967e+03
-1.956488000000000056e+03
-1.953888999999999896e+03
-1.956858999999999924e+03
-1.969109999999999900e+03
-1.956488000000000056e+03
-1.972823000000000093e+03
-1.981732999999999947e+03
-1.960570999999999913e+03
-1.976163999999999987e+03
-1.976163999999999987e+03
-1.986188000000000102e+03
-1.986188000000000102e+03
-1.987672000000000025e+03
-1.984330999999999904e+03
-2.005864000000000033e+03
-1.995839999999999918e+03
-2.023313000000000102e+03
-2.019599999999999909e+03
-2.001037000000000035e+03
-2.016259000000000015e+03
-2.048557999999999993e+03
-2.042246000000000095e+03
-2.048186000000000149e+03
-2.044103000000000065e+03
-2.062293999999999869e+03
-2.073431000000000040e+03
-2.066005999999999858e+03
-2.095706000000000131e+03
-2.099047999999999774e+03
-2.099789999999999964e+03
-2.094592999999999847e+03
-2.068233999999999924e+03
-2.044845000000000027e+03
-2.086425000000000182e+03
-2.087909999999999854e+03
-2.089394999999999982e+03
-2.101646000000000186e+03
-2.068976000000000113e+03
-2.082340999999999894e+03
-2.055239999999999782e+03
-2.090137000000000171e+03
-2.063778999999999996e+03
-2.081969999999999800e+03
-2.113525999999999840e+03
-2.085311000000000149e+03
-2.079742000000000189e+03
-2.034820999999999913e+03
-2.062664999999999964e+03
-2.026281999999999925e+03
-2.035564000000000078e+03
-2.056724999999999909e+03
-2.026281999999999925e+03
-2.048929000000000087e+03
-2.061922999999999774e+03
-2.037420000000000073e+03
-2.075659000000000106e+03
-2.071204000000000178e+03
-2.074173999999999978e+03
-2.096449000000000069e+03
-2.087909999999999854e+03
-2.080114000000000033e+03
-2.093106999999999971e+03
-2.107585999999999785e+03
-2.089766000000000076e+03
-2.127634000000000015e+03
-2.149538000000000011e+03
-2.122065000000000055e+03
-2.116496000000000095e+03
-2.105358999999999924e+03
-2.117981000000000222e+03
-2.107585999999999785e+03
-2.127262000000000171e+03
-2.129119000000000142e+03
-2.116867000000000189e+03
-2.132831000000000131e+03
-2.129489999999999782e+03
-2.102018000000000029e+03
-2.142112999999999829e+03
-2.161416999999999916e+03
-2.150650999999999840e+03
-2.158076000000000022e+03
-2.166614999999999782e+03
-2.151393999999999778e+03
-2.180722000000000207e+03
-2.166614999999999782e+03
-2.126148999999999887e+03
-2.160675000000000182e+03
-2.156961999999999989e+03
-2.142483999999999924e+03
-2.168842999999999847e+03
-2.166244000000000142e+03
-2.106844000000000051e+03
-2.134315999999999804e+03
-2.155478000000000065e+03
-2.142855000000000018e+03
-2.153992000000000189e+03
-2.159932999999999993e+03
-2.132088999999999942e+03
-2.130603999999999814e+03
-2.135800999999999931e+03
-2.119094999999999800e+03
-2.126148999999999887e+03
-2.148052000000000135e+03
-2.156961999999999989e+03
-2.101275000000000091e+03
-2.081228000000000065e+03
-2.079371000000000095e+03
-2.117981000000000222e+03
-2.097563000000000102e+03
-2.106101000000000113e+03
-2.124291999999999916e+03
-2.120208999999999833e+03
-2.105358999999999924e+03
-2.105358999999999924e+03
-2.134315999999999804e+03
-2.139514000000000124e+03
-2.160675000000000182e+03
-2.159190000000000055e+03
-2.174782000000000153e+03
-2.149909000000000106e+03
-2.176639000000000124e+03
-2.177380999999999858e+03
-2.149909000000000106e+03
-2.174411000000000058e+03
-2.159932999999999993e+03
-2.162902999999999793e+03
-2.172184000000000196e+03
-2.198541999999999916e+03
-2.179608999999999924e+03
-2.174039999999999964e+03
-2.172925999999999931e+03
-2.189260999999999967e+03
-2.208195000000000164e+03
-2.202626000000000204e+03
-2.228242000000000189e+03
-2.233068999999999960e+03
-2.192974000000000160e+03
-2.229728000000000065e+03
-2.226014999999999873e+03
-2.234554000000000087e+03
-2.247547999999999774e+03
-2.259056000000000040e+03
-2.271679000000000087e+03
-2.254972000000000207e+03
-2.252001999999999953e+03
-2.262396999999999935e+03
-2.254972000000000207e+03
-2.279103999999999814e+03
-2.281702999999999975e+03
-2.257943000000000211e+03
-2.285786000000000058e+03
-2.290240999999999985e+03
-2.252744999999999891e+03
-2.263139999999999873e+03
-2.234925000000000182e+03
-2.227128999999999905e+03
-2.260913000000000011e+03
-2.249775000000000091e+03
-2.246804999999999836e+03
-2.246063000000000102e+03
-2.266110000000000127e+03
-2.265739000000000033e+03
-2.266853000000000065e+03
-2.267965999999999894e+03
-2.276134000000000015e+03
-2.267224000000000160e+03
-2.254601000000000113e+03
-2.247547999999999774e+03
-2.298038000000000011e+03
-2.275019999999999982e+03
-2.282445000000000164e+03
-2.247547999999999774e+03
-2.251260000000000218e+03
-2.256085999999999785e+03
-2.274277999999999793e+03
-2.292097000000000207e+03
-2.266853000000000065e+03
-2.297295000000000073e+03
-2.292840000000000146e+03
-2.257570999999999913e+03
-2.257199999999999818e+03
-2.281702999999999975e+03
-2.251260000000000218e+03
-2.276876000000000204e+03
-2.292097000000000207e+03
-2.249403999999999996e+03
-2.264996000000000095e+03
-2.255344000000000051e+03
-2.263882999999999811e+03
-2.272050000000000182e+03
-2.284300999999999931e+03
-2.264253999999999905e+03
-2.278731999999999971e+03
-2.307690000000000055e+03
-2.250146000000000186e+03
-2.213393000000000029e+03
-2.233811000000000149e+03
-2.217105000000000018e+03
-2.208938000000000102e+03
-2.248289999999999964e+03
-2.242349999999999909e+03
-2.252001999999999953e+03
-2.255715000000000146e+03
-2.248289999999999964e+03
-2.246063000000000102e+03
-2.206338999999999942e+03
-2.213764000000000124e+03
-2.217847000000000207e+03
-2.221931000000000040e+03
-2.217105000000000018e+03
-2.209309000000000196e+03
-2.244577999999999975e+03
