-2.153992000000000189e+03
-2.162159999999999854e+03
-2.156961999999999989e+03
-2.161789000000000215e+03
-2.162159999999999854e+03
-2.208565999999999804e+03
-2.196315000000000055e+03
-2.227128999999999905e+03
-2.255715000000000146e+03
-2.227871000000000095e+03
-2.220818000000000211e+03
-2.249032000000000153e+03
-2.293954000000000178e+03
-2.252744999999999891e+03
-2.269822999999999865e+03
-2.289498999999999796e+03
-2.276876000000000204e+03
-2.310289000000000215e+03
-2.336646999999999935e+03
-2.288385000000000218e+03
-2.295438999999999851e+03
-2.360036000000000058e+03
-2.341103000000000065e+03
-2.359293999999999869e+03
-2.368945999999999913e+03
-2.327365999999999985e+03
-2.368204000000000178e+03
-2.384166999999999916e+03
-2.390478999999999814e+03
-2.380083999999999833e+03
-2.381197999999999865e+03
-2.343329999999999927e+03
-2.348155999999999949e+03
-2.416836999999999989e+03
-2.373030000000000200e+03
-2.384539000000000215e+03
-2.397903999999999996e+03
-2.418322999999999865e+03
-2.456561000000000149e+03
-2.432059000000000196e+03
-2.429460000000000036e+03
-2.399389000000000124e+03
-2.470668999999999869e+03
-2.475865999999999985e+03
-2.427603999999999814e+03
-2.468813000000000102e+03
-2.419065000000000055e+03
-2.463244000000000142e+03
-2.467699000000000069e+03
-2.441710999999999785e+03
-2.455818999999999960e+03
-2.506309000000000196e+03
-2.467699000000000069e+03
-2.488117000000000189e+03
-2.498512000000000171e+03
-2.479208000000000084e+03
-2.468813000000000102e+03
-2.564594999999999800e+03
-2.493686000000000149e+03
-2.500739999999999782e+03
-2.517445999999999913e+03
-2.480693000000000211e+03
-2.501481999999999971e+03
-2.548260000000000218e+03
-2.549373999999999796e+03
-2.498884000000000015e+03
-2.548260000000000218e+03
-2.521900999999999840e+03
-2.474010000000000218e+03
-2.555313999999999851e+03
-2.481063999999999851e+03
-2.525242000000000189e+03
-2.565338000000000193e+03
-2.529326000000000022e+03
-2.472153999999999996e+03
-2.537494000000000142e+03
-2.510764000000000124e+03
-2.509650000000000091e+03
-2.544547999999999774e+03
-2.503710000000000036e+03
-2.543804999999999836e+03
-2.543434000000000196e+03
-2.545289999999999964e+03
-2.537123000000000047e+03
-2.560510999999999967e+03
-2.518931000000000040e+03
-2.559768999999999778e+03
-2.527469999999999800e+03
-2.554570999999999913e+03
-2.517074999999999818e+03
-2.528211999999999989e+03
-2.566451000000000022e+03
-2.530068999999999960e+03
-2.553085999999999785e+03
-2.544918999999999869e+03
-2.531925000000000182e+03
-2.519673999999999978e+03
-2.573876000000000204e+03
-2.551601000000000113e+03
-2.527469999999999800e+03
-2.568307999999999993e+03
-2.512619999999999891e+03
-2.543434000000000196e+03
-2.560882999999999811e+03
-2.521530000000000200e+03
-2.521159000000000106e+03
-2.531182999999999993e+03
-2.523757999999999811e+03
-2.510021000000000186e+03
-2.549744999999999891e+03
-2.519302000000000135e+03
-2.524500000000000000e+03
-2.544918999999999869e+03
-2.490344999999999800e+03
-2.534152999999999793e+03
-2.540463999999999942e+03
-2.514847000000000207e+03
-2.514105000000000018e+03
-2.583157000000000153e+03
-2.499626000000000204e+03
-2.537123000000000047e+03
-2.501481999999999971e+03
-2.523014999999999873e+03
-2.543804999999999836e+03
-2.565338000000000193e+03
-2.536751000000000204e+03
-2.501853999999999814e+03
-2.548260000000000218e+03
-2.511505999999999858e+03
-2.517445999999999913e+03
-2.537494000000000142e+03
-2.518931000000000040e+03
-2.543804999999999836e+03
-2.563853000000000065e+03
-2.528583999999999833e+03
-2.511505999999999858e+03
-2.534523999999999887e+03
-2.515590000000000146e+03
-2.494800000000000182e+03
-2.487746000000000095e+03
-2.484405000000000200e+03
-2.490715999999999894e+03
-2.483663000000000011e+03
-2.477351000000000113e+03
-2.484405000000000200e+03
-2.446909000000000106e+03
-2.456932999999999993e+03
-2.445052000000000135e+03
-2.445423999999999978e+03
-2.443568000000000211e+03
-2.429831000000000131e+03
-2.425376000000000204e+03
-2.449135999999999967e+03
-2.409413000000000011e+03
-2.444309999999999945e+03
-2.420179000000000087e+03
-2.448393999999999778e+03
-2.453219999999999800e+03
-2.438740999999999985e+03
-2.439483999999999924e+03
-2.422777999999999793e+03
-2.435400000000000091e+03
-2.406070999999999913e+03
-2.415353000000000065e+03
-2.395304999999999836e+03
-2.410525999999999840e+03
-2.413496000000000095e+03
-2.397161000000000058e+03
-2.413496000000000095e+03
-2.434286000000000058e+03
-2.425748000000000047e+03
-2.397532000000000153e+03
-2.422405999999999949e+03
-2.410896999999999935e+03
-2.377856000000000222e+03
-2.397532000000000153e+03
-2.432059000000000196e+03
-2.374143999999999778e+03
-2.454704999999999927e+03
-2.416094999999999800e+03
-2.403844000000000051e+03
-2.401244999999999891e+03
-2.438740999999999985e+03
-2.398275000000000091e+03
-2.409784000000000106e+03
-2.431688000000000102e+03
-2.422405999999999949e+03
-2.433172999999999774e+03
-2.441340000000000146e+03
-2.417208999999999833e+03
-2.428717999999999847e+03
-2.420179000000000087e+03
-2.419807999999999993e+03
-2.428346000000000004e+03
-2.414610000000000127e+03
-2.437998999999999796e+03
-2.439483999999999924e+03
-2.443568000000000211e+03
-2.410525999999999840e+03
-2.436143000000000029e+03
-2.418322999999999865e+03
-2.419807999999999993e+03
-2.409041000000000167e+03
-2.443938999999999851e+03
-2.420179000000000087e+03
-2.394190999999999804e+03
-2.429460000000000036e+03
-2.426860999999999876e+03
-2.381940000000000055e+03
-2.416465999999999894e+03
-2.400130999999999858e+03
-2.390106999999999971e+03
-2.448764999999999873e+03
-2.388251000000000204e+03
-2.367460999999999785e+03
-2.404958000000000084e+03
-2.425748000000000047e+03
-2.418322999999999865e+03
-2.425005000000000109e+03
-2.407927000000000135e+03
-2.395304999999999836e+03
-2.418693999999999960e+03
-2.420550000000000182e+03
-2.429460000000000036e+03
-2.445795000000000073e+03
-2.446538000000000011e+03
-2.422405999999999949e+03
-2.416836999999999989e+03
-2.403844000000000051e+03
-2.413867000000000189e+03
-2.474751999999999953e+03
-2.427603999999999814e+03
-2.414239000000000033e+03
-2.484775999999999840e+03
-2.436514000000000124e+03
-2.415353000000000065e+03
-2.456190000000000055e+03
-2.438740999999999985e+03
-2.417579999999999927e+03
-2.461016000000000076e+03
-2.423519999999999982e+03
-2.420179000000000087e+03
-2.472153999999999996e+03
-2.474380999999999858e+03
-2.444681000000000040e+03
-2.471039999999999964e+03
-2.458045999999999822e+03
-2.418693999999999960e+03
-2.465099999999999909e+03
-2.410155000000000200e+03
-2.437255999999999858e+03
-2.443195999999999913e+03
-2.445052000000000135e+03
-2.440226000000000113e+03
-2.430945000000000164e+03
-2.452849000000000160e+03
-2.441710999999999785e+03
-2.455447999999999865e+03
-2.454704999999999927e+03
-2.457304000000000087e+03
-2.486632999999999811e+03
-2.431315999999999804e+03
-2.456932999999999993e+03
-2.455447999999999865e+03
-2.452849000000000160e+03
-2.458045999999999822e+03
-2.463985999999999876e+03
-2.462501000000000204e+03
-2.450250000000000000e+03
-2.476237999999999829e+03
-2.474380999999999858e+03
-2.462501000000000204e+03
-2.474010000000000218e+03
-2.479208000000000084e+03
-2.442454000000000178e+03
-2.466213999999999942e+03
-2.468070000000000164e+03
-2.449135999999999967e+03
-2.454333999999999833e+03
-2.475123999999999796e+03
-2.450250000000000000e+03
-2.476980000000000018e+03
-2.485518999999999778e+03
-2.442454000000000178e+03
-2.471411000000000058e+03
-2.480693000000000211e+03
-2.474751999999999953e+03
-2.501110999999999876e+03
-2.474380999999999858e+03
-2.466585000000000036e+03
-2.505938000000000102e+03
-2.497398999999999887e+03
-2.487746000000000095e+03
-2.533039000000000215e+03
-2.480693000000000211e+03
-2.480320999999999913e+03
-2.514847000000000207e+03
-2.504452999999999975e+03
-2.482177000000000135e+03
-2.558284000000000106e+03
-2.520416000000000167e+03
-2.468813000000000102e+03
-2.499998000000000047e+03
-2.517818000000000211e+03
-2.489974000000000160e+03
-2.500369000000000142e+03
-2.506679999999999836e+03
-2.478465000000000146e+03
-2.508164999999999964e+03
-2.525985000000000127e+03
-2.498884000000000015e+03
-2.538978999999999814e+03
-2.518931000000000040e+03
-2.539349999999999909e+03
-2.520045000000000073e+03
-2.537123000000000047e+03
-2.529697999999999865e+03
-2.518188999999999851e+03
-2.537123000000000047e+03
-2.532295999999999822e+03
-2.553829000000000178e+03
-2.557541000000000167e+03
-2.549373999999999796e+03
-2.551601000000000113e+03
-2.549001999999999953e+03
-2.509650000000000091e+03
-2.510021000000000186e+03
-2.551601000000000113e+03
-2.493686000000000149e+03
-2.557541000000000167e+03
-2.580929999999999836e+03
-2.524128999999999905e+03
-2.524500000000000000e+03
-2.577588999999999942e+03
-2.530811000000000149e+03
-2.546775000000000091e+03
-2.559025999999999840e+03
-2.567936000000000149e+03
-2.555684999999999945e+03
-2.585014000000000124e+03
-2.590954000000000178e+03
-2.565708999999999833e+03
-2.582414999999999964e+03
-2.554943000000000211e+03
-2.554570999999999913e+03
-2.570905999999999949e+03
-2.578702999999999975e+03
-2.564224000000000160e+03
-2.585755999999999858e+03
-2.586498999999999796e+03
-2.569420999999999822e+03
-2.580188000000000102e+03
-2.601349000000000160e+03
-2.580559000000000196e+03
-2.584271000000000186e+03
-2.595038000000000011e+03
-2.570534999999999854e+03
-2.601719999999999800e+03
-2.601719999999999800e+03
-2.597264999999999873e+03
-2.601719999999999800e+03
-2.598007999999999811e+03
-2.595409000000000106e+03
-2.602463000000000193e+03
-2.572391000000000076e+03
-2.574619000000000142e+03
-2.628820999999999913e+03
-2.611001000000000204e+03
-2.593552000000000135e+03
-2.643670999999999822e+03
-2.619168999999999869e+03
-2.612114999999999782e+03
-2.649981999999999971e+03
-2.642186000000000149e+03
-2.612485999999999876e+03
-2.605804000000000087e+03
-2.639958999999999833e+03
-2.647755000000000109e+03
-2.633646999999999935e+03
-2.634760999999999967e+03
-2.626594000000000051e+03
-2.639958999999999833e+03
-2.665204000000000178e+03
-2.629193000000000211e+03
-2.671143999999999778e+03
-2.622139000000000124e+03
-2.660748999999999796e+03
-2.664833000000000084e+03
-2.651467999999999847e+03
-2.632905000000000200e+03
-2.681539000000000215e+03
-2.649239999999999782e+03
-2.616570000000000164e+03
-2.670030000000000200e+03
-2.669288000000000011e+03
-2.635132999999999811e+03
-2.660005999999999858e+03
-2.645898999999999887e+03
-2.647755000000000109e+03
-2.652210000000000036e+03
-2.679311000000000149e+03
-2.617684000000000196e+03
-2.677083999999999833e+03
-2.649981999999999971e+03
-2.648498000000000047e+03
-2.679311000000000149e+03
-2.677454999999999927e+03
-2.644414000000000215e+03
-2.687849999999999909e+03
-2.719777999999999793e+03
-2.651096000000000004e+03
-2.694903999999999996e+03
