-1.377709000000000060e+03
-1.354691000000000031e+03
-1.403695999999999913e+03
-1.403325000000000045e+03
-1.384019999999999982e+03
-1.425599999999999909e+03
-1.425229000000000042e+03
-1.401097999999999956e+03
-1.422630000000000109e+03
-1.408521999999999935e+03
-1.399613000000000056e+03
-1.446760999999999967e+03
-1.471263999999999896e+03
-1.475347999999999956e+03
-1.505047000000000025e+03
-1.539574000000000069e+03
-1.516556000000000040e+03
-1.544028999999999996e+03
-1.509874000000000024e+03
-1.509874000000000024e+03
-1.506903999999999996e+03
-1.515814000000000078e+03
-1.513958000000000084e+03
-1.558508000000000038e+03
-1.539944999999999936e+03
-1.536974999999999909e+03
-1.566304000000000087e+03
-1.564076000000000022e+03
-1.548855000000000018e+03
-1.617906999999999925e+03
-1.627189000000000078e+03
-1.578925999999999931e+03
-1.601943999999999960e+03
-1.643152000000000044e+03
-1.627931000000000040e+03
-1.617164999999999964e+03
-1.670996000000000095e+03
-1.664314000000000078e+03
-1.675823000000000093e+03
-1.695499000000000024e+03
-1.670996000000000095e+03
-1.689930000000000064e+03
-1.691414999999999964e+03
-1.723343000000000075e+03
-1.734851000000000113e+03
-1.747845000000000027e+03
-1.786084000000000060e+03
-1.769006000000000085e+03
-1.776059999999999945e+03
-1.777915999999999940e+03
-1.788682000000000016e+03
-1.813926999999999907e+03
-1.785712999999999965e+03
-1.787198000000000093e+03
-1.825435999999999922e+03
-1.822837999999999965e+03
-1.851051999999999907e+03
-1.873699000000000069e+03
-1.855135999999999967e+03
-1.859962999999999965e+03
-1.895973999999999933e+03
-1.878525000000000091e+03
-1.896715999999999894e+03
-1.926045000000000073e+03
-1.918990999999999985e+03
-1.891519000000000005e+03
-1.922703999999999951e+03
-1.955374000000000024e+03
-1.926787000000000035e+03
-1.928644000000000005e+03
-1.946463999999999942e+03
-1.897087999999999965e+03
-1.953145999999999958e+03
-1.937554000000000087e+03
-1.933840999999999894e+03
-1.972823000000000093e+03
-1.964284000000000106e+03
-1.930128999999999905e+03
-1.957972999999999956e+03
-1.969480999999999995e+03
-1.958344000000000051e+03
-1.996211000000000013e+03
-2.011432000000000016e+03
-1.992127999999999929e+03
-1.972823000000000093e+03
-2.011432000000000016e+03
-2.001779999999999973e+03
-2.031108999999999924e+03
-2.055239999999999782e+03
-2.027768000000000029e+03
-2.032222999999999956e+03
-2.087539000000000215e+03
-2.043730999999999995e+03
-2.070090000000000146e+03
-2.094963999999999942e+03
-2.036676999999999907e+03
-2.061550999999999931e+03
-2.080856000000000222e+03
-2.036676999999999907e+03
-2.037790999999999940e+03
-2.089394999999999982e+03
-2.085311000000000149e+03
-2.052269999999999982e+03
-2.101646000000000186e+03
-2.119465999999999894e+03
-2.083454999999999927e+03
-2.136543999999999869e+03
-2.163273999999999887e+03
-2.137286000000000058e+03
-2.130603999999999814e+03
-2.160675000000000182e+03
-2.139885000000000218e+03
-2.150650999999999840e+03
-2.204110999999999876e+03
-2.173297999999999774e+03
-2.186663000000000011e+03
-2.184063999999999851e+03
-2.194829999999999927e+03
-2.230469999999999800e+03
-2.231211999999999989e+03
-2.219333000000000084e+03
-2.237523999999999887e+03
-2.239751000000000204e+03
-2.265739000000000033e+03
-2.297666000000000167e+03
-2.284300999999999931e+03
-2.283929999999999836e+03
-2.325880999999999858e+03
-2.308804000000000087e+03
-2.315856999999999971e+03
-2.336646999999999935e+03
-2.335534000000000106e+03
-2.348898999999999887e+03
-2.364490999999999985e+03
-2.377114000000000033e+03
-2.382311000000000149e+03
-2.394190999999999804e+03
-2.409784000000000106e+03
-2.386766000000000076e+03
-2.386766000000000076e+03
-2.439112999999999829e+03
-2.409784000000000106e+03
-2.417951000000000022e+03
-2.466956000000000131e+03
-2.437998999999999796e+03
-2.417579999999999927e+03
-2.426860999999999876e+03
-2.407927000000000135e+03
-2.394934000000000196e+03
-2.405699999999999818e+03
-2.382682999999999993e+03
-2.365605000000000018e+03
-2.359293999999999869e+03
-2.367090000000000146e+03
-2.390478999999999814e+03
-2.391592999999999847e+03
-2.371173999999999978e+03
-2.364862999999999829e+03
-2.369318000000000211e+03
-2.354467999999999847e+03
-2.354838999999999942e+03
-2.404585999999999785e+03
-2.364862999999999829e+03
-2.379711999999999989e+03
-2.401615999999999985e+03
-2.353724999999999909e+03
-2.380826000000000022e+03
-2.403472000000000207e+03
-2.365976000000000113e+03
-2.384166999999999916e+03
-2.437255999999999858e+03
-2.417951000000000022e+03
-2.427974999999999909e+03
-2.465842999999999847e+03
-2.475494999999999891e+03
-2.439483999999999924e+03
-2.443568000000000211e+03
-2.501481999999999971e+03
-2.460273999999999887e+03
-2.469184000000000196e+03
-2.440597000000000207e+03
-2.449135999999999967e+03
-2.465099999999999909e+03
-2.443938999999999851e+03
-2.456932999999999993e+03
-2.502224999999999909e+03
-2.462873000000000047e+03
-2.494800000000000182e+03
-2.510021000000000186e+03
-2.489974000000000160e+03
-2.497027999999999793e+03
-2.555684999999999945e+03
-2.528954999999999927e+03
-2.501110999999999876e+03
-2.542690999999999804e+03
-2.560139999999999873e+03
-2.543804999999999836e+03
-2.556798999999999978e+03
-2.522271999999999935e+03
-2.426860999999999876e+03
-2.471782000000000153e+03
-2.471782000000000153e+03
-2.458416999999999916e+03
-2.482177000000000135e+03
-2.483291000000000167e+03
-2.486632999999999811e+03
-2.497769999999999982e+03
-2.506309000000000196e+03
-2.488117000000000189e+03
-2.504452999999999975e+03
-2.496655999999999949e+03
-2.490344999999999800e+03
-2.499998000000000047e+03
-2.553085999999999785e+03
-2.540835000000000036e+03
-2.521900999999999840e+03
-2.548260000000000218e+03
-2.560139999999999873e+03
-2.539721000000000004e+03
-2.530811000000000149e+03
-2.519673999999999978e+03
-2.525242000000000189e+03
-2.501481999999999971e+03
-2.513733999999999924e+03
-2.504081000000000131e+03
-2.518931000000000040e+03
-2.534894999999999982e+03
-2.512990999999999985e+03
-2.527099000000000160e+03
-2.549001999999999953e+03
-2.531554000000000087e+03
-2.561625000000000000e+03
-2.577960000000000036e+03
-2.571277999999999793e+03
-2.576846000000000004e+03
-2.573876000000000204e+03
-2.531554000000000087e+03
-2.513362999999999829e+03
-2.512990999999999985e+03
-2.498141000000000076e+03
-2.521159000000000106e+03
-2.487003999999999905e+03
-2.440226000000000113e+03
-2.456190000000000055e+03
-2.450992000000000189e+03
-2.475494999999999891e+03
-2.454333999999999833e+03
-2.463985999999999876e+03
-2.459902999999999793e+03
-2.481806000000000040e+03
-2.488489000000000033e+03
-2.493686000000000149e+03
-2.504452999999999975e+03
-2.497398999999999887e+03
-2.495170999999999822e+03
-2.481434999999999945e+03
-2.476237999999999829e+03
-2.484034000000000106e+03
-2.492943999999999960e+03
-2.505195000000000164e+03
-2.502224999999999909e+03
-2.522643999999999778e+03
-2.486632999999999811e+03
-2.435771000000000186e+03
-2.462130000000000109e+03
-2.480693000000000211e+03
-2.481434999999999945e+03
-2.466956000000000131e+03
-2.489231000000000222e+03
-2.480320999999999913e+03
-2.467327999999999975e+03
-2.505195000000000164e+03
-2.491458999999999833e+03
-2.499255000000000109e+03
-2.510764000000000124e+03
-2.483663000000000011e+03
-2.528211999999999989e+03
-2.531554000000000087e+03
-2.494057999999999993e+03
-2.507422999999999774e+03
-2.511135000000000218e+03
-2.506679999999999836e+03
-2.491086999999999989e+03
-2.522271999999999935e+03
-2.508164999999999964e+03
-2.500739999999999782e+03
-2.497398999999999887e+03
-2.472896000000000186e+03
-2.490344999999999800e+03
-2.487746000000000095e+03
-2.475865999999999985e+03
-2.475865999999999985e+03
-2.488860000000000127e+03
-2.480693000000000211e+03
-2.467327999999999975e+03
-2.510764000000000124e+03
-2.493315000000000055e+03
-2.506679999999999836e+03
-2.541949000000000069e+03
-2.536009000000000015e+03
-2.534152999999999793e+03
-2.555313999999999851e+03
-2.536380000000000109e+03
-2.524500000000000000e+03
-2.577217999999999847e+03
-2.560139999999999873e+03
-2.555684999999999945e+03
-2.570905999999999949e+03
-2.550115999999999985e+03
-2.474380999999999858e+03
-2.475494999999999891e+03
-2.480693000000000211e+03
-2.462501000000000204e+03
-2.487746000000000095e+03
-2.512248999999999796e+03
-2.485146999999999935e+03
-2.509278999999999996e+03
-2.517074999999999818e+03
-2.509650000000000091e+03
-2.542690999999999804e+03
-2.542690999999999804e+03
-2.524871000000000095e+03
-2.533780999999999949e+03
-2.526356000000000222e+03
-2.501110999999999876e+03
-2.543804999999999836e+03
-2.553458000000000084e+03
-2.526356000000000222e+03
-2.564594999999999800e+03
-2.544918999999999869e+03
-2.524871000000000095e+03
-2.534152999999999793e+03
-2.562739000000000033e+03
-2.526356000000000222e+03
-2.528954999999999927e+03
-2.566822999999999865e+03
-2.546032000000000153e+03
-2.524871000000000095e+03
-2.575360999999999876e+03
-2.564965999999999894e+03
-2.552344000000000051e+03
-2.591695999999999913e+03
-2.594666000000000167e+03
-2.589097000000000207e+03
-2.591324999999999818e+03
-2.592438999999999851e+03
-2.593552000000000135e+03
-2.612856999999999971e+03
-2.612485999999999876e+03
-2.618425999999999931e+03
-2.611373000000000047e+03
-2.620282000000000153e+03
-2.628449999999999818e+03
-2.614713999999999942e+03
-2.606175000000000182e+03
-2.611744000000000142e+03
-2.606916999999999916e+03
-2.631048999999999978e+03
-2.612485999999999876e+03
-2.620653999999999996e+03
-2.622510000000000218e+03
-2.641072999999999865e+03
-2.656664999999999964e+03
-2.636989000000000033e+03
-2.645155999999999949e+03
-2.636246000000000095e+03
-2.680054000000000087e+03
-2.631791000000000167e+03
-2.663347000000000207e+03
-2.677454999999999927e+03
-2.643300000000000182e+03
-2.623251999999999953e+03
-2.635875000000000000e+03
-2.642929000000000087e+03
-2.652581000000000131e+03
-2.658521000000000186e+03
-2.626222000000000207e+03
-2.647755000000000109e+03
-2.631048999999999978e+03
-2.626965000000000146e+03
-2.660376999999999953e+03
-2.669288000000000011e+03
-2.634389999999999873e+03
-2.531182999999999993e+03
-2.515219000000000051e+03
-2.512990999999999985e+03
-2.514105000000000018e+03
-2.503710000000000036e+03
-2.535266000000000076e+03
-2.534523999999999887e+03
-2.534894999999999982e+03
-2.550487999999999829e+03
-2.531925000000000182e+03
-2.550115999999999985e+03
-2.532295999999999822e+03
-2.533780999999999949e+03
-2.557170000000000073e+03
-2.539721000000000004e+03
-2.524128999999999905e+03
-2.564224000000000160e+03
-2.567193999999999960e+03
-2.530811000000000149e+03
-2.567193999999999960e+03
-2.544918999999999869e+03
-2.527840999999999894e+03
-2.546032000000000153e+03
-2.550115999999999985e+03
-2.535637000000000171e+03
-2.564594999999999800e+03
-2.553458000000000084e+03
-2.561625000000000000e+03
-2.560882999999999811e+03
