7.685110000000000241e+01
3.638360999999999734e+01
2.561702999999999975e+01
3.675486999999999682e+01
2.858711999999999875e+01
3.712613000000000163e-01
1.485045000000000037e+01
4.158127000000000351e+01
-6.311250000000000249e+00
-1.670625000000000071e+01
-1.893374999999999986e+01
-6.868125000000000568e+01
-4.677750000000000341e+01
-3.601124999999999687e+01
-6.496875000000000000e+01
-9.021375000000000455e+01
-7.462125000000000341e+01
-9.281250000000000000e+01
-1.102613000000000056e+02
-1.110037999999999982e+02
-1.143449999999999989e+02
-1.373625000000000114e+02
-1.098900000000000006e+02
-1.243687999999999931e+02
-1.239975000000000023e+02
-1.150875000000000057e+02
-1.351349999999999909e+02
-1.013512000000000057e+02
-8.835750000000000171e+01
-1.095187999999999988e+02
-1.395900000000000034e+02
-1.399612999999999943e+02
-1.154586999999999932e+02
-1.243687999999999931e+02
-1.440449999999999875e+02
-1.525837999999999965e+02
-1.466437999999999988e+02
-1.692899999999999920e+02
-1.726313000000000102e+02
-1.559250000000000114e+02
-1.455300000000000011e+02
-1.637213000000000136e+02
-1.544399999999999977e+02
-1.659487000000000023e+02
-1.859961999999999875e+02
-1.967624999999999886e+02
-1.811699999999999875e+02
-2.030737000000000023e+02
-2.179238000000000000e+02
-1.967624999999999886e+02
-1.730024999999999977e+02
-2.082712999999999965e+02
-2.108700000000000045e+02
-2.309174999999999898e+02
-2.197800000000000011e+02
-2.335163000000000011e+02
-2.116125000000000114e+02
-2.201511999999999887e+02
-2.394562999999999988e+02
-2.535637999999999863e+02
-2.587613000000000056e+02
-2.691562999999999874e+02
-2.880899999999999750e+02
-2.843774999999999977e+02
-2.854911999999999921e+02
-2.925450000000000159e+02
-2.936587999999999852e+02
-2.710124999999999886e+02
-2.873475000000000250e+02
-2.750962999999999852e+02
-2.561625000000000227e+02
-2.847486999999999853e+02
-2.903174999999999955e+02
-2.795511999999999944e+02
-2.903174999999999955e+02
-2.958863000000000056e+02
-2.717549999999999955e+02
-2.283188000000000102e+02
-2.398274999999999864e+02
-2.465099999999999909e+02
-2.606175000000000068e+02
-2.494799999999999898e+02
-2.353725000000000023e+02
-2.576474999999999795e+02
-2.710124999999999886e+02
-2.413125000000000000e+02
-2.572762000000000171e+02
-2.669286999999999921e+02
-2.639587000000000216e+02
-2.754674999999999727e+02
-2.851200000000000045e+02
-2.791800000000000068e+02
-3.051675000000000182e+02
-3.070237000000000194e+02
-2.847486999999999853e+02
-2.906888000000000147e+02
-3.148199999999999932e+02
-2.925450000000000159e+02
-2.773238000000000056e+02
-3.029399999999999977e+02
-2.840063000000000102e+02
-2.814075000000000273e+02
-3.137062000000000239e+02
-3.051675000000000182e+02
-2.906888000000000147e+02
-3.244725000000000250e+02
-3.203888000000000034e+02
-3.114787999999999784e+02
-3.582563000000000102e+02
-3.512024999999999864e+02
-3.500887000000000171e+02
-3.671662999999999784e+02
-3.582563000000000102e+02
-3.218736999999999853e+02
-3.456338000000000079e+02
-3.805312999999999874e+02
-3.627112000000000194e+02
-3.790462999999999738e+02
-4.016924999999999955e+02
-3.589986999999999853e+02
-3.801600000000000250e+02
-3.653100000000000023e+02
-3.682799999999999727e+02
-3.823874999999999886e+02
-3.445199999999999818e+02
-3.812737000000000194e+02
-3.716211999999999875e+02
-3.786750000000000114e+02
-3.471186999999999898e+02
-3.638249999999999886e+02
-3.812737000000000194e+02
-3.864712999999999852e+02
-3.935249999999999773e+02
-3.927825000000000273e+02
-3.816449999999999818e+02
-3.567712000000000216e+02
-3.612262999999999806e+02
-3.523163000000000125e+02
-3.467475000000000023e+02
-3.322687999999999988e+02
-3.322687999999999988e+02
-3.482325000000000159e+02
-3.486037999999999784e+02
-3.311549999999999727e+02
-3.255862000000000194e+02
-3.493462999999999852e+02
-3.322687999999999988e+02
-3.393224999999999909e+02
-3.757049999999999841e+02
-3.619687999999999874e+02
-3.411786999999999921e+02
-3.753337000000000216e+02
-3.712500000000000000e+02
-3.653100000000000023e+02
-3.968661999999999921e+02
-3.853575000000000159e+02
-3.838725000000000023e+02
-3.957524999999999977e+02
-4.172850000000000250e+02
-4.035488000000000284e+02
-4.191413000000000011e+02
-4.302787000000000148e+02
-4.209975000000000023e+02
-3.753337000000000216e+02
-3.463763000000000147e+02
-3.630824999999999818e+02
-3.538011999999999944e+02
-3.456338000000000079e+02
-3.656811999999999898e+02
-3.660525000000000091e+02
-3.415500000000000114e+02
-3.623399999999999750e+02
-3.656811999999999898e+02
-3.712500000000000000e+02
-3.883274999999999864e+02
-3.705074999999999932e+02
-3.664238000000000284e+02
-3.901836999999999875e+02
-3.905550000000000068e+02
-3.653100000000000023e+02
-3.749624999999999773e+02
-3.415500000000000114e+02
-3.211313000000000102e+02
-3.307837999999999852e+02
-3.337538000000000125e+02
-2.914311999999999898e+02
-3.192749999999999773e+02
-2.947724999999999795e+02
-2.791800000000000068e+02
-2.955149999999999864e+02
-3.159336999999999875e+02
-3.051675000000000182e+02
-3.081374999999999886e+02
-3.174187999999999761e+02
-3.047962999999999738e+02
-3.077663000000000011e+02
-3.159336999999999875e+02
-3.062812999999999874e+02
-2.940299999999999727e+02
-3.207599999999999909e+02
-3.055387999999999806e+02
-2.955149999999999864e+02
-3.044250000000000114e+02
-2.988562999999999761e+02
-3.010837000000000216e+02
-3.137062000000000239e+02
-3.088799999999999955e+02
-3.010837000000000216e+02
-3.096225000000000023e+02
-2.780663000000000125e+02
-2.966288000000000125e+02
-2.791800000000000068e+02
-2.944012000000000171e+02
-2.747250000000000227e+02
-3.029399999999999977e+02
-2.921738000000000284e+02
-2.650724999999999909e+02
-2.825212000000000216e+02
-2.892038000000000011e+02
-2.806650000000000205e+02
-2.999700000000000273e+02
-3.177900000000000205e+02
-2.966288000000000125e+02
-3.040536999999999921e+02
-3.189037000000000148e+02
-2.918025000000000091e+02
-3.070237000000000194e+02
-3.215024999999999977e+02
-3.010837000000000216e+02
-2.988562999999999761e+02
-2.914311999999999898e+02
-2.995987999999999829e+02
-3.203888000000000034e+02
-3.055387999999999806e+02
-2.951437000000000239e+02
-3.111075000000000159e+02
-2.999700000000000273e+02
-2.884612000000000194e+02
-3.070237000000000194e+02
-3.007124999999999773e+02
-2.825212000000000216e+02
-3.215024999999999977e+02
-3.018263000000000034e+02
-3.196462000000000216e+02
-3.133349999999999795e+02
-2.929162999999999784e+02
-3.244725000000000250e+02
-2.966288000000000125e+02
-3.066524999999999750e+02
-3.036825000000000045e+02
-3.118500000000000227e+02
-3.137062000000000239e+02
-3.096225000000000023e+02
-2.992275000000000205e+02
-3.099936999999999898e+02
-2.955149999999999864e+02
-2.921738000000000284e+02
-3.066524999999999750e+02
-2.851200000000000045e+02
-3.036825000000000045e+02
-2.984850000000000136e+02
-2.981136999999999944e+02
-3.244725000000000250e+02
-3.137062000000000239e+02
-2.984850000000000136e+02
-3.244725000000000250e+02
-3.081374999999999886e+02
-2.918025000000000091e+02
-3.185325000000000273e+02
-2.992275000000000205e+02
-3.092513000000000147e+02
-2.921738000000000284e+02
-2.843774999999999977e+02
-2.921738000000000284e+02
-3.029399999999999977e+02
-3.174187999999999761e+02
-3.107363000000000284e+02
-3.096225000000000023e+02
-2.970000000000000000e+02
-2.970000000000000000e+02
-3.088799999999999955e+02
-3.103650000000000091e+02
-3.014549999999999841e+02
-3.155625000000000000e+02
-3.259574999999999818e+02
-2.925450000000000159e+02
-3.033111999999999853e+02
-3.051675000000000182e+02
-2.825212000000000216e+02
-3.144488000000000056e+02
-3.096225000000000023e+02
-2.754674999999999727e+02
-2.862337999999999738e+02
-2.914311999999999898e+02
-2.613600000000000136e+02
-2.617312999999999761e+02
-2.698987000000000194e+02
-2.632162000000000148e+02
-2.201511999999999887e+02
-2.498513000000000090e+02
-2.268337999999999965e+02
-2.194088000000000136e+02
-2.260911999999999864e+02
-2.082712999999999965e+02
-2.130974999999999966e+02
-2.309174999999999898e+02
-2.194088000000000136e+02
-2.127263000000000090e+02
-2.505937999999999874e+02
-2.242350000000000136e+02
-2.238637999999999977e+02
-2.413125000000000000e+02
-2.390850000000000080e+02
-2.082712999999999965e+02
-2.405699999999999932e+02
-2.312888000000000090e+02
-2.309174999999999898e+02
-2.145825000000000102e+02
-2.320312999999999874e+02
-2.331450000000000102e+02
-2.275762000000000000e+02
-2.294325000000000045e+02
-2.338874999999999886e+02
-2.257199999999999989e+02
-2.342588000000000079e+02
-2.182949999999999875e+02
-2.268337999999999965e+02
-2.420550000000000068e+02
-2.160674999999999955e+02
-2.316599999999999966e+02
-2.524499999999999886e+02
-2.223788000000000125e+02
-2.327737999999999943e+02
-2.201511999999999887e+02
-2.257199999999999989e+02
-2.387136999999999887e+02
-2.264625000000000057e+02
-2.164387999999999863e+02
-2.394562999999999988e+02
-2.305461999999999989e+02
-2.194088000000000136e+02
-2.260911999999999864e+02
-2.223788000000000125e+02
-1.741162999999999954e+02
-1.585237999999999943e+02
-1.663199999999999932e+02
-1.692899999999999920e+02
-1.722599999999999909e+02
-1.718887000000000000e+02
-1.637213000000000136e+02
-1.707750000000000057e+02
-1.856250000000000000e+02
-1.600088000000000079e+02
-1.793137999999999863e+02
-2.001037000000000035e+02
-1.666913000000000125e+02
-1.715175000000000125e+02
-1.756013000000000090e+02
-1.793137999999999863e+02
-1.629787000000000035e+02
-1.637213000000000136e+02
-1.793137999999999863e+02
-1.833975000000000080e+02
-1.826550000000000011e+02
-1.848824999999999932e+02
-1.871100000000000136e+02
-1.982475000000000023e+02
-1.759724999999999966e+02
-1.763437999999999874e+02
-1.815412000000000035e+02
-1.830261999999999887e+02
-2.038163000000000125e+02
-1.796850000000000023e+02
-1.592663000000000011e+02
-1.967624999999999886e+02
-2.190374999999999943e+02
-1.871100000000000136e+02
-1.930500000000000114e+02
-2.223788000000000125e+02
-1.897087999999999965e+02
-1.611225000000000023e+02
-2.053012999999999977e+02
-1.785713000000000079e+02
-1.726313000000000102e+02
-1.960200000000000102e+02
-1.815412000000000035e+02
-2.030737000000000023e+02
-1.989900000000000091e+02
-1.908224999999999909e+02
-1.897087999999999965e+02
-1.975049999999999955e+02
-1.778288000000000011e+02
-1.863675000000000068e+02
-2.090137000000000000e+02
-2.001037000000000035e+02
-2.049300000000000068e+02
-2.101274999999999977e+02
-1.919362000000000137e+02
-1.882238000000000113e+02
-2.220074999999999932e+02
-1.897087999999999965e+02
-1.904512000000000000e+02
-2.015886999999999887e+02
-1.952775000000000034e+02
-2.104987000000000137e+02
-2.149538000000000011e+02
-1.945349999999999966e+02
-1.856250000000000000e+02
-2.130974999999999966e+02
-1.863675000000000068e+02
-1.781999999999999886e+02
-2.179238000000000000e+02
