-2.104987000000000137e+02
-2.324025000000000034e+02
-2.309174999999999898e+02
-2.335163000000000011e+02
-2.294325000000000045e+02
-2.494799999999999898e+02
-2.621025000000000205e+02
-2.550488000000000000e+02
-2.324025000000000034e+02
-2.702699999999999818e+02
-2.673000000000000114e+02
-2.713838000000000079e+02
-2.999700000000000273e+02
-3.070237000000000194e+02
-3.036825000000000045e+02
-2.724975000000000023e+02
-3.018263000000000034e+02
-3.155625000000000000e+02
-3.114787999999999784e+02
-3.389513000000000034e+02
-3.486037999999999784e+02
-3.255862000000000194e+02
-3.341250000000000000e+02
-3.452624999999999886e+02
-3.448913000000000011e+02
-3.686512000000000171e+02
-3.924112999999999829e+02
-3.690224999999999795e+02
-3.797887999999999806e+02
-3.864712999999999852e+02
-3.705074999999999932e+02
-3.745912000000000148e+02
-3.957524999999999977e+02
-3.864712999999999852e+02
-3.994649999999999750e+02
-4.206263000000000147e+02
-3.901836999999999875e+02
-4.039200000000000159e+02
-4.369612000000000194e+02
-4.132013000000000034e+02
-4.154286999999999921e+02
-4.436437999999999988e+02
-4.384463000000000079e+02
-4.388174999999999955e+02
-4.488412000000000148e+02
-4.206263000000000147e+02
-4.336200000000000045e+02
-4.380749999999999886e+02
-4.336200000000000045e+02
-4.250812999999999988e+02
-4.425299999999999727e+02
-4.362187999999999874e+02
-4.451288000000000125e+02
-4.618349999999999795e+02
-4.403025000000000091e+02
-4.002074999999999818e+02
-4.362187999999999874e+02
-4.217400000000000091e+02
-4.299075000000000273e+02
-4.347337999999999738e+02
-4.455000000000000000e+02
-4.213686999999999898e+02
-4.469850000000000136e+02
-4.399311999999999898e+02
-4.399311999999999898e+02
-4.629488000000000056e+02
-4.518111999999999853e+02
-4.447574999999999932e+02
-4.703736999999999853e+02
-4.525536999999999921e+02
-4.369612000000000194e+02
-4.592363000000000284e+02
-4.599787999999999784e+02
-4.610924999999999727e+02
-4.744574999999999818e+02
-4.685174999999999841e+02
-4.711161999999999921e+02
-4.967325000000000159e+02
-4.896786999999999921e+02
-4.837388000000000261e+02
-5.037862999999999829e+02
-5.156662999999999784e+02
-5.119538000000000011e+02
-5.164088000000000420e+02
-5.442525000000000546e+02
-5.138099999999999454e+02
-5.186362000000000307e+02
-5.026725000000000136e+02
-5.256900000000000546e+02
-5.164088000000000420e+02
-5.186362000000000307e+02
-5.338574999999999591e+02
-5.390549999999999500e+02
-5.119538000000000011e+02
-5.112112000000000194e+02
-5.338574999999999591e+02
-5.320013000000000147e+02
-5.190075000000000500e+02
-5.190075000000000500e+02
-5.242050000000000409e+02
-5.301449999999999818e+02
-5.193787999999999556e+02
-5.223487999999999829e+02
-5.308875000000000455e+02
-5.487074999999999818e+02
-5.386838000000000193e+02
-5.531625000000000227e+02
-5.776649999999999636e+02
-5.661562999999999874e+02
-5.758088000000000193e+02
-5.591024999999999636e+02
-5.668986999999999625e+02
-5.698687999999999647e+02
-5.505638000000000147e+02
-5.598450000000000273e+02
-5.661562999999999874e+02
-5.873174999999999955e+02
-5.668986999999999625e+02
-5.516775000000000091e+02
-5.568750000000000000e+02
-5.791499999999999773e+02
-5.698687999999999647e+02
-5.791499999999999773e+02
-5.954850000000000136e+02
-5.772938000000000329e+02
-5.650425000000000182e+02
-5.962274999999999636e+02
-5.791499999999999773e+02
-5.784075000000000273e+02
-6.211013000000000375e+02
-5.876888000000000147e+02
-5.888025000000000091e+02
-6.214724999999999682e+02
-5.988261999999999716e+02
-6.036525000000000318e+02
-5.902875000000000227e+02
-5.743237000000000307e+02
-5.427675000000000409e+02
-5.728387000000000171e+02
-5.724674999999999727e+02
-5.587313000000000329e+02
-5.657849999999999682e+02
-5.798925000000000409e+02
-5.531625000000000227e+02
-5.546475000000000364e+02
-5.498211999999999762e+02
-5.642999999999999545e+02
-5.680125000000000455e+02
-5.561325000000000500e+02
-5.758088000000000193e+02
-5.672699999999999818e+02
-5.609587000000000216e+02
-5.635575000000000045e+02
-5.553899999999999864e+02
-5.594737999999999829e+02
-5.412825000000000273e+02
-5.631862999999999602e+02
-5.531625000000000227e+02
-5.383125000000000000e+02
-5.535338000000000420e+02
-5.494500000000000455e+02
-5.546475000000000364e+02
-5.680125000000000455e+02
-5.902875000000000227e+02
-5.813775000000000546e+02
-5.824913000000000238e+02
-5.709824999999999591e+02
-5.884312999999999647e+02
-5.691263000000000147e+02
-5.824913000000000238e+02
-5.832337999999999738e+02
-5.750662999999999556e+02
-5.720963000000000420e+02
-5.765512999999999693e+02
-5.954850000000000136e+02
-5.958563000000000329e+02
-5.817487999999999602e+02
-5.884312999999999647e+02
-6.222150000000000318e+02
-5.746950000000000500e+02
-5.546475000000000364e+02
-5.635575000000000045e+02
-5.412825000000000273e+02
-5.513062999999999647e+02
-5.527912999999999784e+02
-5.405399999999999636e+02
-5.628150000000000546e+02
-5.646712999999999738e+02
-5.583600000000000136e+02
-5.728387000000000171e+02
-5.839763000000000375e+02
-5.735811999999999671e+02
-5.739524999999999864e+02
-5.750662999999999556e+02
-5.843474999999999682e+02
-5.661562999999999874e+02
-5.817487999999999602e+02
-5.717250000000000227e+02
-5.925149999999999864e+02
-5.921436999999999671e+02
-5.850900000000000318e+02
-5.828624999999999545e+02
-5.728387000000000171e+02
-5.750662999999999556e+02
-5.895449999999999591e+02
-5.910299999999999727e+02
-5.925149999999999864e+02
-6.021675000000000182e+02
-5.754375000000000000e+02
-5.364561999999999671e+02
-5.297736999999999625e+02
-5.375700000000000500e+02
-5.294025000000000318e+02
-5.620724999999999909e+02
-5.546475000000000364e+02
-5.312586999999999762e+02
-5.579887999999999693e+02
-5.535338000000000420e+02
-5.431386999999999716e+02
-5.453663000000000238e+02
-5.605874999999999773e+02
-5.353424999999999727e+02
-5.379412999999999556e+02
-5.234624999999999773e+02
-5.204924999999999500e+02
-5.208637999999999693e+02
-5.171512000000000171e+02
-5.171512000000000171e+02
-5.197500000000000000e+02
-5.193787999999999556e+02
-5.000738000000000056e+02
-5.186362000000000307e+02
-5.290312999999999874e+02
-5.349713000000000420e+02
-5.327437999999999647e+02
-5.256900000000000546e+02
-5.442525000000000546e+02
-5.275462999999999738e+02
-5.409112999999999829e+02
-5.320013000000000147e+02
-5.164088000000000420e+02
-5.268038000000000238e+02
-5.097262999999999806e+02
-5.349713000000000420e+02
-5.386838000000000193e+02
-5.412825000000000273e+02
-5.375700000000000500e+02
-5.234624999999999773e+02
-5.423962000000000216e+02
-5.171512000000000171e+02
-5.483361999999999625e+02
-5.271749999999999545e+02
-5.290312999999999874e+02
-5.368274999999999864e+02
-5.524199999999999591e+02
-5.294025000000000318e+02
-5.694974999999999454e+02
-5.498211999999999762e+02
-5.375700000000000500e+02
-5.605874999999999773e+02
-5.750662999999999556e+02
-5.624437000000000353e+02
-5.579887999999999693e+02
-5.609587000000000216e+02
-5.579887999999999693e+02
-5.646712999999999738e+02
-5.787786999999999580e+02
-5.746950000000000500e+02
-5.743237000000000307e+02
-5.776649999999999636e+02
-5.780362999999999829e+02
-5.910299999999999727e+02
-5.876888000000000147e+02
-5.609587000000000216e+02
-5.706113000000000284e+02
-5.683836999999999762e+02
-5.193787999999999556e+02
-5.152949999999999591e+02
-5.204924999999999500e+02
-5.193787999999999556e+02
-5.171512000000000171e+02
-5.320013000000000147e+02
-5.271749999999999545e+02
-5.464800000000000182e+02
-5.327437999999999647e+02
-5.275462999999999738e+02
-5.242050000000000409e+02
-5.308875000000000455e+02
-5.316299999999999955e+02
-5.193787999999999556e+02
-5.397975000000000136e+02
-4.855950000000000273e+02
-4.859662000000000148e+02
-5.156662999999999784e+02
-4.926487000000000194e+02
-5.004449999999999932e+02
-5.230911999999999580e+02
-4.971037999999999784e+02
-4.915350000000000250e+02
-5.138099999999999454e+02
-5.052712000000000216e+02
-5.186362000000000307e+02
-5.119538000000000011e+02
-5.156662999999999784e+02
-5.256900000000000546e+02
-5.052712000000000216e+02
-4.945049999999999955e+02
-4.997024999999999864e+02
-5.067563000000000102e+02
-5.048999999999999773e+02
-5.074986999999999853e+02
-5.037862999999999829e+02
-5.097262999999999806e+02
-5.100975000000000250e+02
-5.074986999999999853e+02
-5.282888000000000375e+02
-5.041575000000000273e+02
-5.227200000000000273e+02
-5.067563000000000102e+02
-5.171512000000000171e+02
-5.279175000000000182e+02
-5.164088000000000420e+02
-5.223487999999999829e+02
-5.242050000000000409e+02
-5.290312999999999874e+02
-5.048999999999999773e+02
-5.126961999999999762e+02
-5.167799999999999727e+02
-5.178936999999999671e+02
-5.078700000000000045e+02
-5.245761999999999716e+02
-5.349713000000000420e+02
-5.320013000000000147e+02
-5.249474999999999909e+02
-5.093550000000000182e+02
-5.453663000000000238e+02
-5.379412999999999556e+02
-5.149238000000000284e+02
-5.483361999999999625e+02
-5.513062999999999647e+02
-5.004449999999999932e+02
-5.323724999999999454e+02
-5.457374999999999545e+02
-5.301449999999999818e+02
-5.423962000000000216e+02
-5.253187000000000353e+02
-5.297736999999999625e+02
-5.160375000000000227e+02
-5.134388000000000147e+02
-4.989599999999999795e+02
-5.245761999999999716e+02
-5.238337000000000216e+02
-5.026725000000000136e+02
-5.212350000000000136e+02
-5.256900000000000546e+02
-5.141812999999999647e+02
-5.037862999999999829e+02
-5.290312999999999874e+02
-5.331150000000000091e+02
-5.279175000000000182e+02
-5.390549999999999500e+02
-5.256900000000000546e+02
-5.312586999999999762e+02
-5.242050000000000409e+02
-5.112112000000000194e+02
-5.301449999999999818e+02
-5.268038000000000238e+02
-5.249474999999999909e+02
-5.178936999999999671e+02
-5.401688000000000329e+02
-5.446237999999999602e+02
-5.331150000000000091e+02
-5.397975000000000136e+02
-5.320013000000000147e+02
-5.305162000000000262e+02
-5.472224999999999682e+02
-5.338574999999999591e+02
-5.390549999999999500e+02
-5.405399999999999636e+02
-5.305162000000000262e+02
-5.405399999999999636e+02
-5.401688000000000329e+02
-5.349713000000000420e+02
-5.409112999999999829e+02
-5.193787999999999556e+02
-5.216063000000000329e+02
-5.297736999999999625e+02
-5.260612999999999602e+02
-5.438812000000000353e+02
-5.316299999999999955e+02
-5.420249999999999773e+02
-5.212350000000000136e+02
-5.338574999999999591e+02
-5.138099999999999454e+02
-5.156662999999999784e+02
-5.286599999999999682e+02
-5.516775000000000091e+02
-5.338574999999999591e+02
-5.175225000000000364e+02
-5.290312999999999874e+02
-5.334863000000000284e+02
-5.193787999999999556e+02
-5.390549999999999500e+02
-5.468513000000000375e+02
-5.438812000000000353e+02
-5.591024999999999636e+02
-5.516775000000000091e+02
-5.468513000000000375e+02
-5.364561999999999671e+02
-5.442525000000000546e+02
-5.230911999999999580e+02
-5.438812000000000353e+02
