1.963971999999999980e+02
1.886007999999999925e+02
1.900858000000000061e+02
1.696664000000000101e+02
1.496183000000000050e+02
1.685526000000000124e+02
1.176898000000000053e+02
1.299414999999999907e+02
9.689920999999999651e+01
9.281533000000000300e+01
8.019244999999999379e+01
7.796487999999999374e+01
4.974902000000000157e+01
4.418010000000000304e+01
7.016839000000000226e+01
2.227568000000000126e+01
2.784459999999999980e+01
3.972496000000000294e+01
3.601234999999999786e+01
1.485044999999999948e+00
2.153315999999999875e+01
2.635954999999999870e+01
-2.413125000000000142e+01
-5.568749999999999645e+00
-1.002374999999999972e+01
-3.118499999999999872e+01
-2.784375000000000000e+01
-5.197499999999999787e+00
-5.902875000000000227e+01
-3.935249999999999915e+01
-5.086124999999999829e+01
-6.422624999999999318e+01
-7.387874999999999659e+01
-8.872875000000000512e+01
-1.217699999999999960e+02
-1.251113000000000000e+02
-1.050638000000000005e+02
-1.414463000000000079e+02
-1.061774999999999949e+02
-1.210275000000000034e+02
-1.355063000000000102e+02
-1.162012000000000000e+02
-1.136025000000000063e+02
-1.395900000000000034e+02
-1.655774999999999864e+02
-1.173149999999999977e+02
-1.544399999999999977e+02
-1.529550000000000125e+02
-1.384763000000000090e+02
-1.614937999999999931e+02
-1.741162999999999954e+02
-1.562961999999999989e+02
-1.607512999999999863e+02
-1.574099999999999966e+02
-1.392187999999999874e+02
-1.444162000000000035e+02
-1.663199999999999932e+02
-1.570388000000000090e+02
-1.369912999999999954e+02
-1.670625000000000000e+02
-1.900800000000000125e+02
-1.863675000000000068e+02
-2.012175000000000011e+02
-1.848824999999999932e+02
-2.015886999999999887e+02
-1.867387999999999977e+02
-1.960200000000000102e+02
-2.145825000000000102e+02
-2.416836999999999875e+02
-2.409413000000000125e+02
-2.424262999999999977e+02
-2.450250000000000057e+02
-2.598750000000000000e+02
-2.661861999999999853e+02
-2.632162000000000148e+02
-2.628450000000000273e+02
-2.799225000000000136e+02
-2.572762000000000171e+02
-2.710124999999999886e+02
-2.773238000000000056e+02
-2.673000000000000114e+02
-2.791800000000000068e+02
-2.873475000000000250e+02
-2.936587999999999852e+02
-2.843774999999999977e+02
-3.125924999999999727e+02
-3.177900000000000205e+02
-3.177900000000000205e+02
-3.010837000000000216e+02
-3.229875000000000114e+02
-3.341250000000000000e+02
-3.229875000000000114e+02
-3.419212999999999738e+02
-3.315262000000000171e+02
-3.530586999999999875e+02
-3.393224999999999909e+02
-3.344961999999999875e+02
-3.619687999999999874e+02
-3.779325000000000045e+02
-3.608550000000000182e+02
-3.586274999999999977e+02
-3.731062999999999761e+02
-3.519449999999999932e+02
-3.894413000000000125e+02
-3.883274999999999864e+02
-3.541725000000000136e+02
-3.894413000000000125e+02
-4.050337999999999852e+02
-3.593700000000000045e+02
-3.894413000000000125e+02
-3.938962000000000216e+02
-3.760763000000000034e+02
-3.478613000000000284e+02
-3.538011999999999944e+02
-3.192749999999999773e+02
-3.114787999999999784e+02
-3.400649999999999977e+02
-3.096225000000000023e+02
-3.393224999999999909e+02
-3.263288000000000011e+02
-3.207599999999999909e+02
-3.604837999999999738e+02
-3.660525000000000091e+02
-3.337538000000000125e+02
-3.400649999999999977e+02
-3.601125000000000114e+02
-3.615975000000000250e+02
-3.292988000000000284e+02
-3.630824999999999818e+02
-3.519449999999999932e+02
-3.523163000000000125e+02
-3.909261999999999944e+02
-3.823874999999999886e+02
-3.976087999999999738e+02
-3.849863000000000284e+02
-3.549150000000000205e+02
-3.359812999999999761e+02
-3.567712000000000216e+02
-3.292988000000000284e+02
-3.493462999999999852e+02
-3.716211999999999875e+02
-3.541725000000000136e+02
-3.608550000000000182e+02
-3.749624999999999773e+02
-3.749624999999999773e+02
-3.734775000000000205e+02
-3.679087999999999852e+02
-3.653100000000000023e+02
-3.519449999999999932e+02
-3.753337000000000216e+02
-3.738487999999999829e+02
-3.883274999999999864e+02
-3.961236999999999853e+02
-3.786750000000000114e+02
-3.812737000000000194e+02
-4.016924999999999955e+02
-4.091175000000000068e+02
-3.857287999999999784e+02
-4.269375000000000000e+02
-4.117162000000000148e+02
-3.990937999999999874e+02
-3.823874999999999886e+02
-3.972375000000000114e+02
-3.701363000000000056e+02
-3.849863000000000284e+02
-3.942674999999999841e+02
-4.020638000000000147e+02
-4.065187999999999988e+02
-4.247099999999999795e+02
-4.117162000000000148e+02
-4.224825000000000159e+02
-4.158000000000000114e+02
-4.247099999999999795e+02
-4.403025000000000091e+02
-4.195124999999999886e+02
-4.466138000000000261e+02
-4.584936999999999898e+02
-4.243387000000000171e+02
-4.057762000000000171e+02
-4.176562999999999874e+02
-4.054049999999999727e+02
-4.172850000000000250e+02
-4.176562999999999874e+02
-4.150575000000000045e+02
-4.083750000000000000e+02
-4.287937999999999761e+02
-4.247099999999999795e+02
-4.425299999999999727e+02
-4.417875000000000227e+02
-4.436437999999999988e+02
-4.532962999999999738e+02
-4.518111999999999853e+02
-4.532962999999999738e+02
-4.525536999999999921e+02
-4.477275000000000205e+02
-4.510688000000000102e+02
-4.763138000000000147e+02
-4.703736999999999853e+02
-4.681462000000000216e+02
-4.789125000000000227e+02
-4.714875000000000114e+02
-4.139438000000000102e+02
-3.809024999999999750e+02
-4.087461999999999875e+02
-4.172850000000000250e+02
-3.957524999999999977e+02
-4.217400000000000091e+02
-4.299075000000000273e+02
-4.050337999999999852e+02
-4.143149999999999977e+02
-4.302787000000000148e+02
-4.209975000000000023e+02
-4.228537999999999784e+02
-4.269375000000000000e+02
-4.035488000000000284e+02
-4.054049999999999727e+02
-4.132013000000000034e+02
-4.139438000000000102e+02
-4.232250000000000227e+02
-4.280511999999999944e+02
-4.265663000000000125e+02
-4.224825000000000159e+02
-4.573799999999999955e+02
-4.421587999999999852e+02
-4.380749999999999886e+02
-4.562663000000000011e+02
-4.391888000000000147e+02
-4.447574999999999932e+02
-4.763138000000000147e+02
-4.685174999999999841e+02
-4.726012999999999806e+02
-4.351050000000000182e+02
-3.719925000000000068e+02
-3.794175000000000182e+02
-4.087461999999999875e+02
-3.552862999999999829e+02
-3.656811999999999898e+02
-3.690224999999999795e+02
-3.597411999999999921e+02
-3.690224999999999795e+02
-3.875849999999999795e+02
-3.589986999999999853e+02
-3.764474999999999909e+02
-3.883274999999999864e+02
-3.912975000000000136e+02
-3.809024999999999750e+02
-3.883274999999999864e+02
-3.968661999999999921e+02
-3.861000000000000227e+02
-4.209975000000000023e+02
-3.779325000000000045e+02
-3.526875000000000000e+02
-3.927825000000000273e+02
-3.790462999999999738e+02
-3.575138000000000034e+02
-3.883274999999999864e+02
-3.842436999999999898e+02
-3.827588000000000079e+02
-3.842436999999999898e+02
-3.771899999999999977e+02
-3.690224999999999795e+02
-3.827588000000000079e+02
-3.790462999999999738e+02
-3.693937999999999988e+02
-3.894413000000000125e+02
-3.831299999999999955e+02
-3.924112999999999829e+02
-3.976087999999999738e+02
-3.987225000000000250e+02
-4.035488000000000284e+02
-4.172850000000000250e+02
-4.202549999999999955e+02
-3.987225000000000250e+02
-4.109737999999999829e+02
-4.154286999999999921e+02
-4.135724999999999909e+02
-4.247099999999999795e+02
-4.120874999999999773e+02
-4.339911999999999921e+02
-4.358475000000000250e+02
-4.135724999999999909e+02
-4.020638000000000147e+02
-4.050337999999999852e+02
-4.039200000000000159e+02
-4.150575000000000045e+02
-4.273086999999999875e+02
-4.198838000000000079e+02
-4.065187999999999988e+02
-4.202549999999999955e+02
-3.671662999999999784e+02
-3.411786999999999921e+02
-3.708788000000000125e+02
-3.842436999999999898e+02
-3.530586999999999875e+02
-3.719925000000000068e+02
-3.615975000000000250e+02
-3.497174999999999727e+02
-3.753337000000000216e+02
-3.534300000000000068e+02
-3.615975000000000250e+02
-3.783036999999999921e+02
-3.679087999999999852e+02
-3.615975000000000250e+02
-3.905550000000000068e+02
-3.912975000000000136e+02
-3.935249999999999773e+02
-3.912975000000000136e+02
-3.809024999999999750e+02
-3.779325000000000045e+02
-3.875849999999999795e+02
-3.927825000000000273e+02
-3.783036999999999921e+02
-3.946388000000000034e+02
-3.983512999999999806e+02
-3.953813000000000102e+02
-4.065187999999999988e+02
-4.094886999999999944e+02
-3.883274999999999864e+02
-4.124587000000000216e+02
-4.039200000000000159e+02
-3.809024999999999750e+02
-3.931537000000000148e+02
-3.920400000000000205e+02
-3.968661999999999921e+02
-4.035488000000000284e+02
-3.953813000000000102e+02
-4.020638000000000147e+02
-4.135724999999999909e+02
-4.005788000000000011e+02
-3.701363000000000056e+02
-4.139438000000000102e+02
-4.365899999999999750e+02
-4.039200000000000159e+02
-4.206263000000000147e+02
-4.306499999999999773e+02
-4.139438000000000102e+02
-4.198838000000000079e+02
-4.336200000000000045e+02
-4.183987000000000194e+02
-4.224825000000000159e+02
-4.224825000000000159e+02
-4.273086999999999875e+02
-4.209975000000000023e+02
-4.228537999999999784e+02
-4.176562999999999874e+02
-4.410450000000000159e+02
-4.425299999999999727e+02
-4.395600000000000023e+02
-4.302787000000000148e+02
-4.469850000000000136e+02
-4.410450000000000159e+02
-4.295362999999999829e+02
-4.514399999999999977e+02
-3.979800000000000182e+02
-3.634538000000000011e+02
-3.742200000000000273e+02
-3.849863000000000284e+02
-3.886988000000000056e+02
-3.783036999999999921e+02
-3.931537000000000148e+02
-4.046625000000000227e+02
-4.076324999999999932e+02
-3.942674999999999841e+02
-4.250812999999999988e+02
-4.172850000000000250e+02
-3.879562999999999988e+02
-4.068899999999999864e+02
-4.068899999999999864e+02
-4.061474999999999795e+02
-4.291650000000000205e+02
-3.708788000000000125e+02
-3.649388000000000147e+02
-3.693937999999999988e+02
-3.589986999999999853e+02
-3.489750000000000227e+02
-3.671662999999999784e+02
-3.545437999999999761e+02
-3.675375000000000227e+02
-3.575138000000000034e+02
-3.842436999999999898e+02
-3.653100000000000023e+02
-3.630824999999999818e+02
-3.679087999999999852e+02
-3.341250000000000000e+02
-3.437774999999999750e+02
-3.486037999999999784e+02
-3.278138000000000147e+02
-3.500887000000000171e+02
-3.549150000000000205e+02
-3.430350000000000250e+02
-3.567712000000000216e+02
-3.567712000000000216e+02
-3.452624999999999886e+02
-3.252149999999999750e+02
-3.241012999999999806e+02
-3.040536999999999921e+02
-3.177900000000000205e+02
-3.478613000000000284e+02
-3.159336999999999875e+02
-3.166761999999999944e+02
-3.274424999999999955e+02
-3.107363000000000284e+02
-3.348675000000000068e+02
-3.226161999999999921e+02
-3.233587999999999738e+02
-3.274424999999999955e+02
-3.318974999999999795e+02
-3.196462000000000216e+02
-3.211313000000000102e+02
-3.211313000000000102e+02
-2.958863000000000056e+02
-2.877187999999999874e+02
