2.171879000000000133e+02
1.826605999999999881e+02
1.871157000000000039e+02
1.819181000000000097e+02
1.707802000000000078e+02
1.451631999999999891e+02
1.566723000000000070e+02
1.488757999999999981e+02
1.299414999999999907e+02
1.317977999999999952e+02
1.425643000000000029e+02
1.351391000000000133e+02
1.228875000000000028e+02
1.195461999999999989e+02
1.139771999999999963e+02
1.273426000000000045e+02
9.133029000000000508e+01
1.102646000000000015e+02
1.117497000000000043e+02
8.390506000000000597e+01
8.576136999999999944e+01
1.065520000000000067e+02
6.756955999999999563e+01
5.903054999999999808e+01
8.836020000000000607e+01
4.195253000000000299e+01
6.348568999999999818e+01
6.348568999999999818e+01
6.719830000000000325e+01
2.858711999999999875e+01
4.863522999999999996e+01
5.903054999999999808e+01
3.192847000000000079e+01
5.420414999999999850e+01
2.004811000000000121e+01
2.004811000000000121e+01
1.893432999999999922e+01
1.447918999999999912e+01
-7.424999999999999822e+00
-1.856249999999999956e+00
1.744928000000000168e+01
-1.484999999999999964e+01
-3.712500000000000244e-01
-4.566375000000000028e+01
-2.598750000000000071e+01
-5.940000000000000391e+00
-3.229874999999999829e+01
-4.529249999999999687e+01
-3.935249999999999915e+01
-7.276500000000000057e+01
-7.239374999999999716e+01
-5.383124999999999716e+01
-8.204625000000000057e+01
-8.056125000000000114e+01
-5.680125000000000313e+01
-5.939999999999999858e+01
-1.117463000000000051e+02
-7.907625000000000171e+01
-9.281250000000000000e+01
-9.875249999999999773e+01
-1.006086999999999989e+02
-9.578249999999999886e+01
-7.573499999999999943e+01
-9.689624999999999488e+01
-1.102613000000000056e+02
-1.069200000000000017e+02
-1.147162000000000006e+02
-1.444162000000000035e+02
-1.262249999999999943e+02
-1.195425000000000040e+02
-1.425600000000000023e+02
-1.425600000000000023e+02
-1.369912999999999954e+02
-1.403325000000000102e+02
-1.507274999999999920e+02
-1.410749999999999886e+02
-1.507274999999999920e+02
-1.377336999999999989e+02
-1.388474999999999966e+02
-1.440449999999999875e+02
-1.310512999999999977e+02
-1.392187999999999874e+02
-1.343925000000000125e+02
-1.807988000000000000e+02
-1.459011999999999887e+02
-1.715175000000000125e+02
-1.789424999999999955e+02
-1.674336999999999875e+02
-1.670625000000000000e+02
-1.819124999999999943e+02
-1.752299999999999898e+02
-1.722599999999999909e+02
-1.956487999999999943e+02
-2.012175000000000011e+02
-1.871100000000000136e+02
-1.897087999999999965e+02
-1.767150000000000034e+02
-1.700324999999999989e+02
-2.119836999999999989e+02
-2.104987000000000137e+02
-1.833975000000000080e+02
-2.205225000000000080e+02
-2.216362000000000023e+02
-1.885949999999999989e+02
-1.488711999999999875e+02
-1.600088000000000079e+02
-1.819124999999999943e+02
-1.726313000000000102e+02
-1.681762999999999977e+02
-1.633499999999999943e+02
-1.937924999999999898e+02
-1.871100000000000136e+02
-1.926787999999999954e+02
-1.993613000000000000e+02
-1.826550000000000011e+02
-1.503562000000000012e+02
-1.418174999999999955e+02
-1.455300000000000011e+02
-1.369912999999999954e+02
-1.666913000000000125e+02
-1.518411999999999864e+02
-1.588950000000000102e+02
-1.770862999999999943e+02
-1.733737000000000137e+02
-1.882238000000000113e+02
-1.700324999999999989e+02
-1.473862000000000023e+02
-1.373625000000000114e+02
-1.551825000000000045e+02
-1.369912999999999954e+02
-1.626074999999999875e+02
-1.704036999999999864e+02
-1.585237999999999943e+02
-1.867387999999999977e+02
-1.804275000000000091e+02
-1.897087999999999965e+02
-1.767150000000000034e+02
-1.525837999999999965e+02
-1.407038000000000011e+02
-1.121175000000000068e+02
-1.113750000000000000e+02
-1.332786999999999864e+02
-1.020938000000000017e+02
-1.035788000000000011e+02
-1.147162000000000006e+02
-1.124887999999999977e+02
-1.139737999999999971e+02
-1.232549999999999955e+02
-1.195425000000000040e+02
-1.340212999999999965e+02
-1.310512999999999977e+02
-1.336500000000000057e+02
-1.440449999999999875e+02
-1.377336999999999989e+02
-1.433025000000000091e+02
-1.507274999999999920e+02
-1.492425000000000068e+02
-1.481288000000000125e+02
-1.403325000000000102e+02
-1.581525000000000034e+02
-1.529550000000000125e+02
-1.588950000000000102e+02
-1.488711999999999875e+02
-1.518411999999999864e+02
-1.046924999999999955e+02
-9.169875000000000398e+01
-7.610625000000000284e+01
-9.726749999999999829e+01
-9.504000000000000625e+01
-1.035788000000000011e+02
-9.244124999999999659e+01
-9.578249999999999886e+01
-8.390250000000000341e+01
-5.828625000000000256e+01
-4.640625000000000000e+01
-6.199875000000000114e+01
-5.902875000000000227e+01
-4.306499999999999773e+01
-4.046625000000000227e+01
-6.199875000000000114e+01
-6.236999999999999744e+01
-6.793874999999999886e+01
-5.939999999999999858e+01
-5.531624999999999659e+01
-3.304124999999999801e+01
-4.380749999999999744e+01
-5.457374999999999687e+01
-4.009499999999999886e+01
-5.494500000000000028e+01
-6.496875000000000000e+01
-5.011874999999999858e+01
-6.274125000000000085e+01
-7.721999999999999886e+01
-5.123250000000000171e+01
-7.907625000000000171e+01
-7.090874999999999773e+01
-5.568750000000000000e+01
-4.752000000000000313e+01
-4.789124999999999943e+01
-5.049000000000000199e+01
-5.568750000000000000e+01
-6.125625000000000142e+01
-6.162749999999999773e+01
-7.128000000000000114e+01
-6.496875000000000000e+01
-8.390250000000000341e+01
-6.162749999999999773e+01
-7.833374999999999488e+01
-8.612999999999999545e+01
-8.093250000000000455e+01
-9.949500000000000455e+01
-7.573499999999999943e+01
-8.724375000000000568e+01
-9.095624999999999716e+01
-7.053749999999999432e+01
-7.276500000000000057e+01
-8.464499999999999602e+01
-8.464499999999999602e+01
-8.353125000000000000e+01
-1.121175000000000068e+02
-7.796250000000000568e+01
-8.687250000000000227e+01
-7.981874999999999432e+01
-7.610625000000000284e+01
-8.538750000000000284e+01
-7.053749999999999432e+01
-9.281250000000000000e+01
-9.169875000000000398e+01
-8.650124999999999886e+01
-1.024650000000000034e+02
-9.986624999999999375e+01
-1.117463000000000051e+02
-9.801000000000000512e+01
-9.652500000000000568e+01
-1.065488000000000000e+02
-1.065488000000000000e+02
-8.984250000000000114e+01
-9.949500000000000455e+01
-1.009800000000000040e+02
-1.106324999999999932e+02
-1.065488000000000000e+02
-1.169437000000000069e+02
-1.095187999999999988e+02
-1.136025000000000063e+02
-1.254825000000000017e+02
-1.150875000000000057e+02
-1.169437000000000069e+02
-9.578249999999999886e+01
-8.909999999999999432e+01
-7.387874999999999659e+01
-7.944750000000000512e+01
-8.464499999999999602e+01
-7.647750000000000625e+01
-6.793874999999999886e+01
-5.865749999999999886e+01
-8.835750000000000171e+01
-7.425000000000000000e+01
-7.944750000000000512e+01
-8.315999999999999659e+01
-7.462125000000000341e+01
-1.065488000000000000e+02
-8.130374999999999375e+01
-9.986624999999999375e+01
-1.024650000000000034e+02
-1.032074999999999960e+02
-8.167499999999999716e+01
-9.652500000000000568e+01
-9.095624999999999716e+01
-9.169875000000000398e+01
-9.615375000000000227e+01
-8.167499999999999716e+01
-9.875249999999999773e+01
-9.429749999999999943e+01
-9.466875000000000284e+01
-7.907625000000000171e+01
-8.315999999999999659e+01
-1.050638000000000005e+02
-1.006086999999999989e+02
-8.835750000000000171e+01
-1.009800000000000040e+02
-1.117463000000000051e+02
-9.355500000000000682e+01
-1.121175000000000068e+02
-1.061774999999999949e+02
-7.684874999999999545e+01
-6.942374999999999829e+01
-9.281250000000000000e+01
-7.573499999999999943e+01
-6.162749999999999773e+01
-7.387874999999999659e+01
-8.315999999999999659e+01
-8.018999999999999773e+01
-7.944750000000000512e+01
-7.128000000000000114e+01
-8.093250000000000455e+01
-8.427375000000000682e+01
-7.313625000000000398e+01
-1.061774999999999949e+02
-1.087763000000000062e+02
-8.835750000000000171e+01
-8.241750000000000398e+01
-9.949500000000000455e+01
-1.002374999999999972e+02
-1.002374999999999972e+02
-1.098900000000000006e+02
-1.139737999999999971e+02
-1.009800000000000040e+02
-9.763875000000000171e+01
-1.061774999999999949e+02
-1.017224999999999966e+02
-1.210275000000000034e+02
-1.147162000000000006e+02
-9.541124999999999545e+01
-8.315999999999999659e+01
-9.429749999999999943e+01
-1.136025000000000063e+02
-9.578249999999999886e+01
-9.912375000000000114e+01
-1.136025000000000063e+02
-1.121175000000000068e+02
-8.909999999999999432e+01
-9.949500000000000455e+01
-1.150875000000000057e+02
-9.578249999999999886e+01
-9.838124999999999432e+01
-9.466875000000000284e+01
-1.150875000000000057e+02
-9.021375000000000455e+01
-1.076624999999999943e+02
-8.909999999999999432e+01
-6.608249999999999602e+01
-5.717249999999999943e+01
-5.160374999999999801e+01
-5.234624999999999773e+01
-4.900500000000000256e+01
-6.682500000000000284e+01
-8.056125000000000114e+01
-6.942374999999999829e+01
-7.165125000000000455e+01
-5.791499999999999915e+01
-6.459749999999999659e+01
-7.610625000000000284e+01
-7.684874999999999545e+01
-8.464499999999999602e+01
-7.128000000000000114e+01
-8.018999999999999773e+01
-9.021375000000000455e+01
-7.350749999999999318e+01
-7.870499999999999829e+01
-9.689624999999999488e+01
-8.093250000000000455e+01
-8.501624999999999943e+01
-9.763875000000000171e+01
-8.427375000000000682e+01
-8.947124999999999773e+01
-8.872875000000000512e+01
-9.986624999999999375e+01
-1.087763000000000062e+02
-1.013512000000000057e+02
-9.801000000000000512e+01
-8.909999999999999432e+01
-9.392624999999999602e+01
-1.128599999999999994e+02
-1.098900000000000006e+02
-1.124887999999999977e+02
-1.013512000000000057e+02
-1.035788000000000011e+02
-1.039500000000000028e+02
-9.615375000000000227e+01
-8.093250000000000455e+01
-1.236263000000000005e+02
-1.002374999999999972e+02
-8.909999999999999432e+01
-1.087763000000000062e+02
-9.838124999999999432e+01
-9.318375000000000341e+01
-9.281250000000000000e+01
-1.039500000000000028e+02
-9.281250000000000000e+01
-1.098900000000000006e+02
-8.984250000000000114e+01
-9.875249999999999773e+01
-1.002374999999999972e+02
-1.002374999999999972e+02
-1.028362999999999943e+02
-9.578249999999999886e+01
-1.180575000000000045e+02
-1.002374999999999972e+02
-8.353125000000000000e+01
-9.689624999999999488e+01
-7.870499999999999829e+01
-1.039500000000000028e+02
-9.986624999999999375e+01
-8.390250000000000341e+01
-8.761499999999999488e+01
-9.578249999999999886e+01
-6.236999999999999744e+01
-8.650124999999999886e+01
-7.870499999999999829e+01
-7.350749999999999318e+01
-7.944750000000000512e+01
-8.798624999999999829e+01
-8.167499999999999716e+01
-8.315999999999999659e+01
-8.575875000000000625e+01
-7.462125000000000341e+01
-7.981874999999999432e+01
-8.093250000000000455e+01
-5.865749999999999886e+01
-6.385499999999999687e+01
-5.568750000000000000e+01
-5.939999999999999858e+01
