-1.455300000000000011e+02
-1.325363000000000113e+02
-1.124887999999999977e+02
-1.614937999999999931e+02
-1.581525000000000034e+02
-1.321649999999999920e+02
-1.614937999999999931e+02
-1.800562999999999931e+02
-1.358774999999999977e+02
-1.718887000000000000e+02
-1.544399999999999977e+02
-1.611225000000000023e+02
-1.845112000000000023e+02
-1.804275000000000091e+02
-1.811699999999999875e+02
-1.975049999999999955e+02
-2.294325000000000045e+02
-2.164387999999999863e+02
-2.301750000000000114e+02
-2.416836999999999875e+02
-2.227500000000000000e+02
-2.116125000000000114e+02
-2.453962999999999965e+02
-2.401987000000000023e+02
-2.401987000000000023e+02
-2.342588000000000079e+02
-2.673000000000000114e+02
-2.873475000000000250e+02
-2.665575000000000045e+02
-2.892038000000000011e+02
-2.869762999999999806e+02
-3.010837000000000216e+02
-3.103650000000000091e+02
-2.925450000000000159e+02
-3.047962999999999738e+02
-3.059100000000000250e+02
-2.899463000000000079e+02
-3.021974999999999909e+02
-2.828924999999999841e+02
-2.598750000000000000e+02
-2.854911999999999921e+02
-2.762099999999999795e+02
-2.736113000000000284e+02
-2.647013000000000034e+02
-2.706413000000000011e+02
-2.903174999999999955e+02
-2.802937999999999761e+02
-3.003412000000000148e+02
-2.999700000000000273e+02
-2.988562999999999761e+02
-3.059100000000000250e+02
-3.166761999999999944e+02
-3.047962999999999738e+02
-3.315262000000000171e+02
-3.474900000000000091e+02
-3.196462000000000216e+02
-3.007124999999999773e+02
-3.318974999999999795e+02
-3.281850000000000023e+02
-3.300412999999999784e+02
-3.292988000000000284e+02
-3.315262000000000171e+02
-3.385799999999999841e+02
-3.474900000000000091e+02
-3.560287000000000148e+02
-3.463763000000000147e+02
-3.660525000000000091e+02
-3.627112000000000194e+02
-3.582563000000000102e+02
-3.682799999999999727e+02
-3.571424999999999841e+02
-3.649388000000000147e+02
-3.809024999999999750e+02
-3.586274999999999977e+02
-3.482325000000000159e+02
-3.972375000000000114e+02
-4.020638000000000147e+02
-3.734775000000000205e+02
-4.035488000000000284e+02
-4.117162000000000148e+02
-3.998362000000000194e+02
-4.013213000000000079e+02
-4.068899999999999864e+02
-4.039200000000000159e+02
-4.158000000000000114e+02
-4.406738000000000284e+02
-4.183987000000000194e+02
-4.243387000000000171e+02
-4.577513000000000147e+02
-4.477275000000000205e+02
-4.514399999999999977e+02
-4.477275000000000205e+02
-4.287937999999999761e+02
-4.406738000000000284e+02
-4.748288000000000011e+02
-4.610924999999999727e+02
-4.711161999999999921e+02
-4.596075000000000159e+02
-4.655475000000000136e+02
-4.674037000000000148e+02
-4.711161999999999921e+02
-4.781700000000000159e+02
-4.525536999999999921e+02
-4.781700000000000159e+02
-4.792837999999999852e+02
-4.763138000000000147e+02
-4.633199999999999932e+02
-4.618349999999999795e+02
-4.674037000000000148e+02
-4.603500000000000227e+02
-4.651763000000000261e+02
-4.655475000000000136e+02
-4.733437999999999874e+02
-4.867087000000000216e+02
-4.525536999999999921e+02
-4.733437999999999874e+02
-4.796549999999999727e+02
-4.488412000000000148e+02
-4.584936999999999898e+02
-4.737149999999999750e+02
-4.815113000000000056e+02
-4.718587999999999738e+02
-4.867087000000000216e+02
-4.829961999999999875e+02
-4.997024999999999864e+02
-5.015586999999999875e+02
-4.878224999999999909e+02
-4.800262000000000171e+02
-4.926487000000000194e+02
-4.896786999999999921e+02
-5.071274999999999977e+02
-5.089837999999999738e+02
-5.074986999999999853e+02
-5.112112000000000194e+02
-5.234624999999999773e+02
-5.290312999999999874e+02
-5.487074999999999818e+02
-4.907925000000000182e+02
-4.696313000000000102e+02
-4.807687999999999988e+02
-4.818824999999999932e+02
-4.636913000000000125e+02
-4.885649999999999977e+02
-4.815113000000000056e+02
-4.696313000000000102e+02
-4.659187999999999761e+02
-4.670325000000000273e+02
-4.896786999999999921e+02
-4.859662000000000148e+02
-4.919062999999999874e+02
-5.234624999999999773e+02
-5.126961999999999762e+02
-5.175225000000000364e+02
-5.093550000000000182e+02
-4.922774999999999750e+02
-5.190075000000000500e+02
-5.074986999999999853e+02
-5.086125000000000114e+02
-5.338574999999999591e+02
-5.041575000000000273e+02
-5.294025000000000318e+02
-5.290312999999999874e+02
-5.115824999999999818e+02
-5.383125000000000000e+02
-5.687549999999999955e+02
-5.375700000000000500e+02
-5.598450000000000273e+02
-5.668986999999999625e+02
-5.505638000000000147e+02
-5.628150000000000546e+02
-5.572463000000000193e+02
-5.464800000000000182e+02
-5.899162999999999784e+02
-5.876888000000000147e+02
-5.772938000000000329e+02
-5.813775000000000546e+02
-5.902875000000000227e+02
-6.103350000000000364e+02
-6.069937999999999647e+02
-6.006825000000000045e+02
-6.051375000000000455e+02
-6.069937999999999647e+02
-6.069937999999999647e+02
-5.936287999999999556e+02
-6.014249999999999545e+02
-6.025388000000000375e+02
-5.906588000000000420e+02
-6.129338000000000193e+02
-6.266699999999999591e+02
-6.003112999999999602e+02
-6.196163000000000238e+02
-6.262988000000000284e+02
-6.340950000000000273e+02
-6.255562999999999647e+02
-6.493162999999999556e+02
-6.396638000000000375e+02
-6.663936999999999671e+02
-6.563700000000000045e+02
-6.404062999999999874e+02
-6.671362000000000307e+02
-6.727050000000000409e+02
-6.756749999999999545e+02
-6.660225000000000364e+02
-6.741900000000000546e+02
-6.715911999999999580e+02
-6.689924999999999500e+02
-6.812437999999999647e+02
-6.823574999999999591e+02
-6.779025000000000318e+02
-6.886688000000000329e+02
-7.001775000000000091e+02
-6.920099999999999909e+02
-7.009199999999999591e+02
-7.001775000000000091e+02
-6.370650000000000546e+02
-6.355800000000000409e+02
-6.326100000000000136e+02
-6.378075000000000045e+02
-6.552563000000000102e+02
-6.389212999999999738e+02
-6.248138000000000147e+02
-6.277838000000000420e+02
-6.077363000000000284e+02
-6.058799999999999955e+02
-6.129338000000000193e+02
-6.021675000000000182e+02
-5.954850000000000136e+02
-5.902875000000000227e+02
-5.932575000000000500e+02
-5.906588000000000420e+02
-5.891738000000000284e+02
-6.025388000000000375e+02
-5.798925000000000409e+02
-5.765512999999999693e+02
-5.798925000000000409e+02
-6.025388000000000375e+02
-5.914012000000000171e+02
-5.995687000000000353e+02
-5.888025000000000091e+02
-6.006825000000000045e+02
-5.780362999999999829e+02
-5.999400000000000546e+02
-5.914012000000000171e+02
-5.702400000000000091e+02
-6.081074999999999591e+02
-5.888025000000000091e+02
-6.136762999999999693e+02
-6.118200000000000500e+02
-6.092213000000000420e+02
-6.029099999999999682e+02
-5.999400000000000546e+02
-6.095924999999999727e+02
-6.170175000000000409e+02
-6.196163000000000238e+02
-6.181312000000000353e+02
-6.040236999999999625e+02
-6.207300000000000182e+02
-6.218437999999999874e+02
-6.522862999999999829e+02
-6.519149999999999636e+02
-6.303825000000000500e+02
-6.214724999999999682e+02
-6.255562999999999647e+02
-6.370650000000000546e+02
-6.136762999999999693e+02
-6.307537999999999556e+02
-6.266699999999999591e+02
-6.173886999999999716e+02
-6.110774999999999864e+02
-6.352087000000000216e+02
-6.470887000000000171e+02
-6.374362999999999602e+02
-6.300112000000000307e+02
-6.340950000000000273e+02
-6.352087000000000216e+02
-6.530286999999999580e+02
-6.359511999999999716e+02
-6.530286999999999580e+02
-6.359511999999999716e+02
-6.370650000000000546e+02
-6.322387999999999693e+02
-6.448613000000000284e+02
-6.634238000000000284e+02
-6.363224999999999909e+02
-6.218437999999999874e+02
-6.211013000000000375e+02
-6.147899999999999636e+02
-6.199874999999999545e+02
-6.404062999999999874e+02
-6.229574999999999818e+02
-6.288975000000000364e+02
-6.277838000000000420e+02
-6.259275000000000091e+02
-6.396638000000000375e+02
-6.381788000000000238e+02
-6.318674999999999500e+02
-6.422625000000000455e+02
-6.626812999999999647e+02
-6.682500000000000000e+02
-6.504299999999999500e+02
-6.541425000000000409e+02
-6.771599999999999682e+02
-6.660225000000000364e+02
-6.660225000000000364e+02
-6.645375000000000227e+02
-6.764175000000000182e+02
-6.808724999999999454e+02
-6.567413000000000238e+02
-6.819863000000000284e+02
-7.035186999999999671e+02
-6.745612999999999602e+02
-6.749325000000000045e+02
-6.782736999999999625e+02
-6.816150000000000091e+02
-6.868125000000000000e+02
-6.986924999999999955e+02
-6.972074999999999818e+02
-6.949800000000000182e+02
-7.005488000000000284e+02
-6.934950000000000045e+02
-6.831000000000000227e+02
-6.934950000000000045e+02
-6.355800000000000409e+02
-6.422625000000000455e+02
-6.248138000000000147e+02
-6.188737999999999602e+02
-6.144188000000000329e+02
-6.081074999999999591e+02
-5.902875000000000227e+02
-6.229574999999999818e+02
-6.229574999999999818e+02
-6.129338000000000193e+02
-6.307537999999999556e+02
-6.318674999999999500e+02
-6.415199999999999818e+02
-6.251849999999999454e+02
-6.237000000000000455e+02
-6.415199999999999818e+02
-6.181312000000000353e+02
-6.092213000000000420e+02
-5.862037000000000262e+02
-5.824913000000000238e+02
-5.977124999999999773e+02
-5.836050000000000182e+02
-5.791499999999999773e+02
-6.077363000000000284e+02
-5.973411999999999580e+02
-5.839763000000000375e+02
-6.062513000000000147e+02
-5.984550000000000409e+02
-6.006825000000000045e+02
-5.988261999999999716e+02
-5.724674999999999727e+02
-5.917725000000000364e+02
-5.962274999999999636e+02
-5.865750000000000455e+02
-6.017962999999999738e+02
-5.824913000000000238e+02
-5.999400000000000546e+02
-6.058799999999999955e+02
-6.103350000000000364e+02
-6.140475000000000136e+02
-6.069937999999999647e+02
-6.006825000000000045e+02
-5.984550000000000409e+02
-5.973411999999999580e+02
-5.858324999999999818e+02
-5.839763000000000375e+02
-5.962274999999999636e+02
-6.025388000000000375e+02
-5.795212000000000216e+02
-5.991974999999999909e+02
-5.910299999999999727e+02
-6.029099999999999682e+02
-5.995687000000000353e+02
-6.006825000000000045e+02
-6.021675000000000182e+02
-6.159036999999999580e+02
-6.118200000000000500e+02
-6.032812999999999874e+02
-6.014249999999999545e+02
-6.043949999999999818e+02
-6.166462000000000216e+02
-5.646712999999999738e+02
-5.490787000000000262e+02
-5.431386999999999716e+02
-5.416536999999999580e+02
-5.416536999999999580e+02
-5.316299999999999955e+02
-5.397975000000000136e+02
-5.561325000000000500e+02
-5.635575000000000045e+02
-5.617011999999999716e+02
-5.591024999999999636e+02
-5.650425000000000182e+02
-5.724674999999999727e+02
-5.579887999999999693e+02
-5.706113000000000284e+02
-5.613300000000000409e+02
-5.617011999999999716e+02
-5.772938000000000329e+02
-5.642999999999999545e+02
-5.765512999999999693e+02
-5.576174999999999500e+02
-5.457374999999999545e+02
-5.739524999999999864e+02
-5.624437000000000353e+02
-5.550186999999999671e+02
-5.706113000000000284e+02
-5.780362999999999829e+02
-5.565037999999999556e+02
-5.668986999999999625e+02
