-3.208713999999999942e+03
-3.229132999999999811e+03
-3.205001000000000204e+03
-3.256233999999999924e+03
-3.291130999999999858e+03
-3.231731000000000222e+03
-3.259204000000000178e+03
-3.263288000000000011e+03
-3.279251000000000204e+03
-3.281849999999999909e+03
-3.352759000000000015e+03
-3.334938999999999851e+03
-3.281478999999999814e+03
-3.350159999999999854e+03
-3.320460000000000036e+03
-3.337909000000000106e+03
-3.366494999999999891e+03
-3.363896000000000186e+03
-3.353130000000000109e+03
-3.392853999999999814e+03
-3.396938000000000102e+03
-3.364268000000000029e+03
-3.413271999999999935e+03
-3.414014999999999873e+03
-3.422182999999999993e+03
-3.425152999999999793e+03
-3.465248000000000047e+03
-3.433320000000000164e+03
-3.440373999999999796e+03
-3.483438999999999851e+03
-3.499030999999999949e+03
-3.545809000000000196e+03
-3.451510999999999967e+03
-3.503856999999999971e+03
-3.506085000000000036e+03
-3.507199000000000069e+03
-3.498289000000000215e+03
-3.498659999999999854e+03
-3.507570000000000164e+03
-3.502001000000000204e+03
-3.546179999999999836e+03
-3.509054999999999836e+03
-3.539498000000000047e+03
-3.499030999999999949e+03
-3.553976000000000113e+03
-3.550635000000000218e+03
-3.600753999999999905e+03
-3.575137000000000171e+03
-3.546550999999999931e+03
-3.587018000000000029e+03
-3.592958000000000084e+03
-3.601496000000000095e+03
-3.590358999999999924e+03
-3.585903999999999996e+03
-3.594443000000000211e+03
-3.627112999999999829e+03
-3.580706000000000131e+03
-3.589987999999999829e+03
-3.644932999999999993e+03
-3.623771000000000186e+03
-3.622657000000000153e+03
-3.625255999999999858e+03
-3.661268000000000029e+03
-3.636393999999999778e+03
-3.669434999999999945e+03
-3.668693000000000211e+03
-3.677231000000000222e+03
-3.706931000000000040e+03
-3.670177000000000135e+03
-3.682800000000000182e+03
-3.714356000000000222e+03
-3.693565999999999804e+03
-3.666835999999999785e+03
-3.676489000000000033e+03
-3.724009000000000015e+03
-3.718811000000000149e+03
-3.712128999999999905e+03
-3.748139999999999873e+03
-3.730690999999999804e+03
-3.711014999999999873e+03
-3.776726000000000113e+03
-3.728463999999999942e+03
-3.724751000000000204e+03
-3.735889000000000124e+03
-3.711385999999999967e+03
-3.711757999999999811e+03
-3.746284000000000106e+03
-3.719925000000000182e+03
-3.744427000000000135e+03
-3.793432999999999993e+03
-3.799744000000000142e+03
-3.749996000000000095e+03
-3.798630000000000109e+03
-3.771900000000000091e+03
-3.773014000000000124e+03
-3.807168999999999869e+03
-3.792690000000000055e+03
-3.787492000000000189e+03
-3.800856999999999971e+03
-3.820163000000000011e+03
-3.794545999999999822e+03
-3.826474000000000160e+03
-3.826844999999999800e+03
-3.816449999999999818e+03
-3.861742000000000189e+03
-3.836869000000000142e+03
-3.804570000000000164e+03
-3.867311000000000149e+03
-3.826103000000000065e+03
-3.813480000000000018e+03
-3.818306000000000040e+03
-3.833155999999999949e+03
-3.789719999999999800e+03
-3.752594999999999800e+03
-3.771900000000000091e+03
-3.719182999999999993e+03
-3.761505000000000109e+03
-3.774498999999999796e+03
-3.781923999999999978e+03
-3.796030999999999949e+03
-3.776726000000000113e+03
-3.779324999999999818e+03
-3.794916999999999916e+03
-3.792690000000000055e+03
-3.783780000000000200e+03
-3.804570000000000164e+03
-3.796773999999999887e+03
-3.792690000000000055e+03
-3.810139000000000124e+03
-3.869909999999999854e+03
-3.797887000000000171e+03
-3.826103000000000065e+03
-3.833155999999999949e+03
-3.798259000000000015e+03
-3.840952999999999975e+03
-3.819420000000000073e+03
-3.811623999999999796e+03
-3.826844999999999800e+03
-3.835384000000000015e+03
-3.801971000000000004e+03
-3.828701000000000022e+03
-3.856916000000000167e+03
-3.832041999999999916e+03
-3.846893000000000029e+03
-3.829072999999999865e+03
-3.871766000000000076e+03
-3.851347999999999956e+03
-3.933021999999999935e+03
-3.884389000000000124e+03
-3.890329000000000178e+03
-3.885130999999999858e+03
-3.884018000000000029e+03
-3.908148999999999887e+03
-3.896268999999999778e+03
-3.878820000000000164e+03
-3.916688000000000102e+03
-3.925226000000000113e+03
-3.930795000000000073e+03
-3.897382999999999811e+03
-3.908148999999999887e+03
-3.857659000000000106e+03
-3.865083999999999833e+03
-3.889215000000000146e+03
-3.875478999999999814e+03
-3.897010999999999967e+03
-3.883275000000000091e+03
-3.857659000000000106e+03
-3.856173999999999978e+03
-3.897010999999999967e+03
-3.865083999999999833e+03
-3.909634000000000015e+03
-3.906291999999999916e+03
-3.933021999999999935e+03
-3.912974999999999909e+03
-3.972003999999999905e+03
-3.919657000000000153e+03
-3.926710999999999785e+03
-3.944159999999999854e+03
-3.979800000000000182e+03
-3.967177000000000135e+03
-3.976088000000000193e+03
-3.961980000000000018e+03
-3.990195000000000164e+03
-4.005045000000000073e+03
-3.967920000000000073e+03
-3.976088000000000193e+03
-3.930423999999999978e+03
-3.922998999999999796e+03
-3.933764999999999873e+03
-3.943416999999999916e+03
-3.905550000000000182e+03
-3.928938999999999851e+03
-3.984626000000000204e+03
-3.940447999999999865e+03
-3.917429999999999836e+03
-3.965320999999999913e+03
-3.944530999999999949e+03
-3.951956000000000131e+03
-4.005416000000000167e+03
-3.972375000000000000e+03
-3.973860000000000127e+03
-4.009871000000000095e+03
-3.972003999999999905e+03
-3.971632999999999811e+03
-3.995393000000000029e+03
-4.052193999999999960e+03
-3.974231000000000222e+03
-3.982769999999999982e+03
-4.005788000000000011e+03
-3.997248999999999796e+03
-4.002074999999999818e+03
-4.039943000000000211e+03
-4.054420999999999822e+03
-3.946759000000000015e+03
-3.979429000000000087e+03
-3.904436000000000149e+03
-3.977201000000000022e+03
-3.951956000000000131e+03
-3.904436000000000149e+03
-3.964949999999999818e+03
-3.920400000000000091e+03
-3.866940000000000055e+03
-3.866197999999999865e+03
-3.882532000000000153e+03
-3.860628999999999905e+03
-3.897382999999999811e+03
-3.862856000000000222e+03
-3.881418999999999869e+03
-3.899610000000000127e+03
-3.920400000000000091e+03
-3.882532000000000153e+03
-3.899981000000000222e+03
-3.941932999999999993e+03
-3.905179000000000087e+03
-3.944902999999999793e+03
-3.905179000000000087e+03
-3.932650999999999840e+03
-3.930052000000000135e+03
-3.937849000000000160e+03
-3.968663000000000011e+03
-3.935250000000000000e+03
-4.006900999999999840e+03
-3.946387000000000171e+03
-3.971260999999999967e+03
-4.000590000000000146e+03
-3.953813000000000102e+03
-4.003188999999999851e+03
-3.997990999999999985e+03
-4.025463999999999942e+03
-4.002074999999999818e+03
-4.034744999999999891e+03
-3.967177000000000135e+03
-3.941932999999999993e+03
-3.937106000000000222e+03
-3.933021999999999935e+03
-3.954554999999999836e+03
-3.925969000000000051e+03
-3.960494999999999891e+03
-3.947130000000000109e+03
-3.984626000000000204e+03
-3.970889999999999873e+03
-3.964579000000000178e+03
-3.977572999999999865e+03
-3.980541999999999916e+03
-4.013213000000000193e+03
-3.983512000000000171e+03
-4.015811000000000149e+03
-3.961237999999999829e+03
-3.964208000000000084e+03
-3.972746000000000095e+03
-3.925226000000000113e+03
-3.995764000000000124e+03
-3.943416999999999916e+03
-3.947130000000000109e+03
-3.968291000000000167e+03
-3.944902999999999793e+03
-3.933764999999999873e+03
-3.970146999999999935e+03
-3.963465000000000146e+03
-3.951213999999999942e+03
-3.993536000000000058e+03
-3.949728999999999814e+03
-3.968663000000000011e+03
-3.961608999999999924e+03
-3.975715999999999894e+03
-3.955668999999999869e+03
-3.975344999999999800e+03
-3.972375000000000000e+03
-3.966806000000000040e+03
-3.940447999999999865e+03
-3.970889999999999873e+03
-3.948244000000000142e+03
-3.980914000000000215e+03
-3.952327999999999975e+03
-3.958268000000000029e+03
-3.990938000000000102e+03
-3.955297999999999774e+03
-3.946016000000000076e+03
-3.993907000000000153e+03
-3.970889999999999873e+03
-3.979429000000000087e+03
-3.995393000000000029e+03
-3.993907000000000153e+03
-3.996876999999999953e+03
-4.015440000000000055e+03
-3.996876999999999953e+03
-3.989452999999999975e+03
-4.036601000000000113e+03
-3.977201000000000022e+03
-3.984255000000000109e+03
-3.979429000000000087e+03
-4.003931000000000040e+03
-3.959010000000000218e+03
-3.970146999999999935e+03
-4.007643999999999778e+03
-3.945644999999999982e+03
-3.996135000000000218e+03
-4.005788000000000011e+03
-3.981284999999999854e+03
-4.001704000000000178e+03
-4.015440000000000055e+03
-3.983512000000000171e+03
-4.023235999999999876e+03
-4.045139999999999873e+03
-4.018039000000000215e+03
-4.029175999999999931e+03
-4.033260000000000218e+03
-4.012840999999999894e+03
-4.022123000000000047e+03
-4.028804999999999836e+03
-4.028063000000000102e+03
-4.011728000000000065e+03
-4.046253999999999905e+03
-4.035487999999999829e+03
-4.056277999999999793e+03
-4.058876000000000204e+03
-4.029547999999999774e+03
-4.048110000000000127e+03
-4.054791999999999916e+03
-4.036230000000000018e+03
-4.046996000000000095e+03
-4.067786000000000058e+03
-4.046625000000000000e+03
-4.075210999999999785e+03
-4.081893999999999778e+03
-4.041427000000000135e+03
-4.041427000000000135e+03
-4.072983999999999924e+03
-4.064445000000000164e+03
-4.043655000000000200e+03
-4.089690000000000055e+03
-4.075583000000000084e+03
-4.093402999999999793e+03
-4.085978000000000065e+03
-4.083750000000000000e+03
-4.052936000000000149e+03
-4.118646999999999935e+03
-4.086349000000000160e+03
-4.138323999999999614e+03
-4.080409000000000106e+03
-4.079295000000000073e+03
-4.067786000000000058e+03
-4.126814999999999600e+03
-4.085235000000000127e+03
-4.114192000000000007e+03
-4.091545999999999822e+03
-4.099342999999999847e+03
-4.108252000000000407e+03
-4.091545999999999822e+03
-4.118646999999999935e+03
-4.123474000000000160e+03
-4.130527000000000044e+03
-4.098600000000000364e+03
-4.097485999999999876e+03
-4.109737000000000080e+03
-4.075954000000000178e+03
-4.105654000000000451e+03
-4.106768000000000029e+03
-4.118646999999999935e+03
-4.090432999999999993e+03
-4.146119999999999891e+03
-4.143520999999999731e+03
-4.102684000000000196e+03
-4.135354000000000269e+03
-4.131640999999999622e+03
-4.103055000000000291e+03
-4.095259000000000015e+03
-4.165425000000000182e+03
-4.093773999999999887e+03
-4.123474000000000160e+03
-4.091916999999999916e+03
-4.129784999999999854e+03
-4.153917000000000371e+03
-4.129784999999999854e+03
-4.147975999999999658e+03
-4.132755000000000109e+03
-4.141293999999999869e+03
-4.137210000000000036e+03
-4.113078999999999724e+03
-4.159113999999999578e+03
-4.105654000000000451e+03
-4.162083999999999833e+03
-4.127557999999999993e+03
-4.118275999999999840e+03
-4.139809000000000196e+03
-4.132384000000000015e+03
-4.152430999999999585e+03
-4.174706000000000131e+03
-4.142036000000000058e+03
-4.132384000000000015e+03
-4.161712000000000444e+03
-4.140551000000000386e+03
