-1.884836000000000013e+03
-1.858848999999999933e+03
-1.890404999999999973e+03
-1.911566000000000031e+03
-1.914164999999999964e+03
-1.964284000000000106e+03
-1.978019999999999982e+03
-1.946463999999999942e+03
-1.978391000000000076e+03
-1.970223999999999933e+03
-1.917877999999999929e+03
-1.970223999999999933e+03
-1.997695999999999913e+03
-2.004378999999999905e+03
-1.975049999999999955e+03
-2.033708000000000084e+03
-2.014773999999999887e+03
-1.995469000000000051e+03
-2.052641000000000076e+03
-2.031480000000000018e+03
-2.054498000000000047e+03
-2.043359999999999900e+03
-2.074916000000000167e+03
-2.066005999999999858e+03
-2.148795000000000073e+03
-2.108329000000000178e+03
-2.102018000000000029e+03
-2.088652999999999793e+03
-2.110927000000000135e+03
-2.089023999999999887e+03
-2.100161000000000058e+03
-2.091251000000000204e+03
-2.070090000000000146e+03
-2.145824999999999818e+03
-2.091994000000000142e+03
-2.135800999999999931e+03
-2.129489999999999782e+03
-2.137286000000000058e+03
-2.129489999999999782e+03
-2.132088999999999942e+03
-2.184434999999999945e+03
-2.128376000000000204e+03
-2.177380999999999858e+03
-2.148423999999999978e+03
-2.143226000000000113e+03
-2.191860000000000127e+03
-2.147681000000000040e+03
-2.211164999999999964e+03
-2.187405000000000200e+03
-2.197800000000000182e+03
-2.205596000000000004e+03
-2.197057999999999993e+03
-2.248661000000000058e+03
-2.211907000000000153e+03
-2.228614000000000033e+03
-2.196686000000000149e+03
-2.219333000000000084e+03
-2.235295999999999822e+03
-2.269079999999999927e+03
-2.221188999999999851e+03
-2.192231000000000222e+03
-2.219704000000000178e+03
-2.185920000000000073e+03
-2.170327999999999975e+03
-2.167356999999999971e+03
-2.201884000000000015e+03
-2.191860000000000127e+03
-2.181094000000000051e+03
-2.220074999999999818e+03
-2.221188999999999851e+03
-2.218960999999999785e+03
-2.181094000000000051e+03
-2.219704000000000178e+03
-2.225643999999999778e+03
-2.225271999999999935e+03
-2.243835000000000036e+03
-2.266110000000000127e+03
-2.244949000000000069e+03
-2.205967999999999847e+03
-2.263882999999999811e+03
-2.222673999999999978e+03
-2.259427000000000135e+03
-2.258684999999999945e+03
-2.283188000000000102e+03
-2.236039000000000215e+03
-2.288014000000000124e+03
-2.263882999999999811e+03
-2.256085999999999785e+03
-2.265367000000000189e+03
-2.311773999999999887e+03
-2.257943000000000211e+03
-2.267965999999999894e+03
-2.287643000000000029e+03
-2.270936000000000149e+03
-2.321054999999999836e+03
-2.275019999999999982e+03
-2.276505000000000109e+03
-2.296552000000000135e+03
-2.321797999999999774e+03
-2.295438999999999851e+03
-2.355210000000000036e+03
-2.301750000000000000e+03
-2.309916999999999916e+03
-2.345557999999999993e+03
-2.302864000000000033e+03
-2.305090999999999894e+03
-2.362635000000000218e+03
-2.332193000000000211e+03
-2.319199000000000069e+03
-2.355210000000000036e+03
-2.348155999999999949e+03
-2.298038000000000011e+03
-2.329594000000000051e+03
-2.339989000000000033e+03
-2.314744000000000142e+03
-2.370059999999999945e+03
-2.380083999999999833e+03
-2.348155999999999949e+03
-2.369688999999999851e+03
-2.387137000000000171e+03
-2.355581000000000131e+03
-2.387509000000000015e+03
-2.426860999999999876e+03
-2.400501999999999953e+03
-2.369318000000000211e+03
-2.407927000000000135e+03
-2.390106999999999971e+03
-2.385652999999999793e+03
-2.388623000000000047e+03
-2.394563000000000102e+03
-2.400501999999999953e+03
-2.403101000000000113e+03
-2.407556000000000040e+03
-2.409413000000000011e+03
-2.452106000000000222e+03
-2.430574000000000069e+03
-2.413867000000000189e+03
-2.449135999999999967e+03
-2.437255999999999858e+03
-2.455818999999999960e+03
-2.450992000000000189e+03
-2.410525999999999840e+03
-2.426489999999999782e+03
-2.481063999999999851e+03
-2.429460000000000036e+03
-2.416094999999999800e+03
-2.469184000000000196e+03
-2.432059000000000196e+03
-2.450992000000000189e+03
-2.490715999999999894e+03
-2.475123999999999796e+03
-2.440597000000000207e+03
-2.452106000000000222e+03
-2.456190000000000055e+03
-2.443938999999999851e+03
-2.459902999999999793e+03
-2.468813000000000102e+03
-2.467327999999999975e+03
-2.463244000000000142e+03
-2.519302000000000135e+03
-2.453961999999999989e+03
-2.499626000000000204e+03
-2.484405000000000200e+03
-2.460273999999999887e+03
-2.475494999999999891e+03
-2.478835999999999785e+03
-2.467327999999999975e+03
-2.479949999999999818e+03
-2.484775999999999840e+03
-2.438369999999999891e+03
-2.506679999999999836e+03
-2.485146999999999935e+03
-2.469184000000000196e+03
-2.495170999999999822e+03
-2.506679999999999836e+03
-2.465471000000000004e+03
-2.520045000000000073e+03
-2.513733999999999924e+03
-2.500369000000000142e+03
-2.551972000000000207e+03
-2.499255000000000109e+03
-2.453961999999999989e+03
-2.467699000000000069e+03
-2.507793999999999869e+03
-2.462130000000000109e+03
-2.503710000000000036e+03
-2.506679999999999836e+03
-2.503338999999999942e+03
-2.477351000000000113e+03
-2.535266000000000076e+03
-2.479208000000000084e+03
-2.492943999999999960e+03
-2.510764000000000124e+03
-2.528583999999999833e+03
-2.524128999999999905e+03
-2.525242000000000189e+03
-2.508164999999999964e+03
-2.517074999999999818e+03
-2.534894999999999982e+03
-2.495541999999999916e+03
-2.537864999999999782e+03
-2.544918999999999869e+03
-2.487746000000000095e+03
-2.521159000000000106e+03
-2.547518000000000029e+03
-2.530068999999999960e+03
-2.532295999999999822e+03
-2.564224000000000160e+03
-2.510764000000000124e+03
-2.511135000000000218e+03
-2.531182999999999993e+03
-2.572391000000000076e+03
-2.518931000000000040e+03
-2.561625000000000000e+03
-2.563853000000000065e+03
-2.544547999999999774e+03
-2.557541000000000167e+03
-2.569050000000000182e+03
-2.519673999999999978e+03
-2.568307999999999993e+03
-2.566079999999999927e+03
-2.562739000000000033e+03
-2.556427000000000135e+03
-2.569420999999999822e+03
-2.553458000000000084e+03
-2.544918999999999869e+03
-2.547146000000000186e+03
-2.537494000000000142e+03
-2.571648999999999887e+03
-2.558655000000000200e+03
-2.543063000000000102e+03
-2.550858999999999924e+03
-2.560139999999999873e+03
-2.541206000000000131e+03
-2.537864999999999782e+03
-2.580559000000000196e+03
-2.538978999999999814e+03
-2.582414999999999964e+03
-2.573134000000000015e+03
-2.538978999999999814e+03
-2.556056000000000040e+03
-2.572019999999999982e+03
-2.561253999999999905e+03
-2.559768999999999778e+03
-2.552715000000000146e+03
-2.563481000000000222e+03
-2.560882999999999811e+03
-2.508907000000000153e+03
-2.444681000000000040e+03
-2.490344999999999800e+03
-2.470297999999999774e+03
-2.512619999999999891e+03
-2.428346000000000004e+03
-2.478835999999999785e+03
-2.461016000000000076e+03
-2.487746000000000095e+03
-2.493315000000000055e+03
-2.478835999999999785e+03
-2.471411000000000058e+03
-2.468813000000000102e+03
-2.511505999999999858e+03
-2.453219999999999800e+03
-2.515219000000000051e+03
-2.488860000000000127e+03
-2.493686000000000149e+03
-2.506679999999999836e+03
-2.486260999999999967e+03
-2.516704000000000178e+03
-2.497769999999999982e+03
-2.501853999999999814e+03
-2.486632999999999811e+03
-2.521530000000000200e+03
-2.497398999999999887e+03
-2.504081000000000131e+03
-2.535266000000000076e+03
-2.480693000000000211e+03
-2.530440000000000055e+03
-2.518931000000000040e+03
-2.513362999999999829e+03
-2.511876999999999953e+03
-2.519673999999999978e+03
-2.514847000000000207e+03
-2.482920000000000073e+03
-2.525985000000000127e+03
-2.521159000000000106e+03
-2.538606999999999971e+03
-2.534152999999999793e+03
-2.528954999999999927e+03
-2.505938000000000102e+03
-2.538235999999999876e+03
-2.516333000000000084e+03
-2.539349999999999909e+03
-2.552344000000000051e+03
-2.512990999999999985e+03
-2.510764000000000124e+03
-2.551230000000000018e+03
-2.515219000000000051e+03
-2.541949000000000069e+03
-2.561253999999999905e+03
-2.515960999999999785e+03
-2.524871000000000095e+03
-2.530811000000000149e+03
-2.549744999999999891e+03
-2.524871000000000095e+03
-2.549744999999999891e+03
-2.536751000000000204e+03
-2.540092999999999847e+03
-2.551972000000000207e+03
-2.557913000000000011e+03
-2.546403999999999996e+03
-2.509650000000000091e+03
-2.535266000000000076e+03
-2.545661000000000058e+03
-2.574989999999999782e+03
-2.578331000000000131e+03
-2.547146000000000186e+03
-2.547518000000000029e+03
-2.579445000000000164e+03
-2.557170000000000073e+03
-2.572019999999999982e+03
-2.579445000000000164e+03
-2.521159000000000106e+03
-2.557170000000000073e+03
-2.549373999999999796e+03
-2.504452999999999975e+03
-2.553458000000000084e+03
-2.581300999999999931e+03
-2.552715000000000146e+03
-2.489603000000000065e+03
-2.432800999999999931e+03
-2.411639999999999873e+03
-2.443195999999999913e+03
-2.465842999999999847e+03
-2.457675000000000182e+03
-2.433914999999999964e+03
-2.442824999999999818e+03
-2.495914000000000215e+03
-2.436514000000000124e+03
-2.481434999999999945e+03
-2.450250000000000000e+03
-2.447650999999999840e+03
-2.481806000000000040e+03
-2.438740999999999985e+03
-2.449507999999999811e+03
-2.513362999999999829e+03
-2.468070000000000164e+03
-2.450621000000000095e+03
-2.484034000000000106e+03
-2.434286000000000058e+03
-2.453219999999999800e+03
-2.479949999999999818e+03
-2.427603999999999814e+03
-2.490344999999999800e+03
-2.454333999999999833e+03
-2.477722000000000207e+03
-2.468813000000000102e+03
-2.483663000000000011e+03
-2.485889999999999873e+03
-2.474751999999999953e+03
-2.498884000000000015e+03
-2.469925999999999931e+03
-2.462873000000000047e+03
-2.482548999999999978e+03
-2.497398999999999887e+03
-2.480320999999999913e+03
-2.498141000000000076e+03
-2.515590000000000146e+03
-2.491829999999999927e+03
-2.510021000000000186e+03
-2.468813000000000102e+03
-2.491458999999999833e+03
-2.498512000000000171e+03
-2.510021000000000186e+03
-2.474380999999999858e+03
-2.495170999999999822e+03
-2.483291000000000167e+03
-2.478465000000000146e+03
-2.499255000000000109e+03
-2.498884000000000015e+03
-2.491829999999999927e+03
-2.499255000000000109e+03
-2.436514000000000124e+03
-2.392335000000000036e+03
-2.377485000000000127e+03
-2.394190999999999804e+03
-2.370802000000000135e+03
-2.387137000000000171e+03
-2.378969999999999800e+03
-2.373771999999999935e+03
-2.360036000000000058e+03
-2.384166999999999916e+03
-2.397903999999999996e+03
-2.392335000000000036e+03
-2.386766000000000076e+03
-2.371545000000000073e+03
-2.395304999999999836e+03
-2.393077999999999975e+03
-2.368945999999999913e+03
-2.415353000000000065e+03
-2.394190999999999804e+03
-2.384166999999999916e+03
-2.404585999999999785e+03
-2.409041000000000167e+03
-2.378969999999999800e+03
-2.390106999999999971e+03
-2.410896999999999935e+03
-2.388251000000000204e+03
-2.390478999999999814e+03
-2.423891000000000076e+03
-2.369688999999999851e+03
-2.410155000000000200e+03
-2.412753999999999905e+03
