-2.041875000000000000e+02
-2.208937999999999988e+02
-2.093849999999999909e+02
-2.071574999999999989e+02
-2.108700000000000045e+02
-2.446536999999999864e+02
-2.528213000000000079e+02
-2.509650000000000034e+02
-2.739825000000000159e+02
-3.021974999999999909e+02
-2.721263000000000147e+02
-2.732400000000000091e+02
-3.292988000000000284e+02
-3.151913000000000125e+02
-3.311549999999999727e+02
-3.545437999999999761e+02
-3.292988000000000284e+02
-3.641963000000000079e+02
-3.664238000000000284e+02
-3.534300000000000068e+02
-3.872137000000000171e+02
-4.028061999999999898e+02
-4.046625000000000227e+02
-4.328774999999999977e+02
-4.239674999999999727e+02
-4.529250000000000114e+02
-4.584936999999999898e+02
-4.287937999999999761e+02
-4.492124999999999773e+02
-4.714875000000000114e+02
-4.755713000000000079e+02
-4.573799999999999955e+02
-4.737149999999999750e+02
-4.763138000000000147e+02
-4.726012999999999806e+02
-4.852237999999999829e+02
-5.316299999999999955e+02
-5.048999999999999773e+02
-5.271749999999999545e+02
-5.386838000000000193e+02
-5.316299999999999955e+02
-5.546475000000000364e+02
-5.561325000000000500e+02
-5.527912999999999784e+02
-5.535338000000000420e+02
-5.397975000000000136e+02
-5.423962000000000216e+02
-5.553899999999999864e+02
-5.431386999999999716e+02
-5.472224999999999682e+02
-4.982174999999999727e+02
-5.256900000000000546e+02
-4.982174999999999727e+02
-5.052712000000000216e+02
-4.982174999999999727e+02
-5.004449999999999932e+02
-4.789125000000000227e+02
-4.997024999999999864e+02
-4.930199999999999818e+02
-4.744574999999999818e+02
-4.499549999999999841e+02
-4.198838000000000079e+02
-4.132013000000000034e+02
-4.250812999999999988e+02
-4.384463000000000079e+02
-4.113450000000000273e+02
-4.243387000000000171e+02
-4.354762999999999806e+02
-4.328774999999999977e+02
-4.414162999999999784e+02
-4.462425000000000068e+02
-4.573799999999999955e+02
-4.603500000000000227e+02
-4.581225000000000023e+02
-4.551524999999999750e+02
-4.488412000000000148e+02
-4.648050000000000068e+02
-4.388174999999999955e+02
-4.718587999999999738e+02
-4.607212999999999852e+02
-4.540387999999999806e+02
-4.625774999999999864e+02
-4.714875000000000114e+02
-4.685174999999999841e+02
-4.807687999999999988e+02
-4.573799999999999955e+02
-4.514399999999999977e+02
-4.640625000000000000e+02
-4.796549999999999727e+02
-4.677749999999999773e+02
-4.700024999999999977e+02
-4.726012999999999806e+02
-4.781700000000000159e+02
-4.666612999999999829e+02
-4.952475000000000023e+02
-5.023013000000000261e+02
-4.766850000000000023e+02
-4.982174999999999727e+02
-5.104687999999999874e+02
-4.971037999999999784e+02
-5.011875000000000000e+02
-5.086125000000000114e+02
-5.000738000000000056e+02
-5.045287000000000148e+02
-5.115824999999999818e+02
-5.074986999999999853e+02
-5.178936999999999671e+02
-5.182649999999999864e+02
-5.230911999999999580e+02
-5.449950000000000045e+02
-5.346000000000000227e+02
-5.212350000000000136e+02
-5.461087999999999738e+02
-5.397975000000000136e+02
-5.583600000000000136e+02
-5.743237000000000307e+02
-5.594737999999999829e+02
-5.761799999999999500e+02
-5.698687999999999647e+02
-5.565037999999999556e+02
-5.795212000000000216e+02
-5.680125000000000455e+02
-5.605874999999999773e+02
-5.498211999999999762e+02
-5.739524999999999864e+02
-5.806349999999999909e+02
-6.095924999999999727e+02
-5.914012000000000171e+02
-5.810062000000000353e+02
-6.066224999999999454e+02
-6.006825000000000045e+02
-5.917725000000000364e+02
-6.003112999999999602e+02
-6.129338000000000193e+02
-6.029099999999999682e+02
-5.847187999999999874e+02
-6.229574999999999818e+02
-6.036525000000000318e+02
-5.717250000000000227e+02
-5.936287999999999556e+02
-6.121912999999999556e+02
-5.984550000000000409e+02
-5.914012000000000171e+02
-5.862037000000000262e+02
-5.914012000000000171e+02
-6.032812999999999874e+02
-5.854611999999999625e+02
-6.029099999999999682e+02
-5.936287999999999556e+02
-6.047662000000000262e+02
-5.947424999999999500e+02
-5.910299999999999727e+02
-5.876888000000000147e+02
-5.969700000000000273e+02
-6.032812999999999874e+02
-5.988261999999999716e+02
-6.203587999999999738e+02
-6.199874999999999545e+02
-6.051375000000000455e+02
-6.017962999999999738e+02
-6.237000000000000455e+02
-5.977124999999999773e+02
-6.110774999999999864e+02
-6.144188000000000329e+02
-6.110774999999999864e+02
-5.869461999999999762e+02
-5.943713000000000193e+02
-6.237000000000000455e+02
-6.173886999999999716e+02
-6.032812999999999874e+02
-6.196163000000000238e+02
-6.218437999999999874e+02
-5.947424999999999500e+02
-5.988261999999999716e+02
-5.824913000000000238e+02
-5.802636999999999716e+02
-5.784075000000000273e+02
-5.676412000000000262e+02
-5.628150000000000546e+02
-5.509349999999999454e+02
-5.409112999999999829e+02
-5.178936999999999671e+02
-5.297736999999999625e+02
-5.275462999999999738e+02
-5.401688000000000329e+02
-5.175225000000000364e+02
-5.420249999999999773e+02
-5.401688000000000329e+02
-5.401688000000000329e+02
-5.331150000000000091e+02
-5.461087999999999738e+02
-5.680125000000000455e+02
-5.587313000000000329e+02
-5.516775000000000091e+02
-5.427675000000000409e+02
-5.164088000000000420e+02
-4.974750000000000227e+02
-5.375700000000000500e+02
-5.316299999999999955e+02
-5.048999999999999773e+02
-5.149238000000000284e+02
-5.112112000000000194e+02
-5.353424999999999727e+02
-5.275462999999999738e+02
-5.256900000000000546e+02
-5.420249999999999773e+02
-5.275462999999999738e+02
-5.242050000000000409e+02
-5.171512000000000171e+02
-4.989599999999999795e+02
-5.015586999999999875e+02
-4.993312999999999988e+02
-4.911637999999999806e+02
-4.763138000000000147e+02
-4.848525000000000205e+02
-5.093550000000000182e+02
-4.755713000000000079e+02
-4.829961999999999875e+02
-4.900500000000000114e+02
-4.703736999999999853e+02
-4.332486999999999853e+02
-4.685174999999999841e+02
-4.351050000000000182e+02
-4.146861999999999853e+02
-3.883274999999999864e+02
-3.872137000000000171e+02
-3.831299999999999955e+02
-3.786750000000000114e+02
-3.708788000000000125e+02
-3.823874999999999886e+02
-3.809024999999999750e+02
-3.797887999999999806e+02
-3.942674999999999841e+02
-3.864712999999999852e+02
-3.634538000000000011e+02
-3.608550000000000182e+02
-3.805312999999999874e+02
-3.779325000000000045e+02
-3.575138000000000034e+02
-3.853575000000000159e+02
-3.846150000000000091e+02
-3.853575000000000159e+02
-4.042912999999999784e+02
-3.883274999999999864e+02
-3.586274999999999977e+02
-3.809024999999999750e+02
-3.983512999999999806e+02
-3.638249999999999886e+02
-3.797887999999999806e+02
-3.846150000000000091e+02
-3.719925000000000068e+02
-3.723636999999999944e+02
-3.653100000000000023e+02
-3.656811999999999898e+02
-3.768188000000000102e+02
-3.630824999999999818e+02
-3.567712000000000216e+02
-3.768188000000000102e+02
-3.835013000000000147e+02
-3.816449999999999818e+02
-3.827588000000000079e+02
-3.764474999999999909e+02
-3.812737000000000194e+02
-3.864712999999999852e+02
-4.035488000000000284e+02
-3.738487999999999829e+02
-3.920400000000000205e+02
-3.950099999999999909e+02
-3.608550000000000182e+02
-3.712500000000000000e+02
-3.731062999999999761e+02
-3.719925000000000068e+02
-3.705074999999999932e+02
-3.701363000000000056e+02
-3.686512000000000171e+02
-3.805312999999999874e+02
-3.653100000000000023e+02
-3.749624999999999773e+02
-3.775611999999999853e+02
-3.938962000000000216e+02
-3.719925000000000068e+02
-3.864712999999999852e+02
-3.820163000000000011e+02
-3.842436999999999898e+02
-3.957524999999999977e+02
-3.783036999999999921e+02
-3.890699999999999932e+02
-3.783036999999999921e+02
-3.864712999999999852e+02
-3.667950000000000159e+02
-4.013213000000000079e+02
-3.868424999999999727e+02
-3.708788000000000125e+02
-3.760763000000000034e+02
-3.909261999999999944e+02
-3.853575000000000159e+02
-3.838725000000000023e+02
-3.890699999999999932e+02
-3.983512999999999806e+02
-3.990937999999999874e+02
-3.957524999999999977e+02
-3.886988000000000056e+02
-3.920400000000000205e+02
-4.076324999999999932e+02
-3.983512999999999806e+02
-4.113450000000000273e+02
-3.964950000000000045e+02
-3.994649999999999750e+02
-4.072613000000000056e+02
-4.120874999999999773e+02
-3.879562999999999988e+02
-3.961236999999999853e+02
-3.972375000000000114e+02
-3.809024999999999750e+02
-3.968661999999999921e+02
-3.853575000000000159e+02
-3.916687999999999761e+02
-4.250812999999999988e+02
-4.139438000000000102e+02
-3.946388000000000034e+02
-4.143149999999999977e+02
-4.187699999999999818e+02
-4.005788000000000011e+02
-4.221113000000000284e+02
-4.172850000000000250e+02
-4.325063000000000102e+02
-4.187699999999999818e+02
-4.224825000000000159e+02
-4.232250000000000227e+02
-4.124587000000000216e+02
-4.158000000000000114e+02
-4.120874999999999773e+02
-4.209975000000000023e+02
-4.265663000000000125e+02
-3.964950000000000045e+02
-4.146861999999999853e+02
-4.299075000000000273e+02
-4.358475000000000250e+02
-4.206263000000000147e+02
-4.369612000000000194e+02
-4.195124999999999886e+02
-4.132013000000000034e+02
-4.198838000000000079e+02
-4.488412000000000148e+02
-4.232250000000000227e+02
-4.354762999999999806e+02
-4.339911999999999921e+02
-4.458711999999999875e+02
-4.328774999999999977e+02
-4.447574999999999932e+02
-4.284225000000000136e+02
-4.406738000000000284e+02
-4.280511999999999944e+02
-4.198838000000000079e+02
-4.380749999999999886e+02
-4.302787000000000148e+02
-4.313924999999999841e+02
-4.362187999999999874e+02
-4.336200000000000045e+02
-4.325063000000000102e+02
-4.440149999999999864e+02
-4.291650000000000205e+02
-4.180274999999999750e+02
-4.306499999999999773e+02
-4.354762999999999806e+02
-4.180274999999999750e+02
-4.250812999999999988e+02
-3.968661999999999921e+02
-4.002074999999999818e+02
-3.994649999999999750e+02
-3.924112999999999829e+02
-4.068899999999999864e+02
-3.987225000000000250e+02
-3.883274999999999864e+02
-3.742200000000000273e+02
-3.753337000000000216e+02
-3.964950000000000045e+02
-3.693937999999999988e+02
-3.846150000000000091e+02
-3.797887999999999806e+02
-3.727350000000000136e+02
-3.731062999999999761e+02
-3.868424999999999727e+02
-3.838725000000000023e+02
-3.660525000000000091e+02
-3.753337000000000216e+02
-3.861000000000000227e+02
-3.883274999999999864e+02
-3.857287999999999784e+02
-3.916687999999999761e+02
-3.938962000000000216e+02
-4.031775000000000091e+02
-3.931537000000000148e+02
-3.901836999999999875e+02
-3.846150000000000091e+02
-3.861000000000000227e+02
-3.835013000000000147e+02
-3.786750000000000114e+02
-3.835013000000000147e+02
-3.912975000000000136e+02
-3.931537000000000148e+02
-3.727350000000000136e+02
-4.106025000000000205e+02
-3.898125000000000000e+02
-3.972375000000000114e+02
-3.749624999999999773e+02
-4.028061999999999898e+02
-4.102312999999999761e+02
-3.883274999999999864e+02
-3.753337000000000216e+02
-3.872137000000000171e+02
-3.927825000000000273e+02
