-6.014249999999999829e+01
-9.689624999999999488e+01
-1.139737999999999971e+02
-8.204625000000000057e+01
-1.225125000000000028e+02
-1.176861999999999995e+02
-1.154586999999999932e+02
-1.451588000000000136e+02
-1.236263000000000005e+02
-6.199875000000000114e+01
-9.875249999999999773e+01
-1.384763000000000090e+02
-1.176861999999999995e+02
-7.053749999999999432e+01
-1.162012000000000000e+02
-1.199137000000000057e+02
-1.236263000000000005e+02
-1.147162000000000006e+02
-1.291949999999999932e+02
-1.340212999999999965e+02
-1.455300000000000011e+02
-1.176861999999999995e+02
-1.440449999999999875e+02
-1.555537999999999954e+02
-1.295663000000000125e+02
-1.681762999999999977e+02
-1.462725000000000080e+02
-1.588950000000000102e+02
-1.674336999999999875e+02
-1.670625000000000000e+02
-1.499850000000000136e+02
-1.681762999999999977e+02
-1.859961999999999875e+02
-1.637213000000000136e+02
-1.811699999999999875e+02
-1.841399999999999864e+02
-1.878524999999999920e+02
-1.518411999999999864e+02
-1.859961999999999875e+02
-1.518411999999999864e+02
-1.692899999999999920e+02
-1.904512000000000000e+02
-1.685475000000000136e+02
-1.819124999999999943e+02
-1.856250000000000000e+02
-1.759724999999999966e+02
-1.826550000000000011e+02
-1.819124999999999943e+02
-1.629787000000000035e+02
-1.949062999999999874e+02
-1.674336999999999875e+02
-1.711462999999999965e+02
-1.867387999999999977e+02
-1.425600000000000023e+02
-1.804275000000000091e+02
-1.900800000000000125e+02
-1.885949999999999989e+02
-1.997324999999999875e+02
-1.904512000000000000e+02
-2.130974999999999966e+02
-1.949062999999999874e+02
-2.012175000000000011e+02
-2.138400000000000034e+02
-1.993613000000000000e+02
-1.863675000000000068e+02
-1.930500000000000114e+02
-2.212649999999999864e+02
-1.837687999999999988e+02
-2.030737000000000023e+02
-2.071574999999999989e+02
-2.127263000000000090e+02
-2.030737000000000023e+02
-2.056725000000000136e+02
-1.874812000000000012e+02
-2.071574999999999989e+02
-1.982475000000000023e+02
-2.056725000000000136e+02
-2.242350000000000136e+02
-1.800562999999999931e+02
-2.286899999999999977e+02
-2.353725000000000023e+02
-2.238637999999999977e+02
-2.182949999999999875e+02
-2.145825000000000102e+02
-2.156963000000000079e+02
-2.357437999999999931e+02
-2.301750000000000114e+02
-2.253488000000000113e+02
-2.275762000000000000e+02
-2.301750000000000114e+02
-2.372288000000000068e+02
-2.394562999999999988e+02
-2.298037999999999954e+02
-2.142112999999999943e+02
-2.301750000000000114e+02
-2.465099999999999909e+02
-2.491086999999999989e+02
-2.305461999999999989e+02
-2.312888000000000090e+02
-2.446536999999999864e+02
-2.416836999999999875e+02
-2.550488000000000000e+02
-2.375999999999999943e+02
-2.160674999999999955e+02
-2.346299999999999955e+02
-2.710124999999999886e+02
-2.465099999999999909e+02
-2.498513000000000090e+02
-2.316599999999999966e+02
-2.647013000000000034e+02
-2.765812000000000239e+02
-2.394562999999999988e+02
-2.598750000000000000e+02
-2.739825000000000159e+02
-2.628450000000000273e+02
-2.647013000000000034e+02
-2.550488000000000000e+02
-2.706413000000000011e+02
-2.476237000000000137e+02
-2.576474999999999795e+02
-2.439113000000000113e+02
-2.658149999999999977e+02
-2.598750000000000000e+02
-2.520788000000000011e+02
-2.702699999999999818e+02
-2.914311999999999898e+02
-2.776949999999999932e+02
-2.539350000000000023e+02
-2.966288000000000125e+02
-2.895749999999999886e+02
-2.732400000000000091e+02
-2.736113000000000284e+02
-2.639587000000000216e+02
-2.606175000000000068e+02
-2.543062999999999931e+02
-2.561625000000000227e+02
-2.669286999999999921e+02
-2.776949999999999932e+02
-2.424262999999999977e+02
-2.505937999999999874e+02
-2.565337999999999852e+02
-2.595038000000000125e+02
-2.342588000000000079e+02
-2.431687000000000012e+02
-2.453962999999999965e+02
-2.502224999999999966e+02
-2.569049999999999727e+02
-2.457675000000000125e+02
-2.643299999999999841e+02
-2.613600000000000136e+02
-2.543062999999999931e+02
-2.513362999999999943e+02
-2.624737999999999829e+02
-2.754674999999999727e+02
-2.550488000000000000e+02
-2.587613000000000056e+02
-2.673000000000000114e+02
-2.580187000000000239e+02
-2.762099999999999795e+02
-2.468813000000000102e+02
-2.468813000000000102e+02
-2.609886999999999944e+02
-2.457675000000000125e+02
-2.491086999999999989e+02
-2.635874999999999773e+02
-2.554199999999999875e+02
-2.561625000000000227e+02
-2.765812000000000239e+02
-2.583899999999999864e+02
-2.654438000000000102e+02
-2.494799999999999898e+02
-2.635874999999999773e+02
-2.661861999999999853e+02
-2.843774999999999977e+02
-2.695274999999999750e+02
-2.576474999999999795e+02
-2.710124999999999886e+02
-2.754674999999999727e+02
-2.877187999999999874e+02
-2.628450000000000273e+02
-2.828924999999999841e+02
-2.673000000000000114e+02
-3.103650000000000091e+02
-2.862337999999999738e+02
-3.003412000000000148e+02
-2.880899999999999750e+02
-2.858625000000000114e+02
-2.710124999999999886e+02
-2.966288000000000125e+02
-3.010837000000000216e+02
-2.606175000000000068e+02
-2.843774999999999977e+02
-2.955149999999999864e+02
-2.702699999999999818e+02
-2.773238000000000056e+02
-2.992275000000000205e+02
-3.010837000000000216e+02
-2.754674999999999727e+02
-3.036825000000000045e+02
-2.854911999999999921e+02
-3.099936999999999898e+02
-2.932875000000000227e+02
-3.073949999999999818e+02
-3.029399999999999977e+02
-3.125924999999999727e+02
-2.992275000000000205e+02
-3.029399999999999977e+02
-3.029399999999999977e+02
-2.918025000000000091e+02
-3.111075000000000159e+02
-3.133349999999999795e+02
-2.851200000000000045e+02
-2.873475000000000250e+02
-3.111075000000000159e+02
-2.817787000000000148e+02
-2.981136999999999944e+02
-3.092513000000000147e+02
-3.033111999999999853e+02
-3.033111999999999853e+02
-3.129637000000000171e+02
-3.233587999999999738e+02
-3.174187999999999761e+02
-3.047962999999999738e+02
-3.189037000000000148e+02
-3.151913000000000125e+02
-3.125924999999999727e+02
-3.192749999999999773e+02
-3.081374999999999886e+02
-2.791800000000000068e+02
-2.940299999999999727e+02
-2.776949999999999932e+02
-2.825212000000000216e+02
-2.598750000000000000e+02
-2.698987000000000194e+02
-2.750962999999999852e+02
-2.427975000000000136e+02
-2.583899999999999864e+02
-2.669286999999999921e+02
-2.747250000000000227e+02
-2.602461999999999875e+02
-2.802937999999999761e+02
-2.546775000000000091e+02
-2.505937999999999874e+02
-2.780663000000000125e+02
-2.609886999999999944e+02
-2.442824999999999989e+02
-2.535637999999999863e+02
-2.647013000000000034e+02
-2.431687000000000012e+02
-2.468813000000000102e+02
-2.635874999999999773e+02
-2.453962999999999965e+02
-2.632162000000000148e+02
-2.531924999999999955e+02
-2.461387000000000000e+02
-2.472524999999999977e+02
-2.561625000000000227e+02
-2.528213000000000079e+02
-2.554199999999999875e+02
-2.502224999999999966e+02
-2.505937999999999874e+02
-2.554199999999999875e+02
-2.342588000000000079e+02
-2.517075000000000102e+02
-2.491086999999999989e+02
-2.658149999999999977e+02
-2.279474999999999909e+02
-2.524499999999999886e+02
-2.673000000000000114e+02
-2.513362999999999943e+02
-2.465099999999999909e+02
-2.517075000000000102e+02
-2.383425000000000011e+02
-2.479950000000000045e+02
-2.624737999999999829e+02
-2.394562999999999988e+02
-2.442824999999999989e+02
-2.387136999999999887e+02
-2.375999999999999943e+02
-2.505937999999999874e+02
-2.509650000000000034e+02
-2.624737999999999829e+02
-2.639587000000000216e+02
-2.431687000000000012e+02
-2.405699999999999932e+02
-2.569049999999999727e+02
-2.453962999999999965e+02
-2.465099999999999909e+02
-2.632162000000000148e+02
-2.613600000000000136e+02
-2.435399999999999920e+02
-2.561625000000000227e+02
-2.591324999999999932e+02
-2.583899999999999864e+02
-2.561625000000000227e+02
-2.717549999999999955e+02
-2.565337999999999852e+02
-2.442824999999999989e+02
-2.669286999999999921e+02
-2.487375000000000114e+02
-2.543062999999999931e+02
-2.576474999999999795e+02
-2.431687000000000012e+02
-2.390850000000000080e+02
-2.439113000000000113e+02
-2.509650000000000034e+02
-2.695274999999999750e+02
-2.609886999999999944e+02
-2.632162000000000148e+02
-2.483662999999999954e+02
-2.621025000000000205e+02
-2.591324999999999932e+02
-2.483662999999999954e+02
-2.606175000000000068e+02
-2.427975000000000136e+02
-2.127263000000000090e+02
-2.272050000000000125e+02
-2.387136999999999887e+02
-2.268337999999999965e+02
-2.450250000000000057e+02
-2.283188000000000102e+02
-2.160674999999999955e+02
-2.387136999999999887e+02
-2.309174999999999898e+02
-2.142112999999999943e+02
-2.268337999999999965e+02
-2.242350000000000136e+02
-2.238637999999999977e+02
-2.375999999999999943e+02
-2.401987000000000023e+02
-2.413125000000000000e+02
-2.171812999999999931e+02
-2.216362000000000023e+02
-2.301750000000000114e+02
-2.309174999999999898e+02
-2.227500000000000000e+02
-2.249774999999999920e+02
-2.223788000000000125e+02
-2.075286999999999864e+02
-2.045586999999999875e+02
-2.335163000000000011e+02
-2.238637999999999977e+02
-2.142112999999999943e+02
-2.286899999999999977e+02
-2.375999999999999943e+02
-2.208937999999999988e+02
-2.420550000000000068e+02
-2.375999999999999943e+02
-2.398274999999999864e+02
-2.457675000000000125e+02
-2.305461999999999989e+02
-2.249774999999999920e+02
-2.398274999999999864e+02
-2.197800000000000011e+02
-2.238637999999999977e+02
-2.331450000000000102e+02
-2.435399999999999920e+02
-2.331450000000000102e+02
-2.227500000000000000e+02
-2.038163000000000125e+02
-2.034449999999999932e+02
-2.357437999999999931e+02
-2.090137000000000000e+02
-2.275762000000000000e+02
-2.524499999999999886e+02
-2.134687999999999874e+02
-2.041875000000000000e+02
-2.476237000000000137e+02
-2.283188000000000102e+02
-2.242350000000000136e+02
-2.294325000000000045e+02
-2.190374999999999943e+02
-2.108700000000000045e+02
-2.171812999999999931e+02
-2.015886999999999887e+02
-2.186662000000000035e+02
-2.149538000000000011e+02
-2.279474999999999909e+02
-2.130974999999999966e+02
-2.220074999999999932e+02
-2.194088000000000136e+02
-2.216362000000000023e+02
-2.298037999999999954e+02
-2.227500000000000000e+02
-2.027024999999999864e+02
-2.390850000000000080e+02
-2.268337999999999965e+02
-2.130974999999999966e+02
-2.324025000000000034e+02
-2.446536999999999864e+02
-2.190374999999999943e+02
-2.268337999999999965e+02
-2.156963000000000079e+02
-2.194088000000000136e+02
-2.160674999999999955e+02
-2.082712999999999965e+02
-2.060437000000000012e+02
-2.227500000000000000e+02
-2.238637999999999977e+02
-2.264625000000000057e+02
-2.049300000000000068e+02
-2.283188000000000102e+02
-2.212649999999999864e+02
-2.216362000000000023e+02
-2.335163000000000011e+02
-2.130974999999999966e+02
-2.272050000000000125e+02
-2.301750000000000114e+02
-2.108700000000000045e+02
-2.160674999999999955e+02
-2.264625000000000057e+02
-2.119836999999999989e+02
