-1.641296000000000049e+03
-1.638698000000000093e+03
-1.644266000000000076e+03
-1.630901000000000067e+03
-1.724455999999999904e+03
-1.675451000000000022e+03
-1.688074000000000069e+03
-1.717773999999999887e+03
-1.706265000000000100e+03
-1.696613000000000056e+03
-1.734108999999999924e+03
-1.725941000000000031e+03
-1.709605999999999995e+03
-1.770863000000000056e+03
-1.746730999999999995e+03
-1.751185999999999922e+03
-1.826921000000000049e+03
-1.833974999999999909e+03
-1.777173999999999978e+03
-1.813926999999999907e+03
-1.816526000000000067e+03
-1.805388999999999896e+03
-1.833604000000000042e+03
-1.846226000000000113e+03
-1.845483999999999924e+03
-1.882238000000000056e+03
-1.892260999999999967e+03
-1.876669000000000096e+03
-1.897087999999999965e+03
-1.888176999999999907e+03
-1.916020999999999958e+03
-1.926045000000000073e+03
-1.933470000000000027e+03
-1.919363000000000056e+03
-1.948691000000000031e+03
-1.975791999999999916e+03
-1.920476000000000113e+03
-1.932728000000000065e+03
-2.010318999999999960e+03
-1.969109999999999900e+03
-1.978391000000000076e+03
-2.002151000000000067e+03
-2.004750000000000000e+03
-2.008090999999999894e+03
-2.012174999999999955e+03
-2.006978000000000065e+03
-2.063407000000000153e+03
-2.043730999999999995e+03
-2.036306000000000040e+03
-2.061922999999999774e+03
-2.088652999999999793e+03
-2.073431000000000040e+03
-2.069347000000000207e+03
-2.129119000000000142e+03
-2.132831000000000131e+03
-2.148795000000000073e+03
-2.136914999999999964e+03
-2.087166999999999916e+03
-2.117981000000000222e+03
-2.110927000000000135e+03
-2.090880000000000109e+03
-2.106472000000000207e+03
-2.132831000000000131e+03
-2.117239000000000033e+03
-2.133945000000000164e+03
-2.137286000000000058e+03
-2.133574000000000069e+03
-2.178494999999999891e+03
-2.168099999999999909e+03
-2.210422999999999774e+03
-2.200027999999999793e+03
-2.162159999999999854e+03
-2.197800000000000182e+03
-2.221559999999999945e+03
-2.205967999999999847e+03
-2.199284999999999854e+03
-2.223788000000000011e+03
-2.273905999999999949e+03
-2.227871000000000095e+03
-2.243463999999999942e+03
-2.312144999999999982e+03
-2.289498999999999796e+03
-2.266110000000000127e+03
-2.295809999999999945e+03
-2.269079999999999927e+03
-2.233068999999999960e+03
-2.267965999999999894e+03
-2.267965999999999894e+03
-2.260541000000000167e+03
-2.257570999999999913e+03
-2.262396999999999935e+03
-2.311402999999999793e+03
-2.289869999999999891e+03
-2.280217999999999847e+03
-2.304719999999999800e+03
-2.306947999999999865e+03
-2.291355000000000018e+03
-2.267594999999999800e+03
-2.303235000000000127e+03
-2.280217999999999847e+03
-2.276134000000000015e+03
-2.330708000000000084e+03
-2.314001000000000204e+03
-2.314001000000000204e+03
-2.375257999999999811e+03
-2.334420000000000073e+03
-2.334048999999999978e+03
-2.345186000000000149e+03
-2.353724999999999909e+03
-2.326994999999999891e+03
-2.346670999999999822e+03
-2.360778999999999996e+03
-2.354096000000000004e+03
-2.337760999999999967e+03
-2.371916000000000167e+03
-2.335163000000000011e+03
-2.347414000000000215e+03
-2.384166999999999916e+03
-2.330708000000000084e+03
-2.376742000000000189e+03
-2.382311000000000149e+03
-2.337389999999999873e+03
-2.407184999999999945e+03
-2.403844000000000051e+03
-2.407556000000000040e+03
-2.411268999999999778e+03
-2.401244999999999891e+03
-2.410525999999999840e+03
-2.396418999999999869e+03
-2.433914999999999964e+03
-2.412010999999999967e+03
-2.418322999999999865e+03
-2.480693000000000211e+03
-2.452849000000000160e+03
-2.435400000000000091e+03
-2.479949999999999818e+03
-2.489603000000000065e+03
-2.460273999999999887e+03
-2.511876999999999953e+03
-2.493315000000000055e+03
-2.456190000000000055e+03
-2.440597000000000207e+03
-2.447650999999999840e+03
-2.442824999999999818e+03
-2.461387000000000171e+03
-2.484034000000000106e+03
-2.475494999999999891e+03
-2.487003999999999905e+03
-2.499626000000000204e+03
-2.477722000000000207e+03
-2.473268000000000029e+03
-2.465842999999999847e+03
-2.485518999999999778e+03
-2.502967999999999847e+03
-2.476237999999999829e+03
-2.495914000000000215e+03
-2.523757999999999811e+03
-2.531554000000000087e+03
-2.504452999999999975e+03
-2.530811000000000149e+03
-2.530811000000000149e+03
-2.505938000000000102e+03
-2.522271999999999935e+03
-2.518559999999999945e+03
-2.508907000000000153e+03
-2.538606999999999971e+03
-2.542690999999999804e+03
-2.527840999999999894e+03
-2.498141000000000076e+03
-2.486632999999999811e+03
-2.510393000000000029e+03
-2.548260000000000218e+03
-2.518559999999999945e+03
-2.508536000000000058e+03
-2.537864999999999782e+03
-2.528583999999999833e+03
-2.543804999999999836e+03
-2.557913000000000011e+03
-2.497027999999999793e+03
-2.522643999999999778e+03
-2.500369000000000142e+03
-2.464728999999999814e+03
-2.460273999999999887e+03
-2.502224999999999909e+03
-2.492943999999999960e+03
-2.494429000000000087e+03
-2.499998000000000047e+03
-2.496655999999999949e+03
-2.499998000000000047e+03
-2.530068999999999960e+03
-2.515960999999999785e+03
-2.522643999999999778e+03
-2.552715000000000146e+03
-2.527840999999999894e+03
-2.533039000000000215e+03
-2.553085999999999785e+03
-2.545661000000000058e+03
-2.520416000000000167e+03
-2.545289999999999964e+03
-2.576474999999999909e+03
-2.538235999999999876e+03
-2.581672999999999774e+03
-2.577588999999999942e+03
-2.562739000000000033e+03
-2.580929999999999836e+03
-2.580929999999999836e+03
-2.553829000000000178e+03
-2.580559000000000196e+03
-2.587983999999999924e+03
-2.552715000000000146e+03
-2.593552000000000135e+03
-2.582414999999999964e+03
-2.559768999999999778e+03
-2.581300999999999931e+03
-2.591324999999999818e+03
-2.544918999999999869e+03
-2.587240999999999985e+03
-2.607659999999999854e+03
-2.579445000000000164e+03
-2.591324999999999818e+03
-2.625108999999999924e+03
-2.605061000000000149e+03
-2.611001000000000204e+03
-2.634760999999999967e+03
-2.609144999999999982e+03
-2.612485999999999876e+03
-2.622139000000000124e+03
-2.640329999999999927e+03
-2.603204999999999927e+03
-2.647012000000000171e+03
-2.650724999999999909e+03
-2.637360000000000127e+03
-2.668545000000000073e+03
-2.664090000000000146e+03
-2.648126000000000204e+03
-2.669659000000000106e+03
-2.657407000000000153e+03
-2.622880999999999858e+03
-2.652581000000000131e+03
-2.626594000000000051e+03
-2.634389999999999873e+03
-2.651838999999999942e+03
-2.651096000000000004e+03
-2.635503999999999905e+03
-2.654065999999999804e+03
-2.651838999999999942e+03
-2.659635000000000218e+03
-2.663347000000000207e+03
-2.665574999999999818e+03
-2.661119999999999891e+03
-2.648126000000000204e+03
-2.655179999999999836e+03
-2.647755000000000109e+03
-2.641443999999999960e+03
-2.635875000000000000e+03
-2.638474000000000160e+03
-2.645527999999999793e+03
-2.660005999999999858e+03
-2.652210000000000036e+03
-2.662605000000000018e+03
-2.665204000000000178e+03
-2.648498000000000047e+03
-2.677826000000000022e+03
-2.674856000000000222e+03
-2.654438000000000102e+03
-2.661862999999999829e+03
-2.666318000000000211e+03
-2.657407000000000153e+03
-2.666318000000000211e+03
-2.674485000000000127e+03
-2.679682999999999993e+03
-2.702699999999999818e+03
-2.692304999999999836e+03
-2.667059999999999945e+03
-2.682280999999999949e+03
-2.694161000000000058e+03
-2.691563000000000102e+03
-2.693047999999999774e+03
-2.716807999999999993e+03
-2.696760000000000218e+03
-2.693418999999999869e+03
-2.692675999999999931e+03
-2.679311000000000149e+03
-2.699730000000000018e+03
-2.703443000000000211e+03
-2.675599000000000160e+03
-2.648126000000000204e+03
-2.665204000000000178e+03
-2.644414000000000215e+03
-2.628079000000000178e+03
-2.670400999999999840e+03
-2.653324000000000069e+03
-2.660005999999999858e+03
-2.664833000000000084e+03
-2.628449999999999818e+03
-2.638474000000000160e+03
-2.598007999999999811e+03
-2.550487999999999829e+03
-2.587983999999999924e+03
-2.578331000000000131e+03
-2.532295999999999822e+03
-2.540092999999999847e+03
-2.544547999999999774e+03
-2.526728000000000065e+03
-2.556798999999999978e+03
-2.569791999999999916e+03
-2.536751000000000204e+03
-2.559025999999999840e+03
-2.580559000000000196e+03
-2.559768999999999778e+03
-2.561253999999999905e+03
-2.590954000000000178e+03
-2.551972000000000207e+03
-2.538235999999999876e+03
-2.548260000000000218e+03
-2.551972000000000207e+03
-2.539721000000000004e+03
-2.546403999999999996e+03
-2.527840999999999894e+03
-2.514476000000000113e+03
-2.548630999999999858e+03
-2.515590000000000146e+03
-2.512990999999999985e+03
-2.549001999999999953e+03
-2.518188999999999851e+03
-2.519302000000000135e+03
-2.537864999999999782e+03
-2.547146000000000186e+03
-2.527840999999999894e+03
-2.545661000000000058e+03
-2.539721000000000004e+03
-2.531925000000000182e+03
-2.558284000000000106e+03
-2.541206000000000131e+03
-2.517818000000000211e+03
-2.555684999999999945e+03
-2.556427000000000135e+03
-2.531554000000000087e+03
-2.560510999999999967e+03
-2.533039000000000215e+03
-2.521159000000000106e+03
-2.535637000000000171e+03
-2.558284000000000106e+03
-2.520788000000000011e+03
-2.553829000000000178e+03
-2.573876000000000204e+03
-2.576474999999999909e+03
-2.569791999999999916e+03
-2.595409000000000106e+03
-2.575731999999999971e+03
-2.566079999999999927e+03
-2.578331000000000131e+03
-2.580188000000000102e+03
-2.572019999999999982e+03
-2.579445000000000164e+03
-2.578331000000000131e+03
-2.588726000000000113e+03
-2.615456000000000131e+03
-2.592809999999999945e+03
-2.610630000000000109e+03
-2.609887000000000171e+03
-2.599121000000000095e+03
-2.620282000000000153e+03
-2.622510000000000218e+03
-2.628820999999999913e+03
-2.629563999999999851e+03
-2.637360000000000127e+03
-2.646269999999999982e+03
-2.640329999999999927e+03
-2.660376999999999953e+03
-2.660748999999999796e+03
-2.653324000000000069e+03
-2.659264000000000124e+03
-2.674485000000000127e+03
-2.672628999999999905e+03
-2.654438000000000102e+03
-2.681166999999999916e+03
-2.677454999999999927e+03
-2.697501999999999953e+03
-2.678197999999999865e+03
-2.688963999999999942e+03
-2.693047999999999774e+03
-2.672257999999999811e+03
-2.703813999999999851e+03
-2.704556000000000040e+03
-2.698244999999999891e+03
-2.707896999999999935e+03
-2.697873999999999796e+03
-2.688221000000000004e+03
-2.696018000000000029e+03
-2.690820000000000164e+03
-2.673742000000000189e+03
-2.674856000000000222e+03
-2.680425000000000182e+03
-2.672257999999999811e+03
-2.688221000000000004e+03
-2.690077999999999975e+03
-2.712353000000000065e+03
-2.700472000000000207e+03
-2.720148999999999887e+03
-2.699730000000000018e+03
-2.703813999999999851e+03
-2.716065000000000055e+03
-2.707155000000000200e+03
-2.703070999999999913e+03
-2.719405999999999949e+03
-2.684137000000000171e+03
-2.684137000000000171e+03
-2.717550000000000182e+03
-2.711239000000000033e+03
-2.710867000000000189e+03
-2.711239000000000033e+03
