-1.767150000000000034e+02
-1.403325000000000102e+02
-1.833975000000000080e+02
-2.112412999999999954e+02
-1.819124999999999943e+02
-2.104987000000000137e+02
-2.197800000000000011e+02
-2.049300000000000068e+02
-2.372288000000000068e+02
-2.554199999999999875e+02
-2.713838000000000079e+02
-3.148199999999999932e+02
-2.906888000000000147e+02
-2.572762000000000171e+02
-2.873475000000000250e+02
-2.936587999999999852e+02
-2.962574999999999932e+02
-2.758387000000000171e+02
-3.088799999999999955e+02
-3.010837000000000216e+02
-3.630824999999999818e+02
-3.467475000000000023e+02
-3.482325000000000159e+02
-3.586274999999999977e+02
-3.879562999999999988e+02
-3.597411999999999921e+02
-3.742200000000000273e+02
-3.909261999999999944e+02
-3.745912000000000148e+02
-4.028061999999999898e+02
-4.054049999999999727e+02
-4.280511999999999944e+02
-4.280511999999999944e+02
-4.276800000000000068e+02
-4.228537999999999784e+02
-4.306499999999999773e+02
-4.584936999999999898e+02
-4.729725000000000250e+02
-4.607212999999999852e+02
-4.685174999999999841e+02
-4.855950000000000273e+02
-4.191413000000000011e+02
-4.521825000000000045e+02
-4.492124999999999773e+02
-4.596075000000000159e+02
-4.770561999999999898e+02
-4.841100000000000136e+02
-4.893075000000000045e+02
-4.952475000000000023e+02
-5.074986999999999853e+02
-5.227200000000000273e+02
-4.959900000000000091e+02
-5.141812999999999647e+02
-5.048999999999999773e+02
-5.152949999999999591e+02
-4.885649999999999977e+02
-4.915350000000000250e+02
-5.082411999999999921e+02
-5.037862999999999829e+02
-5.268038000000000238e+02
-5.312586999999999762e+02
-5.108399999999999750e+02
-4.974750000000000227e+02
-5.286599999999999682e+02
-5.546475000000000364e+02
-5.379412999999999556e+02
-5.628150000000000546e+02
-5.702400000000000091e+02
-5.505638000000000147e+02
-5.769225000000000136e+02
-6.144188000000000329e+02
-5.917725000000000364e+02
-5.991974999999999909e+02
-6.014249999999999545e+02
-6.010538000000000238e+02
-5.936287999999999556e+02
-5.917725000000000364e+02
-6.051375000000000455e+02
-6.296399999999999864e+02
-5.854611999999999625e+02
-5.475937999999999874e+02
-5.583600000000000136e+02
-5.743237000000000307e+02
-5.668986999999999625e+02
-5.654138000000000375e+02
-5.906588000000000420e+02
-5.613300000000000409e+02
-5.524199999999999591e+02
-5.368274999999999864e+02
-5.219774999999999636e+02
-5.442525000000000546e+02
-5.446237999999999602e+02
-5.431386999999999716e+02
-5.305162000000000262e+02
-5.602161999999999580e+02
-5.457374999999999545e+02
-5.550186999999999671e+02
-5.513062999999999647e+02
-5.346000000000000227e+02
-5.553899999999999864e+02
-5.709824999999999591e+02
-5.676412000000000262e+02
-5.550186999999999671e+02
-5.598450000000000273e+02
-5.631862999999999602e+02
-5.591024999999999636e+02
-5.791499999999999773e+02
-5.483361999999999625e+02
-5.409112999999999829e+02
-5.498211999999999762e+02
-5.583600000000000136e+02
-5.275462999999999738e+02
-5.494500000000000455e+02
-5.442525000000000546e+02
-5.431386999999999716e+02
-5.279175000000000182e+02
-5.353424999999999727e+02
-5.442525000000000546e+02
-5.784075000000000273e+02
-5.576174999999999500e+02
-5.565037999999999556e+02
-5.568750000000000000e+02
-5.568750000000000000e+02
-5.583600000000000136e+02
-5.843474999999999682e+02
-5.769225000000000136e+02
-5.479650000000000318e+02
-5.546475000000000364e+02
-5.412825000000000273e+02
-5.650425000000000182e+02
-5.761799999999999500e+02
-5.668986999999999625e+02
-5.724674999999999727e+02
-5.598450000000000273e+02
-5.576174999999999500e+02
-5.282888000000000375e+02
-5.420249999999999773e+02
-5.568750000000000000e+02
-5.591024999999999636e+02
-5.598450000000000273e+02
-5.728387000000000171e+02
-5.642999999999999545e+02
-5.683836999999999762e+02
-5.579887999999999693e+02
-5.234624999999999773e+02
-5.331150000000000091e+02
-5.568750000000000000e+02
-5.338574999999999591e+02
-5.531625000000000227e+02
-5.539049999999999727e+02
-5.375700000000000500e+02
-5.516775000000000091e+02
-5.624437000000000353e+02
-5.501924999999999955e+02
-5.732100000000000364e+02
-5.501924999999999955e+02
-5.628150000000000546e+02
-5.869461999999999762e+02
-5.717250000000000227e+02
-5.732100000000000364e+02
-5.862037000000000262e+02
-6.006825000000000045e+02
-5.954850000000000136e+02
-6.025388000000000375e+02
-5.895449999999999591e+02
-5.962274999999999636e+02
-6.073650000000000091e+02
-6.077363000000000284e+02
-6.014249999999999545e+02
-6.151612999999999829e+02
-6.155325000000000273e+02
-6.066224999999999454e+02
-6.303825000000000500e+02
-6.381788000000000238e+02
-6.418912000000000262e+02
-6.274125000000000227e+02
-6.355800000000000409e+02
-6.285262000000000171e+02
-6.396638000000000375e+02
-6.329813000000000329e+02
-6.385499999999999545e+02
-6.541425000000000409e+02
-6.400349999999999682e+02
-6.218437999999999874e+02
-6.422625000000000455e+02
-6.619388000000000147e+02
-6.456037999999999784e+02
-6.329813000000000329e+02
-6.437474999999999454e+02
-6.808724999999999454e+02
-6.827287999999999784e+02
-6.444900000000000091e+02
-6.088500000000000227e+02
-5.706113000000000284e+02
-5.216063000000000329e+02
-5.093550000000000182e+02
-5.156662999999999784e+02
-5.045287000000000148e+02
-4.993312999999999988e+02
-4.878224999999999909e+02
-4.978462999999999852e+02
-4.967325000000000159e+02
-4.811399999999999864e+02
-4.792837999999999852e+02
-5.060138000000000034e+02
-4.726012999999999806e+02
-4.855950000000000273e+02
-4.792837999999999852e+02
-4.789125000000000227e+02
-4.755713000000000079e+02
-4.826250000000000000e+02
-4.766850000000000023e+02
-4.930199999999999818e+02
-4.930199999999999818e+02
-4.952475000000000023e+02
-4.997024999999999864e+02
-4.770561999999999898e+02
-4.770561999999999898e+02
-4.904212999999999738e+02
-5.019300000000000068e+02
-4.733437999999999874e+02
-4.640625000000000000e+02
-4.707450000000000045e+02
-4.603500000000000227e+02
-4.893075000000000045e+02
-4.614637000000000171e+02
-4.759424999999999955e+02
-4.770561999999999898e+02
-4.807687999999999988e+02
-4.644336999999999875e+02
-4.551524999999999750e+02
-4.726012999999999806e+02
-4.570088000000000079e+02
-4.685174999999999841e+02
-4.718587999999999738e+02
-4.785412999999999784e+02
-4.870799999999999841e+02
-4.785412999999999784e+02
-4.826250000000000000e+02
-4.967325000000000159e+02
-4.848525000000000205e+02
-4.841100000000000136e+02
-4.469850000000000136e+02
-4.484700000000000273e+02
-4.276800000000000068e+02
-4.495837000000000216e+02
-4.473562999999999761e+02
-4.336200000000000045e+02
-4.588650000000000091e+02
-4.380749999999999886e+02
-4.384463000000000079e+02
-4.384463000000000079e+02
-4.477275000000000205e+02
-4.558949999999999818e+02
-4.510688000000000102e+02
-4.365899999999999750e+02
-4.429012000000000171e+02
-4.466138000000000261e+02
-4.410450000000000159e+02
-4.325063000000000102e+02
-4.306499999999999773e+02
-4.380749999999999886e+02
-4.458711999999999875e+02
-4.458711999999999875e+02
-4.369612000000000194e+02
-4.477275000000000205e+02
-4.555237000000000194e+02
-4.466138000000000261e+02
-4.440149999999999864e+02
-4.495837000000000216e+02
-4.570088000000000079e+02
-4.447574999999999932e+02
-4.633199999999999932e+02
-4.607212999999999852e+02
-4.573799999999999955e+02
-4.551524999999999750e+02
-4.722300000000000182e+02
-4.473562999999999761e+02
-4.347337999999999738e+02
-4.358475000000000250e+02
-4.269375000000000000e+02
-4.343625000000000114e+02
-4.480987999999999829e+02
-4.154286999999999921e+02
-4.410450000000000159e+02
-4.414162999999999784e+02
-4.235962999999999852e+02
-4.325063000000000102e+02
-4.592363000000000284e+02
-4.399311999999999898e+02
-4.462425000000000068e+02
-4.492124999999999773e+02
-4.250812999999999988e+02
-4.573799999999999955e+02
-4.358475000000000250e+02
-4.347337999999999738e+02
-4.570088000000000079e+02
-4.573799999999999955e+02
-4.191413000000000011e+02
-4.521825000000000045e+02
-4.544100000000000250e+02
-4.440149999999999864e+02
-4.562663000000000011e+02
-4.659187999999999761e+02
-4.707450000000000045e+02
-4.659187999999999761e+02
-4.688888000000000034e+02
-4.540387999999999806e+02
-4.458711999999999875e+02
-4.573799999999999955e+02
-4.558949999999999818e+02
-4.659187999999999761e+02
-4.677749999999999773e+02
-4.800262000000000171e+02
-4.588650000000000091e+02
-4.837388000000000261e+02
-4.674037000000000148e+02
-4.796549999999999727e+02
-4.714875000000000114e+02
-4.685174999999999841e+02
-4.666612999999999829e+02
-4.792837999999999852e+02
-4.796549999999999727e+02
-4.800262000000000171e+02
-4.744574999999999818e+02
-4.510688000000000102e+02
-4.751999999999999886e+02
-4.915350000000000250e+02
-4.751999999999999886e+02
-4.607212999999999852e+02
-4.718587999999999738e+02
-4.855950000000000273e+02
-4.670325000000000273e+02
-4.822538000000000125e+02
-4.774275000000000091e+02
-4.826250000000000000e+02
-4.807687999999999988e+02
-4.796549999999999727e+02
-4.677749999999999773e+02
-4.792837999999999852e+02
-4.881938000000000102e+02
-4.826250000000000000e+02
-4.844812999999999761e+02
-4.792837999999999852e+02
-4.915350000000000250e+02
-4.900500000000000114e+02
-4.818824999999999932e+02
-4.685174999999999841e+02
-4.800262000000000171e+02
-4.855950000000000273e+02
-4.848525000000000205e+02
-4.926487000000000194e+02
-4.622062999999999988e+02
-4.707450000000000045e+02
-5.100975000000000250e+02
-4.685174999999999841e+02
-4.751999999999999886e+02
-4.777988000000000284e+02
-4.789125000000000227e+02
-4.781700000000000159e+02
-4.800262000000000171e+02
-4.874513000000000034e+02
-4.941338000000000079e+02
-4.833675000000000068e+02
-4.948763000000000147e+02
-4.885649999999999977e+02
-4.915350000000000250e+02
-4.815113000000000056e+02
-4.703736999999999853e+02
-4.870799999999999841e+02
-4.774275000000000091e+02
-4.919062999999999874e+02
-4.956186999999999898e+02
-4.919062999999999874e+02
-4.852237999999999829e+02
-5.100975000000000250e+02
-4.937624999999999886e+02
-4.870799999999999841e+02
-4.948763000000000147e+02
-5.089837999999999738e+02
-5.019300000000000068e+02
-4.974750000000000227e+02
-5.082411999999999921e+02
-4.911637999999999806e+02
-4.881938000000000102e+02
-5.008163000000000125e+02
-4.922774999999999750e+02
-4.971037999999999784e+02
-5.126961999999999762e+02
-5.011875000000000000e+02
-5.264325000000000045e+02
-5.193787999999999556e+02
-4.885649999999999977e+02
-5.041575000000000273e+02
-4.978462999999999852e+02
-5.041575000000000273e+02
-5.063849999999999909e+02
-5.048999999999999773e+02
-5.056424999999999841e+02
-5.134388000000000147e+02
-5.197500000000000000e+02
-4.982174999999999727e+02
-5.019300000000000068e+02
-5.100975000000000250e+02
-5.078700000000000045e+02
-5.026725000000000136e+02
-5.112112000000000194e+02
-5.097262999999999806e+02
-4.985887000000000171e+02
-5.063849999999999909e+02
-5.023013000000000261e+02
-5.130674999999999955e+02
