-4.213688000000000102e+03
-4.211831000000000131e+03
-4.259722999999999956e+03
-4.231878999999999905e+03
-4.240417000000000371e+03
-4.260094000000000051e+03
-4.246356999999999971e+03
-4.279770000000000437e+03
-4.248585000000000036e+03
-4.249698999999999614e+03
-4.314667000000000371e+03
-4.301673999999999978e+03
-4.259722999999999956e+03
-4.341025999999999840e+03
-4.313182999999999993e+03
-4.286453000000000429e+03
-4.305015000000000327e+03
-4.321350000000000364e+03
-4.271603000000000065e+03
-4.345109999999999673e+03
-4.354762999999999920e+03
-4.332859000000000378e+03
-4.312439999999999600e+03
-4.353277000000000044e+03
-4.320979000000000269e+03
-4.329889000000000124e+03
-4.368498999999999796e+03
-4.386319000000000415e+03
-4.324690999999999804e+03
-4.417503999999999905e+03
-4.405623999999999796e+03
-4.394856999999999971e+03
-4.414904999999999745e+03
-4.396342999999999847e+03
-4.385948000000000320e+03
-4.395970999999999549e+03
-4.438664999999999964e+03
-4.415275999999999840e+03
-4.419730999999999767e+03
-4.446832999999999629e+03
-4.470592999999999847e+03
-4.473934000000000196e+03
-4.433838999999999942e+03
-4.484328999999999724e+03
-4.481359000000000378e+03
-4.475418999999999869e+03
-4.453886000000000422e+03
-4.505489999999999782e+03
-4.466880000000000109e+03
-4.490269000000000233e+03
-4.502890999999999622e+03
-4.490640000000000327e+03
-4.491011000000000422e+03
-4.526279999999999745e+03
-4.502520000000000437e+03
-4.501034999999999854e+03
-4.547440999999999804e+03
-4.522567000000000007e+03
-4.534819000000000415e+03
-4.553381000000000313e+03
-4.602015000000000327e+03
-4.551154000000000451e+03
-4.560064000000000306e+03
-4.586051000000000386e+03
-4.549296999999999571e+03
-4.575284999999999854e+03
-4.541130000000000109e+03
-4.594590000000000146e+03
-4.562292000000000371e+03
-4.589393000000000029e+03
-4.565261000000000422e+03
-4.568974000000000160e+03
-4.573429000000000087e+03
-4.542614999999999782e+03
-4.584938000000000102e+03
-4.632086000000000240e+03
-4.603128999999999905e+03
-4.618720999999999549e+03
-4.642480999999999767e+03
-4.641368000000000393e+03
-4.623918999999999869e+03
-4.623546999999999571e+03
-4.655475000000000364e+03
-4.601644000000000233e+03
-4.670324999999999818e+03
-4.648792000000000371e+03
-4.637654999999999745e+03
-4.632086000000000240e+03
-4.611296000000000276e+03
-4.616493999999999687e+03
-4.631344000000000051e+03
-4.624661000000000058e+03
-4.628744999999999891e+03
-4.605355999999999767e+03
-4.634314000000000306e+03
-4.613895000000000437e+03
-4.632086000000000240e+03
-4.643966000000000349e+03
-4.622805000000000291e+03
-4.630972999999999956e+03
-4.640625000000000000e+03
-4.651390999999999622e+03
-4.638396999999999935e+03
-4.688887999999999920e+03
-4.669211000000000240e+03
-4.666240999999999985e+03
-4.676265000000000327e+03
-4.648421000000000276e+03
-4.686659999999999854e+03
-4.620206000000000131e+03
-4.659559000000000196e+03
-4.671439000000000306e+03
-4.668840000000000146e+03
-4.656960000000000036e+03
-4.691485999999999876e+03
-4.674779999999999745e+03
-4.665498999999999796e+03
-4.682204999999999927e+03
-4.672552999999999884e+03
-4.704109000000000378e+03
-4.696684000000000196e+03
-4.688145000000000437e+03
-4.681462000000000444e+03
-4.687774000000000342e+03
-4.706336000000000240e+03
-4.670324999999999818e+03
-4.679605999999999767e+03
-4.675894000000000233e+03
-4.688887999999999920e+03
-4.645451000000000022e+03
-4.710792000000000371e+03
-4.664014000000000124e+03
-4.710792000000000371e+03
-4.688515999999999622e+03
-4.692970999999999549e+03
-4.732323999999999614e+03
-4.678863999999999578e+03
-4.673667000000000371e+03
-4.693713999999999942e+03
-4.665869999999999891e+03
-4.661414999999999964e+03
-4.683689999999999600e+03
-4.664014000000000124e+03
-4.665127000000000407e+03
-4.694085000000000036e+03
-4.699283000000000357e+03
-4.684061999999999898e+03
-4.705222999999999956e+03
-4.693342999999999847e+03
-4.665869999999999891e+03
-4.657331000000000131e+03
-4.715988999999999578e+03
-4.662899999999999636e+03
-4.682204999999999927e+03
-4.701510000000000218e+03
-4.718216000000000349e+03
-4.705222999999999956e+03
-4.733438000000000102e+03
-4.725640999999999622e+03
-4.738635000000000218e+03
-4.738635000000000218e+03
-4.712646999999999935e+03
-4.718216000000000349e+03
-4.734551000000000386e+03
-4.747545000000000073e+03
-4.721929000000000087e+03
-4.722300000000000182e+03
-4.749400999999999840e+03
-4.731210000000000036e+03
-4.730838999999999942e+03
-4.735293999999999869e+03
-4.715618000000000393e+03
-4.730838999999999942e+03
-4.753484999999999673e+03
-4.676265000000000327e+03
-4.733438000000000102e+03
-4.739748999999999796e+03
-4.734921999999999571e+03
-4.762395000000000437e+03
-4.756454999999999927e+03
-4.753484999999999673e+03
-4.770563000000000102e+03
-4.799149000000000342e+03
-4.749029999999999745e+03
-4.775760000000000218e+03
-4.771305000000000291e+03
-4.764993999999999687e+03
-4.759425000000000182e+03
-4.770934000000000196e+03
-4.751256999999999607e+03
-4.777244999999999891e+03
-4.802118999999999687e+03
-4.762765999999999622e+03
-4.778729999999999563e+03
-4.756454999999999927e+03
-4.774645999999999731e+03
-4.768335000000000036e+03
-4.777615999999999985e+03
-4.776502000000000407e+03
-4.759796000000000276e+03
-4.788381999999999607e+03
-4.776502000000000407e+03
-4.804717999999999847e+03
-4.756826000000000022e+03
-4.775018000000000029e+03
-4.762024000000000342e+03
-4.805088999999999942e+03
-4.805831000000000131e+03
-4.780957999999999629e+03
-4.788753999999999905e+03
-4.801747999999999593e+03
-4.760909999999999854e+03
-4.777987000000000080e+03
-4.752743000000000393e+03
-4.774645999999999731e+03
-4.782814000000000306e+03
-4.806573999999999614e+03
-4.793579999999999927e+03
-4.828105999999999767e+03
-4.802860999999999876e+03
-4.788011000000000422e+03
-4.834046000000000276e+03
-4.801005000000000109e+03
-4.826250000000000000e+03
-4.829962000000000444e+03
-4.854836000000000240e+03
-4.826621000000000095e+03
-4.844440999999999804e+03
-4.836274000000000342e+03
-4.862261000000000422e+03
-4.845184000000000196e+03
-4.869686999999999898e+03
-4.841470999999999549e+03
-4.857805999999999585e+03
-4.906439999999999600e+03
-4.871913999999999760e+03
-4.906069000000000415e+03
-4.875997999999999593e+03
-4.896787999999999556e+03
-4.915720999999999549e+03
-4.899756999999999607e+03
-4.900128999999999905e+03
-4.929457999999999629e+03
-4.915350000000000364e+03
-4.884536000000000058e+03
-4.933542000000000371e+03
-4.909038999999999760e+03
-4.954703000000000429e+03
-4.940224000000000160e+03
-4.918690999999999804e+03
-4.918690999999999804e+03
-4.949505000000000109e+03
-4.964725999999999658e+03
-4.924631000000000313e+03
-4.987372999999999593e+03
-4.962498999999999796e+03
-4.961756000000000313e+03
-4.997024999999999636e+03
-5.018929000000000087e+03
-4.964354999999999563e+03
-4.982546000000000276e+03
-4.983659999999999854e+03
-4.978091000000000349e+03
-4.986630000000000109e+03
-5.004449999999999818e+03
-4.968067000000000007e+03
-4.982546000000000276e+03
-4.993313000000000102e+03
-4.982175000000000182e+03
-4.948020000000000437e+03
-4.985887999999999920e+03
-4.975121000000000095e+03
-4.945050000000000182e+03
-4.937625000000000000e+03
-4.971779999999999745e+03
-4.959158000000000357e+03
-4.958786000000000058e+03
-4.919805000000000291e+03
-4.949505000000000109e+03
-5.005192000000000007e+03
-4.942451000000000022e+03
-4.961385000000000218e+03
-4.980689999999999600e+03
-4.933170000000000073e+03
-4.958414999999999964e+03
-4.984402000000000044e+03
-4.978091000000000349e+03
-4.995911000000000058e+03
-5.004820999999999913e+03
-4.979948000000000320e+03
-5.008904999999999745e+03
-5.019300000000000182e+03
-5.001850999999999658e+03
-4.984774000000000342e+03
-4.979948000000000320e+03
-5.002594000000000051e+03
-4.979204999999999927e+03
-4.993313000000000102e+03
-5.004078999999999724e+03
-4.987743999999999687e+03
-5.020413999999999760e+03
-5.022270000000000437e+03
-5.007048999999999978e+03
-5.016329999999999927e+03
-5.051970000000000255e+03
-5.029323999999999614e+03
-5.050855999999999767e+03
-5.026354000000000269e+03
-5.075359000000000378e+03
-5.033036000000000058e+03
-5.045287999999999556e+03
-5.017073000000000320e+03
-5.061251000000000204e+03
-5.035264000000000124e+03
-5.017444000000000415e+03
-5.082042000000000371e+03
-5.054569000000000415e+03
-5.048628999999999905e+03
-5.057167000000000371e+03
-5.050113999999999578e+03
-5.053826000000000022e+03
-5.087609999999999673e+03
-5.089095000000000255e+03
-5.095777000000000044e+03
-5.089095000000000255e+03
-5.086125000000000000e+03
-5.099118999999999687e+03
-5.124734999999999673e+03
-5.105801000000000386e+03
-5.147381000000000313e+03
-5.165944000000000415e+03
-5.112854999999999563e+03
-5.145524999999999636e+03
-5.151465000000000146e+03
-5.149238000000000284e+03
-5.194529999999999745e+03
-5.149609000000000378e+03
-5.178194999999999709e+03
-5.155177999999999884e+03
-5.175595999999999549e+03
-5.202698000000000320e+03
-5.157404999999999745e+03
-5.196756999999999607e+03
-5.210493999999999687e+03
-5.235738999999999578e+03
-5.208637999999999920e+03
-5.237224000000000160e+03
-5.231654999999999745e+03
-5.234625000000000000e+03
-5.227199999999999818e+03
-5.204925000000000182e+03
-5.204925000000000182e+03
-5.195271999999999935e+03
-5.152207999999999629e+03
-5.099118999999999687e+03
-5.069789999999999964e+03
-5.082042000000000371e+03
-5.017814999999999600e+03
-5.053826000000000022e+03
-5.027838999999999942e+03
-5.028210000000000036e+03
-5.067934000000000196e+03
-5.062735999999999876e+03
-5.072389000000000124e+03
-5.059765999999999622e+03
-5.042689000000000306e+03
-5.018929000000000087e+03
-5.061251000000000204e+03
-5.069046999999999571e+03
-5.068305000000000291e+03
-5.063106999999999971e+03
-5.086868000000000393e+03
-5.048628999999999905e+03
-5.091323000000000320e+03
-5.081670000000000073e+03
-5.086496000000000095e+03
-5.087609999999999673e+03
-5.097262999999999920e+03
-5.051970000000000255e+03
-5.070161000000000058e+03
-5.113597999999999956e+03
-5.059024000000000342e+03
-5.061622999999999593e+03
-5.124734999999999673e+03
-5.066078000000000429e+03
-5.100975000000000364e+03
-5.092436999999999898e+03
-5.095777000000000044e+03
-5.103203000000000429e+03
-5.139213999999999942e+03
-5.110998999999999796e+03
-5.126591000000000349e+03
-5.107658000000000357e+03
-5.125849000000000160e+03
-5.098747999999999593e+03
-5.126962000000000444e+03
-5.093550000000000182e+03
-5.092807999999999993e+03
-5.119537999999999556e+03
-5.093550000000000182e+03
-5.115824999999999818e+03
-5.125849000000000160e+03
-5.145524999999999636e+03
-5.112484000000000378e+03
-5.132159999999999854e+03
-5.120650999999999840e+03
-5.113225999999999658e+03
-5.148494999999999891e+03
-5.109143000000000029e+03
-5.160003999999999905e+03
-5.122506999999999607e+03
-5.125849000000000160e+03
