-1.885578999999999951e+03
-1.908968000000000075e+03
-1.892260999999999967e+03
-1.930871000000000095e+03
-1.921961000000000013e+03
-1.962056000000000040e+03
-1.955744999999999891e+03
-1.980990000000000009e+03
-1.953888999999999896e+03
-1.963540999999999940e+03
-1.980990000000000009e+03
-1.995839999999999918e+03
-1.960570999999999913e+03
-1.996211000000000013e+03
-2.042246000000000095e+03
-2.009576000000000022e+03
-2.061550999999999931e+03
-2.048186000000000149e+03
-2.046701000000000022e+03
-2.075288000000000011e+03
-2.075288000000000011e+03
-2.080485000000000127e+03
-2.109070999999999913e+03
-2.092364999999999782e+03
-2.104244999999999891e+03
-2.135059000000000196e+03
-2.117610000000000127e+03
-2.116125000000000000e+03
-2.156590999999999894e+03
-2.182579000000000178e+03
-2.147681000000000040e+03
-2.204853999999999814e+03
-2.192603000000000065e+03
-2.176639000000000124e+03
-2.189632999999999811e+03
-2.208195000000000164e+03
-2.205224999999999909e+03
-2.223788000000000011e+03
-2.213764000000000124e+03
-2.212278999999999996e+03
-2.237894999999999982e+03
-2.234182999999999993e+03
-2.210793999999999869e+03
-2.263882999999999811e+03
-2.275019999999999982e+03
-2.251630999999999858e+03
-2.276876000000000204e+03
-2.306204999999999927e+03
-2.278731999999999971e+03
-2.292840000000000146e+03
-2.309916999999999916e+03
-2.294324999999999818e+03
-2.327365999999999985e+03
-2.301378999999999905e+03
-2.320684000000000196e+03
-2.324025000000000091e+03
-2.329965000000000146e+03
-2.326623999999999796e+03
-2.346670999999999822e+03
-2.333306000000000040e+03
-2.327365999999999985e+03
-2.388994000000000142e+03
-2.368574999999999818e+03
-2.340360000000000127e+03
-2.361521000000000186e+03
-2.394563000000000102e+03
-2.413867000000000189e+03
-2.416836999999999989e+03
-2.416094999999999800e+03
-2.407556000000000040e+03
-2.414610000000000127e+03
-2.448021999999999935e+03
-2.430574000000000069e+03
-2.423148999999999887e+03
-2.448764999999999873e+03
-2.449507999999999811e+03
-2.436514000000000124e+03
-2.496655999999999949e+03
-2.472896000000000186e+03
-2.461016000000000076e+03
-2.473268000000000029e+03
-2.460644999999999982e+03
-2.471411000000000058e+03
-2.526356000000000222e+03
-2.492943999999999960e+03
-2.486260999999999967e+03
-2.577588999999999942e+03
-2.537864999999999782e+03
-2.532295999999999822e+03
-2.563853000000000065e+03
-2.560510999999999967e+03
-2.541949000000000069e+03
-2.565708999999999833e+03
-2.593181000000000040e+03
-2.563853000000000065e+03
-2.597635999999999967e+03
-2.589469000000000051e+03
-2.567936000000000149e+03
-2.573876000000000204e+03
-2.598750000000000000e+03
-2.585755999999999858e+03
-2.608773999999999887e+03
-2.645898999999999887e+03
-2.602463000000000193e+03
-2.602833999999999833e+03
-2.653324000000000069e+03
-2.628820999999999913e+03
-2.640701000000000022e+03
-2.635875000000000000e+03
-2.641815000000000055e+03
-2.634389999999999873e+03
-2.629934999999999945e+03
-2.618797999999999774e+03
-2.635875000000000000e+03
-2.643670999999999822e+03
-2.651096000000000004e+03
-2.634389999999999873e+03
-2.660005999999999858e+03
-2.645155999999999949e+03
-2.635132999999999811e+03
-2.651096000000000004e+03
-2.653324000000000069e+03
-2.648126000000000204e+03
-2.673371000000000095e+03
-2.636989000000000033e+03
-2.652581000000000131e+03
-2.680054000000000087e+03
-2.651096000000000004e+03
-2.670030000000000200e+03
-2.694161000000000058e+03
-2.673371000000000095e+03
-2.688221000000000004e+03
-2.688221000000000004e+03
-2.678940000000000055e+03
-2.687849999999999909e+03
-2.693047999999999774e+03
-2.708639999999999873e+03
-2.704927000000000135e+03
-2.731657000000000153e+03
-2.740938999999999851e+03
-2.726460000000000036e+03
-2.743166000000000167e+03
-2.722376000000000204e+03
-2.744280000000000200e+03
-2.737597000000000207e+03
-2.745393999999999778e+03
-2.752076000000000022e+03
-2.740195999999999913e+03
-2.736483999999999924e+03
-2.750963000000000193e+03
-2.748735000000000127e+03
-2.708268999999999778e+03
-2.770268000000000029e+03
-2.746878999999999905e+03
-2.737597000000000207e+03
-2.768782000000000153e+03
-2.764699000000000069e+03
-2.768782000000000153e+03
-2.771010000000000218e+03
-2.785117000000000189e+03
-2.775835999999999785e+03
-2.793284999999999854e+03
-2.798853999999999814e+03
-2.774722000000000207e+03
-2.804793999999999869e+03
-2.826326000000000022e+03
-2.810733999999999924e+03
-2.791800000000000182e+03
-2.837835000000000036e+03
-2.826326000000000022e+03
-2.806278999999999996e+03
-2.851570999999999913e+03
-2.838577999999999975e+03
-2.817045000000000073e+03
-2.861594999999999800e+03
-2.851199999999999818e+03
-2.846373999999999796e+03
-2.877559000000000196e+03
-2.881271000000000186e+03
-2.887583000000000084e+03
-2.915054999999999836e+03
-2.899463000000000193e+03
-2.903175000000000182e+03
-2.902804000000000087e+03
-2.905773999999999887e+03
-2.894635999999999967e+03
-2.900204999999999927e+03
-2.916168999999999869e+03
-2.883126999999999953e+03
-2.922851000000000113e+03
-2.912085000000000036e+03
-2.886840000000000146e+03
-2.927306000000000040e+03
-2.932132999999999811e+03
-2.909114999999999782e+03
-2.950324000000000069e+03
-2.952550999999999931e+03
-2.913199000000000069e+03
-2.912456000000000131e+03
-2.889068000000000211e+03
-2.889809999999999945e+03
-2.891295000000000073e+03
-2.927306000000000040e+03
-2.887210999999999785e+03
-2.881271000000000186e+03
-2.903545999999999822e+03
-2.883126999999999953e+03
-2.907630000000000109e+03
-2.918025000000000091e+03
-2.881271000000000186e+03
-2.911713999999999942e+03
-2.908001000000000204e+03
-2.888695999999999913e+03
-2.897978000000000065e+03
-2.916168999999999869e+03
-2.910971000000000004e+03
-2.899833999999999833e+03
-2.891295000000000073e+03
-2.879786000000000058e+03
-2.877929999999999836e+03
-2.880528999999999996e+03
-2.864936000000000149e+03
-2.863079999999999927e+03
-2.889438999999999851e+03
-2.875331000000000131e+03
-2.878300999999999931e+03
-2.901690000000000055e+03
-2.892780000000000200e+03
-2.891666000000000167e+03
-2.912456000000000131e+03
-2.917653999999999996e+03
-2.907630000000000109e+03
-2.928791000000000167e+03
-2.934731000000000222e+03
-2.931760999999999967e+03
-2.945498000000000047e+03
-2.917653999999999996e+03
-2.916539999999999964e+03
-2.950324000000000069e+03
-2.949210000000000036e+03
-2.944755000000000109e+03
-2.960347000000000207e+03
-2.965545000000000073e+03
-2.986335000000000036e+03
-2.963688999999999851e+03
-2.970371000000000095e+03
-2.994130999999999858e+03
-3.000813999999999851e+03
-2.989304999999999836e+03
-2.958862999999999829e+03
-2.886840000000000146e+03
-2.856025999999999840e+03
-2.880528999999999996e+03
-2.879786000000000058e+03
-2.846001999999999953e+03
-2.864565000000000055e+03
-2.869019999999999982e+03
-2.854541000000000167e+03
-2.873103999999999814e+03
-2.882385000000000218e+03
-2.867534999999999854e+03
-2.892780000000000200e+03
-2.885726000000000113e+03
-2.866050000000000182e+03
-2.856025999999999840e+03
-2.892780000000000200e+03
-2.856768999999999778e+03
-2.864936000000000149e+03
-2.880528999999999996e+03
-2.870876000000000204e+03
-2.888324999999999818e+03
-2.893521999999999935e+03
-2.897235000000000127e+03
-2.884612999999999829e+03
-2.904659999999999854e+03
-2.893521999999999935e+03
-2.868648999999999887e+03
-2.908744000000000142e+03
-2.894635999999999967e+03
-2.879414999999999964e+03
-2.908001000000000204e+03
-2.901690000000000055e+03
-2.884240999999999985e+03
-2.899463000000000193e+03
-2.908744000000000142e+03
-2.883869999999999891e+03
-2.903916999999999916e+03
-2.926193000000000211e+03
-2.871248000000000047e+03
-2.856768999999999778e+03
-2.917653999999999996e+03
-2.880900000000000091e+03
-2.866420999999999822e+03
-2.917282000000000153e+03
-2.898349000000000160e+03
-2.872731999999999971e+03
-2.904659999999999854e+03
-2.900947999999999865e+03
-2.882755999999999858e+03
-2.893150999999999840e+03
-2.895750000000000000e+03
-2.897606000000000222e+03
-2.904659999999999854e+03
-2.895007999999999811e+03
-2.899833999999999833e+03
-2.919880999999999858e+03
-2.899463000000000193e+03
-2.901318999999999960e+03
-2.941041999999999916e+03
-2.909114999999999782e+03
-2.905402999999999793e+03
-2.913940999999999804e+03
-2.904289000000000215e+03
-2.892038000000000011e+03
-2.917282000000000153e+03
-2.918396000000000186e+03
-2.896492000000000189e+03
-2.918768000000000029e+03
-2.931760999999999967e+03
-2.910228999999999814e+03
-2.946239999999999782e+03
-2.915425999999999931e+03
-2.902432999999999993e+03
-2.903545999999999822e+03
-2.882385000000000218e+03
-2.872731999999999971e+03
-2.894635999999999967e+03
-2.903916999999999916e+03
-2.893521999999999935e+03
-2.898719999999999800e+03
-2.917282000000000153e+03
-2.904659999999999854e+03
-2.899090999999999894e+03
-2.898349000000000160e+03
-2.903545999999999822e+03
-2.919880999999999858e+03
-2.928791000000000167e+03
-2.918025000000000091e+03
-2.927306000000000040e+03
-2.936215999999999894e+03
-2.926934999999999945e+03
-2.926563999999999851e+03
-2.936588000000000193e+03
-2.927677000000000135e+03
-2.936588000000000193e+03
-2.945869000000000142e+03
-2.910971000000000004e+03
-2.925449999999999818e+03
-2.935474000000000160e+03
-2.927677000000000135e+03
-2.938072999999999865e+03
-2.964431000000000040e+03
-2.928420000000000073e+03
-2.951065999999999804e+03
-2.948838999999999942e+03
-2.939186000000000149e+03
-2.928048999999999978e+03
-2.958862999999999829e+03
-2.954407000000000153e+03
-2.941784999999999854e+03
-2.957005999999999858e+03
-2.940670999999999822e+03
-2.955521000000000186e+03
-2.948096000000000004e+03
-2.951438000000000102e+03
-2.975940000000000055e+03
-2.951438000000000102e+03
-2.939929000000000087e+03
-2.950695000000000164e+03
-2.969257999999999811e+03
-2.961833000000000084e+03
-2.956264000000000124e+03
-2.960719000000000051e+03
-2.974454999999999927e+03
-2.975940000000000055e+03
-2.972969999999999800e+03
-2.959976000000000113e+03
-2.959605000000000018e+03
-2.995244999999999891e+03
-2.949210000000000036e+03
-2.974826000000000022e+03
-3.010094999999999800e+03
-2.988563000000000102e+03
-2.965173999999999978e+03
-2.999699999999999818e+03
-2.963318000000000211e+03
-2.969257999999999811e+03
-3.008610000000000127e+03
-2.976682999999999993e+03
-2.982251000000000204e+03
-2.997101000000000113e+03
-2.980766000000000076e+03
-2.978166999999999916e+03
-2.995615999999999985e+03
-2.984849999999999909e+03
-2.967030000000000200e+03
-3.003784000000000106e+03
-2.990047999999999774e+03
-2.954778999999999996e+03
-3.001556000000000040e+03
-2.996358999999999924e+03
-2.978909999999999854e+03
-3.007125000000000000e+03
-2.991532000000000153e+03
-2.974454999999999927e+03
-3.003784000000000106e+03
-2.982994000000000142e+03
-2.972228000000000065e+03
-3.013065000000000055e+03
-3.002298999999999978e+03
-2.967030000000000200e+03
-2.989675999999999931e+03
