-8.501624999999999943e+01
-1.147162000000000006e+02
-1.136025000000000063e+02
-1.369912999999999954e+02
-1.548112000000000137e+02
-1.225125000000000028e+02
-1.310512999999999977e+02
-1.369912999999999954e+02
-1.477574999999999932e+02
-1.614937999999999931e+02
-1.585237999999999943e+02
-2.101274999999999977e+02
-2.145825000000000102e+02
-1.867387999999999977e+02
-2.004749999999999943e+02
-2.138400000000000034e+02
-2.104987000000000137e+02
-2.012175000000000011e+02
-1.975049999999999955e+02
-1.704036999999999864e+02
-1.975049999999999955e+02
-2.012175000000000011e+02
-2.027024999999999864e+02
-1.926787999999999954e+02
-2.049300000000000068e+02
-2.156963000000000079e+02
-2.390850000000000080e+02
-2.327737999999999943e+02
-2.491086999999999989e+02
-2.479950000000000045e+02
-2.253488000000000113e+02
-2.275762000000000000e+02
-2.498513000000000090e+02
-2.494799999999999898e+02
-2.513362999999999943e+02
-2.361150000000000091e+02
-2.587613000000000056e+02
-2.814075000000000273e+02
-2.710124999999999886e+02
-2.635874999999999773e+02
-2.613600000000000136e+02
-2.795511999999999944e+02
-3.010837000000000216e+02
-2.973711999999999875e+02
-3.073949999999999818e+02
-3.174187999999999761e+02
-3.315262000000000171e+02
-2.966288000000000125e+02
-3.163050000000000068e+02
-3.344961999999999875e+02
-2.724975000000000023e+02
-3.033111999999999853e+02
-2.940299999999999727e+02
-3.129637000000000171e+02
-3.270713000000000079e+02
-3.304125000000000227e+02
-3.207599999999999909e+02
-3.400649999999999977e+02
-3.189037000000000148e+02
-3.270713000000000079e+02
-3.497174999999999727e+02
-3.408075000000000045e+02
-3.519449999999999932e+02
-3.719925000000000068e+02
-3.404361999999999853e+02
-3.578849999999999909e+02
-3.686512000000000171e+02
-3.731062999999999761e+02
-3.545437999999999761e+02
-3.667950000000000159e+02
-3.641963000000000079e+02
-3.742200000000000273e+02
-3.712500000000000000e+02
-4.009499999999999886e+02
-3.864712999999999852e+02
-4.146861999999999853e+02
-4.250812999999999988e+02
-4.106025000000000205e+02
-4.146861999999999853e+02
-4.109737999999999829e+02
-4.094886999999999944e+02
-4.057762000000000171e+02
-4.336200000000000045e+02
-4.198838000000000079e+02
-4.250812999999999988e+02
-4.284225000000000136e+02
-4.302787000000000148e+02
-4.243387000000000171e+02
-4.440149999999999864e+02
-4.711161999999999921e+02
-4.681462000000000216e+02
-4.688888000000000034e+02
-4.711161999999999921e+02
-4.584936999999999898e+02
-4.841100000000000136e+02
-4.948763000000000147e+02
-4.874513000000000034e+02
-4.785412999999999784e+02
-5.008163000000000125e+02
-4.904212999999999738e+02
-5.145525000000000091e+02
-4.874513000000000034e+02
-4.822538000000000125e+02
-4.937624999999999886e+02
-5.056424999999999841e+02
-4.945049999999999955e+02
-4.692599999999999909e+02
-4.789125000000000227e+02
-4.748288000000000011e+02
-4.581225000000000023e+02
-4.640625000000000000e+02
-4.651763000000000261e+02
-4.733437999999999874e+02
-4.833675000000000068e+02
-4.963613000000000284e+02
-4.844812999999999761e+02
-4.829961999999999875e+02
-4.648050000000000068e+02
-4.674037000000000148e+02
-4.373324999999999818e+02
-4.614637000000000171e+02
-4.614637000000000171e+02
-4.625774999999999864e+02
-4.451288000000000125e+02
-4.696313000000000102e+02
-4.826250000000000000e+02
-4.525536999999999921e+02
-4.826250000000000000e+02
-4.480987999999999829e+02
-4.692599999999999909e+02
-4.841100000000000136e+02
-4.729725000000000250e+02
-4.726012999999999806e+02
-4.670325000000000273e+02
-4.636913000000000125e+02
-4.670325000000000273e+02
-4.726012999999999806e+02
-4.618349999999999795e+02
-4.870799999999999841e+02
-4.800262000000000171e+02
-4.826250000000000000e+02
-4.803974999999999795e+02
-4.896786999999999921e+02
-4.707450000000000045e+02
-4.959900000000000091e+02
-5.115824999999999818e+02
-4.989599999999999795e+02
-4.971037999999999784e+02
-5.271749999999999545e+02
-5.178936999999999671e+02
-5.186362000000000307e+02
-5.323724999999999454e+02
-5.152949999999999591e+02
-4.874513000000000034e+02
-5.216063000000000329e+02
-5.201213000000000193e+02
-5.108399999999999750e+02
-5.156662999999999784e+02
-5.268038000000000238e+02
-5.134388000000000147e+02
-5.100975000000000250e+02
-5.305162000000000262e+02
-5.383125000000000000e+02
-5.457374999999999545e+02
-5.223487999999999829e+02
-5.212350000000000136e+02
-5.594737999999999829e+02
-5.513062999999999647e+02
-5.412825000000000273e+02
-5.617011999999999716e+02
-5.665275000000000318e+02
-5.620724999999999909e+02
-5.843474999999999682e+02
-5.928862000000000307e+02
-5.891738000000000284e+02
-5.958563000000000329e+02
-5.965987999999999829e+02
-5.936287999999999556e+02
-5.954850000000000136e+02
-5.914012000000000171e+02
-5.954850000000000136e+02
-6.251849999999999454e+02
-6.322387999999999693e+02
-6.203587999999999738e+02
-6.233287000000000262e+02
-6.326100000000000136e+02
-6.203587999999999738e+02
-6.281549999999999727e+02
-6.196163000000000238e+02
-6.585974999999999682e+02
-6.578550000000000182e+02
-6.597111999999999625e+02
-5.895449999999999591e+02
-5.895449999999999591e+02
-5.702400000000000091e+02
-5.405399999999999636e+02
-5.520488000000000284e+02
-5.331150000000000091e+02
-5.305162000000000262e+02
-4.807687999999999988e+02
-4.833675000000000068e+02
-4.926487000000000194e+02
-4.982174999999999727e+02
-5.145525000000000091e+02
-5.030437999999999761e+02
-5.023013000000000261e+02
-4.926487000000000194e+02
-5.167799999999999727e+02
-4.926487000000000194e+02
-5.060138000000000034e+02
-4.893075000000000045e+02
-5.279175000000000182e+02
-5.297736999999999625e+02
-5.030437999999999761e+02
-5.201213000000000193e+02
-5.160375000000000227e+02
-4.907925000000000182e+02
-5.197500000000000000e+02
-5.249474999999999909e+02
-5.175225000000000364e+02
-5.097262999999999806e+02
-5.178936999999999671e+02
-5.119538000000000011e+02
-5.089837999999999738e+02
-5.178936999999999671e+02
-4.889361999999999853e+02
-5.082411999999999921e+02
-5.023013000000000261e+02
-5.082411999999999921e+02
-5.130674999999999955e+02
-5.119538000000000011e+02
-5.138099999999999454e+02
-5.193787999999999556e+02
-5.171512000000000171e+02
-5.208637999999999693e+02
-5.297736999999999625e+02
-5.305162000000000262e+02
-5.134388000000000147e+02
-5.260612999999999602e+02
-5.271749999999999545e+02
-5.230911999999999580e+02
-5.268038000000000238e+02
-5.234624999999999773e+02
-5.089837999999999738e+02
-5.097262999999999806e+02
-5.464800000000000182e+02
-5.245761999999999716e+02
-5.308875000000000455e+02
-5.238337000000000216e+02
-5.227200000000000273e+02
-5.386838000000000193e+02
-5.286599999999999682e+02
-5.316299999999999955e+02
-5.275462999999999738e+02
-5.501924999999999955e+02
-5.401688000000000329e+02
-5.286599999999999682e+02
-5.435099999999999909e+02
-5.401688000000000329e+02
-5.275462999999999738e+02
-5.371987000000000307e+02
-5.642999999999999545e+02
-5.420249999999999773e+02
-5.312586999999999762e+02
-5.435099999999999909e+02
-5.487074999999999818e+02
-5.527912999999999784e+02
-5.423962000000000216e+02
-5.501924999999999955e+02
-5.680125000000000455e+02
-5.594737999999999829e+02
-5.346000000000000227e+02
-5.680125000000000455e+02
-5.487074999999999818e+02
-5.438812000000000353e+02
-5.672699999999999818e+02
-5.565037999999999556e+02
-5.553899999999999864e+02
-5.639288000000000238e+02
-5.646712999999999738e+02
-5.438812000000000353e+02
-5.780362999999999829e+02
-5.787786999999999580e+02
-5.591024999999999636e+02
-5.527912999999999784e+02
-5.706113000000000284e+02
-5.717250000000000227e+02
-5.687549999999999955e+02
-5.635575000000000045e+02
-5.676412000000000262e+02
-5.888025000000000091e+02
-5.743237000000000307e+02
-5.568750000000000000e+02
-5.672699999999999818e+02
-5.527912999999999784e+02
-5.494500000000000455e+02
-5.754375000000000000e+02
-5.743237000000000307e+02
-5.646712999999999738e+02
-5.780362999999999829e+02
-5.895449999999999591e+02
-5.862037000000000262e+02
-5.914012000000000171e+02
-5.843474999999999682e+02
-5.839763000000000375e+02
-5.791499999999999773e+02
-5.928862000000000307e+02
-5.891738000000000284e+02
-5.932575000000000500e+02
-5.902875000000000227e+02
-5.583600000000000136e+02
-5.412825000000000273e+02
-5.698687999999999647e+02
-5.327437999999999647e+02
-5.561325000000000500e+02
-5.810062000000000353e+02
-5.472224999999999682e+02
-5.453663000000000238e+02
-5.527912999999999784e+02
-5.431386999999999716e+02
-5.650425000000000182e+02
-5.661562999999999874e+02
-5.379412999999999556e+02
-5.516775000000000091e+02
-5.479650000000000318e+02
-5.323724999999999454e+02
-5.550186999999999671e+02
-5.464800000000000182e+02
-5.279175000000000182e+02
-5.457374999999999545e+02
-5.524199999999999591e+02
-5.487074999999999818e+02
-5.583600000000000136e+02
-5.713537999999999784e+02
-5.542762000000000171e+02
-5.561325000000000500e+02
-5.494500000000000455e+02
-5.171512000000000171e+02
-5.635575000000000045e+02
-5.728387000000000171e+02
-5.416536999999999580e+02
-5.657849999999999682e+02
-5.624437000000000353e+02
-5.542762000000000171e+02
-5.539049999999999727e+02
-5.650425000000000182e+02
-5.546475000000000364e+02
-5.609587000000000216e+02
-5.416536999999999580e+02
-5.379412999999999556e+02
-5.576174999999999500e+02
-5.442525000000000546e+02
-5.472224999999999682e+02
-5.401688000000000329e+02
-5.479650000000000318e+02
-5.294025000000000318e+02
-5.331150000000000091e+02
-5.405399999999999636e+02
-5.509349999999999454e+02
-5.438812000000000353e+02
-5.646712999999999738e+02
-5.539049999999999727e+02
-5.605874999999999773e+02
-5.509349999999999454e+02
-5.609587000000000216e+02
-5.568750000000000000e+02
-5.665275000000000318e+02
-5.620724999999999909e+02
-5.676412000000000262e+02
-5.698687999999999647e+02
-5.724674999999999727e+02
-5.635575000000000045e+02
-5.639288000000000238e+02
-5.772938000000000329e+02
-5.602161999999999580e+02
-5.761799999999999500e+02
-5.509349999999999454e+02
-5.802636999999999716e+02
-5.724674999999999727e+02
-5.442525000000000546e+02
-5.520488000000000284e+02
-5.591024999999999636e+02
-5.579887999999999693e+02
-5.594737999999999829e+02
-5.620724999999999909e+02
-5.468513000000000375e+02
-5.642999999999999545e+02
-5.509349999999999454e+02
-5.605874999999999773e+02
-5.602161999999999580e+02
-5.665275000000000318e+02
-5.680125000000000455e+02
-5.642999999999999545e+02
-5.550186999999999671e+02
-5.665275000000000318e+02
-5.665275000000000318e+02
-5.680125000000000455e+02
-5.423962000000000216e+02
-5.591024999999999636e+02
-5.713537999999999784e+02
-5.605874999999999773e+02
-5.524199999999999591e+02
-5.624437000000000353e+02
-5.605874999999999773e+02
-5.694974999999999454e+02
-5.594737999999999829e+02
-5.594737999999999829e+02
-5.709824999999999591e+02
-5.650425000000000182e+02
-5.568750000000000000e+02
-5.925149999999999864e+02
-5.765512999999999693e+02
