-2.665204000000000178e+03
-2.650353999999999814e+03
-2.683766000000000076e+03
-2.681539000000000215e+03
-2.724974999999999909e+03
-2.717920999999999822e+03
-2.720891000000000076e+03
-2.747992000000000189e+03
-2.753561000000000149e+03
-2.721634000000000015e+03
-2.747992000000000189e+03
-2.798853999999999814e+03
-2.751333999999999833e+03
-2.823728000000000065e+03
-2.825954999999999927e+03
-2.762842999999999847e+03
-2.823356000000000222e+03
-2.788088000000000193e+03
-2.799596000000000004e+03
-2.805536000000000058e+03
-2.846373999999999796e+03
-2.846744999999999891e+03
-2.847858999999999924e+03
-2.868648999999999887e+03
-2.829295999999999822e+03
-2.860481000000000222e+03
-2.867905999999999949e+03
-2.883869999999999891e+03
-2.860853000000000065e+03
-2.876445000000000164e+03
-2.914313000000000102e+03
-2.944755000000000109e+03
-2.923594000000000051e+03
-2.926563999999999851e+03
-2.925079000000000178e+03
-2.922480000000000018e+03
-2.956264000000000124e+03
-2.932132999999999811e+03
-2.929905000000000200e+03
-2.948467999999999847e+03
-2.986335000000000036e+03
-3.019376000000000204e+03
-3.003413000000000011e+03
-2.970742000000000189e+03
-2.986335000000000036e+03
-2.999329000000000178e+03
-2.948096000000000004e+03
-3.049076000000000022e+03
-3.015291999999999916e+03
-3.031998999999999796e+03
-3.067639000000000124e+03
-3.017148999999999887e+03
-3.031255999999999858e+03
-3.065782000000000153e+03
-3.066153999999999996e+03
-2.988190999999999804e+03
-3.030143000000000029e+03
-3.005639999999999873e+03
-3.026429999999999836e+03
-3.055759000000000015e+03
-3.051675000000000182e+03
-3.020119000000000142e+03
-3.026800999999999931e+03
-3.095110999999999876e+03
-3.054644999999999982e+03
-3.075434999999999945e+03
-3.073208000000000084e+03
-3.043135999999999967e+03
-3.111445999999999913e+03
-3.099938000000000102e+03
-3.050932999999999993e+03
-3.086943999999999960e+03
-3.078775999999999840e+03
-3.091398999999999887e+03
-3.122583999999999833e+03
-3.113673999999999978e+03
-3.125182999999999993e+03
-3.112931000000000040e+03
-3.123697999999999865e+03
-3.112188999999999851e+03
-3.153396999999999935e+03
-3.147458000000000084e+03
-3.173445000000000164e+03
-3.195719999999999800e+03
-3.168619000000000142e+03
-3.145972000000000207e+03
-3.153396999999999935e+03
-3.179385000000000218e+03
-3.172702999999999975e+03
-3.178643000000000029e+03
-3.186809999999999945e+03
-3.181240999999999985e+03
-3.205373000000000047e+03
-3.186068000000000211e+03
-3.207971000000000004e+03
-3.164905999999999949e+03
-3.203144999999999982e+03
-3.212425999999999931e+03
-3.212797999999999774e+03
-3.244724999999999909e+03
-3.257347000000000207e+03
-3.202402999999999793e+03
-3.232844999999999800e+03
-3.220594000000000051e+03
-3.209085000000000036e+03
-3.241755000000000109e+03
-3.224306000000000040e+03
-3.233588000000000193e+03
-3.242869000000000142e+03
-3.230617000000000189e+03
-3.245467999999999847e+03
-3.267000000000000000e+03
-3.274425000000000182e+03
-3.253635000000000218e+03
-3.283335000000000036e+03
-3.286304999999999836e+03
-3.287418999999999869e+03
-3.313034999999999854e+03
-3.281478999999999814e+03
-3.304867000000000189e+03
-3.315262000000000171e+03
-3.333083000000000084e+03
-3.330112999999999829e+03
-3.392481999999999971e+03
-3.376889999999999873e+03
-3.354244000000000142e+03
-3.357585000000000036e+03
-3.384315000000000055e+03
-3.348675000000000182e+03
-3.351644999999999982e+03
-3.385429000000000087e+03
-3.365010000000000218e+03
-3.414014999999999873e+03
-3.393967999999999847e+03
-3.403990999999999985e+03
-3.410302000000000135e+03
-3.398793999999999869e+03
-3.419583999999999833e+03
-3.372063999999999851e+03
-3.437032000000000153e+03
-3.403990999999999985e+03
-3.403990999999999985e+03
-3.411788000000000011e+03
-3.382829999999999927e+03
-3.415500000000000000e+03
-3.408445999999999913e+03
-3.415128999999999905e+03
-3.426637000000000171e+03
-3.433690999999999804e+03
-3.399164999999999964e+03
-3.409559999999999945e+03
-3.446684999999999945e+03
-3.374291000000000167e+03
-3.403990999999999985e+03
-3.457822999999999865e+03
-3.400650000000000091e+03
-3.401021000000000186e+03
-3.450025999999999840e+03
-3.389141000000000076e+03
-3.398422999999999774e+03
-3.393224999999999909e+03
-3.426266000000000076e+03
-3.381715999999999894e+03
-3.394710000000000036e+03
-3.390255000000000109e+03
-3.387655999999999949e+03
-3.441858999999999924e+03
-3.396565999999999804e+03
-3.389512000000000171e+03
-3.389141000000000076e+03
-3.359440999999999804e+03
-3.301525999999999840e+03
-3.302268999999999778e+03
-3.293730000000000018e+03
-3.292244999999999891e+03
-3.305981000000000222e+03
-3.295585999999999785e+03
-3.335681000000000040e+03
-3.338650999999999840e+03
-3.309693999999999960e+03
-3.320460000000000036e+03
-3.316376000000000204e+03
-3.297813999999999851e+03
-3.305610000000000127e+03
-3.319346000000000004e+03
-3.311179000000000087e+03
-3.294472000000000207e+03
-3.319717999999999847e+03
-3.325286000000000058e+03
-3.266628999999999905e+03
-3.329369999999999891e+03
-3.296329000000000178e+03
-3.282221000000000004e+03
-3.296699999999999818e+03
-3.287789999999999964e+03
-3.260318000000000211e+03
-3.295958000000000084e+03
-3.305239000000000033e+03
-3.259945999999999913e+03
-3.318231999999999971e+03
-3.284077999999999975e+03
-3.256605000000000018e+03
-3.315634000000000015e+03
-3.268114000000000033e+03
-3.288532000000000153e+03
-3.271826000000000022e+03
-3.313034999999999854e+03
-3.272568999999999960e+03
-3.281849999999999909e+03
-3.305239000000000033e+03
-3.291873999999999796e+03
-3.315634000000000015e+03
-3.298556000000000040e+03
-3.277023999999999887e+03
-3.302268999999999778e+03
-3.317119000000000142e+03
-3.310807999999999993e+03
-3.325286000000000058e+03
-3.362411000000000058e+03
-3.311920999999999822e+03
-3.353873000000000047e+03
-3.333454000000000178e+03
-3.348304000000000087e+03
-3.323429999999999836e+03
-3.373177000000000135e+03
-3.375775999999999840e+03
-3.385057999999999993e+03
-3.376518999999999778e+03
-3.366123999999999796e+03
-3.367608999999999924e+03
-3.383943999999999960e+03
-3.375034000000000106e+03
-3.368351000000000113e+03
-3.429606999999999971e+03
-3.398050999999999931e+03
-3.410673999999999978e+03
-3.396195000000000164e+03
-3.291130999999999858e+03
-3.313777999999999793e+03
-3.334195999999999913e+03
-3.333824999999999818e+03
-3.326400000000000091e+03
-3.404733999999999924e+03
-3.322315999999999804e+03
-3.351644999999999982e+03
-3.380231000000000222e+03
-3.357956000000000131e+03
-3.345333999999999833e+03
-3.403619999999999891e+03
-3.356099999999999909e+03
-3.328626999999999953e+03
-3.402876999999999953e+03
-3.351273999999999887e+03
-3.354244000000000142e+03
-3.385057999999999993e+03
-3.353873000000000047e+03
-3.330855000000000018e+03
-3.336423999999999978e+03
-3.329369999999999891e+03
-3.344963000000000193e+03
-3.337909000000000106e+03
-3.291501999999999953e+03
-3.343106000000000222e+03
-3.321945000000000164e+03
-3.308579999999999927e+03
-3.312664000000000215e+03
-3.346447999999999865e+03
-3.347561000000000149e+03
-3.333824999999999818e+03
-3.354244000000000142e+03
-3.334195999999999913e+03
-3.331969000000000051e+03
-3.359070000000000164e+03
-3.359813000000000102e+03
-3.328998999999999796e+03
-3.378375000000000000e+03
-3.385429000000000087e+03
-3.308208999999999833e+03
-3.385429000000000087e+03
-3.379117000000000189e+03
-3.359813000000000102e+03
-3.390255000000000109e+03
-3.398050999999999931e+03
-3.367608999999999924e+03
-3.369835999999999785e+03
-3.399164999999999964e+03
-3.403990999999999985e+03
-3.414014999999999873e+03
-3.420326000000000022e+03
-3.422554000000000087e+03
-3.415500000000000000e+03
-3.454110000000000127e+03
-3.440744999999999891e+03
-3.455965999999999894e+03
-3.456338000000000193e+03
-3.446684999999999945e+03
-3.471929999999999836e+03
-3.479726000000000113e+03
-3.444085999999999785e+03
-3.487521999999999935e+03
-3.474157000000000153e+03
-3.451510999999999967e+03
-3.513139000000000124e+03
-3.500144999999999982e+03
-3.461905999999999949e+03
-3.498289000000000215e+03
-3.485666000000000167e+03
-3.454853000000000065e+03
-3.445199999999999818e+03
-3.451510999999999967e+03
-3.442601000000000113e+03
-3.411045000000000073e+03
-3.427751000000000204e+03
-3.414385999999999967e+03
-3.423666999999999916e+03
-3.452625000000000000e+03
-3.437403999999999996e+03
-3.448913000000000011e+03
-3.440744999999999891e+03
-3.465989999999999782e+03
-3.450025999999999840e+03
-3.486038000000000011e+03
-3.469331000000000131e+03
-3.453367000000000189e+03
-3.480840000000000146e+03
-3.525760999999999967e+03
-3.464876000000000204e+03
-3.514251999999999953e+03
-3.505713999999999942e+03
-3.502001000000000204e+03
-3.513880999999999858e+03
-3.460050000000000182e+03
-3.478612999999999829e+03
-3.500887000000000171e+03
-3.481954000000000178e+03
-3.455965999999999894e+03
-3.513510000000000218e+03
-3.469702999999999975e+03
-3.472300999999999931e+03
-3.501630000000000109e+03
-3.510911000000000058e+03
-3.481954000000000178e+03
-3.514251999999999953e+03
-3.523534000000000106e+03
-3.473043999999999869e+03
-3.553976000000000113e+03
-3.539498000000000047e+03
-3.511653999999999996e+03
-3.532815000000000055e+03
-3.548778999999999996e+03
-3.516480000000000018e+03
-3.521306000000000040e+03
-3.538012000000000171e+03
-3.517965000000000146e+03
-3.572166999999999916e+03
-3.568454999999999927e+03
-3.551376999999999953e+03
-3.533557999999999993e+03
-3.541724999999999909e+03
-3.565114000000000033e+03
-3.570682999999999993e+03
-3.585903999999999996e+03
-3.574023999999999887e+03
-3.635650999999999840e+03
-3.572539000000000215e+03
-3.578106999999999971e+03
-3.599639999999999873e+03
-3.566969999999999800e+03
-3.598525999999999840e+03
-3.570311000000000149e+03
-3.618202999999999975e+03
-3.578106999999999971e+03
-3.607436000000000149e+03
-3.590358999999999924e+03
-3.584418999999999869e+03
-3.598896999999999935e+03
-3.632309999999999945e+03
-3.565856000000000222e+03
-3.609664000000000215e+03
-3.631938999999999851e+03
-3.612634000000000015e+03
-3.593699999999999818e+03
-3.643447999999999865e+03
-3.602239000000000033e+03
-3.649759000000000015e+03
-3.643447999999999865e+03
-3.645675000000000182e+03
-3.646045999999999822e+03
-3.668693000000000211e+03
-3.675375000000000000e+03
-3.622657000000000153e+03
-3.688369000000000142e+03
-3.630824999999999818e+03
-3.673518999999999778e+03
-3.673146999999999935e+03
-3.657184000000000196e+03
-3.632681000000000040e+03
-3.692452999999999975e+03
-3.649759000000000015e+03
-3.662010000000000218e+03
-3.685398999999999887e+03
-3.666094000000000051e+03
-3.693938000000000102e+03
-3.698393000000000029e+03
-3.684655999999999949e+03
-3.687255000000000109e+03
-3.708788000000000011e+03
-3.710271999999999935e+03
-3.717697999999999865e+03
-3.738487999999999829e+03
-3.721039000000000215e+03
-3.687255000000000109e+03
