-7.870499999999999829e+01
-1.150875000000000057e+02
-1.187999999999999972e+02
-1.176861999999999995e+02
-1.514699999999999989e+02
-1.696613000000000113e+02
-1.874812000000000012e+02
-1.655774999999999864e+02
-1.826550000000000011e+02
-1.986187999999999931e+02
-1.774575000000000102e+02
-2.071574999999999989e+02
-2.079000000000000057e+02
-2.617312999999999761e+02
-2.565337999999999852e+02
-2.520788000000000011e+02
-2.758387000000000171e+02
-2.743537999999999784e+02
-2.721263000000000147e+02
-2.635874999999999773e+02
-2.791800000000000068e+02
-2.936587999999999852e+02
-2.970000000000000000e+02
-3.103650000000000091e+02
-3.099936999999999898e+02
-3.326399999999999864e+02
-3.226161999999999921e+02
-3.541725000000000136e+02
-3.593700000000000045e+02
-3.771899999999999977e+02
-3.764474999999999909e+02
-3.656811999999999898e+02
-4.228537999999999784e+02
-3.957524999999999977e+02
-4.284225000000000136e+02
-4.521825000000000045e+02
-3.968661999999999921e+02
-3.979800000000000182e+02
-3.972375000000000114e+02
-4.139438000000000102e+02
-4.113450000000000273e+02
-4.002074999999999818e+02
-3.935249999999999773e+02
-4.009499999999999886e+02
-3.968661999999999921e+02
-4.013213000000000079e+02
-4.083750000000000000e+02
-4.183987000000000194e+02
-4.243387000000000171e+02
-4.180274999999999750e+02
-4.224825000000000159e+02
-4.224825000000000159e+02
-4.232250000000000227e+02
-4.614637000000000171e+02
-4.603500000000000227e+02
-4.696313000000000102e+02
-4.907925000000000182e+02
-4.707450000000000045e+02
-4.807687999999999988e+02
-5.019300000000000068e+02
-4.729725000000000250e+02
-5.078700000000000045e+02
-5.472224999999999682e+02
-5.011875000000000000e+02
-5.175225000000000364e+02
-5.397975000000000136e+02
-5.256900000000000546e+02
-5.275462999999999738e+02
-5.190075000000000500e+02
-5.494500000000000455e+02
-5.639288000000000238e+02
-5.579887999999999693e+02
-5.115824999999999818e+02
-5.331150000000000091e+02
-5.501924999999999955e+02
-5.583600000000000136e+02
-5.646712999999999738e+02
-5.769225000000000136e+02
-5.657849999999999682e+02
-5.602161999999999580e+02
-5.397975000000000136e+02
-5.375700000000000500e+02
-5.052712000000000216e+02
-5.494500000000000455e+02
-5.271749999999999545e+02
-5.327437999999999647e+02
-5.628150000000000546e+02
-5.360850000000000364e+02
-5.472224999999999682e+02
-5.769225000000000136e+02
-5.576174999999999500e+02
-5.457374999999999545e+02
-5.642999999999999545e+02
-5.509349999999999454e+02
-5.539049999999999727e+02
-5.587313000000000329e+02
-5.694974999999999454e+02
-5.260612999999999602e+02
-5.490787000000000262e+02
-5.468513000000000375e+02
-5.331150000000000091e+02
-5.798925000000000409e+02
-5.802636999999999716e+02
-5.680125000000000455e+02
-5.527912999999999784e+02
-5.888025000000000091e+02
-5.780362999999999829e+02
-5.546475000000000364e+02
-5.728387000000000171e+02
-5.680125000000000455e+02
-5.772938000000000329e+02
-5.468513000000000375e+02
-5.565037999999999556e+02
-5.620724999999999909e+02
-5.290312999999999874e+02
-5.089837999999999738e+02
-5.297736999999999625e+02
-5.561325000000000500e+02
-5.256900000000000546e+02
-5.468513000000000375e+02
-5.527912999999999784e+02
-5.275462999999999738e+02
-5.141812999999999647e+02
-5.104687999999999874e+02
-4.959900000000000091e+02
-4.685174999999999841e+02
-5.201213000000000193e+02
-5.093550000000000182e+02
-5.201213000000000193e+02
-4.941338000000000079e+02
-5.271749999999999545e+02
-5.371987000000000307e+02
-5.212350000000000136e+02
-5.316299999999999955e+02
-5.282888000000000375e+02
-5.204924999999999500e+02
-5.342287999999999784e+02
-5.204924999999999500e+02
-5.442525000000000546e+02
-5.245761999999999716e+02
-5.234624999999999773e+02
-5.242050000000000409e+02
-5.427675000000000409e+02
-5.097262999999999806e+02
-5.461087999999999738e+02
-5.494500000000000455e+02
-5.386838000000000193e+02
-5.401688000000000329e+02
-5.223487999999999829e+02
-5.431386999999999716e+02
-5.602161999999999580e+02
-5.572463000000000193e+02
-5.947424999999999500e+02
-5.550186999999999671e+02
-5.364561999999999671e+02
-5.438812000000000353e+02
-5.654138000000000375e+02
-5.423962000000000216e+02
-5.698687999999999647e+02
-5.880599999999999454e+02
-5.565037999999999556e+02
-5.795212000000000216e+02
-5.758088000000000193e+02
-5.565037999999999556e+02
-5.617011999999999716e+02
-5.772938000000000329e+02
-5.546475000000000364e+02
-5.561325000000000500e+02
-5.798925000000000409e+02
-5.680125000000000455e+02
-5.858324999999999818e+02
-6.121912999999999556e+02
-5.858324999999999818e+02
-6.006825000000000045e+02
-5.743237000000000307e+02
-5.657849999999999682e+02
-5.602161999999999580e+02
-5.383125000000000000e+02
-5.323724999999999454e+02
-5.449950000000000045e+02
-5.449950000000000045e+02
-4.796549999999999727e+02
-4.432724999999999795e+02
-4.744574999999999818e+02
-4.681462000000000216e+02
-4.674037000000000148e+02
-4.841100000000000136e+02
-4.751999999999999886e+02
-4.540387999999999806e+02
-4.729725000000000250e+02
-4.700024999999999977e+02
-4.592363000000000284e+02
-4.859662000000000148e+02
-4.919062999999999874e+02
-4.722300000000000182e+02
-4.896786999999999921e+02
-4.885649999999999977e+02
-4.722300000000000182e+02
-4.733437999999999874e+02
-4.878224999999999909e+02
-4.700024999999999977e+02
-4.900500000000000114e+02
-5.048999999999999773e+02
-4.859662000000000148e+02
-4.844812999999999761e+02
-4.800262000000000171e+02
-4.926487000000000194e+02
-4.703736999999999853e+02
-4.789125000000000227e+02
-4.837388000000000261e+02
-4.610924999999999727e+02
-4.789125000000000227e+02
-4.692599999999999909e+02
-4.915350000000000250e+02
-4.911637999999999806e+02
-4.837388000000000261e+02
-4.933913000000000011e+02
-4.740862000000000194e+02
-4.755713000000000079e+02
-4.722300000000000182e+02
-4.766850000000000023e+02
-4.789125000000000227e+02
-4.867087000000000216e+02
-5.100975000000000250e+02
-4.744574999999999818e+02
-4.963613000000000284e+02
-4.956186999999999898e+02
-5.004449999999999932e+02
-5.056424999999999841e+02
-4.956186999999999898e+02
-4.993312999999999988e+02
-5.108399999999999750e+02
-4.974750000000000227e+02
-4.926487000000000194e+02
-5.023013000000000261e+02
-4.945049999999999955e+02
-4.855950000000000273e+02
-4.919062999999999874e+02
-4.818824999999999932e+02
-4.640625000000000000e+02
-4.826250000000000000e+02
-5.019300000000000068e+02
-4.963613000000000284e+02
-4.963613000000000284e+02
-4.941338000000000079e+02
-4.956186999999999898e+02
-5.074986999999999853e+02
-5.011875000000000000e+02
-4.703736999999999853e+02
-5.023013000000000261e+02
-5.123250000000000455e+02
-4.937624999999999886e+02
-5.086125000000000114e+02
-5.074986999999999853e+02
-5.119538000000000011e+02
-5.342287999999999784e+02
-5.238337000000000216e+02
-5.201213000000000193e+02
-5.156662999999999784e+02
-5.271749999999999545e+02
-5.260612999999999602e+02
-5.071274999999999977e+02
-5.249474999999999909e+02
-5.123250000000000455e+02
-5.256900000000000546e+02
-5.379412999999999556e+02
-5.227200000000000273e+02
-5.178936999999999671e+02
-5.282888000000000375e+02
-5.346000000000000227e+02
-5.346000000000000227e+02
-5.379412999999999556e+02
-5.513062999999999647e+02
-5.383125000000000000e+02
-5.654138000000000375e+02
-5.505638000000000147e+02
-5.390549999999999500e+02
-5.579887999999999693e+02
-5.420249999999999773e+02
-4.681462000000000216e+02
-4.896786999999999921e+02
-4.859662000000000148e+02
-4.844812999999999761e+02
-4.655475000000000136e+02
-4.588650000000000091e+02
-4.209975000000000023e+02
-4.247099999999999795e+02
-4.198838000000000079e+02
-4.269375000000000000e+02
-4.291650000000000205e+02
-4.165425000000000182e+02
-4.221113000000000284e+02
-4.165425000000000182e+02
-3.972375000000000114e+02
-3.931537000000000148e+02
-4.206263000000000147e+02
-4.016924999999999955e+02
-3.968661999999999921e+02
-4.232250000000000227e+02
-4.072613000000000056e+02
-4.028061999999999898e+02
-4.106025000000000205e+02
-3.846150000000000091e+02
-3.935249999999999773e+02
-4.120874999999999773e+02
-4.042912999999999784e+02
-3.953813000000000102e+02
-3.983512999999999806e+02
-3.942674999999999841e+02
-4.013213000000000079e+02
-3.912975000000000136e+02
-4.009499999999999886e+02
-4.028061999999999898e+02
-3.990937999999999874e+02
-3.979800000000000182e+02
-4.013213000000000079e+02
-4.016924999999999955e+02
-3.994649999999999750e+02
-3.827588000000000079e+02
-4.091175000000000068e+02
-4.087461999999999875e+02
-4.161712999999999738e+02
-4.217400000000000091e+02
-4.135724999999999909e+02
-4.113450000000000273e+02
-4.172850000000000250e+02
-4.221113000000000284e+02
-4.221113000000000284e+02
-4.198838000000000079e+02
-4.269375000000000000e+02
-4.002074999999999818e+02
-4.120874999999999773e+02
-4.117162000000000148e+02
-4.035488000000000284e+02
-3.578849999999999909e+02
-3.478613000000000284e+02
-3.497174999999999727e+02
-3.456338000000000079e+02
-3.515738000000000056e+02
-3.396938000000000102e+02
-3.474900000000000091e+02
-3.571424999999999841e+02
-3.612262999999999806e+02
-3.356100000000000136e+02
-3.567712000000000216e+02
-3.426637999999999806e+02
-3.508312999999999988e+02
-3.471186999999999898e+02
-3.404361999999999853e+02
-3.497174999999999727e+02
-3.482325000000000159e+02
-3.356100000000000136e+02
-3.389513000000000034e+02
-3.404361999999999853e+02
-3.348675000000000068e+02
-3.456338000000000079e+02
-3.430350000000000250e+02
-3.456338000000000079e+02
-3.519449999999999932e+02
-3.530586999999999875e+02
-3.578849999999999909e+02
-3.341250000000000000e+02
-3.426637999999999806e+02
-3.448913000000000011e+02
-3.445199999999999818e+02
-3.697649999999999864e+02
-3.589986999999999853e+02
-3.552862999999999829e+02
-3.575138000000000034e+02
-3.586274999999999977e+02
-3.419212999999999738e+02
-3.374662000000000148e+02
-3.396938000000000102e+02
-3.489750000000000227e+02
-3.660525000000000091e+02
-3.500887000000000171e+02
-3.519449999999999932e+02
-3.701363000000000056e+02
-3.645674999999999955e+02
-3.545437999999999761e+02
-3.731062999999999761e+02
-3.623399999999999750e+02
-3.556575000000000273e+02
-3.656811999999999898e+02
-3.593700000000000045e+02
-3.437774999999999750e+02
-3.727350000000000136e+02
-3.552862999999999829e+02
-3.601125000000000114e+02
-3.671662999999999784e+02
-3.697649999999999864e+02
-3.686512000000000171e+02
-3.797887999999999806e+02
-3.671662999999999784e+02
-3.671662999999999784e+02
-3.790462999999999738e+02
-3.875849999999999795e+02
-3.515738000000000056e+02
-3.734775000000000205e+02
-3.671662999999999784e+02
-3.805312999999999874e+02
-3.697649999999999864e+02
-3.682799999999999727e+02
-3.656811999999999898e+02
-3.526875000000000000e+02
-3.582563000000000102e+02
-3.601125000000000114e+02
-3.563999999999999773e+02
-3.771899999999999977e+02
-3.653100000000000023e+02
-3.734775000000000205e+02
-3.768188000000000102e+02
