-4.456484999999999673e+03
-4.476904000000000451e+03
-4.495095000000000255e+03
-4.498436999999999898e+03
-4.483586000000000240e+03
-4.493238999999999578e+03
-4.518112000000000080e+03
-4.478018000000000029e+03
-4.506975000000000364e+03
-4.518484000000000378e+03
-4.511801000000000386e+03
-4.521453999999999724e+03
-4.562662999999999556e+03
-4.532220000000000255e+03
-4.580854000000000269e+03
-4.600529999999999745e+03
-4.593104999999999563e+03
-4.580854000000000269e+03
-4.613895000000000437e+03
-4.548184000000000196e+03
-4.601271999999999935e+03
-4.644337000000000444e+03
-4.604243000000000393e+03
-4.598673999999999978e+03
-4.617979000000000269e+03
-4.608326000000000022e+03
-4.592734000000000378e+03
-4.640625000000000000e+03
-4.598673999999999978e+03
-4.616864999999999782e+03
-4.620206000000000131e+03
-4.652505000000000109e+03
-4.634314000000000306e+03
-4.652876000000000204e+03
-4.667725999999999658e+03
-4.653247999999999593e+03
-4.656960000000000036e+03
-4.655475000000000364e+03
-4.687774000000000342e+03
-4.707820999999999913e+03
-4.671439000000000306e+03
-4.698539999999999964e+03
-4.680720000000000255e+03
-4.705965000000000146e+03
-4.715988999999999578e+03
-4.718958999999999833e+03
-4.698168999999999869e+03
-4.700768000000000029e+03
-4.705594000000000051e+03
-4.715246000000000095e+03
-4.694456000000000131e+03
-4.714875000000000000e+03
-4.679605999999999767e+03
-4.674037999999999556e+03
-4.725640999999999622e+03
-4.641738999999999578e+03
-4.687402000000000044e+03
-4.698168999999999869e+03
-4.704479999999999563e+03
-4.674037999999999556e+03
-4.694828000000000429e+03
-4.702252000000000407e+03
-4.660671999999999571e+03
-4.697055000000000291e+03
-4.700768000000000029e+03
-4.733438000000000102e+03
-4.737520999999999731e+03
-4.740490999999999985e+03
-4.709305999999999585e+03
-4.712646999999999935e+03
-4.744574999999999818e+03
-4.734921999999999571e+03
-4.752371000000000095e+03
-4.754599000000000160e+03
-4.745317000000000007e+03
-4.768335000000000036e+03
-4.734551000000000386e+03
-4.737149999999999636e+03
-4.774274999999999636e+03
-4.803231999999999971e+03
-4.754599000000000160e+03
-4.776502000000000407e+03
-4.734551000000000386e+03
-4.728981999999999971e+03
-4.766479000000000269e+03
-4.777615999999999985e+03
-4.775389000000000124e+03
-4.722671000000000276e+03
-4.761280999999999949e+03
-4.713019000000000233e+03
-4.751628999999999905e+03
-4.760167000000000371e+03
-4.736408000000000357e+03
-4.737520999999999731e+03
-4.754228000000000065e+03
-4.752000000000000000e+03
-4.732323999999999614e+03
-4.792095000000000255e+03
-4.740862000000000080e+03
-4.746430999999999585e+03
-4.788381999999999607e+03
-4.761280999999999949e+03
-4.750515000000000327e+03
-4.792095000000000255e+03
-4.743832999999999629e+03
-4.776873999999999796e+03
-4.786896999999999935e+03
-4.796550000000000182e+03
-4.769448999999999614e+03
-4.808059000000000196e+03
-4.766479000000000269e+03
-4.756454999999999927e+03
-4.789868000000000393e+03
-4.798777000000000044e+03
-4.750886000000000422e+03
-4.767963999999999942e+03
-4.766479000000000269e+03
-4.753113999999999578e+03
-4.788011000000000422e+03
-4.769078000000000429e+03
-4.760167000000000371e+03
-4.743832999999999629e+03
-4.760538999999999760e+03
-4.711162999999999556e+03
-4.755712000000000444e+03
-4.764993999999999687e+03
-4.759425000000000182e+03
-4.790238999999999578e+03
-4.791724000000000160e+03
-4.773533000000000357e+03
-4.763880000000000109e+03
-4.769078000000000429e+03
-4.734180000000000291e+03
-4.757198000000000320e+03
-4.764622999999999593e+03
-4.745689000000000306e+03
-4.722671000000000276e+03
-4.790238999999999578e+03
-4.754599000000000160e+03
-4.760538999999999760e+03
-4.718216000000000349e+03
-4.766106999999999971e+03
-4.726755000000000109e+03
-4.759425000000000182e+03
-4.727868999999999687e+03
-4.756454999999999927e+03
-4.748658999999999651e+03
-4.711904999999999745e+03
-4.720814999999999600e+03
-4.727868999999999687e+03
-4.733809000000000196e+03
-4.703365999999999985e+03
-4.747917000000000371e+03
-4.736036000000000058e+03
-4.704109000000000378e+03
-4.746430999999999585e+03
-4.725640999999999622e+03
-4.737520999999999731e+03
-4.766850000000000364e+03
-4.735293999999999869e+03
-4.746802999999999884e+03
-4.747545000000000073e+03
-4.710420000000000073e+03
-4.743832999999999629e+03
-4.732694999999999709e+03
-4.720073000000000320e+03
-4.721557999999999993e+03
-4.717474000000000160e+03
-4.713019000000000233e+03
-4.743832999999999629e+03
-4.756083999999999833e+03
-4.740490999999999985e+03
-4.705594000000000051e+03
-4.753484999999999673e+03
-4.696684000000000196e+03
-4.739377000000000407e+03
-4.772418999999999869e+03
-4.717103000000000065e+03
-4.742347999999999956e+03
-4.740119999999999891e+03
-4.759054000000000087e+03
-4.738635000000000218e+03
-4.741234000000000378e+03
-4.702994999999999891e+03
-4.714131999999999607e+03
-4.749771999999999935e+03
-4.743461000000000240e+03
-4.760538999999999760e+03
-4.759796000000000276e+03
-4.755712000000000444e+03
-4.742719000000000051e+03
-4.768335000000000036e+03
-4.759425000000000182e+03
-4.768706000000000131e+03
-4.758311999999999898e+03
-4.753113999999999578e+03
-4.754599000000000160e+03
-4.779100999999999658e+03
-4.820310000000000400e+03
-4.740862000000000080e+03
-4.811770999999999731e+03
-4.800634000000000015e+03
-4.782814000000000306e+03
-4.802860999999999876e+03
-4.824021999999999935e+03
-4.811399999999999636e+03
-4.829591000000000349e+03
-4.842956000000000131e+03
-4.828849000000000160e+03
-4.854465000000000146e+03
-4.829220000000000255e+03
-4.799149000000000342e+03
-4.840729000000000269e+03
-4.828105999999999767e+03
-4.849268000000000029e+03
-4.856692000000000007e+03
-4.865974000000000160e+03
-4.838872999999999593e+03
-4.853722999999999956e+03
-4.865974000000000160e+03
-4.842213999999999942e+03
-4.870057999999999993e+03
-4.891219000000000051e+03
-4.886764000000000124e+03
-4.890104999999999563e+03
-4.899386000000000422e+03
-4.845926000000000386e+03
-4.882309000000000196e+03
-4.891961000000000240e+03
-4.908667000000000371e+03
-4.899386000000000422e+03
-4.904583999999999833e+03
-4.935396999999999935e+03
-4.923518000000000029e+03
-4.919434000000000196e+03
-4.917578000000000429e+03
-4.947649000000000342e+03
-4.946905999999999949e+03
-4.938368000000000393e+03
-4.959529000000000451e+03
-4.950618999999999687e+03
-4.938738999999999578e+03
-5.006305999999999585e+03
-4.970667000000000371e+03
-4.969923999999999978e+03
-4.927229999999999563e+03
-4.945421000000000276e+03
-4.961385000000000218e+03
-4.927600999999999658e+03
-4.963984000000000378e+03
-4.956559000000000196e+03
-4.930942000000000007e+03
-4.985145000000000437e+03
-4.972150999999999840e+03
-4.965469000000000051e+03
-4.946534999999999854e+03
-4.971037999999999556e+03
-4.971779999999999745e+03
-4.973636000000000422e+03
-4.981061999999999898e+03
-4.976978000000000065e+03
-4.983288999999999760e+03
-5.002965000000000146e+03
-4.985887999999999920e+03
-4.994426000000000386e+03
-5.007420000000000073e+03
-5.004078999999999724e+03
-5.025981999999999971e+03
-4.971408999999999651e+03
-4.982546000000000276e+03
-5.022270000000000437e+03
-4.995539999999999964e+03
-5.005935000000000400e+03
-5.031921999999999571e+03
-4.987372999999999593e+03
-4.965840000000000146e+03
-5.021155999999999949e+03
-4.998139000000000124e+03
-4.981061999999999898e+03
-5.050113999999999578e+03
-4.974006999999999607e+03
-5.011875000000000000e+03
-5.005192000000000007e+03
-5.005192000000000007e+03
-5.012246000000000095e+03
-5.047515000000000327e+03
-5.000365999999999985e+03
-5.008533999999999651e+03
-5.063479000000000269e+03
-5.036377000000000407e+03
-5.014845000000000255e+03
-5.023384000000000015e+03
-5.048256999999999607e+03
-5.067190999999999804e+03
-5.057167000000000371e+03
-5.093921000000000276e+03
-5.021155999999999949e+03
-5.074988000000000284e+03
-5.064592999999999847e+03
-5.085381999999999607e+03
-5.061251000000000204e+03
-5.069418999999999869e+03
-5.032293999999999869e+03
-5.043060000000000400e+03
-5.021899000000000342e+03
-5.062735999999999876e+03
-5.018186999999999898e+03
-5.090951000000000022e+03
-5.058280999999999949e+03
-5.044545000000000073e+03
-5.063106999999999971e+03
-5.051599000000000160e+03
-5.079070999999999913e+03
-5.090951000000000022e+03
-5.059024000000000342e+03
-5.061622999999999593e+03
-5.074615999999999985e+03
-5.090951000000000022e+03
-5.057167000000000371e+03
-5.125478000000000065e+03
-5.087980999999999767e+03
-5.092064999999999600e+03
-5.123250000000000000e+03
-5.094663999999999760e+03
-5.081298999999999978e+03
-5.141813000000000102e+03
-5.088353000000000065e+03
-5.090951000000000022e+03
-5.119167000000000371e+03
-5.130304000000000087e+03
-5.091323000000000320e+03
-5.128448000000000320e+03
-5.119537999999999556e+03
-5.156292000000000371e+03
-5.170770000000000437e+03
-5.116939000000000306e+03
-5.134759000000000015e+03
-5.135872999999999593e+03
-5.149238000000000284e+03
-5.127333999999999833e+03
-5.158146999999999935e+03
-5.168171000000000276e+03
-5.118423999999999978e+03
-5.151836000000000240e+03
-5.140328000000000429e+03
-5.151465000000000146e+03
-5.136985999999999876e+03
-5.150722999999999956e+03
-5.174854000000000269e+03
-5.152207999999999629e+03
-5.166314999999999600e+03
-5.163716000000000349e+03
-5.156662999999999556e+03
-5.153692000000000007e+03
-5.183020999999999731e+03
-5.186363000000000284e+03
-5.190074999999999818e+03
-5.172255000000000109e+03
-5.166314999999999600e+03
-5.201583999999999833e+03
-5.159631999999999607e+03
-5.215690999999999804e+03
-5.211606999999999971e+03
-5.194158999999999651e+03
-5.191189000000000306e+03
-5.197128999999999905e+03
-5.198613999999999578e+03
-5.161488999999999578e+03
-5.213092999999999847e+03
-5.156292000000000371e+03
-5.219404000000000451e+03
-5.223115999999999985e+03
-5.183020999999999731e+03
-5.219774999999999636e+03
-5.208637999999999920e+03
-5.187847999999999956e+03
-5.206780999999999949e+03
-5.203439999999999600e+03
-5.176710000000000036e+03
-5.213092999999999847e+03
-5.251332000000000335e+03
-5.192673999999999978e+03
-5.244649000000000342e+03
-5.229427999999999884e+03
-5.207524000000000342e+03
-5.234625000000000000e+03
-5.250588999999999942e+03
-5.237224000000000160e+03
-5.267667000000000371e+03
-5.265439000000000306e+03
-5.258756000000000313e+03
-5.291055000000000291e+03
-5.282887999999999920e+03
-5.247247999999999593e+03
-5.298850999999999658e+03
-5.282145000000000437e+03
-5.287342999999999847e+03
-5.302564000000000306e+03
-5.304420000000000073e+03
-5.276204999999999927e+03
-5.312587000000000444e+03
-5.299222999999999956e+03
-5.298109000000000378e+03
-5.289940999999999804e+03
-5.334119999999999891e+03
-5.333748999999999796e+03
-5.311845000000000255e+03
-5.343029999999999745e+03
-5.324467999999999847e+03
-5.323354000000000269e+03
-5.371988000000000284e+03
-5.345256999999999607e+03
