-5.973411999999999580e+02
-5.958563000000000329e+02
-6.058799999999999955e+02
-5.965987999999999829e+02
-5.925149999999999864e+02
-6.110774999999999864e+02
-5.965987999999999829e+02
-6.129338000000000193e+02
-6.177599999999999909e+02
-6.017962999999999738e+02
-6.281549999999999727e+02
-6.281549999999999727e+02
-6.036525000000000318e+02
-6.136762999999999693e+02
-6.121912999999999556e+02
-6.355800000000000409e+02
-6.222150000000000318e+02
-6.218437999999999874e+02
-6.500588000000000193e+02
-6.259275000000000091e+02
-6.355800000000000409e+02
-6.433763000000000147e+02
-6.489450000000000500e+02
-6.552563000000000102e+02
-6.444900000000000091e+02
-6.374362999999999602e+02
-6.801299999999999955e+02
-6.322387999999999693e+02
-6.489450000000000500e+02
-6.764175000000000182e+02
-6.407775000000000318e+02
-6.634238000000000284e+02
-6.823574999999999591e+02
-6.790162000000000262e+02
-6.901536999999999580e+02
-7.098300000000000409e+02
-7.053750000000000000e+02
-7.131712999999999738e+02
-7.165125000000000455e+02
-7.202250000000000227e+02
-7.246799999999999500e+02
-7.254225000000000136e+02
-7.172549999999999955e+02
-7.102011999999999716e+02
-7.120575000000000045e+02
-7.205963000000000420e+02
-6.975787000000000262e+02
-7.187400000000000091e+02
-7.087161999999999580e+02
-6.979500000000000455e+02
-6.905249999999999773e+02
-6.641662999999999784e+02
-6.760462999999999738e+02
-7.183687999999999647e+02
-7.347037000000000262e+02
-7.064887999999999693e+02
-7.142849999999999682e+02
-6.983211999999999762e+02
-6.986924999999999955e+02
-7.280212000000000216e+02
-7.243088000000000193e+02
-7.191113000000000284e+02
-7.350750000000000455e+02
-7.343324999999999818e+02
-6.879262999999999693e+02
-6.994349999999999454e+02
-6.998062999999999647e+02
-6.771599999999999682e+02
-6.786449999999999818e+02
-6.949800000000000182e+02
-6.600824999999999818e+02
-7.016625000000000227e+02
-6.849561999999999671e+02
-6.968361999999999625e+02
-7.079737999999999829e+02
-7.176263000000000147e+02
-7.135425000000000182e+02
-7.142849999999999682e+02
-7.183687999999999647e+02
-7.295063000000000102e+02
-7.283925000000000409e+02
-7.302487999999999602e+02
-7.120575000000000045e+02
-7.124288000000000238e+02
-7.413862000000000307e+02
-7.135425000000000182e+02
-7.291349999999999909e+02
-7.558650000000000091e+02
-7.465837000000000216e+02
-7.439850000000000136e+02
-7.703437999999999874e+02
-7.595774999999999864e+02
-7.506675000000000182e+02
-7.722000000000000455e+02
-7.116862999999999602e+02
-7.283925000000000409e+02
-7.324763000000000375e+02
-6.923813000000000102e+02
-7.205963000000000420e+02
-7.681163000000000238e+02
-7.120575000000000045e+02
-7.261649999999999636e+02
-7.465837000000000216e+02
-7.220811999999999671e+02
-7.387875000000000227e+02
-7.499249999999999545e+02
-7.317337999999999738e+02
-7.580924999999999727e+02
-7.317337999999999738e+02
-7.269075000000000273e+02
-7.428713000000000193e+02
-7.332187999999999874e+02
-7.432424999999999500e+02
-7.502962999999999738e+02
-7.421287999999999556e+02
-7.462124999999999773e+02
-7.703437999999999874e+02
-7.788825000000000500e+02
-7.644036999999999580e+02
-7.573500000000000227e+02
-7.696013000000000375e+02
-7.666313000000000102e+02
-7.866788000000000238e+02
-7.707150000000000318e+02
-7.733138000000000147e+02
-7.536375000000000455e+02
-7.696013000000000375e+02
-7.722000000000000455e+02
-7.696013000000000375e+02
-8.048700000000000045e+02
-7.929900000000000091e+02
-7.818524999999999636e+02
-7.922474999999999454e+02
-8.059837999999999738e+02
-7.751699999999999591e+02
-7.881638000000000375e+02
-8.000438000000000329e+02
-8.082111999999999625e+02
-8.189774999999999636e+02
-8.212050000000000409e+02
-8.063550000000000182e+02
-8.215761999999999716e+02
-8.282586999999999762e+02
-8.059837999999999738e+02
-8.379112999999999829e+02
-8.282586999999999762e+02
-8.386536999999999580e+02
-8.486775000000000091e+02
-8.397675000000000409e+02
-8.471924999999999955e+02
-8.471924999999999955e+02
-8.323424999999999727e+02
-8.405099999999999909e+02
-8.583300000000000409e+02
-8.605575000000000045e+02
-8.471924999999999955e+02
-8.549887999999999693e+02
-8.650125000000000455e+02
-8.609288000000000238e+02
-8.820900000000000318e+02
-8.587011999999999716e+02
-8.271449999999999818e+02
-8.375399999999999636e+02
-8.293724999999999454e+02
-8.356838000000000193e+02
-8.561024999999999636e+02
-8.557313000000000329e+02
-8.063550000000000182e+02
-7.874212999999999738e+02
-7.837087000000000216e+02
-7.907625000000000455e+02
-8.226900000000000546e+02
-8.070974999999999682e+02
-8.122949999999999591e+02
-8.030136999999999716e+02
-8.215761999999999716e+02
-8.026425000000000409e+02
-8.115525000000000091e+02
-8.345700000000000500e+02
-8.026425000000000409e+02
-8.137799999999999727e+02
-8.293724999999999454e+02
-8.108099999999999454e+02
-8.345700000000000500e+02
-8.148936999999999671e+02
-8.085824999999999818e+02
-8.290013000000000147e+02
-8.293724999999999454e+02
-8.208337000000000216e+02
-8.338274999999999864e+02
-8.308574999999999591e+02
-8.345700000000000500e+02
-8.327137000000000171e+02
-8.282586999999999762e+02
-8.501625000000000227e+02
-8.471924999999999955e+02
-8.546174999999999500e+02
-8.353125000000000000e+02
-8.683537999999999784e+02
-8.267736999999999625e+02
-8.074687999999999874e+02
-8.030136999999999716e+02
-8.260312999999999874e+02
-8.249175000000000182e+02
-8.167500000000000000e+02
-8.189774999999999636e+02
-7.963311999999999671e+02
-8.011575000000000273e+02
-8.189774999999999636e+02
-7.978162999999999556e+02
-7.970737000000000307e+02
-8.197200000000000273e+02
-8.204624999999999773e+02
-8.122949999999999591e+02
-8.297437999999999647e+02
-8.215761999999999716e+02
-8.200911999999999580e+02
-8.160075000000000500e+02
-8.293724999999999454e+02
-8.327137000000000171e+02
-8.301150000000000091e+02
-8.160075000000000500e+02
-7.432424999999999500e+02
-7.239375000000000000e+02
-7.250512999999999693e+02
-7.105724999999999909e+02
-7.243088000000000193e+02
-7.179974999999999454e+02
-7.157699999999999818e+02
-7.265362999999999829e+02
-7.239375000000000000e+02
-7.317337999999999738e+02
-7.272786999999999580e+02
-7.202250000000000227e+02
-7.521525000000000318e+02
-7.428713000000000193e+02
-7.347037000000000262e+02
-7.224524999999999864e+02
-7.528949999999999818e+02
-7.287636999999999716e+02
-7.272786999999999580e+02
-7.365599999999999454e+02
-7.298775000000000546e+02
-7.146562999999999874e+02
-7.179974999999999454e+02
-7.213387000000000171e+02
-7.094587000000000216e+02
-7.079737999999999829e+02
-6.986924999999999955e+02
-7.265362999999999829e+02
-7.183687999999999647e+02
-7.239375000000000000e+02
-7.165125000000000455e+02
-7.410149999999999864e+02
-7.302487999999999602e+02
-7.202250000000000227e+02
-7.476974999999999909e+02
-7.194824999999999591e+02
-7.176263000000000147e+02
-7.194824999999999591e+02
-7.187400000000000091e+02
-7.228237000000000307e+02
-7.239375000000000000e+02
-7.209674999999999727e+02
-7.198537999999999784e+02
-7.205963000000000420e+02
-6.838424999999999727e+02
-7.094587000000000216e+02
-7.031475000000000364e+02
-7.127999999999999545e+02
-7.280212000000000216e+02
-7.142849999999999682e+02
-7.142849999999999682e+02
-7.020338000000000420e+02
-6.630525000000000091e+02
-6.463463000000000420e+02
-6.318674999999999500e+02
-6.459750000000000227e+02
-6.582263000000000375e+02
-6.556275000000000546e+02
-6.430049999999999955e+02
-6.433763000000000147e+02
-6.396638000000000375e+02
-6.411486999999999625e+02
-6.441187999999999647e+02
-6.541425000000000409e+02
-6.482024999999999864e+02
-6.548849999999999909e+02
-6.426336999999999762e+02
-6.392925000000000182e+02
-6.511725000000000136e+02
-6.392925000000000182e+02
-6.504299999999999500e+02
-6.619388000000000147e+02
-6.389212999999999738e+02
-6.456037999999999784e+02
-6.578550000000000182e+02
-6.526575000000000273e+02
-6.563700000000000045e+02
-6.663936999999999671e+02
-6.489450000000000500e+02
-6.478311999999999671e+02
-6.519149999999999636e+02
-6.652799999999999727e+02
-6.530286999999999580e+02
-6.437474999999999454e+02
-6.623099999999999454e+02
-6.582263000000000375e+02
-6.493162999999999556e+02
-6.548849999999999909e+02
-6.626812999999999647e+02
-6.567413000000000238e+02
-6.541425000000000409e+02
-6.682500000000000000e+02
-6.634238000000000284e+02
-6.504299999999999500e+02
-6.652799999999999727e+02
-6.649088000000000420e+02
-6.474600000000000364e+02
-6.667649999999999864e+02
-6.593400000000000318e+02
-6.519149999999999636e+02
-6.548849999999999909e+02
-6.378075000000000045e+02
-6.611961999999999762e+02
-6.600824999999999818e+02
-6.637949999999999591e+02
-6.489450000000000500e+02
-6.682500000000000000e+02
-6.741900000000000546e+02
-6.682500000000000000e+02
-6.623099999999999454e+02
-6.519149999999999636e+02
-6.593400000000000318e+02
-6.701063000000000329e+02
-6.645375000000000227e+02
-6.693637999999999693e+02
-6.793875000000000455e+02
-6.727050000000000409e+02
-6.426336999999999762e+02
-6.444900000000000091e+02
-6.385499999999999545e+02
-6.314963000000000193e+02
-6.533999999999999773e+02
-6.489450000000000500e+02
-6.430049999999999955e+02
-6.407775000000000318e+02
-6.582263000000000375e+02
-6.426336999999999762e+02
-6.374362999999999602e+02
-6.611961999999999762e+02
-6.541425000000000409e+02
-6.500588000000000193e+02
-6.567413000000000238e+02
-6.456037999999999784e+02
-6.411486999999999625e+02
-6.574837999999999738e+02
-6.467174999999999727e+02
-6.519149999999999636e+02
-6.515438000000000329e+02
-6.203587999999999738e+02
-6.489450000000000500e+02
-6.630525000000000091e+02
-6.533999999999999773e+02
-6.433763000000000147e+02
-6.496875000000000000e+02
-6.482024999999999864e+02
-6.426336999999999762e+02
-6.589687999999999874e+02
-6.508012999999999693e+02
-6.585974999999999682e+02
-6.567413000000000238e+02
-6.459750000000000227e+02
-6.504299999999999500e+02
-6.567413000000000238e+02
-6.526575000000000273e+02
-6.396638000000000375e+02
-6.608250000000000455e+02
-6.567413000000000238e+02
-6.630525000000000091e+02
-6.682500000000000000e+02
-6.485737000000000307e+02
-6.522862999999999829e+02
-6.500588000000000193e+02
-6.444900000000000091e+02
-6.359511999999999716e+02
-6.630525000000000091e+02
-6.270412999999999784e+02
-6.452324999999999591e+02
-6.563700000000000045e+02
-6.585974999999999682e+02
-6.500588000000000193e+02
-6.470887000000000171e+02
-6.563700000000000045e+02
-6.392925000000000182e+02
-6.615674999999999955e+02
-6.619388000000000147e+02
-6.519149999999999636e+02
-6.656512000000000171e+02
-6.448613000000000284e+02
-6.437474999999999454e+02
-6.474600000000000364e+02
-6.270412999999999784e+02
-6.389212999999999738e+02
-6.582263000000000375e+02
-6.333524999999999636e+02
-6.656512000000000171e+02
-6.712200000000000273e+02
-6.682500000000000000e+02
-6.463463000000000420e+02
-6.556275000000000546e+02
-6.530286999999999580e+02
