-3.935249999999999773e+02
-3.682799999999999727e+02
-3.731062999999999761e+02
-3.753337000000000216e+02
-3.757049999999999841e+02
-3.768188000000000102e+02
-3.809024999999999750e+02
-3.924112999999999829e+02
-3.838725000000000023e+02
-3.938962000000000216e+02
-3.675375000000000227e+02
-3.794175000000000182e+02
-4.054049999999999727e+02
-3.927825000000000273e+02
-3.719925000000000068e+02
-3.920400000000000205e+02
-3.938962000000000216e+02
-3.460049999999999955e+02
-3.912975000000000136e+02
-3.898125000000000000e+02
-3.660525000000000091e+02
-3.957524999999999977e+02
-3.927825000000000273e+02
-3.757049999999999841e+02
-3.968661999999999921e+02
-3.931537000000000148e+02
-3.693937999999999988e+02
-4.065187999999999988e+02
-4.031775000000000091e+02
-3.872137000000000171e+02
-3.953813000000000102e+02
-4.020638000000000147e+02
-4.083750000000000000e+02
-4.065187999999999988e+02
-3.905550000000000068e+02
-3.861000000000000227e+02
-4.061474999999999795e+02
-3.886988000000000056e+02
-3.783036999999999921e+02
-4.109737999999999829e+02
-3.990937999999999874e+02
-3.924112999999999829e+02
-4.042912999999999784e+02
-4.102312999999999761e+02
-3.964950000000000045e+02
-4.009499999999999886e+02
-4.228537999999999784e+02
-4.195124999999999886e+02
-4.076324999999999932e+02
-4.306499999999999773e+02
-4.128299999999999841e+02
-4.068899999999999864e+02
-4.321349999999999909e+02
-4.046625000000000227e+02
-4.213686999999999898e+02
-4.195124999999999886e+02
-3.976087999999999738e+02
-4.124587000000000216e+02
-4.332486999999999853e+02
-3.976087999999999738e+02
-4.243387000000000171e+02
-4.328774999999999977e+02
-3.890699999999999932e+02
-4.016924999999999955e+02
-4.187699999999999818e+02
-4.065187999999999988e+02
-4.250812999999999988e+02
-4.098600000000000136e+02
-3.950099999999999909e+02
-3.968661999999999921e+02
-4.403025000000000091e+02
-4.202549999999999955e+02
-3.961236999999999853e+02
-4.269375000000000000e+02
-3.853575000000000159e+02
-4.161712999999999738e+02
-4.347337999999999738e+02
-4.091175000000000068e+02
-4.373324999999999818e+02
-4.544100000000000250e+02
-4.102312999999999761e+02
-3.976087999999999738e+02
-4.195124999999999886e+02
-4.410450000000000159e+02
-4.124587000000000216e+02
-4.195124999999999886e+02
-4.410450000000000159e+02
-4.458711999999999875e+02
-4.213686999999999898e+02
-4.039200000000000159e+02
-4.284225000000000136e+02
-4.158000000000000114e+02
-4.172850000000000250e+02
-4.158000000000000114e+02
-4.384463000000000079e+02
-4.206263000000000147e+02
-4.080038000000000125e+02
-4.202549999999999955e+02
-4.165425000000000182e+02
-4.183987000000000194e+02
-4.191413000000000011e+02
-4.365899999999999750e+02
-4.180274999999999750e+02
-4.224825000000000159e+02
-4.146861999999999853e+02
-4.239674999999999727e+02
-4.299075000000000273e+02
-4.391888000000000147e+02
-4.250812999999999988e+02
-4.336200000000000045e+02
-4.544100000000000250e+02
-4.128299999999999841e+02
-4.354762999999999806e+02
-4.339911999999999921e+02
-4.436437999999999988e+02
-4.432724999999999795e+02
-4.369612000000000194e+02
-4.198838000000000079e+02
-4.358475000000000250e+02
-4.369612000000000194e+02
-4.310212000000000216e+02
-4.269375000000000000e+02
-4.388174999999999955e+02
-4.339911999999999921e+02
-4.247099999999999795e+02
-4.477275000000000205e+02
-4.247099999999999795e+02
-4.239674999999999727e+02
-4.276800000000000068e+02
-4.499549999999999841e+02
-4.584936999999999898e+02
-4.351050000000000182e+02
-4.221113000000000284e+02
-4.254524999999999864e+02
-4.506974999999999909e+02
-4.128299999999999841e+02
-4.455000000000000000e+02
-4.451288000000000125e+02
-4.224825000000000159e+02
-4.406738000000000284e+02
-4.347337999999999738e+02
-4.321349999999999909e+02
-4.336200000000000045e+02
-4.313924999999999841e+02
-4.243387000000000171e+02
-4.377038000000000011e+02
-4.551524999999999750e+02
-4.384463000000000079e+02
-4.599787999999999784e+02
-4.429012000000000171e+02
-4.276800000000000068e+02
-4.451288000000000125e+02
-4.562663000000000011e+02
-4.518111999999999853e+02
-4.729725000000000250e+02
-4.343625000000000114e+02
-4.429012000000000171e+02
-4.540387999999999806e+02
-4.321349999999999909e+02
-4.410450000000000159e+02
-4.443863000000000056e+02
-4.261949999999999932e+02
-4.250812999999999988e+02
-4.477275000000000205e+02
-4.354762999999999806e+02
-4.332486999999999853e+02
-4.518111999999999853e+02
-4.462425000000000068e+02
-4.377038000000000011e+02
-4.369612000000000194e+02
-4.480987999999999829e+02
-4.447574999999999932e+02
-4.506974999999999909e+02
-4.618349999999999795e+02
-4.328774999999999977e+02
-4.276800000000000068e+02
-4.729725000000000250e+02
-4.302787000000000148e+02
-4.429012000000000171e+02
-4.607212999999999852e+02
-4.584936999999999898e+02
-4.488412000000000148e+02
-4.443863000000000056e+02
-4.495837000000000216e+02
-4.469850000000000136e+02
-4.759424999999999955e+02
-4.748288000000000011e+02
-4.629488000000000056e+02
-4.581225000000000023e+02
-4.544100000000000250e+02
-4.633199999999999932e+02
-4.570088000000000079e+02
-4.477275000000000205e+02
-4.339911999999999921e+02
-4.547812999999999874e+02
-4.299075000000000273e+02
-4.354762999999999806e+02
-4.369612000000000194e+02
-4.351050000000000182e+02
-4.466138000000000261e+02
-4.369612000000000194e+02
-4.269375000000000000e+02
-4.150575000000000045e+02
-4.332486999999999853e+02
-4.443863000000000056e+02
-4.451288000000000125e+02
-4.551524999999999750e+02
-4.562663000000000011e+02
-4.547812999999999874e+02
-4.440149999999999864e+02
-4.506974999999999909e+02
-4.510688000000000102e+02
-4.544100000000000250e+02
-4.610924999999999727e+02
-4.566374999999999886e+02
-4.766850000000000023e+02
-4.592363000000000284e+02
-4.403025000000000091e+02
-4.521825000000000045e+02
-4.603500000000000227e+02
-4.584936999999999898e+02
-4.555237000000000194e+02
-4.506974999999999909e+02
-4.506974999999999909e+02
-4.592363000000000284e+02
-4.343625000000000114e+02
-4.648050000000000068e+02
-4.703736999999999853e+02
-4.577513000000000147e+02
-4.488412000000000148e+02
-4.599787999999999784e+02
-4.406738000000000284e+02
-4.321349999999999909e+02
-4.551524999999999750e+02
-4.625774999999999864e+02
-4.414162999999999784e+02
-4.655475000000000136e+02
-4.484700000000000273e+02
-4.518111999999999853e+02
-4.625774999999999864e+02
-4.514399999999999977e+02
-4.510688000000000102e+02
-4.633199999999999932e+02
-4.432724999999999795e+02
-4.109737999999999829e+02
-4.629488000000000056e+02
-4.573799999999999955e+02
-4.495837000000000216e+02
-4.540387999999999806e+02
-4.584936999999999898e+02
-4.555237000000000194e+02
-4.703736999999999853e+02
-4.365899999999999750e+02
-4.514399999999999977e+02
-4.618349999999999795e+02
-4.499549999999999841e+02
-4.410450000000000159e+02
-4.592363000000000284e+02
-4.555237000000000194e+02
-4.343625000000000114e+02
-4.503263000000000034e+02
-4.644336999999999875e+02
-4.677749999999999773e+02
-4.547812999999999874e+02
-4.488412000000000148e+02
-4.544100000000000250e+02
-4.822538000000000125e+02
-4.581225000000000023e+02
-4.636913000000000125e+02
-4.863374999999999773e+02
-4.744574999999999818e+02
-4.570088000000000079e+02
-4.711161999999999921e+02
-4.707450000000000045e+02
-4.700024999999999977e+02
-4.644336999999999875e+02
-4.759424999999999955e+02
-4.777988000000000284e+02
-4.610924999999999727e+02
-4.852237999999999829e+02
-4.547812999999999874e+02
-4.403025000000000091e+02
-4.711161999999999921e+02
-4.525536999999999921e+02
-4.562663000000000011e+02
-4.521825000000000045e+02
-4.447574999999999932e+02
-4.562663000000000011e+02
-4.733437999999999874e+02
-4.644336999999999875e+02
-4.685174999999999841e+02
-4.662900000000000205e+02
-4.655475000000000136e+02
-4.770561999999999898e+02
-4.770561999999999898e+02
-4.789125000000000227e+02
-4.733437999999999874e+02
-4.826250000000000000e+02
-4.566374999999999886e+02
-4.495837000000000216e+02
-4.848525000000000205e+02
-4.644336999999999875e+02
-4.547812999999999874e+02
-4.610924999999999727e+02
-4.659187999999999761e+02
-4.833675000000000068e+02
-4.755713000000000079e+02
-4.655475000000000136e+02
-4.636913000000000125e+02
-4.852237999999999829e+02
-4.614637000000000171e+02
-4.603500000000000227e+02
-4.666612999999999829e+02
-4.666612999999999829e+02
-4.629488000000000056e+02
-4.618349999999999795e+02
-4.662900000000000205e+02
-4.562663000000000011e+02
-4.696313000000000102e+02
-4.562663000000000011e+02
-4.429012000000000171e+02
-4.733437999999999874e+02
-4.688888000000000034e+02
-4.403025000000000091e+02
-4.696313000000000102e+02
-4.700024999999999977e+02
-4.558949999999999818e+02
-4.607212999999999852e+02
-4.584936999999999898e+02
-4.755713000000000079e+02
-4.789125000000000227e+02
-4.700024999999999977e+02
-4.748288000000000011e+02
-4.878224999999999909e+02
-4.751999999999999886e+02
-4.685174999999999841e+02
-4.800262000000000171e+02
-4.729725000000000250e+02
-4.796549999999999727e+02
-4.763138000000000147e+02
-4.733437999999999874e+02
-4.811399999999999864e+02
-4.874513000000000034e+02
-4.677749999999999773e+02
-4.796549999999999727e+02
-4.870799999999999841e+02
-4.547812999999999874e+02
-4.896786999999999921e+02
-4.789125000000000227e+02
-4.751999999999999886e+02
-4.677749999999999773e+02
-4.900500000000000114e+02
-4.900500000000000114e+02
-4.863374999999999773e+02
-4.766850000000000023e+02
-5.011875000000000000e+02
-4.848525000000000205e+02
-4.907925000000000182e+02
-4.848525000000000205e+02
-4.770561999999999898e+02
-4.893075000000000045e+02
-4.837388000000000261e+02
-4.755713000000000079e+02
-4.855950000000000273e+02
-4.870799999999999841e+02
-4.618349999999999795e+02
-4.963613000000000284e+02
-4.874513000000000034e+02
-4.815113000000000056e+02
-4.555237000000000194e+02
-4.763138000000000147e+02
-4.859662000000000148e+02
-4.729725000000000250e+02
-4.737149999999999750e+02
-4.785412999999999784e+02
-4.826250000000000000e+02
-4.815113000000000056e+02
-4.733437999999999874e+02
-4.919062999999999874e+02
-5.134388000000000147e+02
-4.800262000000000171e+02
-5.034150000000000205e+02
-5.082411999999999921e+02
-4.878224999999999909e+02
-4.781700000000000159e+02
-4.629488000000000056e+02
-4.722300000000000182e+02
-4.874513000000000034e+02
-4.803974999999999795e+02
-4.711161999999999921e+02
-4.833675000000000068e+02
-4.792837999999999852e+02
-4.718587999999999738e+02
-4.844812999999999761e+02
-4.737149999999999750e+02
-4.833675000000000068e+02
-4.722300000000000182e+02
-4.922774999999999750e+02
-4.744574999999999818e+02
-4.740862000000000194e+02
-4.837388000000000261e+02
-4.885649999999999977e+02
-4.971037999999999784e+02
-4.829961999999999875e+02
-4.785412999999999784e+02
-4.844812999999999761e+02
-4.896786999999999921e+02
-4.937624999999999886e+02
-4.807687999999999988e+02
-4.978462999999999852e+02
-4.915350000000000250e+02
-4.733437999999999874e+02
