-3.772271000000000186e+03
-3.739601000000000113e+03
-3.768188000000000102e+03
-3.748139999999999873e+03
-3.781923999999999978e+03
-3.774869999999999891e+03
-3.769672999999999774e+03
-3.839467999999999847e+03
-3.757050000000000182e+03
-3.773385000000000218e+03
-3.792318999999999960e+03
-3.840210000000000036e+03
-3.809396000000000186e+03
-3.820163000000000011e+03
-3.863599000000000160e+03
-3.836126000000000204e+03
-3.846521000000000186e+03
-3.833898999999999887e+03
-3.815708000000000084e+03
-3.809768000000000029e+03
-3.833155999999999949e+03
-3.824989000000000033e+03
-3.835012000000000171e+03
-3.846521000000000186e+03
-3.844664999999999964e+03
-3.889958000000000084e+03
-3.862485000000000127e+03
-3.895525999999999840e+03
-3.886615999999999985e+03
-3.914460000000000036e+03
-3.893670000000000073e+03
-3.939704999999999927e+03
-3.912231999999999971e+03
-3.911489999999999782e+03
-3.937849000000000160e+03
-3.959751999999999953e+03
-3.949356999999999971e+03
-3.961980000000000018e+03
-3.991679999999999836e+03
-3.980170999999999822e+03
-3.963835999999999785e+03
-4.006900999999999840e+03
-3.998362999999999829e+03
-4.009128999999999905e+03
-4.007271999999999935e+03
-4.002818000000000211e+03
-3.996876999999999953e+03
-4.012099000000000160e+03
-4.000219000000000051e+03
-4.045510999999999967e+03
-4.034373999999999796e+03
-4.044396999999999935e+03
-4.061103999999999814e+03
-4.064445000000000164e+03
-4.055534999999999854e+03
-4.071498999999999796e+03
-4.093402999999999793e+03
-4.090804000000000087e+03
-4.060731999999999971e+03
-4.066672999999999774e+03
-4.071498999999999796e+03
-4.023978999999999814e+03
-4.075583000000000084e+03
-4.032889000000000124e+03
-4.027320000000000164e+03
-4.100828000000000429e+03
-4.103055000000000291e+03
-4.066672999999999774e+03
-4.107139000000000124e+03
-4.095630000000000109e+03
-4.101569999999999709e+03
-4.113449999999999818e+03
-4.108994999999999891e+03
-4.115305999999999585e+03
-4.151689000000000306e+03
-4.158371000000000095e+03
-4.105283000000000357e+03
-4.168024000000000342e+03
-4.190670000000000073e+03
-4.116792000000000371e+03
-4.132012999999999920e+03
-4.210345999999999549e+03
-4.113078999999999724e+03
-4.172850000000000364e+03
-4.168765999999999622e+03
-4.183987000000000080e+03
-4.171364999999999782e+03
-4.249698999999999614e+03
-4.180274999999999636e+03
-4.197724000000000160e+03
-4.231506999999999607e+03
-4.188442000000000007e+03
-4.181760000000000218e+03
-4.175078000000000429e+03
-4.170622999999999593e+03
-4.198466000000000349e+03
-4.206262999999999920e+03
-4.161712000000000444e+03
-4.121618000000000393e+03
-4.157628999999999905e+03
-4.109365999999999985e+03
-4.129784999999999854e+03
-4.148719000000000051e+03
-4.123103000000000065e+03
-4.128671000000000276e+03
-4.149832999999999629e+03
-4.117533999999999651e+03
-4.135725000000000364e+03
-4.159855999999999767e+03
-4.139065999999999804e+03
-4.183987000000000080e+03
-4.223711000000000240e+03
-4.199951000000000022e+03
-4.172479000000000269e+03
-4.187328999999999724e+03
-4.184359000000000378e+03
-4.180645999999999731e+03
-4.216286000000000058e+03
-4.197353000000000065e+03
-4.210717999999999847e+03
-4.195868000000000393e+03
-4.206262999999999920e+03
-4.217399999999999636e+03
-4.246356999999999971e+03
-4.224082999999999629e+03
-4.201064999999999600e+03
-4.223711000000000240e+03
-4.219998999999999796e+03
-4.205520000000000437e+03
-4.217399999999999636e+03
-4.215543999999999869e+03
-4.215914999999999964e+03
-4.225195999999999913e+03
-4.242645000000000437e+03
-4.218143000000000029e+03
-4.256010000000000218e+03
-4.251555000000000291e+03
-4.233363999999999578e+03
-4.271974000000000160e+03
-4.289793999999999869e+03
-4.269003999999999905e+03
-4.283110999999999876e+03
-4.284595999999999549e+03
-4.251555000000000291e+03
-4.297219000000000051e+03
-4.314667000000000371e+03
-4.277171000000000276e+03
-4.287938000000000102e+03
-4.329518000000000029e+03
-4.292393000000000029e+03
-4.338798999999999978e+03
-4.323206000000000131e+03
-4.295362000000000080e+03
-4.349564999999999600e+03
-4.336570999999999913e+03
-4.299817000000000007e+03
-4.325063000000000102e+03
-4.361444999999999709e+03
-4.326176000000000386e+03
-4.360331000000000131e+03
-4.343625000000000000e+03
-4.348451000000000022e+03
-4.326918999999999869e+03
-4.368498999999999796e+03
-4.291279000000000451e+03
-4.346224000000000160e+03
-4.309470000000000255e+03
-4.283854000000000269e+03
-4.306128999999999905e+03
-4.308355999999999767e+03
-4.297219000000000051e+03
-4.341025999999999840e+03
-4.313554000000000087e+03
-4.328774999999999636e+03
-4.336942000000000007e+03
-4.376295000000000073e+03
-4.315780999999999949e+03
-4.317637999999999920e+03
-4.359960000000000036e+03
-4.330631000000000313e+03
-4.316895000000000437e+03
-4.334715000000000146e+03
-4.331373999999999796e+03
-4.315780999999999949e+03
-4.354762999999999920e+03
-4.351421000000000276e+03
-4.326918999999999869e+03
-4.380378999999999905e+03
-4.346224000000000160e+03
-4.354762999999999920e+03
-4.377037999999999556e+03
-4.393743999999999687e+03
-4.330260000000000218e+03
-4.397828000000000429e+03
-4.346595000000000255e+03
-4.343625000000000000e+03
-4.407479999999999563e+03
-4.364414999999999964e+03
-4.365529000000000451e+03
-4.392259000000000015e+03
-4.361073999999999614e+03
-4.358475000000000364e+03
-4.423814999999999600e+03
-4.348823000000000320e+03
-4.374439000000000306e+03
-4.408594000000000051e+03
-4.380378999999999905e+03
-4.343625000000000000e+03
-4.417875000000000000e+03
-4.392259000000000015e+03
-4.391887999999999920e+03
-4.388917000000000371e+03
-4.424929000000000087e+03
-4.402654000000000451e+03
-4.411564000000000306e+03
-4.431981999999999971e+03
-4.389659999999999854e+03
-4.452400999999999840e+03
-4.442006000000000313e+03
-4.428640999999999622e+03
-4.447574999999999818e+03
-4.483586000000000240e+03
-4.444234000000000378e+03
-4.495095000000000255e+03
-4.461682999999999993e+03
-4.372211000000000240e+03
-4.305386000000000422e+03
-4.318751000000000204e+03
-4.327289999999999964e+03
-4.329889000000000124e+03
-4.329518000000000029e+03
-4.290908000000000357e+03
-4.313925000000000182e+03
-4.318380000000000109e+03
-4.301673999999999978e+03
-4.299817000000000007e+03
-4.324690999999999804e+03
-4.303529999999999745e+03
-4.319864999999999782e+03
-4.337314000000000306e+03
-4.340654999999999745e+03
-4.369240999999999985e+03
-4.376667000000000371e+03
-4.350679000000000087e+03
-4.349936999999999898e+03
-4.367385000000000218e+03
-4.328774999999999636e+03
-4.350679000000000087e+03
-4.379265000000000327e+03
-4.348823000000000320e+03
-4.368869999999999891e+03
-4.382234999999999673e+03
-4.382605999999999767e+03
-4.365899999999999636e+03
-4.405252000000000407e+03
-4.393372999999999593e+03
-4.390030999999999949e+03
-4.426413999999999760e+03
-4.381121000000000095e+03
-4.392630000000000109e+03
-4.434581000000000131e+03
-4.401168999999999869e+03
-4.395229000000000269e+03
-4.429012999999999920e+03
-4.406365999999999985e+03
-4.404139000000000124e+03
-4.422329999999999927e+03
-4.417131999999999607e+03
-4.441635000000000218e+03
-4.387804000000000087e+03
-4.428640999999999622e+03
-4.377408999999999651e+03
-4.429012999999999920e+03
-4.362930000000000291e+03
-4.383349000000000160e+03
-4.364043999999999869e+03
-4.338798999999999978e+03
-4.389659999999999854e+03
-4.389659999999999854e+03
-4.405994999999999891e+03
-4.366643000000000029e+03
-4.397085000000000036e+03
-4.372211000000000240e+03
-4.382234999999999673e+03
-4.380750000000000000e+03
-4.369984000000000378e+03
-4.350679000000000087e+03
-4.367385000000000218e+03
-4.397085000000000036e+03
-4.359588999999999942e+03
-4.406365999999999985e+03
-4.393743999999999687e+03
-4.366643000000000029e+03
-4.388546000000000276e+03
-4.387432999999999993e+03
-4.377779999999999745e+03
-4.404510000000000218e+03
-4.408222999999999956e+03
-4.392259000000000015e+03
-4.412305999999999585e+03
-4.437921999999999571e+03
-4.407479999999999563e+03
-4.432354000000000269e+03
-4.407479999999999563e+03
-4.403395999999999731e+03
-4.398569999999999709e+03
-4.440893000000000029e+03
-4.421216000000000349e+03
-4.417503999999999905e+03
-4.460939999999999600e+03
-4.394856999999999971e+03
-4.426784999999999854e+03
-4.410820999999999913e+03
-4.406365999999999985e+03
-4.425671000000000276e+03
-4.443862000000000080e+03
-4.421216000000000349e+03
-4.426784999999999854e+03
-4.443490999999999985e+03
-4.455743000000000393e+03
-4.376295000000000073e+03
-4.472819999999999709e+03
-4.448317000000000007e+03
-4.466509000000000015e+03
-4.468735999999999876e+03
-4.423073000000000320e+03
-4.456855999999999767e+03
-4.488783999999999651e+03
-4.455371000000000095e+03
-4.443490999999999985e+03
-4.480987000000000080e+03
-4.471706000000000131e+03
-4.508460000000000036e+03
-4.514029000000000451e+03
-4.486185000000000400e+03
-4.499179000000000087e+03
-4.483586000000000240e+03
-4.463909999999999854e+03
-4.456484999999999673e+03
-4.509203000000000429e+03
-4.488412999999999556e+03
-4.507717999999999847e+03
-4.514399999999999636e+03
-4.504747999999999593e+03
-4.520711000000000240e+03
-4.528506999999999607e+03
-4.517369999999999891e+03
-4.536675000000000182e+03
-4.516256000000000313e+03
-4.536304000000000087e+03
-4.528878999999999905e+03
-4.540759000000000015e+03
-4.513658000000000357e+03
-4.526279999999999745e+03
-4.544470999999999549e+03
-4.528136000000000422e+03
-4.535932999999999993e+03
-4.557094000000000051e+03
-4.562662999999999556e+03
-4.568974000000000160e+03
-4.579368999999999687e+03
-4.558578999999999724e+03
-4.535189999999999600e+03
-4.534819000000000415e+03
-4.553752000000000407e+03
-4.519969000000000051e+03
-4.593847999999999956e+03
-4.564890000000000327e+03
-4.528136000000000422e+03
-4.571573000000000320e+03
-4.553010000000000218e+03
-4.548926000000000386e+03
-4.562662999999999556e+03
-4.608698000000000320e+03
-4.559692000000000007e+03
-4.615751000000000204e+03
-4.590506000000000313e+03
-4.584938000000000102e+03
-4.632457999999999629e+03
-4.616493999999999687e+03
-4.616493999999999687e+03
-4.596074999999999818e+03
-4.645823000000000320e+03
-4.591619999999999891e+03
-4.633570999999999913e+03
-4.633570999999999913e+03
-4.601271999999999935e+03
-4.652876000000000204e+03
-4.650277000000000044e+03
-4.618720999999999549e+03
-4.638769000000000233e+03
-4.650277000000000044e+03
-4.627260000000000218e+03
-4.665869999999999891e+03
-4.655104000000000269e+03
-4.630972999999999956e+03
-4.651390999999999622e+03
-4.658073999999999614e+03
-4.627260000000000218e+03
-4.651762999999999920e+03
-4.666240999999999985e+03
-4.666612000000000080e+03
-4.647307999999999993e+03
-4.651390999999999622e+03
-4.662899999999999636e+03
-4.656588999999999942e+03
-4.675150999999999840e+03
-4.665127000000000407e+03
-4.650277000000000044e+03
-4.682204999999999927e+03
-4.652876000000000204e+03
-4.681091000000000349e+03
