-1.123402000000000044e+03
-1.107067999999999984e+03
-1.111894000000000005e+03
-1.165354000000000042e+03
-1.157557000000000016e+03
-1.155701000000000022e+03
-1.196166999999999916e+03
-1.200250999999999976e+03
-1.162755000000000109e+03
-1.191712999999999965e+03
-1.265590999999999894e+03
-1.221784000000000106e+03
-1.246656999999999925e+03
-1.283781999999999925e+03
-1.289722999999999956e+03
-1.286009999999999991e+03
-1.293064000000000078e+03
-1.261878999999999905e+03
-1.340212999999999965e+03
-1.334644000000000005e+03
-1.307541999999999916e+03
-1.362488000000000056e+03
-1.407779999999999973e+03
-1.359145999999999958e+03
-1.367314000000000078e+03
-1.421887999999999920e+03
-1.415576000000000022e+03
-1.428199000000000069e+03
-1.411492999999999938e+03
-1.463468000000000075e+03
-1.439336000000000013e+03
-1.444534000000000106e+03
-1.447875000000000000e+03
-1.473863000000000056e+03
-1.521010999999999967e+03
-1.462354000000000042e+03
-1.530291999999999916e+03
-1.551825000000000045e+03
-1.505419000000000096e+03
-1.513214999999999918e+03
-1.557765000000000100e+03
-1.494652000000000044e+03
-1.528435999999999922e+03
-1.551825000000000045e+03
-1.562962999999999965e+03
-1.574843000000000075e+03
-1.587464999999999918e+03
-1.586722999999999956e+03
-1.590806000000000040e+03
-1.578555000000000064e+03
-1.584124000000000024e+03
-1.611596000000000004e+03
-1.601573000000000093e+03
-1.588578999999999951e+03
-1.596746000000000095e+03
-1.640554000000000087e+03
-1.612338999999999942e+03
-1.620877999999999929e+03
-1.659858999999999924e+03
-1.652433999999999969e+03
-1.637212999999999965e+03
-1.681019999999999982e+03
-1.688444999999999936e+03
-1.675451000000000022e+03
-1.713318999999999960e+03
-1.725941000000000031e+03
-1.702181000000000040e+03
-1.737450000000000045e+03
-1.720743999999999915e+03
-1.691786000000000058e+03
-1.728539999999999964e+03
-1.700695999999999913e+03
-1.684732999999999947e+03
-1.724085000000000036e+03
-1.745989000000000033e+03
-1.670253999999999905e+03
-1.742646999999999935e+03
-1.738934999999999945e+03
-1.693270999999999958e+03
-1.725199000000000069e+03
-1.762324000000000069e+03
-1.771605000000000018e+03
-1.746359999999999900e+03
-1.749329999999999927e+03
-1.774945999999999913e+03
-1.774575000000000045e+03
-1.777545000000000073e+03
-1.812814000000000078e+03
-1.788310999999999922e+03
-1.806502999999999929e+03
-1.831375999999999976e+03
-1.810214999999999918e+03
-1.864416999999999916e+03
-1.841028999999999996e+03
-1.878153999999999996e+03
-1.909338999999999942e+03
-1.900429000000000087e+03
-1.918619999999999891e+03
-1.910080999999999904e+03
-1.890034000000000106e+03
-1.927901000000000067e+03
-1.947577999999999975e+03
-1.908224999999999909e+03
-1.923445999999999913e+03
-1.963170000000000073e+03
-1.942380000000000109e+03
-1.920476000000000113e+03
-1.988044000000000096e+03
-1.978019999999999982e+03
-1.979875999999999976e+03
-1.989900000000000091e+03
-2.002521999999999935e+03
-2.017000999999999976e+03
-1.999551999999999907e+03
-2.016630000000000109e+03
-2.015144999999999982e+03
-2.026281999999999925e+03
-2.051527999999999793e+03
-2.045215999999999894e+03
-2.068976000000000113e+03
-2.071204000000000178e+03
-2.061922999999999774e+03
-2.069719000000000051e+03
-2.097190999999999804e+03
-2.085682999999999993e+03
-2.089394999999999982e+03
-2.130974999999999909e+03
-2.107585999999999785e+03
-2.114268999999999778e+03
-2.093849999999999909e+03
-2.121322999999999865e+03
-2.127634000000000015e+03
-2.140255999999999858e+03
-2.134688000000000102e+03
-2.151021999999999935e+03
-2.120579999999999927e+03
-2.129860999999999876e+03
-2.151021999999999935e+03
-2.082711999999999989e+03
-2.101646000000000186e+03
-2.104987999999999829e+03
-2.112413000000000011e+03
-2.101275000000000091e+03
-2.112784000000000106e+03
-2.126519999999999982e+03
-2.132831000000000131e+03
-2.135800999999999931e+03
-2.149538000000000011e+03
-2.162530999999999949e+03
-2.169585000000000036e+03
-2.186291000000000167e+03
-2.190375000000000000e+03
-2.181835999999999785e+03
-2.188146999999999935e+03
-2.223045000000000073e+03
-2.214876999999999953e+03
-2.183693000000000211e+03
-2.196686000000000149e+03
-2.200769999999999982e+03
-2.178865999999999985e+03
-2.230469999999999800e+03
-2.235666999999999916e+03
-2.209679999999999836e+03
-2.190746000000000095e+03
-2.207452999999999975e+03
-2.201512000000000171e+03
-2.173668999999999869e+03
-2.161416999999999916e+03
-2.196315000000000055e+03
-2.171440999999999804e+03
-2.175525000000000091e+03
-2.198170999999999822e+03
-2.212278999999999996e+03
-2.211164999999999964e+03
-2.250146000000000186e+03
-2.237894999999999982e+03
-2.240123000000000047e+03
-2.280960000000000036e+03
-2.244577999999999975e+03
-2.248289999999999964e+03
-2.271679000000000087e+03
-2.253858999999999924e+03
-2.216733999999999924e+03
-2.237152999999999793e+03
-2.232326000000000022e+03
-2.244206000000000131e+03
-2.275762000000000171e+03
-2.262025999999999840e+03
-2.270936000000000149e+03
-2.279846000000000004e+03
-2.271679000000000087e+03
-2.279474999999999909e+03
-2.259427000000000135e+03
-2.231954999999999927e+03
-2.218219000000000051e+03
-2.228985000000000127e+03
-2.223416000000000167e+03
-2.232697999999999865e+03
-2.228614000000000033e+03
-2.247175999999999931e+03
-2.245690999999999804e+03
-2.275019999999999982e+03
-2.280588999999999942e+03
-2.232697999999999865e+03
-2.262025999999999840e+03
-2.266853000000000065e+03
-2.238266000000000076e+03
-2.256829000000000178e+03
-2.283929999999999836e+03
-2.252373999999999796e+03
-2.252373999999999796e+03
-2.287271000000000186e+03
-2.217847000000000207e+03
-2.210050999999999931e+03
-2.231583999999999833e+03
-2.232697999999999865e+03
-2.216362999999999829e+03
-2.259056000000000040e+03
-2.248661000000000058e+03
-2.225643999999999778e+03
-2.220818000000000211e+03
-2.226757999999999811e+03
-2.226014999999999873e+03
-2.227500000000000000e+03
-2.237894999999999982e+03
-2.250146000000000186e+03
-2.239751000000000204e+03
-2.262396999999999935e+03
-2.273534999999999854e+03
-2.279103999999999814e+03
-2.283559000000000196e+03
-2.275762000000000171e+03
-2.288755999999999858e+03
-2.292097000000000207e+03
-2.293210999999999785e+03
-2.315485999999999876e+03
-2.312516000000000076e+03
-2.292840000000000146e+03
-2.310659999999999854e+03
-2.322168999999999869e+03
-2.310659999999999854e+03
-2.303235000000000127e+03
-2.303978000000000065e+03
-2.303606000000000222e+03
-2.311773999999999887e+03
-2.327737999999999829e+03
-2.295068000000000211e+03
-2.319570000000000164e+03
-2.319940999999999804e+03
-2.301750000000000000e+03
-2.308804000000000087e+03
-2.313630000000000109e+03
-2.331820999999999913e+03
-2.301378999999999905e+03
-2.323282000000000153e+03
-2.316971000000000004e+03
-2.313630000000000109e+03
-2.298038000000000011e+03
-2.306947999999999865e+03
-2.315485999999999876e+03
-2.289869999999999891e+03
-2.318085000000000036e+03
-2.334048999999999978e+03
-2.319570000000000164e+03
-2.331449999999999818e+03
-2.347784999999999854e+03
-2.365605000000000018e+03
-2.337018999999999778e+03
-2.344815000000000055e+03
-2.358922999999999774e+03
-2.344815000000000055e+03
-2.360036000000000058e+03
-2.334048999999999978e+03
-2.321054999999999836e+03
-2.343701000000000022e+03
-2.357809000000000196e+03
-2.363376999999999953e+03
-2.365605000000000018e+03
-2.376000000000000000e+03
-2.396789999999999964e+03
-2.393820000000000164e+03
-2.320684000000000196e+03
-2.316599999999999909e+03
-2.325139000000000124e+03
-2.299150999999999840e+03
-2.291726000000000113e+03
-2.318456000000000131e+03
-2.299521999999999935e+03
-2.302121000000000095e+03
-2.298780000000000200e+03
-2.294324999999999818e+03
-2.299893999999999778e+03
-2.314001000000000204e+03
-2.325880999999999858e+03
-2.300264999999999873e+03
-2.311030999999999949e+03
-2.315856999999999971e+03
-2.288014000000000124e+03
-2.284300999999999931e+03
-2.310659999999999854e+03
-2.254972000000000207e+03
-2.164759000000000015e+03
-2.177380999999999858e+03
-2.167356999999999971e+03
-2.177010000000000218e+03
-2.172184000000000196e+03
-2.161789000000000215e+03
-2.159932999999999993e+03
-2.183693000000000211e+03
-2.192974000000000160e+03
-2.151393999999999778e+03
-2.128748000000000047e+03
-2.151393999999999778e+03
-2.134688000000000102e+03
-2.096820000000000164e+03
-2.098675999999999931e+03
-2.104615999999999985e+03
-2.110556000000000040e+03
-2.090509000000000015e+03
-2.091251000000000204e+03
-2.113896999999999935e+03
-2.110927000000000135e+03
-2.078628999999999905e+03
-2.116867000000000189e+03
-2.123920999999999822e+03
-2.083826000000000022e+03
-2.116496000000000095e+03
-2.116125000000000000e+03
-2.110556000000000040e+03
-2.112041000000000167e+03
-2.136172999999999774e+03
-2.117981000000000222e+03
-2.117610000000000127e+03
-2.137286000000000058e+03
-2.139885000000000218e+03
-2.146195999999999913e+03
-2.146938999999999851e+03
-2.151393999999999778e+03
-2.138771000000000186e+03
-2.143597000000000207e+03
-2.117239000000000033e+03
-2.137286000000000058e+03
-2.147309999999999945e+03
-2.127634000000000015e+03
-2.119836999999999989e+03
-2.130603999999999814e+03
-2.135429999999999836e+03
-2.138771000000000186e+03
-2.145454000000000178e+03
-2.142483999999999924e+03
-2.143597000000000207e+03
-2.161789000000000215e+03
-2.179980000000000018e+03
-2.179237999999999829e+03
-2.172925999999999931e+03
-2.184434999999999945e+03
-2.178123999999999796e+03
-2.172554999999999836e+03
-2.175153999999999996e+03
-2.182579000000000178e+03
-2.208938000000000102e+03
-2.184063999999999851e+03
-2.204481999999999971e+03
-2.216733999999999924e+03
-2.198541999999999916e+03
-2.211907000000000153e+03
-2.199655999999999949e+03
-2.180351000000000113e+03
-2.204481999999999971e+03
-2.193344999999999800e+03
-2.197800000000000182e+03
-2.198170999999999822e+03
-2.181835999999999785e+03
-2.156590999999999894e+03
-2.190003999999999905e+03
-2.202998000000000047e+03
-2.190746000000000095e+03
-2.190746000000000095e+03
-2.190746000000000095e+03
-2.186291000000000167e+03
-2.170327999999999975e+03
-2.191117000000000189e+03
-2.168471000000000004e+03
-2.191117000000000189e+03
-2.178865999999999985e+03
-2.139143000000000029e+03
-2.161789000000000215e+03
-2.180722000000000207e+03
-2.144710999999999785e+03
-2.156590999999999894e+03
-2.194829999999999927e+03
-2.182949999999999818e+03
-2.168471000000000004e+03
-2.211907000000000153e+03
-2.199284999999999854e+03
-2.184063999999999851e+03
-2.221559999999999945e+03
-2.211536000000000058e+03
-2.194086999999999989e+03
-2.226757999999999811e+03
-2.238266000000000076e+03
-2.213764000000000124e+03
-2.243835000000000036e+03
-2.243835000000000036e+03
-2.221931000000000040e+03
-2.222302000000000135e+03
-2.235295999999999822e+03
-2.243092999999999847e+03
-2.248289999999999964e+03
-2.251630999999999858e+03
-2.249032000000000153e+03
-2.252001999999999953e+03
