-2.062293999999999869e+03
-2.074916000000000167e+03
-2.064150000000000091e+03
-2.057838999999999942e+03
-2.083826000000000022e+03
-2.089766000000000076e+03
-2.082711999999999989e+03
-2.128376000000000204e+03
-2.103873999999999796e+03
-2.106101000000000113e+03
-2.148052000000000135e+03
-2.149909000000000106e+03
-2.140626999999999953e+03
-2.185177000000000135e+03
-2.190746000000000095e+03
-2.177751999999999953e+03
-2.217105000000000018e+03
-2.225271999999999935e+03
-2.201884000000000015e+03
-2.225271999999999935e+03
-2.220445999999999913e+03
-2.179237999999999829e+03
-2.215619999999999891e+03
-2.253115999999999985e+03
-2.226757999999999811e+03
-2.258313999999999851e+03
-2.257943000000000211e+03
-2.238266000000000076e+03
-2.283929999999999836e+03
-2.279103999999999814e+03
-2.246063000000000102e+03
-2.256829000000000178e+03
-2.310289000000000215e+03
-2.293954000000000178e+03
-2.316228999999999814e+03
-2.309916999999999916e+03
-2.276134000000000015e+03
-2.318456000000000131e+03
-2.336275999999999840e+03
-2.288755999999999858e+03
-2.339617000000000189e+03
-2.359293999999999869e+03
-2.332193000000000211e+03
-2.364490999999999985e+03
-2.370431000000000040e+03
-2.365605000000000018e+03
-2.356324000000000069e+03
-2.374514999999999873e+03
-2.363376999999999953e+03
-2.410896999999999935e+03
-2.434286000000000058e+03
-2.402358999999999924e+03
-2.410155000000000200e+03
-2.458416999999999916e+03
-2.432059000000000196e+03
-2.413125000000000000e+03
-2.472153999999999996e+03
-2.427974999999999909e+03
-2.438369999999999891e+03
-2.498512000000000171e+03
-2.461016000000000076e+03
-2.476980000000000018e+03
-2.491086999999999989e+03
-2.467699000000000069e+03
-2.483663000000000011e+03
-2.507422999999999774e+03
-2.490344999999999800e+03
-2.504452999999999975e+03
-2.528954999999999927e+03
-2.541577999999999975e+03
-2.533039000000000215e+03
-2.505938000000000102e+03
-2.543063000000000102e+03
-2.532295999999999822e+03
-2.564594999999999800e+03
-2.555684999999999945e+03
-2.531925000000000182e+03
-2.569050000000000182e+03
-2.546403999999999996e+03
-2.567193999999999960e+03
-2.589840000000000146e+03
-2.589097000000000207e+03
-2.550858999999999924e+03
-2.564965999999999894e+03
-2.576103999999999814e+03
-2.578331000000000131e+03
-2.582786000000000058e+03
-2.574248000000000047e+03
-2.571277999999999793e+03
-2.557170000000000073e+03
-2.615456000000000131e+03
-2.561253999999999905e+03
-2.564594999999999800e+03
-2.590583000000000084e+03
-2.557541000000000167e+03
-2.565338000000000193e+03
-2.588726000000000113e+03
-2.567193999999999960e+03
-2.580559000000000196e+03
-2.590210999999999785e+03
-2.568679000000000087e+03
-2.599864000000000033e+03
-2.626965000000000146e+03
-2.591324999999999818e+03
-2.623994999999999891e+03
-2.611744000000000142e+03
-2.599864000000000033e+03
-2.621025000000000091e+03
-2.616199000000000069e+03
-2.625480000000000018e+03
-2.634760999999999967e+03
-2.652210000000000036e+03
-2.674114000000000033e+03
-2.665945999999999913e+03
-2.688592999999999847e+03
-2.680795999999999822e+03
-2.687849999999999909e+03
-2.704927000000000135e+03
-2.648126000000000204e+03
-2.635132999999999811e+03
-2.627335999999999785e+03
-2.605804000000000087e+03
-2.631420000000000073e+03
-2.665945999999999913e+03
-2.640701000000000022e+03
-2.644414000000000215e+03
-2.665945999999999913e+03
-2.638474000000000160e+03
-2.643300000000000182e+03
-2.636617000000000189e+03
-2.635875000000000000e+03
-2.670030000000000200e+03
-2.659264000000000124e+03
-2.658893000000000029e+03
-2.643670999999999822e+03
-2.686364999999999782e+03
-2.661862999999999829e+03
-2.655550999999999931e+03
-2.690449000000000069e+03
-2.697501999999999953e+03
-2.678197999999999865e+03
-2.727945000000000164e+03
-2.697130999999999858e+03
-2.717550000000000182e+03
-2.726088999999999942e+03
-2.712724000000000160e+03
-2.730172999999999774e+03
-2.736483999999999924e+03
-2.690820000000000164e+03
-2.693047999999999774e+03
-2.717550000000000182e+03
-2.710496000000000095e+03
-2.712353000000000065e+03
-2.733885000000000218e+03
-2.716436000000000149e+03
-2.707155000000000200e+03
-2.751704999999999927e+03
-2.773980000000000018e+03
-2.710496000000000095e+03
-2.743909000000000106e+03
-2.723860999999999876e+03
-2.676713000000000193e+03
-2.705670000000000073e+03
-2.701215000000000146e+03
-2.680795999999999822e+03
-2.710125000000000000e+03
-2.703070999999999913e+03
-2.695646000000000186e+03
-2.726088999999999942e+03
-2.713465999999999894e+03
-2.732771000000000186e+03
-2.755416999999999916e+03
-2.723860999999999876e+03
-2.730914999999999964e+03
-2.756159999999999854e+03
-2.745764999999999873e+03
-2.723119000000000142e+03
-2.740195999999999913e+03
-2.760614999999999782e+03
-2.744280000000000200e+03
-2.758387000000000171e+03
-2.766554999999999836e+03
-2.742423999999999978e+03
-2.746878999999999905e+03
-2.786231000000000222e+03
-2.764699000000000069e+03
-2.775835999999999785e+03
-2.794769999999999982e+03
-2.777693000000000211e+03
-2.795141000000000076e+03
-2.802565999999999804e+03
-2.807393000000000029e+03
-2.801081000000000131e+03
-2.821871000000000095e+03
-2.847487999999999829e+03
-2.823356000000000222e+03
-2.863079999999999927e+03
-2.868277999999999793e+03
-2.838949000000000069e+03
-2.844518000000000029e+03
-2.856768999999999778e+03
-2.835235999999999876e+03
-2.863451000000000022e+03
-2.857510999999999967e+03
-2.851943000000000211e+03
-2.883126999999999953e+03
-2.846001999999999953e+03
-2.877559000000000196e+03
-2.895007999999999811e+03
-2.872360999999999876e+03
-2.859739000000000033e+03
-2.900947999999999865e+03
-2.895378999999999905e+03
-2.892409000000000106e+03
-2.898349000000000160e+03
-2.896121000000000095e+03
-2.881643000000000029e+03
-2.890181000000000040e+03
-2.872731999999999971e+03
-2.863451000000000022e+03
-2.874588999999999942e+03
-2.872360999999999876e+03
-2.854913000000000011e+03
-2.882385000000000218e+03
-2.889438999999999851e+03
-2.871619000000000142e+03
-2.848972000000000207e+03
-2.851943000000000211e+03
-2.850829000000000178e+03
-2.856396999999999935e+03
-2.879414999999999964e+03
-2.869762000000000171e+03
-2.869391000000000076e+03
-2.871248000000000047e+03
-2.861594999999999800e+03
-2.886097000000000207e+03
-2.893150999999999840e+03
-2.897606000000000222e+03
-2.908744000000000142e+03
-2.912085000000000036e+03
-2.886469000000000051e+03
-2.921365999999999985e+03
-2.923965000000000146e+03
-2.911713999999999942e+03
-2.919510000000000218e+03
-2.918025000000000091e+03
-2.894264999999999873e+03
-2.918768000000000029e+03
-2.915425999999999931e+03
-2.902061000000000149e+03
-2.929534000000000106e+03
-2.958862999999999829e+03
-2.932132999999999811e+03
-2.955893000000000029e+03
-2.956264000000000124e+03
-2.936215999999999894e+03
-2.948467999999999847e+03
-2.978539000000000215e+03
-2.965173999999999978e+03
-2.949581000000000131e+03
-2.987077999999999975e+03
-2.971485000000000127e+03
-2.994130999999999858e+03
-3.010094999999999800e+03
-3.001556000000000040e+03
-3.011579999999999927e+03
-3.041280000000000200e+03
-3.022717999999999847e+03
-3.035340000000000146e+03
-3.048333999999999833e+03
-3.041280000000000200e+03
-3.030143000000000029e+03
-3.070237999999999829e+03
-3.053159999999999854e+03
-3.055387000000000171e+03
-3.053530999999999949e+03
-3.003041000000000167e+03
-2.983735999999999876e+03
-2.984106999999999971e+03
-2.984849999999999909e+03
-2.967771999999999935e+03
-2.993018000000000029e+03
-2.969628999999999905e+03
-2.954778999999999996e+03
-2.982251000000000204e+03
-2.959233999999999924e+03
-2.950695000000000164e+03
-2.993389000000000124e+03
-2.973340999999999894e+03
-2.945126000000000204e+03
-2.992275000000000091e+03
-2.971114000000000033e+03
-2.923965000000000146e+03
-2.951065999999999804e+03
-2.940670999999999822e+03
-2.913570000000000164e+03
-2.935844999999999800e+03
-2.972228000000000065e+03
-2.945869000000000142e+03
-2.948096000000000004e+03
-2.968143999999999778e+03
-2.940300000000000182e+03
-2.924335999999999785e+03
-2.930275999999999840e+03
-2.915425999999999931e+03
-2.927306000000000040e+03
-2.951809000000000196e+03
-2.944755000000000109e+03
-2.963318000000000211e+03
-2.923222000000000207e+03
-2.890181000000000040e+03
-2.892038000000000011e+03
-2.897235000000000127e+03
-2.887210999999999785e+03
-2.899833999999999833e+03
-2.925449999999999818e+03
-2.895750000000000000e+03
-2.911342999999999847e+03
-2.928791000000000167e+03
-2.931760999999999967e+03
-2.920623999999999796e+03
-2.937701000000000022e+03
-2.905402999999999793e+03
-2.917653999999999996e+03
-2.933246000000000095e+03
-2.912456000000000131e+03
-2.889809999999999945e+03
-2.854541000000000167e+03
-2.841175999999999931e+03
-2.837835000000000036e+03
-2.845260000000000218e+03
-2.827811000000000149e+03
-2.815559999999999945e+03
-2.840804999999999836e+03
-2.830409999999999854e+03
-2.835606999999999971e+03
-2.822614000000000033e+03
-2.827440000000000055e+03
-2.817416000000000167e+03
-2.821500000000000000e+03
-2.840804999999999836e+03
-2.819271999999999935e+03
-2.821871000000000095e+03
-2.824099000000000160e+03
-2.822985000000000127e+03
-2.823356000000000222e+03
-2.832266000000000076e+03
-2.812590000000000146e+03
-2.822242000000000189e+03
-2.794769999999999982e+03
-2.786603000000000065e+03
-2.812219000000000051e+03
-2.792541999999999916e+03
-2.786974000000000160e+03
-2.796626000000000204e+03
-2.801452999999999975e+03
-2.773980000000000018e+03
-2.801824000000000069e+03
-2.803679999999999836e+03
-2.792541999999999916e+03
-2.819643999999999778e+03
-2.814818000000000211e+03
-2.820385999999999967e+03
-2.826326000000000022e+03
-2.821128999999999905e+03
-2.811847000000000207e+03
-2.832266000000000076e+03
-2.818900999999999840e+03
-2.833009000000000015e+03
-2.835606999999999971e+03
-2.835606999999999971e+03
-2.826326000000000022e+03
-2.839690999999999804e+03
-2.846373999999999796e+03
-2.823356000000000222e+03
-2.857882999999999811e+03
-2.848601000000000113e+03
-2.843775000000000091e+03
-2.857139999999999873e+03
-2.879414999999999964e+03
-2.852313999999999851e+03
-2.878300999999999931e+03
-2.872360999999999876e+03
-2.850085999999999785e+03
-2.887954000000000178e+03
-2.879786000000000058e+03
-2.877188000000000102e+03
-2.858625000000000000e+03
-2.893893999999999778e+03
-2.886469000000000051e+03
-2.873846000000000004e+03
-2.897235000000000127e+03
-2.890181000000000040e+03
-2.899463000000000193e+03
-2.928420000000000073e+03
-2.903916999999999916e+03
-2.905773999999999887e+03
-2.911342999999999847e+03
-2.886097000000000207e+03
-2.885355000000000018e+03
-2.914313000000000102e+03
-2.897606000000000222e+03
-2.916168999999999869e+03
-2.939557999999999993e+03
-2.917653999999999996e+03
-2.917282000000000153e+03
-2.954036000000000058e+03
-2.938072999999999865e+03
-2.929163000000000011e+03
-2.957748999999999796e+03
-2.948096000000000004e+03
-2.927677000000000135e+03
