9.764172999999999547e+01
1.195461999999999989e+02
1.002406000000000006e+02
6.905460999999999672e+01
5.680297999999999803e+01
9.281533000000000300e+01
4.937776000000000209e+01
4.863522999999999996e+01
5.568919999999999959e+01
2.747334000000000032e+01
3.564108999999999838e+01
2.450325000000000131e+01
7.425226999999999578e+00
-4.455000000000000071e+00
4.455136000000000429e+00
-4.826249999999999929e+00
-3.304124999999999801e+01
-1.299375000000000036e+01
-9.021375000000000455e+01
-6.348375000000000057e+01
-8.056125000000000114e+01
-1.065488000000000000e+02
-1.299375000000000000e+02
-1.121175000000000068e+02
-1.024650000000000034e+02
-1.392187999999999874e+02
-1.325363000000000113e+02
-1.262249999999999943e+02
-1.058062999999999931e+02
-1.150875000000000057e+02
-1.254825000000000017e+02
-1.562961999999999989e+02
-1.477574999999999932e+02
-1.358774999999999977e+02
-1.978762999999999863e+02
-1.856250000000000000e+02
-1.674336999999999875e+02
-2.023312999999999988e+02
-1.893375000000000057e+02
-2.067863000000000113e+02
-2.264625000000000057e+02
-1.963913000000000011e+02
-2.142112999999999943e+02
-2.145825000000000102e+02
-2.104987000000000137e+02
-2.253488000000000113e+02
-2.234925000000000068e+02
-2.531924999999999955e+02
-2.535637999999999863e+02
-2.375999999999999943e+02
-2.517075000000000102e+02
-2.680425000000000182e+02
-2.695274999999999750e+02
-2.557913000000000068e+02
-2.747250000000000227e+02
-2.918025000000000091e+02
-2.940299999999999727e+02
-3.007124999999999773e+02
-3.096225000000000023e+02
-3.059100000000000250e+02
-3.133349999999999795e+02
-3.370950000000000273e+02
-3.252149999999999750e+02
-3.211313000000000102e+02
-3.307837999999999852e+02
-3.207599999999999909e+02
-3.285561999999999898e+02
-3.519449999999999932e+02
-3.575138000000000034e+02
-3.634538000000000011e+02
-3.586274999999999977e+02
-4.009499999999999886e+02
-3.805312999999999874e+02
-3.664238000000000284e+02
-3.942674999999999841e+02
-3.886988000000000056e+02
-3.920400000000000205e+02
-4.143149999999999977e+02
-4.024350000000000023e+02
-4.054049999999999727e+02
-4.183987000000000194e+02
-4.009499999999999886e+02
-4.061474999999999795e+02
-4.061474999999999795e+02
-3.912975000000000136e+02
-4.209975000000000023e+02
-3.916687999999999761e+02
-4.106025000000000205e+02
-4.080038000000000125e+02
-4.250812999999999988e+02
-4.013213000000000079e+02
-4.250812999999999988e+02
-4.235962999999999852e+02
-4.258238000000000056e+02
-4.525536999999999921e+02
-4.406738000000000284e+02
-4.540387999999999806e+02
-4.488412000000000148e+02
-4.480987999999999829e+02
-4.532962999999999738e+02
-4.547812999999999874e+02
-4.640625000000000000e+02
-4.841100000000000136e+02
-4.681462000000000216e+02
-4.570088000000000079e+02
-4.577513000000000147e+02
-4.618349999999999795e+02
-4.729725000000000250e+02
-4.785412999999999784e+02
-4.763138000000000147e+02
-4.588650000000000091e+02
-4.655475000000000136e+02
-5.011875000000000000e+02
-4.826250000000000000e+02
-4.755713000000000079e+02
-4.930199999999999818e+02
-4.826250000000000000e+02
-4.867087000000000216e+02
-4.789125000000000227e+02
-4.700024999999999977e+02
-4.473562999999999761e+02
-4.729725000000000250e+02
-4.599787999999999784e+02
-4.577513000000000147e+02
-4.518111999999999853e+02
-4.900500000000000114e+02
-4.685174999999999841e+02
-4.685174999999999841e+02
-4.622062999999999988e+02
-4.841100000000000136e+02
-4.863374999999999773e+02
-4.844812999999999761e+02
-4.789125000000000227e+02
-4.967325000000000159e+02
-5.193787999999999556e+02
-4.837388000000000261e+02
-5.089837999999999738e+02
-5.297736999999999625e+02
-5.045287000000000148e+02
-5.275462999999999738e+02
-4.785412999999999784e+02
-4.878224999999999909e+02
-5.052712000000000216e+02
-5.141812999999999647e+02
-5.030437999999999761e+02
-4.993312999999999988e+02
-5.067563000000000102e+02
-5.023013000000000261e+02
-5.123250000000000455e+02
-5.245761999999999716e+02
-5.438812000000000353e+02
-4.982174999999999727e+02
-5.401688000000000329e+02
-5.349713000000000420e+02
-5.349713000000000420e+02
-5.449950000000000045e+02
-5.475937999999999874e+02
-5.516775000000000091e+02
-5.553899999999999864e+02
-5.691263000000000147e+02
-5.973411999999999580e+02
-5.746950000000000500e+02
-5.821200000000000045e+02
-5.940000000000000000e+02
-5.980837000000000216e+02
-6.029099999999999682e+02
-6.003112999999999602e+02
-5.862037000000000262e+02
-6.185025000000000546e+02
-5.657849999999999682e+02
-5.769225000000000136e+02
-5.680125000000000455e+02
-5.661562999999999874e+02
-5.654138000000000375e+02
-5.873174999999999955e+02
-5.665275000000000318e+02
-5.843474999999999682e+02
-5.954850000000000136e+02
-6.025388000000000375e+02
-6.073650000000000091e+02
-6.110774999999999864e+02
-6.188737999999999602e+02
-6.125625000000000000e+02
-5.397975000000000136e+02
-5.245761999999999716e+02
-5.190075000000000500e+02
-4.347337999999999738e+02
-4.388174999999999955e+02
-4.648050000000000068e+02
-4.358475000000000250e+02
-4.217400000000000091e+02
-4.640625000000000000e+02
-4.380749999999999886e+02
-4.332486999999999853e+02
-4.317638000000000034e+02
-4.321349999999999909e+02
-4.191413000000000011e+02
-4.321349999999999909e+02
-4.187699999999999818e+02
-4.046625000000000227e+02
-4.165425000000000182e+02
-4.328774999999999977e+02
-4.313924999999999841e+02
-4.198838000000000079e+02
-4.484700000000000273e+02
-4.351050000000000182e+02
-4.295362999999999829e+02
-4.384463000000000079e+02
-4.570088000000000079e+02
-4.488412000000000148e+02
-4.492124999999999773e+02
-4.258238000000000056e+02
-4.443863000000000056e+02
-4.451288000000000125e+02
-4.124587000000000216e+02
-4.313924999999999841e+02
-4.217400000000000091e+02
-4.143149999999999977e+02
-4.280511999999999944e+02
-4.117162000000000148e+02
-4.039200000000000159e+02
-4.065187999999999988e+02
-4.351050000000000182e+02
-4.120874999999999773e+02
-4.039200000000000159e+02
-4.287937999999999761e+02
-4.150575000000000045e+02
-4.009499999999999886e+02
-4.332486999999999853e+02
-4.169137999999999806e+02
-3.723636999999999944e+02
-4.102312999999999761e+02
-4.169137999999999806e+02
-3.894413000000000125e+02
-4.410450000000000159e+02
-4.106025000000000205e+02
-4.083750000000000000e+02
-4.154286999999999921e+02
-3.645674999999999955e+02
-3.415500000000000114e+02
-3.552862999999999829e+02
-3.489750000000000227e+02
-3.493462999999999852e+02
-3.645674999999999955e+02
-3.538011999999999944e+02
-3.400649999999999977e+02
-3.742200000000000273e+02
-3.575138000000000034e+02
-3.385799999999999841e+02
-3.712500000000000000e+02
-3.597411999999999921e+02
-3.634538000000000011e+02
-3.619687999999999874e+02
-3.641963000000000079e+02
-3.508312999999999988e+02
-3.649388000000000147e+02
-3.604837999999999738e+02
-3.489750000000000227e+02
-3.731062999999999761e+02
-3.682799999999999727e+02
-3.422925000000000182e+02
-3.667950000000000159e+02
-3.686512000000000171e+02
-3.738487999999999829e+02
-3.697649999999999864e+02
-3.593700000000000045e+02
-3.701363000000000056e+02
-3.723636999999999944e+02
-3.693937999999999988e+02
-3.582563000000000102e+02
-3.723636999999999944e+02
-3.679087999999999852e+02
-3.512024999999999864e+02
-3.779325000000000045e+02
-3.864712999999999852e+02
-3.552862999999999829e+02
-3.890699999999999932e+02
-3.827588000000000079e+02
-3.846150000000000091e+02
-3.794175000000000182e+02
-3.935249999999999773e+02
-3.719925000000000068e+02
-3.883274999999999864e+02
-3.831299999999999955e+02
-3.693937999999999988e+02
-3.322687999999999988e+02
-3.456338000000000079e+02
-3.263288000000000011e+02
-3.356100000000000136e+02
-3.389513000000000034e+02
-3.344961999999999875e+02
-3.567712000000000216e+02
-3.474900000000000091e+02
-3.304125000000000227e+02
-3.549150000000000205e+02
-3.493462999999999852e+02
-3.270713000000000079e+02
-3.649388000000000147e+02
-3.634538000000000011e+02
-3.304125000000000227e+02
-3.538011999999999944e+02
-3.686512000000000171e+02
-3.545437999999999761e+02
-3.545437999999999761e+02
-3.422925000000000182e+02
-3.434062999999999874e+02
-3.556575000000000273e+02
-3.593700000000000045e+02
-3.656811999999999898e+02
-3.441487000000000194e+02
-3.504599999999999795e+02
-3.400649999999999977e+02
-3.441487000000000194e+02
-3.411786999999999921e+02
-3.419212999999999738e+02
-3.463763000000000147e+02
-3.378374999999999773e+02
-3.259574999999999818e+02
-3.148199999999999932e+02
-3.411786999999999921e+02
-3.263288000000000011e+02
-3.337538000000000125e+02
-3.259574999999999818e+02
-3.248437999999999874e+02
-3.330113000000000056e+02
-3.430350000000000250e+02
-3.307837999999999852e+02
-3.356100000000000136e+02
-3.385799999999999841e+02
-3.437774999999999750e+02
-3.315262000000000171e+02
-3.500887000000000171e+02
-3.382087000000000216e+02
-3.486037999999999784e+02
-3.653100000000000023e+02
-3.463763000000000147e+02
-3.363525000000000205e+02
-3.437774999999999750e+02
-3.448913000000000011e+02
-3.452624999999999886e+02
-3.482325000000000159e+02
-3.467475000000000023e+02
-3.489750000000000227e+02
-3.549150000000000205e+02
-3.526875000000000000e+02
-3.474900000000000091e+02
-3.448913000000000011e+02
-3.597411999999999921e+02
-3.400649999999999977e+02
-3.500887000000000171e+02
-3.463763000000000147e+02
-3.627112000000000194e+02
-3.601125000000000114e+02
-3.474900000000000091e+02
-3.530586999999999875e+02
-3.552862999999999829e+02
-3.441487000000000194e+02
-3.653100000000000023e+02
-3.623399999999999750e+02
-3.575138000000000034e+02
-3.545437999999999761e+02
-3.486037999999999784e+02
-3.627112000000000194e+02
-3.686512000000000171e+02
-3.667950000000000159e+02
-3.745912000000000148e+02
-3.693937999999999988e+02
-3.682799999999999727e+02
-3.779325000000000045e+02
-3.827588000000000079e+02
-3.771899999999999977e+02
-3.757049999999999841e+02
-3.879562999999999988e+02
-3.835013000000000147e+02
-3.801600000000000250e+02
-3.853575000000000159e+02
-3.809024999999999750e+02
-3.864712999999999852e+02
-3.820163000000000011e+02
-3.753337000000000216e+02
-3.838725000000000023e+02
-3.872137000000000171e+02
-3.868424999999999727e+02
-4.061474999999999795e+02
-3.760763000000000034e+02
-3.820163000000000011e+02
-3.905550000000000068e+02
-3.972375000000000114e+02
-3.786750000000000114e+02
-3.983512999999999806e+02
-3.898125000000000000e+02
-3.968661999999999921e+02
-4.154286999999999921e+02
-4.161712999999999738e+02
-4.235962999999999852e+02
-4.161712999999999738e+02
-4.042912999999999784e+02
-4.028061999999999898e+02
-4.013213000000000079e+02
-3.987225000000000250e+02
-4.139438000000000102e+02
-4.239674999999999727e+02
-4.191413000000000011e+02
-4.291650000000000205e+02
-4.235962999999999852e+02
-4.172850000000000250e+02
-4.221113000000000284e+02
-4.384463000000000079e+02
-3.846150000000000091e+02
-3.838725000000000023e+02
-4.091175000000000068e+02
-3.835013000000000147e+02
