-4.440149999999999864e+02
-5.011875000000000000e+02
-4.581225000000000023e+02
-5.112112000000000194e+02
-5.149238000000000284e+02
-5.394262999999999693e+02
-5.223487999999999829e+02
-5.561325000000000500e+02
-5.746950000000000500e+02
-5.631862999999999602e+02
-6.203587999999999738e+02
-6.062513000000000147e+02
-6.125625000000000000e+02
-6.237000000000000455e+02
-6.359511999999999716e+02
-6.723337000000000216e+02
-6.753038000000000238e+02
-6.667649999999999864e+02
-7.172549999999999955e+02
-7.328474999999999682e+02
-7.217100000000000364e+02
-7.124288000000000238e+02
-7.699724999999999682e+02
-7.755412999999999784e+02
-7.439850000000000136e+02
-7.859362999999999602e+02
-8.583300000000000409e+02
-7.903912000000000262e+02
-8.000438000000000329e+02
-8.468211999999999762e+02
-8.442224999999999682e+02
-8.416237999999999602e+02
-8.943411999999999580e+02
-8.880299999999999727e+02
-9.299813000000000329e+02
-8.965688000000000102e+02
-8.780063000000000102e+02
-9.362925000000000182e+02
-9.299813000000000329e+02
-9.325800000000000409e+02
-9.726749999999999545e+02
-9.797287999999999784e+02
-9.771299999999999955e+02
-1.006830000000000041e+03
-1.001633000000000038e+03
-9.901237999999999602e+02
-1.043584000000000060e+03
-1.036901000000000067e+03
-1.049894999999999982e+03
-1.090361000000000104e+03
-1.076996000000000095e+03
-1.071056000000000040e+03
-1.143820999999999913e+03
-1.157929000000000087e+03
-1.128229000000000042e+03
-1.177233999999999924e+03
-1.174634999999999991e+03
-1.167952999999999975e+03
-1.163498000000000047e+03
-1.192454999999999927e+03
-1.117834000000000060e+03
-1.126743999999999915e+03
-1.131199000000000069e+03
-1.141594000000000051e+03
-1.129713999999999942e+03
-1.144564000000000078e+03
-1.181317999999999984e+03
-1.160155999999999949e+03
-1.176863000000000056e+03
-1.206563000000000102e+03
-1.228465999999999894e+03
-1.212874000000000024e+03
-1.231435999999999922e+03
-1.257423999999999978e+03
-1.272644999999999982e+03
-1.252597999999999956e+03
-1.281183999999999969e+03
-1.327219000000000051e+03
-1.263364000000000033e+03
-1.273387999999999920e+03
-1.351721000000000004e+03
-1.329817999999999984e+03
-1.316452999999999975e+03
-1.372510999999999967e+03
-1.360259999999999991e+03
-1.358031999999999925e+03
-1.404809999999999945e+03
-1.374739000000000033e+03
-1.376223999999999933e+03
-1.418174999999999955e+03
-1.436365999999999985e+03
-1.424857999999999947e+03
-1.460498000000000047e+03
-1.454557000000000016e+03
-1.450473999999999933e+03
-1.440820999999999913e+03
-1.467922000000000025e+03
-1.477945999999999913e+03
-1.463838999999999942e+03
-1.483144000000000005e+03
-1.506531999999999925e+03
-1.510244999999999891e+03
-1.499849999999999909e+03
-1.518412000000000035e+03
-1.515814000000000078e+03
-1.517298999999999978e+03
-1.487598999999999933e+03
-1.546256000000000085e+03
-1.538088999999999942e+03
-1.526209000000000060e+03
-1.565932000000000016e+03
-1.568530999999999949e+03
-1.540316000000000031e+03
-1.591548999999999978e+03
-1.576699000000000069e+03
-1.553309999999999945e+03
-1.603799999999999955e+03
-1.597489000000000033e+03
-1.599715999999999894e+03
-1.571130000000000109e+03
-1.617906999999999925e+03
-1.588208000000000084e+03
-1.596746000000000095e+03
-1.632385999999999967e+03
-1.630529999999999973e+03
-1.652433999999999969e+03
-1.660972999999999956e+03
-1.680277000000000044e+03
-1.691786000000000058e+03
-1.700325000000000045e+03
-1.682875999999999976e+03
-1.715916999999999916e+03
-1.769377999999999929e+03
-1.747473999999999933e+03
-1.754155999999999949e+03
-1.808358999999999924e+03
-1.782000000000000000e+03
-1.782000000000000000e+03
-1.794623000000000047e+03
-1.810958000000000084e+03
-1.823579999999999927e+03
-1.818383000000000038e+03
-1.798705999999999904e+03
-1.789424999999999955e+03
-1.810958000000000084e+03
-1.778287000000000035e+03
-1.797221000000000004e+03
-1.798335000000000036e+03
-1.787568999999999960e+03
-1.784970000000000027e+03
-1.812442999999999984e+03
-1.831748000000000047e+03
-1.806874000000000024e+03
-1.822837999999999965e+03
-1.821353000000000065e+03
-1.805018000000000029e+03
-1.819125000000000000e+03
-1.802789999999999964e+03
-1.791652000000000044e+03
-1.807988000000000056e+03
-1.826179000000000087e+03
-1.818753999999999905e+03
-1.850309999999999945e+03
-1.839544000000000096e+03
-1.864788999999999987e+03
-1.875555000000000064e+03
-1.843627999999999929e+03
-1.874441000000000031e+03
-1.880381000000000085e+03
-1.876669000000000096e+03
-1.860704999999999927e+03
-1.930128999999999905e+03
-1.930500000000000000e+03
-1.907111000000000104e+03
-1.910824000000000069e+03
-1.928644000000000005e+03
-1.889662000000000035e+03
-1.916763999999999896e+03
-1.963912000000000035e+03
-1.940152000000000044e+03
-1.963912000000000035e+03
-1.975049999999999955e+03
-1.951289999999999964e+03
-2.011804000000000087e+03
-2.012546000000000049e+03
-1.923817999999999984e+03
-1.954631000000000085e+03
-1.992127999999999929e+03
-1.941637999999999920e+03
-1.939410000000000082e+03
-1.963912000000000035e+03
-1.965396999999999935e+03
-2.012546000000000049e+03
-1.994355000000000018e+03
-1.973565000000000055e+03
-2.007348999999999933e+03
-2.027025000000000091e+03
-2.009204999999999927e+03
-2.045959000000000060e+03
-2.056353999999999814e+03
-2.058581000000000131e+03
-2.095335000000000036e+03
-2.107958000000000084e+03
-2.067490999999999985e+03
-2.085311000000000149e+03
-2.120579999999999927e+03
-2.096449000000000069e+03
-2.122065000000000055e+03
-2.138028999999999996e+03
-2.086795999999999822e+03
-2.114268999999999778e+03
-2.147681000000000040e+03
-2.102018000000000029e+03
-2.104244999999999891e+03
-2.125405999999999949e+03
-2.117610000000000127e+03
-2.077885999999999967e+03
-2.129489999999999782e+03
-2.104987999999999829e+03
-2.093106999999999971e+03
-2.130231999999999971e+03
-2.137657000000000153e+03
-2.110927000000000135e+03
-2.112784000000000106e+03
-2.097563000000000102e+03
-2.109070999999999913e+03
-2.140626999999999953e+03
-2.128748000000000047e+03
-2.111670000000000073e+03
-2.157333999999999833e+03
-2.150650999999999840e+03
-2.181094000000000051e+03
-2.160304000000000087e+03
-2.135429999999999836e+03
-2.158447999999999865e+03
-2.136172999999999774e+03
-2.155478000000000065e+03
-2.133945000000000164e+03
-2.177751999999999953e+03
-2.186663000000000011e+03
-2.181835999999999785e+03
-2.198914000000000215e+03
-2.166244000000000142e+03
-2.147309999999999945e+03
-2.202255000000000109e+03
-2.190746000000000095e+03
-2.177751999999999953e+03
-2.156961999999999989e+03
-2.153992000000000189e+03
-2.142112999999999829e+03
-2.140626999999999953e+03
-2.110184999999999945e+03
-2.132088999999999942e+03
-2.151393999999999778e+03
-2.164016000000000076e+03
-2.156590999999999894e+03
-2.175153999999999996e+03
-2.175525000000000091e+03
-2.187034000000000106e+03
-2.191117000000000189e+03
-2.228614000000000033e+03
-2.210422999999999774e+03
-2.218590000000000146e+03
-2.242349999999999909e+03
-2.248289999999999964e+03
-2.273905999999999949e+03
-2.272791999999999916e+03
-2.262768999999999778e+03
-2.193715999999999894e+03
-2.150650999999999840e+03
-2.084940000000000055e+03
-2.093106999999999971e+03
-2.091251000000000204e+03
-2.041875000000000000e+03
-2.072318000000000211e+03
-2.080114000000000033e+03
-2.070460999999999785e+03
-2.063778999999999996e+03
-2.061550999999999931e+03
-2.047815000000000055e+03
-2.060809000000000196e+03
-2.073059999999999945e+03
-2.063407000000000153e+03
-2.081228000000000065e+03
-2.075659000000000106e+03
-2.078628999999999905e+03
-2.045587999999999965e+03
-2.057467999999999847e+03
-1.998439000000000078e+03
-1.948691000000000031e+03
-1.961314000000000078e+03
-1.965396999999999935e+03
-1.983218000000000075e+03
-1.990270999999999958e+03
-1.977648999999999887e+03
-1.986188000000000102e+03
-1.956115999999999985e+03
-1.985444999999999936e+03
-1.992869999999999891e+03
-2.001779999999999973e+03
-2.012174999999999955e+03
-1.993240999999999985e+03
-2.015144999999999982e+03
-2.012546000000000049e+03
-2.005492999999999938e+03
-2.010690000000000055e+03
-2.014030999999999949e+03
-2.012546000000000049e+03
-2.027025000000000091e+03
-2.051898999999999887e+03
-2.022569999999999936e+03
-2.007720000000000027e+03
-1.954631000000000085e+03
-1.967625000000000000e+03
-1.964284000000000106e+03
-1.928644000000000005e+03
-1.935326000000000022e+03
-1.946835000000000036e+03
-1.918249000000000024e+03
-1.907111000000000104e+03
-1.910824000000000069e+03
-1.916763999999999896e+03
-1.903769999999999982e+03
-1.885208000000000084e+03
-1.885950000000000045e+03
-1.869986000000000104e+03
-1.862190000000000055e+03
-1.871471000000000004e+03
-1.864046000000000049e+03
-1.878153999999999996e+03
-1.877039999999999964e+03
-1.858848999999999933e+03
-1.881124000000000024e+03
-1.862560999999999922e+03
-1.877781999999999925e+03
-1.866273999999999887e+03
-1.834346000000000004e+03
-1.833974999999999909e+03
-1.861448000000000093e+03
-1.853279999999999973e+03
-1.852537000000000035e+03
-1.852165999999999940e+03
-1.893003999999999905e+03
-1.875183999999999969e+03
-1.863304000000000087e+03
-1.879638999999999896e+03
-1.859220000000000027e+03
-1.880381000000000085e+03
-1.893003999999999905e+03
-1.871471000000000004e+03
-1.878153999999999996e+03
-1.872213999999999942e+03
-1.866273999999999887e+03
-1.847339999999999918e+03
-1.869615000000000009e+03
-1.858848999999999933e+03
-1.848083000000000084e+03
-1.871471000000000004e+03
-1.877781999999999925e+03
-1.854021999999999935e+03
-1.878895999999999958e+03
-1.881494999999999891e+03
-1.871843000000000075e+03
-1.893746000000000095e+03
-1.884836000000000013e+03
-1.890776000000000067e+03
-1.905625999999999976e+03
-1.910080999999999904e+03
-1.905625999999999976e+03
-1.905625999999999976e+03
-1.924189000000000078e+03
-1.902655999999999949e+03
-1.915650000000000091e+03
-1.914536000000000058e+03
-1.903398999999999887e+03
-1.909710000000000036e+03
-1.900429000000000087e+03
-1.882608999999999924e+03
-1.924559999999999945e+03
-1.912308999999999969e+03
-1.881494999999999891e+03
-1.914906999999999925e+03
-1.924189000000000078e+03
-1.908596000000000004e+03
-1.930128999999999905e+03
-1.921589999999999918e+03
-1.872955999999999904e+03
-1.921961000000000013e+03
-1.904884000000000015e+03
-1.884094000000000051e+03
-1.891890000000000100e+03
-1.894859999999999900e+03
-1.896345000000000027e+03
-1.876297000000000025e+03
-1.872585000000000036e+03
-1.873327999999999975e+03
-1.892260999999999967e+03
-1.866273999999999887e+03
-1.890404999999999973e+03
-1.900057000000000016e+03
-1.916393000000000029e+03
-1.886692999999999984e+03
-1.882238000000000056e+03
-1.924189000000000078e+03
-1.901541999999999916e+03
-1.892260999999999967e+03
-1.926787000000000035e+03
-1.926415999999999940e+03
-1.895230999999999995e+03
-1.921961000000000013e+03
-1.921219000000000051e+03
-1.929385999999999967e+03
