-2.937701000000000022e+03
-2.952179999999999836e+03
-2.934731000000000222e+03
-2.944755000000000109e+03
-3.005268999999999778e+03
-2.981880000000000109e+03
-2.972599000000000160e+03
-3.030143000000000029e+03
-3.040538000000000011e+03
-3.066896000000000186e+03
-3.060213999999999942e+03
-3.078405000000000200e+03
-3.031255999999999858e+03
-3.117757999999999811e+03
-3.108847000000000207e+03
-3.121099000000000160e+03
-3.147458000000000084e+03
-3.120728000000000065e+03
-3.134463999999999942e+03
-3.180126999999999953e+03
-3.190893999999999778e+03
-3.121099000000000160e+03
-3.180869999999999891e+03
-3.143001999999999953e+03
-3.143744999999999891e+03
-3.186068000000000211e+03
-3.158594999999999800e+03
-3.186809999999999945e+03
-3.205373000000000047e+03
-3.193864000000000033e+03
-3.168619000000000142e+03
-3.249179999999999836e+03
-3.223934999999999945e+03
-3.271083999999999833e+03
-3.282963999999999942e+03
-3.281106999999999971e+03
-3.292244999999999891e+03
-3.348304000000000087e+03
-3.336795000000000073e+03
-3.258090000000000146e+03
-3.311550000000000182e+03
-3.311550000000000182e+03
-3.297813999999999851e+03
-3.310436000000000149e+03
-3.358327999999999975e+03
-3.326400000000000091e+03
-3.324172999999999774e+03
-3.354244000000000142e+03
-3.328626999999999953e+03
-3.360184000000000196e+03
-3.354985999999999876e+03
-3.386541999999999916e+03
-3.365751999999999953e+03
-3.389141000000000076e+03
-3.413271999999999935e+03
-3.356099999999999909e+03
-3.361297999999999774e+03
-3.397309000000000196e+03
-3.427380000000000109e+03
-3.415500000000000000e+03
-3.431092999999999847e+03
-3.423295999999999822e+03
-3.457822999999999865e+03
-3.422182999999999993e+03
-3.439630999999999858e+03
-3.467846000000000004e+03
-3.462277999999999793e+03
-3.425152999999999793e+03
-3.451510999999999967e+03
-3.431463999999999942e+03
-3.423295999999999822e+03
-3.455594999999999800e+03
-3.470074000000000069e+03
-3.465619000000000142e+03
-3.484923999999999978e+03
-3.499402999999999793e+03
-3.458193999999999960e+03
-3.485295000000000073e+03
-3.504599999999999909e+03
-3.467103999999999814e+03
-3.489378999999999905e+03
-3.480840000000000146e+03
-3.506456000000000131e+03
-3.529103000000000065e+03
-3.529844999999999800e+03
-3.476755999999999858e+03
-3.528731000000000222e+03
-3.561030000000000200e+03
-3.528360000000000127e+03
-3.584047999999999774e+03
-3.543210000000000036e+03
-3.535784999999999854e+03
-3.565485000000000127e+03
-3.569197999999999865e+03
-3.543581000000000131e+03
-3.584789999999999964e+03
-3.596670000000000073e+03
-3.557688999999999851e+03
-3.610777999999999793e+03
-3.587389000000000124e+03
-3.581077999999999975e+03
-3.617088999999999942e+03
-3.613376000000000204e+03
-3.603724000000000160e+03
-3.643076000000000022e+03
-3.653471000000000004e+03
-3.604465999999999894e+03
-3.653471000000000004e+03
-3.634538000000000011e+03
-3.636764999999999873e+03
-3.661639000000000124e+03
-3.649387000000000171e+03
-3.680943999999999960e+03
-3.638992000000000189e+03
-3.666835999999999785e+03
-3.659411000000000058e+03
-3.658297999999999774e+03
-3.659411000000000058e+03
-3.683541999999999916e+03
-3.692081000000000131e+03
-3.712871000000000095e+03
-3.706188999999999851e+03
-3.709159000000000106e+03
-3.744798999999999978e+03
-3.666465000000000146e+03
-3.721780999999999949e+03
-3.731063000000000102e+03
-3.708788000000000011e+03
-3.712871000000000095e+03
-3.755193999999999960e+03
-3.699505999999999858e+03
-3.704333000000000084e+03
-3.760019999999999982e+03
-3.690224999999999909e+03
-3.745541000000000167e+03
-3.754079999999999927e+03
-3.778210999999999785e+03
-3.716954999999999927e+03
-3.786007999999999811e+03
-3.776726000000000113e+03
-3.737001999999999953e+03
-3.765588999999999942e+03
-3.741458000000000084e+03
-3.780068000000000211e+03
-3.790463000000000193e+03
-3.744056000000000040e+03
-3.770786000000000058e+03
-3.820163000000000011e+03
-3.803827999999999975e+03
-3.768559000000000196e+03
-3.814965000000000146e+03
-3.802342999999999847e+03
-3.809025000000000091e+03
-3.809396000000000186e+03
-3.780809999999999945e+03
-3.778210999999999785e+03
-3.825731000000000222e+03
-3.793061000000000149e+03
-3.841324000000000069e+03
-3.843550999999999931e+03
-3.861000000000000000e+03
-3.830557999999999993e+03
-3.852833000000000084e+03
-3.902951000000000022e+03
-3.870280999999999949e+03
-3.884389000000000124e+03
-3.894041000000000167e+03
-3.884760000000000218e+03
-3.930052000000000135e+03
-3.923369999999999891e+03
-3.914088999999999942e+03
-3.926710999999999785e+03
-3.935250000000000000e+03
-3.928938999999999851e+03
-3.954925999999999931e+03
-3.941190000000000055e+03
-3.940076000000000022e+03
-3.944530999999999949e+03
-3.970518999999999778e+03
-3.869909999999999854e+03
-3.835012000000000171e+03
-3.823503999999999905e+03
-3.801971000000000004e+03
-3.809768000000000029e+03
-3.813851000000000113e+03
-3.819048999999999978e+03
-3.821646999999999935e+03
-3.807168999999999869e+03
-3.774498999999999796e+03
-3.808653999999999996e+03
-3.811251999999999953e+03
-3.788235000000000127e+03
-3.829072999999999865e+03
-3.826474000000000160e+03
-3.837239999999999782e+03
-3.834269999999999982e+03
-3.816449999999999818e+03
-3.820534000000000106e+03
-3.822018999999999778e+03
-3.874735999999999876e+03
-3.812365999999999985e+03
-3.856545000000000073e+03
-3.881418999999999869e+03
-3.852090000000000146e+03
-3.877706000000000131e+03
-3.876592999999999847e+03
-3.871766000000000076e+03
-3.886615999999999985e+03
-3.907405999999999949e+03
-3.856545000000000073e+03
-3.911489999999999782e+03
-3.895525999999999840e+03
-3.873623000000000047e+03
-3.871023999999999887e+03
-3.881047999999999774e+03
-3.915945000000000164e+03
-3.893298999999999978e+03
-3.954554999999999836e+03
-3.907777999999999793e+03
-3.900353000000000065e+03
-3.937106000000000222e+03
-3.918914999999999964e+03
-3.935621000000000095e+03
-3.946016000000000076e+03
-3.957153999999999996e+03
-3.918172999999999774e+03
-3.981284999999999854e+03
-3.930795000000000073e+03
-3.956411000000000058e+03
-3.937849000000000160e+03
-3.939704999999999927e+03
-3.929681000000000040e+03
-3.991679999999999836e+03
-4.009871000000000095e+03
-3.979429000000000087e+03
-3.993907000000000153e+03
-3.992793999999999869e+03
-3.978315000000000055e+03
-4.007643999999999778e+03
-4.036972999999999956e+03
-3.969034000000000106e+03
-4.035115999999999985e+03
-4.002074999999999818e+03
-3.971260999999999967e+03
-4.018039000000000215e+03
-3.974974000000000160e+03
-3.979800000000000182e+03
-4.022123000000000047e+03
-4.014326000000000022e+03
-3.987967999999999847e+03
-3.997248999999999796e+03
-4.020266000000000076e+03
-3.941561000000000149e+03
-3.966806000000000040e+03
-3.907034999999999854e+03
-3.855802000000000135e+03
-3.888472999999999956e+03
-3.863969999999999800e+03
-3.855802000000000135e+03
-3.833155999999999949e+03
-3.886244999999999891e+03
-3.837981999999999971e+03
-3.861742000000000189e+03
-3.858400999999999840e+03
-3.821646999999999935e+03
-3.836498000000000047e+03
-3.888472999999999956e+03
-3.871023999999999887e+03
-3.892184999999999945e+03
-3.891070999999999913e+03
-3.880675999999999931e+03
-3.849119999999999891e+03
-3.935992000000000189e+03
-3.883275000000000091e+03
-3.892184999999999945e+03
-3.943789000000000215e+03
-3.920400000000000091e+03
-3.876221000000000004e+03
-3.932280000000000200e+03
-3.880304999999999836e+03
-3.894784000000000106e+03
-3.890699999999999818e+03
-3.823503999999999905e+03
-3.834269999999999982e+03
-3.860257999999999811e+03
-3.859143999999999778e+03
-3.861742000000000189e+03
-3.881789999999999964e+03
-3.859885999999999967e+03
-3.855802000000000135e+03
-3.884760000000000218e+03
-3.895525999999999840e+03
-3.883646000000000186e+03
-3.909262000000000171e+03
-3.893298999999999978e+03
-3.875849999999999909e+03
-3.907777999999999793e+03
-3.915574000000000069e+03
-3.915945000000000164e+03
-3.938219999999999800e+03
-3.899610000000000127e+03
-3.899239000000000033e+03
-3.938219999999999800e+03
-3.930052000000000135e+03
-3.910748000000000047e+03
-3.936364000000000033e+03
-3.911860999999999876e+03
-3.914460000000000036e+03
-3.922626999999999953e+03
-3.948244000000000142e+03
-3.919286000000000058e+03
-3.988338999999999942e+03
-3.988710000000000036e+03
-3.968663000000000011e+03
-3.976458999999999833e+03
-3.978315000000000055e+03
-3.972746000000000095e+03
-3.988338999999999942e+03
-3.989824000000000069e+03
-3.969405000000000200e+03
-4.003188999999999851e+03
-3.994278999999999996e+03
-3.993907000000000153e+03
-4.014326000000000022e+03
-4.004673999999999978e+03
-4.016182999999999993e+03
-4.033630999999999858e+03
-4.037344000000000051e+03
-4.008385999999999967e+03
-4.029918999999999869e+03
-4.031403999999999996e+03
-4.049965999999999894e+03
-4.053679000000000087e+03
-4.051079999999999927e+03
-4.044396999999999935e+03
-4.069271000000000186e+03
-4.062960000000000036e+03
-4.024349999999999909e+03
-4.084492000000000189e+03
-4.080409000000000106e+03
-4.083750000000000000e+03
-4.100456000000000131e+03
-4.087090999999999894e+03
-4.079295000000000073e+03
-4.083750000000000000e+03
-4.091545999999999822e+03
-4.059989999999999782e+03
-4.113820999999999913e+03
-4.090061000000000149e+03
-4.110850999999999658e+03
-4.078923999999999978e+03
-4.121246000000000095e+03
-4.113078999999999724e+03
-4.143520999999999731e+03
-4.143893000000000029e+03
-4.108623999999999796e+03
-4.124216000000000349e+03
-4.104168999999999869e+03
-4.142036000000000058e+03
-4.106024999999999636e+03
-4.133868999999999687e+03
-4.062588999999999942e+03
-3.992050999999999931e+03
-4.045139999999999873e+03
-3.984626000000000204e+03
-4.031403999999999996e+03
-4.039943000000000211e+03
-4.034744999999999891e+03
-4.038458000000000084e+03
-4.094516000000000076e+03
-4.016554000000000087e+03
-4.046996000000000095e+03
-4.055534999999999854e+03
-4.052936000000000149e+03
-4.050708999999999833e+03
-4.072240999999999985e+03
-4.075210999999999785e+03
-4.091545999999999822e+03
-4.063702999999999975e+03
-4.078552000000000135e+03
-4.068157000000000153e+03
-4.094144999999999982e+03
-4.073355000000000018e+03
-4.084492000000000189e+03
-4.111222999999999956e+03
-4.046625000000000000e+03
-4.036601000000000113e+03
-4.016925000000000182e+03
-4.069271000000000186e+03
-4.019894999999999982e+03
-4.009871000000000095e+03
-4.052193999999999960e+03
-4.010614000000000033e+03
-4.009500000000000000e+03
-3.995021000000000186e+03
-4.017666999999999916e+03
-4.036972999999999956e+03
-4.085235000000000127e+03
-4.050708999999999833e+03
-4.036601000000000113e+03
-4.069643000000000029e+03
-4.039943000000000211e+03
-4.036601000000000113e+03
-4.117162999999999556e+03
-4.061103999999999814e+03
-4.118646999999999935e+03
-4.075210999999999785e+03
-4.082264999999999873e+03
-4.119761000000000422e+03
-4.104539999999999964e+03
-4.116420000000000073e+03
-4.087090999999999894e+03
