-5.338574999999999591e+02
-5.461087999999999738e+02
-5.646712999999999738e+02
-5.397975000000000136e+02
-5.568750000000000000e+02
-5.717250000000000227e+02
-5.357137000000000171e+02
-5.505638000000000147e+02
-5.394262999999999693e+02
-5.357137000000000171e+02
-5.557612000000000307e+02
-5.371987000000000307e+02
-5.620724999999999909e+02
-5.498211999999999762e+02
-5.553899999999999864e+02
-5.728387000000000171e+02
-5.587313000000000329e+02
-5.732100000000000364e+02
-5.550186999999999671e+02
-5.683836999999999762e+02
-5.828624999999999545e+02
-6.069937999999999647e+02
-5.746950000000000500e+02
-5.921436999999999671e+02
-5.795212000000000216e+02
-5.702400000000000091e+02
-5.795212000000000216e+02
-5.702400000000000091e+02
-5.750662999999999556e+02
-6.095924999999999727e+02
-5.836050000000000182e+02
-5.732100000000000364e+02
-5.891738000000000284e+02
-6.095924999999999727e+02
-5.906588000000000420e+02
-5.906588000000000420e+02
-6.129338000000000193e+02
-5.869461999999999762e+02
-5.661562999999999874e+02
-5.954850000000000136e+02
-6.292686999999999671e+02
-5.928862000000000307e+02
-5.795212000000000216e+02
-6.088500000000000227e+02
-6.185025000000000546e+02
-6.140475000000000136e+02
-6.051375000000000455e+02
-6.322387999999999693e+02
-6.288975000000000364e+02
-6.110774999999999864e+02
-6.125625000000000000e+02
-6.366938000000000102e+02
-6.207300000000000182e+02
-6.125625000000000000e+02
-6.352087000000000216e+02
-5.940000000000000000e+02
-6.262988000000000284e+02
-6.051375000000000455e+02
-6.095924999999999727e+02
-6.370650000000000546e+02
-6.314963000000000193e+02
-6.162749999999999773e+02
-6.211013000000000375e+02
-6.671362000000000307e+02
-6.489450000000000500e+02
-6.452324999999999591e+02
-6.311250000000000000e+02
-6.604537000000000262e+02
-6.786449999999999818e+02
-6.649088000000000420e+02
-6.671362000000000307e+02
-7.012912999999999784e+02
-6.693637999999999693e+02
-6.723337000000000216e+02
-6.808724999999999454e+02
-6.563700000000000045e+02
-6.485737000000000307e+02
-6.407775000000000318e+02
-6.496875000000000000e+02
-6.563700000000000045e+02
-6.686213000000000193e+02
-6.868125000000000000e+02
-6.701063000000000329e+02
-7.027762000000000171e+02
-6.886688000000000329e+02
-6.697350000000000136e+02
-6.923813000000000102e+02
-7.109438000000000102e+02
-7.172549999999999955e+02
-7.005488000000000284e+02
-7.150275000000000318e+02
-7.035186999999999671e+02
-7.053750000000000000e+02
-7.313624999999999545e+02
-7.380449999999999591e+02
-7.354461999999999762e+02
-7.295063000000000102e+02
-7.536375000000000455e+02
-7.306200000000000045e+02
-7.243088000000000193e+02
-7.295063000000000102e+02
-7.339611999999999625e+02
-7.217100000000000364e+02
-7.220811999999999671e+02
-7.261649999999999636e+02
-7.488112999999999602e+02
-7.321050000000000182e+02
-7.395299999999999727e+02
-7.335900000000000318e+02
-7.369312999999999647e+02
-7.476974999999999909e+02
-7.696013000000000375e+02
-7.640325000000000273e+02
-7.547513000000000147e+02
-7.473261999999999716e+02
-7.569787999999999784e+02
-7.425000000000000000e+02
-7.317337999999999738e+02
-7.458411999999999580e+02
-7.324763000000000375e+02
-7.554937999999999647e+02
-7.554937999999999647e+02
-7.376738000000000284e+02
-7.428713000000000193e+02
-7.554937999999999647e+02
-7.577213000000000420e+02
-7.480688000000000102e+02
-7.788825000000000500e+02
-7.562363000000000284e+02
-7.540086999999999762e+02
-7.677450000000000045e+02
-7.684874999999999545e+02
-7.929900000000000091e+02
-7.807387999999999693e+02
-7.766549999999999727e+02
-7.528949999999999818e+02
-7.198537999999999784e+02
-7.179974999999999454e+02
-7.306200000000000045e+02
-6.864412999999999556e+02
-6.882975000000000136e+02
-7.024049999999999727e+02
-6.853274999999999864e+02
-6.563700000000000045e+02
-6.808724999999999454e+02
-6.934950000000000045e+02
-6.856987000000000307e+02
-6.871838000000000193e+02
-6.912675000000000409e+02
-6.894112999999999829e+02
-7.142849999999999682e+02
-6.875549999999999500e+02
-6.908962000000000216e+02
-6.615674999999999955e+02
-6.704774999999999636e+02
-6.563700000000000045e+02
-6.693637999999999693e+02
-6.500588000000000193e+02
-6.571124999999999545e+02
-6.734474999999999909e+02
-6.797586999999999762e+02
-6.637949999999999591e+02
-6.697350000000000136e+02
-6.849561999999999671e+02
-6.797586999999999762e+02
-6.771599999999999682e+02
-6.972074999999999818e+02
-6.923813000000000102e+02
-6.771599999999999682e+02
-6.983211999999999762e+02
-6.856987000000000307e+02
-6.849561999999999671e+02
-6.842137000000000171e+02
-6.860700000000000500e+02
-6.927525000000000546e+02
-7.105724999999999909e+02
-6.934950000000000045e+02
-7.139138000000000375e+02
-7.120575000000000045e+02
-6.808724999999999454e+02
-6.875549999999999500e+02
-6.905249999999999773e+02
-6.808724999999999454e+02
-6.775312999999999874e+02
-6.845850000000000364e+02
-6.689924999999999500e+02
-6.738188000000000102e+02
-6.615674999999999955e+02
-6.697350000000000136e+02
-6.819863000000000284e+02
-6.860700000000000500e+02
-6.730761999999999716e+02
-6.805013000000000147e+02
-6.856987000000000307e+02
-6.957224999999999682e+02
-6.571124999999999545e+02
-6.593400000000000318e+02
-6.860700000000000500e+02
-6.448613000000000284e+02
-6.686213000000000193e+02
-6.667649999999999864e+02
-6.697350000000000136e+02
-6.645375000000000227e+02
-6.611961999999999762e+02
-6.745612999999999602e+02
-6.741900000000000546e+02
-6.701063000000000329e+02
-6.723337000000000216e+02
-6.816150000000000091e+02
-6.727050000000000409e+02
-6.834713000000000420e+02
-6.942374999999999545e+02
-6.756749999999999545e+02
-6.675075000000000500e+02
-6.882975000000000136e+02
-6.797586999999999762e+02
-6.827287999999999784e+02
-6.953513000000000375e+02
-6.916386999999999716e+02
-6.975787000000000262e+02
-6.901536999999999580e+02
-6.871838000000000193e+02
-6.771599999999999682e+02
-6.946087999999999738e+02
-7.090874999999999773e+02
-6.968361999999999625e+02
-6.986924999999999955e+02
-6.979500000000000455e+02
-6.552563000000000102e+02
-6.552563000000000102e+02
-6.775312999999999874e+02
-6.767888000000000375e+02
-6.805013000000000147e+02
-6.697350000000000136e+02
-6.827287999999999784e+02
-6.734474999999999909e+02
-6.608250000000000455e+02
-6.760462999999999738e+02
-6.834713000000000420e+02
-6.667649999999999864e+02
-6.723337000000000216e+02
-6.831000000000000227e+02
-6.905249999999999773e+02
-7.016625000000000227e+02
-6.938663000000000238e+02
-6.693637999999999693e+02
-6.868125000000000000e+02
-6.920099999999999909e+02
-6.838424999999999727e+02
-6.623099999999999454e+02
-6.849561999999999671e+02
-6.782736999999999625e+02
-6.637949999999999591e+02
-6.760462999999999738e+02
-6.348374999999999773e+02
-6.303825000000000500e+02
-6.144188000000000329e+02
-6.170175000000000409e+02
-6.326100000000000136e+02
-6.159036999999999580e+02
-6.133049999999999500e+02
-6.147899999999999636e+02
-6.396638000000000375e+02
-6.203587999999999738e+02
-6.266699999999999591e+02
-6.430049999999999955e+02
-6.240711999999999762e+02
-6.173886999999999716e+02
-6.326100000000000136e+02
-6.333524999999999636e+02
-6.218437999999999874e+02
-6.185025000000000546e+02
-6.355800000000000409e+02
-6.274125000000000227e+02
-6.303825000000000500e+02
-6.389212999999999738e+02
-6.348374999999999773e+02
-6.337237999999999829e+02
-6.407775000000000318e+02
-6.326100000000000136e+02
-6.311250000000000000e+02
-6.585974999999999682e+02
-6.307537999999999556e+02
-6.103350000000000364e+02
-6.262988000000000284e+02
-6.381788000000000238e+02
-6.389212999999999738e+02
-6.162749999999999773e+02
-6.296399999999999864e+02
-6.329813000000000329e+02
-6.352087000000000216e+02
-6.043949999999999818e+02
-6.303825000000000500e+02
-6.307537999999999556e+02
-6.288975000000000364e+02
-6.296399999999999864e+02
-6.444900000000000091e+02
-6.311250000000000000e+02
-6.181312000000000353e+02
-6.092213000000000420e+02
-6.303825000000000500e+02
-6.188737999999999602e+02
-6.296399999999999864e+02
-6.203587999999999738e+02
-6.370650000000000546e+02
-6.277838000000000420e+02
-6.203587999999999738e+02
-6.133049999999999500e+02
-6.188737999999999602e+02
-6.144188000000000329e+02
-6.081074999999999591e+02
-6.229574999999999818e+02
-6.155325000000000273e+02
-6.099637000000000171e+02
-6.259275000000000091e+02
-6.277838000000000420e+02
-6.333524999999999636e+02
-6.314963000000000193e+02
-6.066224999999999454e+02
-6.099637000000000171e+02
-6.363224999999999909e+02
-6.322387999999999693e+02
-5.954850000000000136e+02
-6.032812999999999874e+02
-6.155325000000000273e+02
-6.058799999999999955e+02
-6.340950000000000273e+02
-6.114487000000000307e+02
-6.211013000000000375e+02
-6.203587999999999738e+02
-6.147899999999999636e+02
-6.214724999999999682e+02
-6.248138000000000147e+02
-6.043949999999999818e+02
-6.207300000000000182e+02
-6.337237999999999829e+02
-6.177599999999999909e+02
-6.329813000000000329e+02
-6.281549999999999727e+02
-6.244424999999999955e+02
-6.151612999999999829e+02
-6.374362999999999602e+02
-6.207300000000000182e+02
-6.203587999999999738e+02
-6.270412999999999784e+02
-6.300112000000000307e+02
-6.177599999999999909e+02
-6.255562999999999647e+02
-6.188737999999999602e+02
-6.285262000000000171e+02
-6.415199999999999818e+02
-6.084787999999999784e+02
-6.103350000000000364e+02
-6.400349999999999682e+02
-6.006825000000000045e+02
-6.229574999999999818e+02
-6.396638000000000375e+02
-6.207300000000000182e+02
-6.233287000000000262e+02
-6.259275000000000091e+02
-6.129338000000000193e+02
-6.092213000000000420e+02
-6.218437999999999874e+02
-6.240711999999999762e+02
-6.081074999999999591e+02
-6.051375000000000455e+02
-6.240711999999999762e+02
-6.036525000000000318e+02
-6.140475000000000136e+02
-6.196163000000000238e+02
-6.062513000000000147e+02
-6.214724999999999682e+02
-6.296399999999999864e+02
-6.069937999999999647e+02
-6.222150000000000318e+02
-6.140475000000000136e+02
-6.040236999999999625e+02
-6.136762999999999693e+02
-6.066224999999999454e+02
-6.066224999999999454e+02
-6.129338000000000193e+02
-6.062513000000000147e+02
-6.214724999999999682e+02
-6.025388000000000375e+02
-6.155325000000000273e+02
-6.043949999999999818e+02
-5.962274999999999636e+02
-6.181312000000000353e+02
-6.170175000000000409e+02
-6.110774999999999864e+02
-6.144188000000000329e+02
-6.073650000000000091e+02
-6.129338000000000193e+02
-6.170175000000000409e+02
-6.192450000000000045e+02
-6.147899999999999636e+02
-6.136762999999999693e+02
-6.017962999999999738e+02
-6.296399999999999864e+02
-6.151612999999999829e+02
-6.110774999999999864e+02
-6.185025000000000546e+02
-5.980837000000000216e+02
-5.940000000000000000e+02
-6.151612999999999829e+02
-6.151612999999999829e+02
-5.977124999999999773e+02
-5.980837000000000216e+02
-6.069937999999999647e+02
-6.029099999999999682e+02
-6.032812999999999874e+02
-6.251849999999999454e+02
