-1.039500000000000028e+02
-1.180575000000000045e+02
-1.321649999999999920e+02
-1.592663000000000011e+02
-1.637213000000000136e+02
-1.403325000000000102e+02
-1.477574999999999932e+02
-1.481288000000000125e+02
-1.403325000000000102e+02
-1.548112000000000137e+02
-1.626074999999999875e+02
-1.626074999999999875e+02
-1.704036999999999864e+02
-1.715175000000000125e+02
-1.911938000000000102e+02
-1.614937999999999931e+02
-2.041875000000000000e+02
-1.856250000000000000e+02
-1.897087999999999965e+02
-2.086425000000000125e+02
-2.130974999999999966e+02
-2.212649999999999864e+02
-2.101274999999999977e+02
-2.049300000000000068e+02
-2.001037000000000035e+02
-2.160674999999999955e+02
-2.375999999999999943e+02
-2.264625000000000057e+02
-2.453962999999999965e+02
-2.301750000000000114e+02
-2.220074999999999932e+02
-2.212649999999999864e+02
-2.635874999999999773e+02
-2.212649999999999864e+02
-2.290612000000000137e+02
-2.710124999999999886e+02
-2.394562999999999988e+02
-2.498513000000000090e+02
-2.702699999999999818e+02
-2.528213000000000079e+02
-2.431687000000000012e+02
-2.710124999999999886e+02
-2.609886999999999944e+02
-2.569049999999999727e+02
-2.814075000000000273e+02
-2.569049999999999727e+02
-2.858625000000000114e+02
-2.873475000000000250e+02
-2.702699999999999818e+02
-2.840063000000000102e+02
-3.062812999999999874e+02
-2.743537999999999784e+02
-2.921738000000000284e+02
-3.367237999999999829e+02
-3.129637000000000171e+02
-3.155625000000000000e+02
-3.270713000000000079e+02
-3.263288000000000011e+02
-3.389513000000000034e+02
-3.534300000000000068e+02
-3.289275000000000091e+02
-3.530586999999999875e+02
-3.512024999999999864e+02
-3.441487000000000194e+02
-3.512024999999999864e+02
-3.601125000000000114e+02
-3.255862000000000194e+02
-3.489750000000000227e+02
-3.560287000000000148e+02
-3.497174999999999727e+02
-3.757049999999999841e+02
-3.771899999999999977e+02
-3.593700000000000045e+02
-3.797887999999999806e+02
-3.716211999999999875e+02
-3.820163000000000011e+02
-3.630824999999999818e+02
-3.437774999999999750e+02
-3.630824999999999818e+02
-3.582563000000000102e+02
-3.612262999999999806e+02
-3.582563000000000102e+02
-3.927825000000000273e+02
-3.500887000000000171e+02
-3.512024999999999864e+02
-3.589986999999999853e+02
-3.512024999999999864e+02
-3.608550000000000182e+02
-3.816449999999999818e+02
-3.753337000000000216e+02
-3.697649999999999864e+02
-4.013213000000000079e+02
-3.964950000000000045e+02
-4.031775000000000091e+02
-4.172850000000000250e+02
-4.191413000000000011e+02
-4.009499999999999886e+02
-4.332486999999999853e+02
-4.321349999999999909e+02
-4.091175000000000068e+02
-4.165425000000000182e+02
-4.622062999999999988e+02
-4.139438000000000102e+02
-4.161712999999999738e+02
-4.365899999999999750e+02
-4.547812999999999874e+02
-4.603500000000000227e+02
-4.425299999999999727e+02
-4.581225000000000023e+02
-4.499549999999999841e+02
-4.488412000000000148e+02
-4.377038000000000011e+02
-4.480987999999999829e+02
-4.343625000000000114e+02
-4.135724999999999909e+02
-4.124587000000000216e+02
-4.384463000000000079e+02
-4.317638000000000034e+02
-4.365899999999999750e+02
-4.243387000000000171e+02
-4.232250000000000227e+02
-4.343625000000000114e+02
-4.395600000000000023e+02
-4.291650000000000205e+02
-4.273086999999999875e+02
-4.365899999999999750e+02
-4.492124999999999773e+02
-4.458711999999999875e+02
-4.484700000000000273e+02
-4.536675000000000182e+02
-4.388174999999999955e+02
-4.510688000000000102e+02
-4.599787999999999784e+02
-4.577513000000000147e+02
-4.588650000000000091e+02
-4.648050000000000068e+02
-4.726012999999999806e+02
-4.584936999999999898e+02
-4.870799999999999841e+02
-4.670325000000000273e+02
-4.907925000000000182e+02
-5.000738000000000056e+02
-4.859662000000000148e+02
-4.707450000000000045e+02
-4.599787999999999784e+02
-4.555237000000000194e+02
-4.815113000000000056e+02
-4.726012999999999806e+02
-4.614637000000000171e+02
-4.529250000000000114e+02
-4.959900000000000091e+02
-4.893075000000000045e+02
-4.844812999999999761e+02
-4.933913000000000011e+02
-4.956186999999999898e+02
-5.052712000000000216e+02
-4.989599999999999795e+02
-5.056424999999999841e+02
-5.223487999999999829e+02
-5.152949999999999591e+02
-5.074986999999999853e+02
-5.212350000000000136e+02
-5.160375000000000227e+02
-5.008163000000000125e+02
-5.435099999999999909e+02
-5.230911999999999580e+02
-5.212350000000000136e+02
-4.714875000000000114e+02
-4.544100000000000250e+02
-4.566374999999999886e+02
-4.737149999999999750e+02
-4.696313000000000102e+02
-4.748288000000000011e+02
-4.878224999999999909e+02
-4.907925000000000182e+02
-4.893075000000000045e+02
-4.930199999999999818e+02
-5.004449999999999932e+02
-4.766850000000000023e+02
-5.011875000000000000e+02
-5.023013000000000261e+02
-4.907925000000000182e+02
-4.967325000000000159e+02
-4.948763000000000147e+02
-4.933913000000000011e+02
-5.130674999999999955e+02
-4.971037999999999784e+02
-4.967325000000000159e+02
-5.338574999999999591e+02
-5.327437999999999647e+02
-5.000738000000000056e+02
-5.383125000000000000e+02
-5.472224999999999682e+02
-5.357137000000000171e+02
-5.294025000000000318e+02
-5.449950000000000045e+02
-5.353424999999999727e+02
-5.576174999999999500e+02
-5.479650000000000318e+02
-5.409112999999999829e+02
-5.513062999999999647e+02
-5.371987000000000307e+02
-4.822538000000000125e+02
-4.584936999999999898e+02
-4.581225000000000023e+02
-4.484700000000000273e+02
-4.395600000000000023e+02
-4.633199999999999932e+02
-4.570088000000000079e+02
-4.555237000000000194e+02
-4.388174999999999955e+02
-4.276800000000000068e+02
-4.261949999999999932e+02
-4.506974999999999909e+02
-4.228537999999999784e+02
-4.377038000000000011e+02
-4.421587999999999852e+02
-4.280511999999999944e+02
-4.243387000000000171e+02
-4.384463000000000079e+02
-4.440149999999999864e+02
-4.566374999999999886e+02
-4.365899999999999750e+02
-4.432724999999999795e+02
-4.503263000000000034e+02
-4.473562999999999761e+02
-4.328774999999999977e+02
-4.540387999999999806e+02
-4.466138000000000261e+02
-4.540387999999999806e+02
-4.506974999999999909e+02
-4.648050000000000068e+02
-4.480987999999999829e+02
-4.377038000000000011e+02
-4.492124999999999773e+02
-4.429012000000000171e+02
-4.261949999999999932e+02
-4.183987000000000194e+02
-3.946388000000000034e+02
-4.202549999999999955e+02
-4.165425000000000182e+02
-4.061474999999999795e+02
-4.224825000000000159e+02
-4.391888000000000147e+02
-4.132013000000000034e+02
-4.295362999999999829e+02
-4.202549999999999955e+02
-4.443863000000000056e+02
-4.336200000000000045e+02
-4.391888000000000147e+02
-4.109737999999999829e+02
-4.083750000000000000e+02
-4.347337999999999738e+02
-4.247099999999999795e+02
-4.221113000000000284e+02
-4.373324999999999818e+02
-4.243387000000000171e+02
-4.377038000000000011e+02
-4.239674999999999727e+02
-4.109737999999999829e+02
-4.250812999999999988e+02
-4.291650000000000205e+02
-4.332486999999999853e+02
-4.410450000000000159e+02
-4.403025000000000091e+02
-4.287937999999999761e+02
-4.358475000000000250e+02
-4.458711999999999875e+02
-4.499549999999999841e+02
-4.599787999999999784e+02
-4.518111999999999853e+02
-4.488412000000000148e+02
-4.295362999999999829e+02
-4.347337999999999738e+02
-4.425299999999999727e+02
-4.261949999999999932e+02
-4.514399999999999977e+02
-4.432724999999999795e+02
-4.521825000000000045e+02
-4.659187999999999761e+02
-4.677749999999999773e+02
-4.629488000000000056e+02
-4.570088000000000079e+02
-4.714875000000000114e+02
-4.570088000000000079e+02
-4.577513000000000147e+02
-4.377038000000000011e+02
-4.466138000000000261e+02
-4.492124999999999773e+02
-4.443863000000000056e+02
-4.239674999999999727e+02
-4.614637000000000171e+02
-4.622062999999999988e+02
-4.351050000000000182e+02
-4.473562999999999761e+02
-4.640625000000000000e+02
-4.681462000000000216e+02
-4.488412000000000148e+02
-4.525536999999999921e+02
-4.570088000000000079e+02
-4.555237000000000194e+02
-4.384463000000000079e+02
-4.503263000000000034e+02
-4.577513000000000147e+02
-4.596075000000000159e+02
-4.670325000000000273e+02
-4.766850000000000023e+02
-4.603500000000000227e+02
-4.718587999999999738e+02
-4.933913000000000011e+02
-4.625774999999999864e+02
-4.488412000000000148e+02
-4.733437999999999874e+02
-4.596075000000000159e+02
-4.681462000000000216e+02
-4.748288000000000011e+02
-4.622062999999999988e+02
-4.703736999999999853e+02
-4.878224999999999909e+02
-4.603500000000000227e+02
-4.922774999999999750e+02
-4.785412999999999784e+02
-4.751999999999999886e+02
-4.815113000000000056e+02
-4.696313000000000102e+02
-4.777988000000000284e+02
-4.759424999999999955e+02
-4.726012999999999806e+02
-4.711161999999999921e+02
-4.577513000000000147e+02
-4.532962999999999738e+02
-4.403025000000000091e+02
-4.146861999999999853e+02
-4.399311999999999898e+02
-4.365899999999999750e+02
-4.042912999999999784e+02
-4.377038000000000011e+02
-4.351050000000000182e+02
-4.273086999999999875e+02
-4.495837000000000216e+02
-4.261949999999999932e+02
-4.161712999999999738e+02
-4.224825000000000159e+02
-4.254524999999999864e+02
-4.295362999999999829e+02
-4.232250000000000227e+02
-4.358475000000000250e+02
-4.213686999999999898e+02
-4.336200000000000045e+02
-4.521825000000000045e+02
-4.343625000000000114e+02
-4.466138000000000261e+02
-4.399311999999999898e+02
-4.399311999999999898e+02
-4.473562999999999761e+02
-4.325063000000000102e+02
-4.351050000000000182e+02
-4.484700000000000273e+02
-4.388174999999999955e+02
-4.232250000000000227e+02
-4.302787000000000148e+02
-4.306499999999999773e+02
-4.321349999999999909e+02
-4.596075000000000159e+02
-4.558949999999999818e+02
-4.488412000000000148e+02
-4.666612999999999829e+02
-4.722300000000000182e+02
-4.592363000000000284e+02
-4.644336999999999875e+02
-4.648050000000000068e+02
-4.666612999999999829e+02
-4.674037000000000148e+02
-4.781700000000000159e+02
-4.499549999999999841e+02
-4.388174999999999955e+02
-4.581225000000000023e+02
-4.536675000000000182e+02
-4.685174999999999841e+02
-4.529250000000000114e+02
-4.425299999999999727e+02
-4.551524999999999750e+02
-4.677749999999999773e+02
-4.610924999999999727e+02
-4.607212999999999852e+02
-4.570088000000000079e+02
-4.518111999999999853e+02
-4.599787999999999784e+02
-4.674037000000000148e+02
-4.688888000000000034e+02
-4.662900000000000205e+02
-4.855950000000000273e+02
-4.926487000000000194e+02
-4.833675000000000068e+02
-4.692599999999999909e+02
-4.232250000000000227e+02
-4.302787000000000148e+02
-4.384463000000000079e+02
-4.466138000000000261e+02
-4.325063000000000102e+02
-4.187699999999999818e+02
-4.362187999999999874e+02
-4.395600000000000023e+02
-4.362187999999999874e+02
-4.172850000000000250e+02
-4.365899999999999750e+02
-4.443863000000000056e+02
-4.273086999999999875e+02
-4.313924999999999841e+02
-4.295362999999999829e+02
-4.221113000000000284e+02
-4.299075000000000273e+02
