-1.459384000000000015e+03
-1.466808999999999969e+03
-1.447875000000000000e+03
-1.484628999999999905e+03
-1.521383000000000038e+03
-1.504675999999999931e+03
-1.511358999999999924e+03
-1.554795000000000073e+03
-1.525095000000000027e+03
-1.548855000000000018e+03
-1.573729000000000042e+03
-1.518412000000000035e+03
-1.546256000000000085e+03
-1.595633000000000038e+03
-1.560734999999999900e+03
-1.586722999999999956e+03
-1.607512999999999920e+03
-1.581525000000000091e+03
-1.617164999999999964e+03
-1.639068999999999960e+03
-1.627189000000000078e+03
-1.654289999999999964e+03
-1.659115999999999985e+03
-1.639810999999999922e+03
-1.681762999999999920e+03
-1.702923999999999978e+03
-1.694756000000000085e+03
-1.725941000000000031e+03
-1.723713999999999942e+03
-1.734851000000000113e+03
-1.717773999999999887e+03
-1.755269999999999982e+03
-1.747845000000000027e+03
-1.772719000000000051e+03
-1.793509000000000015e+03
-1.770119999999999891e+03
-1.794250999999999976e+03
-1.826921000000000049e+03
-1.836202999999999975e+03
-1.802419000000000096e+03
-1.877411000000000058e+03
-1.831748000000000047e+03
-1.832861000000000104e+03
-1.867387999999999920e+03
-1.893746000000000095e+03
-1.885578999999999951e+03
-1.944236000000000104e+03
-1.896345000000000027e+03
-1.919363000000000056e+03
-1.926415999999999940e+03
-1.918990999999999985e+03
-1.936068999999999960e+03
-1.975421000000000049e+03
-1.955374000000000024e+03
-1.978391000000000076e+03
-2.038534000000000106e+03
-2.021827999999999975e+03
-1.989156999999999925e+03
-2.029624000000000024e+03
-2.018857999999999947e+03
-2.014030999999999949e+03
-2.052269999999999982e+03
-2.051527999999999793e+03
-2.039646999999999935e+03
-2.064521000000000186e+03
-2.102389000000000124e+03
-2.085311000000000149e+03
-2.095706000000000131e+03
-2.127262000000000171e+03
-2.095335000000000036e+03
-2.125777999999999793e+03
-2.145083000000000084e+03
-2.123920999999999822e+03
-2.156961999999999989e+03
-2.130974999999999909e+03
-2.094592999999999847e+03
-2.161045999999999822e+03
-2.161045999999999822e+03
-2.134688000000000102e+03
-2.176639000000000124e+03
-2.180722000000000207e+03
-2.162159999999999854e+03
-2.197800000000000182e+03
-2.216362999999999829e+03
-2.222302000000000135e+03
-2.253858999999999924e+03
-2.241235999999999876e+03
-2.212278999999999996e+03
-2.234554000000000087e+03
-2.247175999999999931e+03
-2.192603000000000065e+03
-2.225643999999999778e+03
-2.240123000000000047e+03
-2.226014999999999873e+03
-2.263139999999999873e+03
-2.281702999999999975e+03
-2.256458000000000084e+03
-2.227871000000000095e+03
-2.268336999999999989e+03
-2.268336999999999989e+03
-2.282445000000000164e+03
-2.271679000000000087e+03
-2.301750000000000000e+03
-2.281331000000000131e+03
-2.283559000000000196e+03
-2.256458000000000084e+03
-2.216733999999999924e+03
-2.219704000000000178e+03
-2.199655999999999949e+03
-2.232326000000000022e+03
-2.244577999999999975e+03
-2.244206000000000131e+03
-2.247175999999999931e+03
-2.253858999999999924e+03
-2.251630999999999858e+03
-2.273534999999999854e+03
-2.275019999999999982e+03
-2.270936000000000149e+03
-2.299893999999999778e+03
-2.326994999999999891e+03
-2.309545999999999822e+03
-2.312144999999999982e+03
-2.343329999999999927e+03
-2.361150000000000091e+03
-2.340360000000000127e+03
-2.361521000000000186e+03
-2.364862999999999829e+03
-2.381940000000000055e+03
-2.407927000000000135e+03
-2.391592999999999847e+03
-2.425376000000000204e+03
-2.423891000000000076e+03
-2.409041000000000167e+03
-2.412382999999999811e+03
-2.447280000000000200e+03
-2.458789000000000215e+03
-2.445795000000000073e+03
-2.498141000000000076e+03
-2.478094000000000051e+03
-2.446166000000000167e+03
-2.455818999999999960e+03
-2.485518999999999778e+03
-2.467327999999999975e+03
-2.427231999999999971e+03
-2.449878999999999905e+03
-2.434286000000000058e+03
-2.449878999999999905e+03
-2.438740999999999985e+03
-2.429831000000000131e+03
-2.452849000000000160e+03
-2.479208000000000084e+03
-2.439855000000000018e+03
-2.492572999999999865e+03
-2.484034000000000106e+03
-2.472896000000000186e+03
-2.513362999999999829e+03
-2.496655999999999949e+03
-2.492201000000000022e+03
-2.507050999999999931e+03
-2.524128999999999905e+03
-2.521530000000000200e+03
-2.539721000000000004e+03
-2.538978999999999814e+03
-2.547518000000000029e+03
-2.537864999999999782e+03
-2.550115999999999985e+03
-2.531925000000000182e+03
-2.534152999999999793e+03
-2.554943000000000211e+03
-2.532666999999999916e+03
-2.537864999999999782e+03
-2.531554000000000087e+03
-2.529697999999999865e+03
-2.547518000000000029e+03
-2.569420999999999822e+03
-2.557913000000000011e+03
-2.531182999999999993e+03
-2.517818000000000211e+03
-2.525614000000000033e+03
-2.506309000000000196e+03
-2.521159000000000106e+03
-2.538235999999999876e+03
-2.541577999999999975e+03
-2.545661000000000058e+03
-2.544175999999999931e+03
-2.537864999999999782e+03
-2.585755999999999858e+03
-2.543804999999999836e+03
-2.559396999999999935e+03
-2.589469000000000051e+03
-2.581300999999999931e+03
-2.494800000000000182e+03
-2.485518999999999778e+03
-2.446538000000000011e+03
-2.430945000000000164e+03
-2.404215000000000146e+03
-2.423519999999999982e+03
-2.430945000000000164e+03
-2.433543999999999869e+03
-2.422777999999999793e+03
-2.449507999999999811e+03
-2.454333999999999833e+03
-2.427603999999999814e+03
-2.439483999999999924e+03
-2.435771000000000186e+03
-2.449507999999999811e+03
-2.442083000000000084e+03
-2.465099999999999909e+03
-2.459530999999999949e+03
-2.465471000000000004e+03
-2.481434999999999945e+03
-2.469554999999999836e+03
-2.471782000000000153e+03
-2.479949999999999818e+03
-2.470297999999999774e+03
-2.486632999999999811e+03
-2.481434999999999945e+03
-2.504452999999999975e+03
-2.503338999999999942e+03
-2.494429000000000087e+03
-2.503338999999999942e+03
-2.488117000000000189e+03
-2.530440000000000055e+03
-2.520045000000000073e+03
-2.514847000000000207e+03
-2.527469999999999800e+03
-2.533039000000000215e+03
-2.553085999999999785e+03
-2.566822999999999865e+03
-2.568679000000000087e+03
-2.551601000000000113e+03
-2.570534999999999854e+03
-2.599121000000000095e+03
-2.585385000000000218e+03
-2.581300999999999931e+03
-2.572391000000000076e+03
-2.536009000000000015e+03
-2.560882999999999811e+03
-2.567193999999999960e+03
-2.566079999999999927e+03
-2.579445000000000164e+03
-2.599121000000000095e+03
-2.594295000000000073e+03
-2.602833999999999833e+03
-2.630677000000000135e+03
-2.612114999999999782e+03
-2.604690000000000055e+03
-2.625851000000000113e+03
-2.611373000000000047e+03
-2.648126000000000204e+03
-2.648498000000000047e+03
-2.622510000000000218e+03
-2.633646999999999935e+03
-2.647384000000000015e+03
-2.645155999999999949e+03
-2.627335999999999785e+03
-2.667059999999999945e+03
-2.637360000000000127e+03
-2.596150999999999840e+03
-2.636617000000000189e+03
-2.657036000000000058e+03
-2.624737999999999829e+03
-2.665204000000000178e+03
-2.682280999999999949e+03
-2.645155999999999949e+03
-2.659264000000000124e+03
-2.691934000000000196e+03
-2.670030000000000200e+03
-2.687106999999999971e+03
-2.684509000000000015e+03
-2.656293999999999869e+03
-2.669288000000000011e+03
-2.677826000000000022e+03
-2.683394999999999982e+03
-2.675969999999999800e+03
-2.690077999999999975e+03
-2.695275000000000091e+03
-2.689335000000000036e+03
-2.690449000000000069e+03
-2.700472000000000207e+03
-2.690449000000000069e+03
-2.699730000000000018e+03
-2.664833000000000084e+03
-2.673371000000000095e+03
-2.702699999999999818e+03
-2.673371000000000095e+03
-2.686735999999999876e+03
-2.722376000000000204e+03
-2.709010999999999967e+03
-2.696389000000000124e+03
-2.759873000000000047e+03
-2.720891000000000076e+03
-2.734626999999999953e+03
-2.765070000000000164e+03
-2.752818999999999960e+03
-2.743166000000000167e+03
-2.790686000000000149e+03
-2.777693000000000211e+03
-2.781405000000000200e+03
-2.821500000000000000e+03
-2.812219000000000051e+03
-2.821128999999999905e+03
-2.833751000000000204e+03
-2.829666999999999916e+03
-2.811105000000000018e+03
-2.786974000000000160e+03
-2.748735000000000127e+03
-2.723489999999999782e+03
-2.740938999999999851e+03
-2.750590999999999894e+03
-2.728315999999999804e+03
-2.722376000000000204e+03
-2.709382999999999811e+03
-2.706413000000000011e+03
-2.732028999999999996e+03
-2.713838000000000193e+03
-2.678940000000000055e+03
-2.682280999999999949e+03
-2.660005999999999858e+03
-2.671143999999999778e+03
-2.668545000000000073e+03
-2.653324000000000069e+03
-2.665574999999999818e+03
-2.692304999999999836e+03
-2.677454999999999927e+03
-2.685623000000000047e+03
-2.678940000000000055e+03
-2.691934000000000196e+03
-2.690820000000000164e+03
-2.700101000000000113e+03
-2.692675999999999931e+03
-2.688592999999999847e+03
-2.703443000000000211e+03
-2.651467999999999847e+03
-2.656664999999999964e+03
-2.694532000000000153e+03
-2.690449000000000069e+03
-2.669288000000000011e+03
-2.695646000000000186e+03
-2.697501999999999953e+03
-2.683766000000000076e+03
-2.672257999999999811e+03
-2.631420000000000073e+03
-2.652952999999999975e+03
-2.672628999999999905e+03
-2.627708000000000084e+03
-2.621025000000000091e+03
-2.665204000000000178e+03
-2.668173999999999978e+03
-2.637360000000000127e+03
-2.668916000000000167e+03
-2.671514999999999873e+03
-2.667431000000000040e+03
-2.671885999999999967e+03
-2.678568999999999960e+03
-2.659264000000000124e+03
-2.670400999999999840e+03
-2.692675999999999931e+03
-2.661119999999999891e+03
-2.694161000000000058e+03
-2.713465999999999894e+03
-2.672628999999999905e+03
-2.692675999999999931e+03
-2.711610000000000127e+03
-2.685623000000000047e+03
-2.680795999999999822e+03
-2.707896999999999935e+03
-2.695275000000000091e+03
-2.664090000000000146e+03
-2.674485000000000127e+03
-2.671143999999999778e+03
-2.641443999999999960e+03
-2.647012000000000171e+03
-2.627335999999999785e+03
-2.632905000000000200e+03
-2.611373000000000047e+03
-2.606916999999999916e+03
-2.609144999999999982e+03
-2.622510000000000218e+03
-2.603576000000000022e+03
-2.595780000000000200e+03
-2.615827999999999975e+03
-2.617313000000000102e+03
-2.604690000000000055e+03
-2.612485999999999876e+03
-2.623251999999999953e+03
-2.603204999999999927e+03
-2.620282000000000153e+03
-2.619168999999999869e+03
-2.600606000000000222e+03
-2.625480000000000018e+03
-2.633646999999999935e+03
-2.598007999999999811e+03
-2.634389999999999873e+03
-2.605061000000000149e+03
-2.564594999999999800e+03
-2.562739000000000033e+03
-2.554943000000000211e+03
-2.522271999999999935e+03
-2.547889000000000124e+03
-2.548260000000000218e+03
-2.553458000000000084e+03
-2.545661000000000058e+03
-2.547146000000000186e+03
-2.549373999999999796e+03
-2.555684999999999945e+03
-2.547889000000000124e+03
-2.560882999999999811e+03
-2.571648999999999887e+03
-2.569791999999999916e+03
-2.563853000000000065e+03
-2.575731999999999971e+03
