-3.612262999999999806e+02
-3.556575000000000273e+02
-3.322687999999999988e+02
-3.523163000000000125e+02
-3.708788000000000125e+02
-3.660525000000000091e+02
-3.790462999999999738e+02
-3.393224999999999909e+02
-3.931537000000000148e+02
-4.094886999999999944e+02
-3.753337000000000216e+02
-4.005788000000000011e+02
-3.883274999999999864e+02
-4.031775000000000091e+02
-4.028061999999999898e+02
-4.202549999999999955e+02
-3.927825000000000273e+02
-4.113450000000000273e+02
-4.377038000000000011e+02
-4.317638000000000034e+02
-4.310212000000000216e+02
-4.521825000000000045e+02
-4.358475000000000250e+02
-4.618349999999999795e+02
-4.495837000000000216e+02
-4.373324999999999818e+02
-4.388174999999999955e+02
-4.455000000000000000e+02
-4.484700000000000273e+02
-4.755713000000000079e+02
-4.599787999999999784e+02
-4.562663000000000011e+02
-4.351050000000000182e+02
-4.555237000000000194e+02
-4.473562999999999761e+02
-4.473562999999999761e+02
-4.462425000000000068e+02
-4.622062999999999988e+02
-4.781700000000000159e+02
-4.622062999999999988e+02
-4.677749999999999773e+02
-4.740862000000000194e+02
-4.811399999999999864e+02
-4.789125000000000227e+02
-4.941338000000000079e+02
-4.941338000000000079e+02
-4.837388000000000261e+02
-4.737149999999999750e+02
-5.071274999999999977e+02
-4.982174999999999727e+02
-4.718587999999999738e+02
-5.019300000000000068e+02
-4.685174999999999841e+02
-4.967325000000000159e+02
-4.726012999999999806e+02
-4.685174999999999841e+02
-4.607212999999999852e+02
-4.763138000000000147e+02
-4.707450000000000045e+02
-4.677749999999999773e+02
-5.056424999999999841e+02
-5.052712000000000216e+02
-4.911637999999999806e+02
-4.874513000000000034e+02
-4.982174999999999727e+02
-5.130674999999999955e+02
-5.089837999999999738e+02
-5.000738000000000056e+02
-5.019300000000000068e+02
-5.282888000000000375e+02
-5.126961999999999762e+02
-5.112112000000000194e+02
-5.308875000000000455e+02
-5.141812999999999647e+02
-5.201213000000000193e+02
-5.342287999999999784e+02
-5.034150000000000205e+02
-5.074986999999999853e+02
-5.112112000000000194e+02
-4.933913000000000011e+02
-5.112112000000000194e+02
-5.034150000000000205e+02
-5.204924999999999500e+02
-5.074986999999999853e+02
-5.138099999999999454e+02
-5.112112000000000194e+02
-4.952475000000000023e+02
-4.922774999999999750e+02
-5.004449999999999932e+02
-4.867087000000000216e+02
-5.004449999999999932e+02
-5.052712000000000216e+02
-4.718587999999999738e+02
-5.171512000000000171e+02
-5.067563000000000102e+02
-4.833675000000000068e+02
-5.375700000000000500e+02
-5.149238000000000284e+02
-5.000738000000000056e+02
-5.123250000000000455e+02
-5.323724999999999454e+02
-5.227200000000000273e+02
-5.338574999999999591e+02
-5.286599999999999682e+02
-5.201213000000000193e+02
-5.312586999999999762e+02
-5.175225000000000364e+02
-5.182649999999999864e+02
-5.386838000000000193e+02
-5.360850000000000364e+02
-5.093550000000000182e+02
-5.353424999999999727e+02
-5.331150000000000091e+02
-5.472224999999999682e+02
-5.546475000000000364e+02
-5.435099999999999909e+02
-5.483361999999999625e+02
-5.501924999999999955e+02
-5.579887999999999693e+02
-5.427675000000000409e+02
-5.576174999999999500e+02
-5.591024999999999636e+02
-5.661562999999999874e+02
-5.650425000000000182e+02
-5.568750000000000000e+02
-5.680125000000000455e+02
-5.694974999999999454e+02
-5.761799999999999500e+02
-5.746950000000000500e+02
-5.795212000000000216e+02
-5.579887999999999693e+02
-5.806349999999999909e+02
-5.954850000000000136e+02
-5.921436999999999671e+02
-6.036525000000000318e+02
-5.988261999999999716e+02
-5.899162999999999784e+02
-5.869461999999999762e+02
-6.162749999999999773e+02
-6.032812999999999874e+02
-6.192450000000000045e+02
-6.159036999999999580e+02
-5.951137999999999693e+02
-6.196163000000000238e+02
-5.843474999999999682e+02
-5.242050000000000409e+02
-5.327437999999999647e+02
-5.290312999999999874e+02
-5.271749999999999545e+02
-5.234624999999999773e+02
-5.249474999999999909e+02
-5.223487999999999829e+02
-5.301449999999999818e+02
-5.371987000000000307e+02
-5.357137000000000171e+02
-5.238337000000000216e+02
-5.490787000000000262e+02
-5.312586999999999762e+02
-5.249474999999999909e+02
-5.212350000000000136e+02
-5.201213000000000193e+02
-5.141812999999999647e+02
-5.156662999999999784e+02
-5.323724999999999454e+02
-5.216063000000000329e+02
-4.933913000000000011e+02
-4.777988000000000284e+02
-4.763138000000000147e+02
-4.681462000000000216e+02
-4.833675000000000068e+02
-4.584936999999999898e+02
-4.636913000000000125e+02
-4.740862000000000194e+02
-4.640625000000000000e+02
-4.722300000000000182e+02
-4.696313000000000102e+02
-4.536675000000000182e+02
-4.651763000000000261e+02
-4.763138000000000147e+02
-4.614637000000000171e+02
-4.688888000000000034e+02
-4.633199999999999932e+02
-4.610924999999999727e+02
-4.770561999999999898e+02
-4.674037000000000148e+02
-4.777988000000000284e+02
-4.803974999999999795e+02
-4.751999999999999886e+02
-4.818824999999999932e+02
-4.737149999999999750e+02
-4.707450000000000045e+02
-4.822538000000000125e+02
-4.514399999999999977e+02
-4.696313000000000102e+02
-4.729725000000000250e+02
-4.596075000000000159e+02
-4.766850000000000023e+02
-4.633199999999999932e+02
-4.685174999999999841e+02
-4.707450000000000045e+02
-4.596075000000000159e+02
-4.358475000000000250e+02
-4.666612999999999829e+02
-4.633199999999999932e+02
-4.455000000000000000e+02
-4.440149999999999864e+02
-4.488412000000000148e+02
-4.607212999999999852e+02
-4.636913000000000125e+02
-4.447574999999999932e+02
-4.510688000000000102e+02
-4.603500000000000227e+02
-4.700024999999999977e+02
-4.555237000000000194e+02
-4.659187999999999761e+02
-4.640625000000000000e+02
-4.558949999999999818e+02
-4.670325000000000273e+02
-4.495837000000000216e+02
-4.714875000000000114e+02
-4.529250000000000114e+02
-4.547812999999999874e+02
-4.614637000000000171e+02
-4.566374999999999886e+02
-4.692599999999999909e+02
-4.651763000000000261e+02
-4.455000000000000000e+02
-4.688888000000000034e+02
-4.841100000000000136e+02
-4.688888000000000034e+02
-4.870799999999999841e+02
-4.674037000000000148e+02
-4.919062999999999874e+02
-4.737149999999999750e+02
-4.733437999999999874e+02
-4.777988000000000284e+02
-4.833675000000000068e+02
-4.904212999999999738e+02
-5.026725000000000136e+02
-4.993312999999999988e+02
-4.896786999999999921e+02
-5.041575000000000273e+02
-4.993312999999999988e+02
-4.930199999999999818e+02
-4.974750000000000227e+02
-5.112112000000000194e+02
-5.008163000000000125e+02
-4.997024999999999864e+02
-5.175225000000000364e+02
-4.893075000000000045e+02
-5.015586999999999875e+02
-5.078700000000000045e+02
-5.160375000000000227e+02
-4.956186999999999898e+02
-5.260612999999999602e+02
-5.089837999999999738e+02
-5.060138000000000034e+02
-4.978462999999999852e+02
-5.019300000000000068e+02
-5.204924999999999500e+02
-5.271749999999999545e+02
-5.230911999999999580e+02
-5.379412999999999556e+02
-5.126961999999999762e+02
-4.956186999999999898e+02
-5.216063000000000329e+02
-5.067563000000000102e+02
-5.071274999999999977e+02
-5.312586999999999762e+02
-5.416536999999999580e+02
-5.182649999999999864e+02
-5.308875000000000455e+02
-5.472224999999999682e+02
-5.364561999999999671e+02
-5.242050000000000409e+02
-5.420249999999999773e+02
-5.457374999999999545e+02
-5.242050000000000409e+02
-5.635575000000000045e+02
-5.479650000000000318e+02
-5.483361999999999625e+02
-5.535338000000000420e+02
-5.501924999999999955e+02
-5.553899999999999864e+02
-5.691263000000000147e+02
-5.784075000000000273e+02
-5.746950000000000500e+02
-6.055086999999999762e+02
-5.891738000000000284e+02
-6.006825000000000045e+02
-5.973411999999999580e+02
-5.962274999999999636e+02
-5.862037000000000262e+02
-5.776649999999999636e+02
-5.821200000000000045e+02
-5.888025000000000091e+02
-5.876888000000000147e+02
-5.765512999999999693e+02
-5.657849999999999682e+02
-5.906588000000000420e+02
-5.824913000000000238e+02
-5.750662999999999556e+02
-5.706113000000000284e+02
-5.843474999999999682e+02
-5.787786999999999580e+02
-5.583600000000000136e+02
-5.628150000000000546e+02
-5.784075000000000273e+02
-5.620724999999999909e+02
-5.628150000000000546e+02
-5.735811999999999671e+02
-5.527912999999999784e+02
-5.706113000000000284e+02
-5.665275000000000318e+02
-5.694974999999999454e+02
-5.709824999999999591e+02
-5.858324999999999818e+02
-5.680125000000000455e+02
-5.164088000000000420e+02
-5.468513000000000375e+02
-5.483361999999999625e+02
-5.520488000000000284e+02
-5.427675000000000409e+02
-5.579887999999999693e+02
-5.594737999999999829e+02
-5.457374999999999545e+02
-5.654138000000000375e+02
-5.587313000000000329e+02
-5.646712999999999738e+02
-5.535338000000000420e+02
-5.576174999999999500e+02
-5.576174999999999500e+02
-5.661562999999999874e+02
-5.524199999999999591e+02
-5.160375000000000227e+02
-5.323724999999999454e+02
-5.167799999999999727e+02
-5.461087999999999738e+02
-5.513062999999999647e+02
-5.420249999999999773e+02
-5.286599999999999682e+02
-5.524199999999999591e+02
-5.509349999999999454e+02
-5.234624999999999773e+02
-5.494500000000000455e+02
-5.475937999999999874e+02
-5.405399999999999636e+02
-5.524199999999999591e+02
-5.672699999999999818e+02
-5.568750000000000000e+02
-5.784075000000000273e+02
-5.594737999999999829e+02
-5.743237000000000307e+02
-5.628150000000000546e+02
-5.784075000000000273e+02
-5.746950000000000500e+02
-5.706113000000000284e+02
-5.754375000000000000e+02
-5.772938000000000329e+02
-5.776649999999999636e+02
-5.906588000000000420e+02
-5.687549999999999955e+02
-5.839763000000000375e+02
-5.843474999999999682e+02
-5.914012000000000171e+02
-5.873174999999999955e+02
-5.902875000000000227e+02
-5.754375000000000000e+02
-5.850900000000000318e+02
-5.936287999999999556e+02
-5.850900000000000318e+02
-5.906588000000000420e+02
-6.014249999999999545e+02
-6.010538000000000238e+02
-5.988261999999999716e+02
-6.073650000000000091e+02
-6.099637000000000171e+02
-6.043949999999999818e+02
-6.036525000000000318e+02
-5.984550000000000409e+02
-5.921436999999999671e+02
-6.036525000000000318e+02
-6.036525000000000318e+02
-6.110774999999999864e+02
-6.025388000000000375e+02
-6.144188000000000329e+02
-6.084787999999999784e+02
-6.196163000000000238e+02
-6.047662000000000262e+02
-6.292686999999999671e+02
-6.329813000000000329e+02
-6.259275000000000091e+02
-6.251849999999999454e+02
-6.300112000000000307e+02
-6.092213000000000420e+02
-6.255562999999999647e+02
-6.333524999999999636e+02
-6.222150000000000318e+02
-6.170175000000000409e+02
-6.199874999999999545e+02
-6.173886999999999716e+02
-6.333524999999999636e+02
-6.485737000000000307e+02
-6.348374999999999773e+02
-6.292686999999999671e+02
-6.548849999999999909e+02
-6.392925000000000182e+02
-6.277838000000000420e+02
-6.582263000000000375e+02
-6.556275000000000546e+02
-6.437474999999999454e+02
-6.303825000000000500e+02
