-1.986187999999999931e+02
-1.963913000000000011e+02
-1.978762999999999863e+02
-1.952775000000000034e+02
-2.079000000000000057e+02
-2.008463000000000136e+02
-1.908224999999999909e+02
-1.989900000000000091e+02
-2.082712999999999965e+02
-2.019600000000000080e+02
-2.138400000000000034e+02
-2.223788000000000125e+02
-2.201511999999999887e+02
-2.238637999999999977e+02
-2.223788000000000125e+02
-2.524499999999999886e+02
-2.602461999999999875e+02
-2.543062999999999931e+02
-2.609886999999999944e+02
-2.543062999999999931e+02
-2.442824999999999989e+02
-2.658149999999999977e+02
-2.832638000000000034e+02
-2.431687000000000012e+02
-2.680425000000000182e+02
-2.750962999999999852e+02
-2.680425000000000182e+02
-2.899463000000000079e+02
-2.654438000000000102e+02
-2.884612000000000194e+02
-3.226161999999999921e+02
-3.244725000000000250e+02
-3.092513000000000147e+02
-3.144488000000000056e+02
-3.140774999999999864e+02
-3.263288000000000011e+02
-3.222450000000000045e+02
-3.430350000000000250e+02
-3.396938000000000102e+02
-3.259574999999999818e+02
-3.545437999999999761e+02
-3.560287000000000148e+02
-3.445199999999999818e+02
-3.619687999999999874e+02
-3.452624999999999886e+02
-3.129637000000000171e+02
-3.411786999999999921e+02
-3.107363000000000284e+02
-3.463763000000000147e+02
-3.734775000000000205e+02
-3.326399999999999864e+02
-3.571424999999999841e+02
-3.601125000000000114e+02
-3.523163000000000125e+02
-3.679087999999999852e+02
-3.764474999999999909e+02
-3.608550000000000182e+02
-3.638249999999999886e+02
-3.727350000000000136e+02
-3.886988000000000056e+02
-3.816449999999999818e+02
-3.775611999999999853e+02
-3.942674999999999841e+02
-3.831299999999999955e+02
-3.805312999999999874e+02
-3.861000000000000227e+02
-4.120874999999999773e+02
-4.358475000000000250e+02
-4.213686999999999898e+02
-4.005788000000000011e+02
-4.191413000000000011e+02
-4.254524999999999864e+02
-4.302787000000000148e+02
-4.117162000000000148e+02
-4.124587000000000216e+02
-4.410450000000000159e+02
-4.287937999999999761e+02
-4.269375000000000000e+02
-4.495837000000000216e+02
-4.718587999999999738e+02
-4.480987999999999829e+02
-4.488412000000000148e+02
-4.525536999999999921e+02
-4.677749999999999773e+02
-4.763138000000000147e+02
-4.751999999999999886e+02
-4.436437999999999988e+02
-4.525536999999999921e+02
-4.440149999999999864e+02
-4.469850000000000136e+02
-4.432724999999999795e+02
-4.495837000000000216e+02
-4.429012000000000171e+02
-4.429012000000000171e+02
-4.154286999999999921e+02
-4.339911999999999921e+02
-4.343625000000000114e+02
-4.325063000000000102e+02
-4.198838000000000079e+02
-4.328774999999999977e+02
-4.195124999999999886e+02
-4.028061999999999898e+02
-4.365899999999999750e+02
-4.106025000000000205e+02
-3.950099999999999909e+02
-3.924112999999999829e+02
-4.128299999999999841e+02
-4.235962999999999852e+02
-3.972375000000000114e+02
-4.228537999999999784e+02
-4.202549999999999955e+02
-4.109737999999999829e+02
-4.091175000000000068e+02
-4.273086999999999875e+02
-4.172850000000000250e+02
-4.328774999999999977e+02
-4.217400000000000091e+02
-4.195124999999999886e+02
-4.009499999999999886e+02
-4.161712999999999738e+02
-4.235962999999999852e+02
-4.109737999999999829e+02
-4.209975000000000023e+02
-4.406738000000000284e+02
-4.265663000000000125e+02
-4.510688000000000102e+02
-4.287937999999999761e+02
-4.254524999999999864e+02
-4.514399999999999977e+02
-4.592363000000000284e+02
-4.373324999999999818e+02
-4.536675000000000182e+02
-4.313924999999999841e+02
-4.365899999999999750e+02
-4.655475000000000136e+02
-4.306499999999999773e+02
-4.492124999999999773e+02
-4.325063000000000102e+02
-4.395600000000000023e+02
-4.492124999999999773e+02
-4.544100000000000250e+02
-4.358475000000000250e+02
-4.607212999999999852e+02
-4.525536999999999921e+02
-4.425299999999999727e+02
-4.614637000000000171e+02
-4.573799999999999955e+02
-4.551524999999999750e+02
-4.610924999999999727e+02
-4.395600000000000023e+02
-4.295362999999999829e+02
-4.462425000000000068e+02
-4.477275000000000205e+02
-4.551524999999999750e+02
-4.599787999999999784e+02
-4.729725000000000250e+02
-4.844812999999999761e+02
-4.859662000000000148e+02
-4.829961999999999875e+02
-4.837388000000000261e+02
-4.985887000000000171e+02
-4.904212999999999738e+02
-4.926487000000000194e+02
-4.796549999999999727e+02
-4.844812999999999761e+02
-4.896786999999999921e+02
-4.878224999999999909e+02
-4.945049999999999955e+02
-4.971037999999999784e+02
-5.156662999999999784e+02
-4.971037999999999784e+02
-5.097262999999999806e+02
-5.219774999999999636e+02
-5.130674999999999955e+02
-5.145525000000000091e+02
-5.089837999999999738e+02
-5.346000000000000227e+02
-5.030437999999999761e+02
-5.197500000000000000e+02
-5.342287999999999784e+02
-5.186362000000000307e+02
-5.219774999999999636e+02
-5.253187000000000353e+02
-5.216063000000000329e+02
-5.334863000000000284e+02
-5.735811999999999671e+02
-5.242050000000000409e+02
-5.501924999999999955e+02
-5.602161999999999580e+02
-5.461087999999999738e+02
-5.498211999999999762e+02
-5.654138000000000375e+02
-5.687549999999999955e+02
-5.869461999999999762e+02
-5.650425000000000182e+02
-5.869461999999999762e+02
-5.668986999999999625e+02
-5.784075000000000273e+02
-5.991974999999999909e+02
-5.802636999999999716e+02
-5.914012000000000171e+02
-5.810062000000000353e+02
-5.847187999999999874e+02
-5.854611999999999625e+02
-5.754375000000000000e+02
-5.958563000000000329e+02
-6.103350000000000364e+02
-5.958563000000000329e+02
-6.095924999999999727e+02
-5.984550000000000409e+02
-5.991974999999999909e+02
-5.691263000000000147e+02
-5.635575000000000045e+02
-5.787786999999999580e+02
-5.668986999999999625e+02
-5.732100000000000364e+02
-5.509349999999999454e+02
-5.628150000000000546e+02
-5.772938000000000329e+02
-5.806349999999999909e+02
-5.821200000000000045e+02
-6.003112999999999602e+02
-5.694974999999999454e+02
-5.646712999999999738e+02
-5.728387000000000171e+02
-5.735811999999999671e+02
-5.650425000000000182e+02
-6.021675000000000182e+02
-5.813775000000000546e+02
-5.854611999999999625e+02
-6.136762999999999693e+02
-5.869461999999999762e+02
-6.010538000000000238e+02
-5.940000000000000000e+02
-5.906588000000000420e+02
-5.914012000000000171e+02
-6.196163000000000238e+02
-5.999400000000000546e+02
-5.836050000000000182e+02
-6.084787999999999784e+02
-5.958563000000000329e+02
-6.177599999999999909e+02
-6.318674999999999500e+02
-6.136762999999999693e+02
-5.962274999999999636e+02
-5.568750000000000000e+02
-5.475937999999999874e+02
-5.583600000000000136e+02
-5.654138000000000375e+02
-5.501924999999999955e+02
-5.494500000000000455e+02
-5.631862999999999602e+02
-5.732100000000000364e+02
-5.691263000000000147e+02
-5.665275000000000318e+02
-5.416536999999999580e+02
-5.100975000000000250e+02
-5.134388000000000147e+02
-4.952475000000000023e+02
-5.164088000000000420e+02
-5.152949999999999591e+02
-5.004449999999999932e+02
-4.896786999999999921e+02
-5.078700000000000045e+02
-5.093550000000000182e+02
-5.089837999999999738e+02
-5.279175000000000182e+02
-5.097262999999999806e+02
-5.134388000000000147e+02
-5.134388000000000147e+02
-5.112112000000000194e+02
-5.086125000000000114e+02
-5.104687999999999874e+02
-5.204924999999999500e+02
-5.100975000000000250e+02
-5.230911999999999580e+02
-5.216063000000000329e+02
-5.182649999999999864e+02
-5.115824999999999818e+02
-4.915350000000000250e+02
-5.201213000000000193e+02
-5.152949999999999591e+02
-5.216063000000000329e+02
-5.089837999999999738e+02
-5.223487999999999829e+02
-5.149238000000000284e+02
-5.152949999999999591e+02
-5.290312999999999874e+02
-5.097262999999999806e+02
-5.186362000000000307e+02
-5.223487999999999829e+02
-5.171512000000000171e+02
-5.074986999999999853e+02
-5.264325000000000045e+02
-5.074986999999999853e+02
-5.190075000000000500e+02
-5.353424999999999727e+02
-5.212350000000000136e+02
-4.818824999999999932e+02
-5.115824999999999818e+02
-4.878224999999999909e+02
-5.045287000000000148e+02
-5.045287000000000148e+02
-5.112112000000000194e+02
-5.164088000000000420e+02
-5.305162000000000262e+02
-5.223487999999999829e+02
-5.104687999999999874e+02
-5.193787999999999556e+02
-5.089837999999999738e+02
-5.338574999999999591e+02
-5.268038000000000238e+02
-5.067563000000000102e+02
-5.327437999999999647e+02
-5.037862999999999829e+02
-5.141812999999999647e+02
-5.164088000000000420e+02
-5.190075000000000500e+02
-5.160375000000000227e+02
-5.245761999999999716e+02
-5.260612999999999602e+02
-5.279175000000000182e+02
-5.000738000000000056e+02
-5.290312999999999874e+02
-5.301449999999999818e+02
-5.119538000000000011e+02
-5.268038000000000238e+02
-5.238337000000000216e+02
-5.334863000000000284e+02
-5.227200000000000273e+02
-5.149238000000000284e+02
-5.346000000000000227e+02
-5.431386999999999716e+02
-5.364561999999999671e+02
-5.397975000000000136e+02
-5.453663000000000238e+02
-5.405399999999999636e+02
-5.160375000000000227e+02
-5.576174999999999500e+02
-5.308875000000000455e+02
-5.301449999999999818e+02
-5.253187000000000353e+02
-5.390549999999999500e+02
-5.446237999999999602e+02
-5.457374999999999545e+02
-5.223487999999999829e+02
-5.379412999999999556e+02
-5.568750000000000000e+02
-5.320013000000000147e+02
-5.227200000000000273e+02
-5.327437999999999647e+02
-5.271749999999999545e+02
-5.320013000000000147e+02
-5.160375000000000227e+02
-5.227200000000000273e+02
-5.238337000000000216e+02
-5.156662999999999784e+02
-5.290312999999999874e+02
-5.082411999999999921e+02
-5.230911999999999580e+02
-5.238337000000000216e+02
-5.256900000000000546e+02
-5.353424999999999727e+02
-5.427675000000000409e+02
-5.327437999999999647e+02
-5.275462999999999738e+02
-5.301449999999999818e+02
-5.390549999999999500e+02
-5.416536999999999580e+02
-5.204924999999999500e+02
-5.334863000000000284e+02
-5.520488000000000284e+02
-5.461087999999999738e+02
-5.390549999999999500e+02
-5.524199999999999591e+02
-5.438812000000000353e+02
-5.501924999999999955e+02
-5.279175000000000182e+02
-5.364561999999999671e+02
-5.617011999999999716e+02
-5.431386999999999716e+02
-5.409112999999999829e+02
-5.353424999999999727e+02
-5.694974999999999454e+02
-5.487074999999999818e+02
-5.397975000000000136e+02
-5.371987000000000307e+02
-5.524199999999999591e+02
-5.397975000000000136e+02
-5.342287999999999784e+02
-5.423962000000000216e+02
-5.542762000000000171e+02
-5.539049999999999727e+02
-5.483361999999999625e+02
-5.320013000000000147e+02
-5.357137000000000171e+02
-5.401688000000000329e+02
-5.394262999999999693e+02
-5.208637999999999693e+02
-5.412825000000000273e+02
-5.405399999999999636e+02
-5.357137000000000171e+02
-5.572463000000000193e+02
-5.375700000000000500e+02
-5.468513000000000375e+02
-5.379412999999999556e+02
-5.576174999999999500e+02
-5.672699999999999818e+02
-5.642999999999999545e+02
-5.457374999999999545e+02
-5.642999999999999545e+02
-5.772938000000000329e+02
