-4.651020000000000437e+03
-4.653247999999999593e+03
-4.692970999999999549e+03
-4.681462000000000444e+03
-4.680720000000000255e+03
-4.698539999999999964e+03
-4.682576000000000022e+03
-4.668840000000000146e+03
-4.733438000000000102e+03
-4.713019000000000233e+03
-4.677378999999999905e+03
-4.759425000000000182e+03
-4.707449999999999818e+03
-4.689259000000000015e+03
-4.728239999999999782e+03
-4.701510000000000218e+03
-4.718216000000000349e+03
-4.826621000000000095e+03
-4.735664999999999964e+03
-4.776873999999999796e+03
-4.771676000000000386e+03
-4.783185000000000400e+03
-4.763509000000000015e+03
-4.789125000000000000e+03
-4.799890999999999622e+03
-4.748287999999999556e+03
-4.788381999999999607e+03
-4.805088999999999942e+03
-4.804717999999999847e+03
-4.815484000000000378e+03
-4.819567000000000007e+03
-4.803231999999999971e+03
-4.861146999999999935e+03
-4.871171000000000276e+03
-4.832932999999999993e+03
-4.891961000000000240e+03
-4.879338999999999942e+03
-4.810286000000000058e+03
-4.893445999999999913e+03
-4.869686999999999898e+03
-4.858920000000000073e+03
-4.875997999999999593e+03
-4.903470000000000255e+03
-4.869314999999999600e+03
-4.930199999999999818e+03
-4.920918999999999869e+03
-4.906069000000000415e+03
-4.914235999999999876e+03
-4.944307999999999993e+03
-4.899756999999999607e+03
-4.920546999999999571e+03
-4.951360999999999876e+03
-4.904954999999999927e+03
-4.922774999999999636e+03
-4.962869999999999891e+03
-4.975863999999999578e+03
-4.948762999999999920e+03
-4.986259000000000015e+03
-4.969552999999999884e+03
-4.921661000000000058e+03
-4.971408999999999651e+03
-4.883051000000000386e+03
-4.962127000000000407e+03
-4.953217999999999847e+03
-4.921661000000000058e+03
-4.932427999999999884e+03
-4.956930000000000291e+03
-4.947277000000000044e+03
-4.928344000000000051e+03
-4.933542000000000371e+03
-4.914979000000000269e+03
-4.943194000000000415e+03
-4.933912999999999556e+03
-4.986259000000000015e+03
-4.968067000000000007e+03
-4.956930000000000291e+03
-4.967695999999999913e+03
-4.944307999999999993e+03
-5.005935000000000400e+03
-4.987372999999999593e+03
-4.997024999999999636e+03
-5.003707999999999629e+03
-4.947649000000000342e+03
-4.980319000000000415e+03
-5.027467999999999847e+03
-4.988114999999999782e+03
-5.031180000000000291e+03
-5.047144000000000233e+03
-5.009275999999999840e+03
-5.026725000000000364e+03
-5.059765999999999622e+03
-5.011875000000000000e+03
-5.062735999999999876e+03
-5.049000000000000000e+03
-5.055682999999999993e+03
-5.060137999999999920e+03
-5.046771999999999935e+03
-5.066078000000000429e+03
-5.045287999999999556e+03
-5.075729999999999563e+03
-5.092064999999999600e+03
-5.066078000000000429e+03
-5.133645000000000437e+03
-5.117310000000000400e+03
-5.109143000000000029e+03
-5.158519000000000233e+03
-5.088724000000000160e+03
-5.097634000000000015e+03
-5.093179000000000087e+03
-5.113225999999999658e+03
-5.084269000000000233e+03
-5.108029000000000451e+03
-5.125478000000000065e+03
-5.073873999999999796e+03
-5.106543999999999869e+03
-5.112113000000000284e+03
-5.095405999999999949e+03
-5.112484000000000378e+03
-5.161488999999999578e+03
-5.111740999999999985e+03
-5.151465000000000146e+03
-5.151465000000000146e+03
-5.116939000000000306e+03
-5.145524999999999636e+03
-5.148123999999999796e+03
-5.118423999999999978e+03
-5.152207999999999629e+03
-5.162974000000000160e+03
-5.145524999999999636e+03
-5.163345000000000255e+03
-5.097262999999999920e+03
-5.064592999999999847e+03
-5.058652000000000044e+03
-5.112113000000000284e+03
-5.076100999999999658e+03
-5.105801000000000386e+03
-5.135501000000000204e+03
-5.109885000000000218e+03
-5.129932999999999993e+03
-5.140698999999999614e+03
-5.118052999999999884e+03
-5.124363999999999578e+03
-5.164087000000000444e+03
-5.123621000000000095e+03
-5.122878999999999905e+03
-5.167057999999999993e+03
-5.115824999999999818e+03
-5.165201000000000022e+03
-5.134015999999999622e+03
-5.122878999999999905e+03
-5.144039999999999964e+03
-5.155177999999999884e+03
-5.159631999999999607e+03
-5.126591000000000349e+03
-5.109143000000000029e+03
-5.002594000000000051e+03
-5.002965000000000146e+03
-4.991085000000000036e+03
-4.984774000000000342e+03
-4.987743999999999687e+03
-4.978462000000000444e+03
-4.954331000000000131e+03
-4.962869999999999891e+03
-5.015958999999999833e+03
-4.968810000000000400e+03
-4.981061999999999898e+03
-4.999994999999999891e+03
-5.002594000000000051e+03
-5.038234000000000378e+03
-5.054569000000000415e+03
-4.985145000000000437e+03
-5.021155999999999949e+03
-5.021155999999999949e+03
-4.982175000000000182e+03
-4.997768000000000029e+03
-5.010390000000000327e+03
-4.984774000000000342e+03
-5.024126000000000204e+03
-4.985515999999999622e+03
-4.978462000000000444e+03
-4.987372999999999593e+03
-5.002222999999999956e+03
-4.980689999999999600e+03
-4.998510000000000218e+03
-5.006677999999999884e+03
-5.031551000000000386e+03
-4.997768000000000029e+03
-5.001850999999999658e+03
-5.007048999999999978e+03
-4.987001000000000204e+03
-5.030438000000000102e+03
-5.002222999999999956e+03
-4.972894000000000233e+03
-5.012246000000000095e+03
-5.018186999999999898e+03
-5.021527000000000044e+03
-5.027467999999999847e+03
-5.033036000000000058e+03
-5.028210000000000036e+03
-5.063850000000000364e+03
-5.036006000000000313e+03
-5.008162999999999556e+03
-5.048628999999999905e+03
-5.057538999999999760e+03
-5.036377000000000407e+03
-5.085011000000000422e+03
-5.073873999999999796e+03
-5.053826000000000022e+03
-5.089095000000000255e+03
-5.079814000000000306e+03
-5.072018000000000029e+03
-5.081670000000000073e+03
-5.114711000000000240e+03
-5.059024000000000342e+03
-5.107286000000000058e+03
-5.114340000000000146e+03
-5.099489999999999782e+03
-5.115453999999999724e+03
-5.126591000000000349e+03
-5.122136000000000422e+03
-5.135130000000000109e+03
-5.153692000000000007e+03
-5.153692000000000007e+03
-5.190445999999999913e+03
-5.185248999999999796e+03
-5.154064000000000306e+03
-5.212350000000000364e+03
-5.222744999999999891e+03
-5.187475999999999658e+03
-5.186363000000000284e+03
-5.219404000000000451e+03
-5.199728000000000065e+03
-5.237224000000000160e+03
-5.259127000000000407e+03
-5.239079999999999927e+03
-5.262840000000000146e+03
-5.262097999999999956e+03
-5.241307999999999993e+03
-5.244649000000000342e+03
-5.277319000000000415e+03
-5.253188000000000102e+03
-5.271750000000000000e+03
-5.263582999999999629e+03
-5.299222999999999956e+03
-5.291055000000000291e+03
-5.316300000000000182e+03
-5.320384000000000015e+03
-5.270265000000000327e+03
-5.292168999999999869e+03
-5.274349000000000160e+03
-5.272493000000000393e+03
-5.278804000000000087e+03
-5.268408999999999651e+03
-5.255786000000000058e+03
-5.308503999999999905e+03
-5.291796999999999571e+03
-5.275091000000000349e+03
-5.279546000000000276e+03
-5.284001000000000204e+03
-5.286970999999999549e+03
-5.300336000000000240e+03
-5.312587000000000444e+03
-5.321497999999999593e+03
-5.330779000000000451e+03
-5.327438000000000102e+03
-5.295139000000000124e+03
-5.340060000000000400e+03
-5.296623999999999796e+03
-5.302192000000000007e+03
-5.339689000000000306e+03
-5.323725000000000364e+03
-5.352311999999999898e+03
-5.324095999999999549e+03
-5.327809000000000196e+03
-5.330779000000000451e+03
-5.374586000000000240e+03
-5.334490999999999985e+03
-5.365676000000000386e+03
-5.387208999999999833e+03
-5.386837000000000444e+03
-5.392777000000000044e+03
-5.403543999999999869e+03
-5.410597999999999956e+03
-5.406514000000000124e+03
-5.447350999999999658e+03
-5.397975000000000364e+03
-5.397604000000000269e+03
-5.441411000000000058e+03
-5.448836000000000240e+03
-5.435100000000000364e+03
-5.445865999999999985e+03
-5.468512999999999920e+03
-5.458118000000000393e+03
-5.476680000000000291e+03
-5.468884000000000015e+03
-5.445123999999999796e+03
-5.469997999999999593e+03
-5.479649999999999636e+03
-5.446979999999999563e+03
-5.484847999999999956e+03
-5.492644000000000233e+03
-5.503780999999999949e+03
-5.544247999999999593e+03
-5.523457999999999629e+03
-5.475565999999999804e+03
-5.513063000000000102e+03
-5.519373999999999796e+03
-5.511948999999999614e+03
-5.533480999999999767e+03
-5.571720000000000255e+03
-5.504524000000000342e+03
-5.549073999999999614e+03
-5.573576000000000022e+03
-5.547588999999999942e+03
-5.547588999999999942e+03
-5.579515999999999622e+03
-5.553158000000000357e+03
-5.561324999999999818e+03
-5.585457000000000335e+03
-5.575061999999999898e+03
-5.615527000000000044e+03
-5.622582000000000335e+03
-5.601420000000000073e+03
-5.620354000000000269e+03
-5.642256999999999607e+03
-5.640400999999999840e+03
-5.623694999999999709e+03
-5.659707000000000335e+03
-5.640771999999999935e+03
-5.630748999999999796e+03
-5.658220999999999549e+03
-5.653024000000000342e+03
-5.651167000000000371e+03
-5.699430000000000291e+03
-5.639287999999999556e+03
-5.679011000000000422e+03
-5.712052999999999884e+03
-5.677154999999999745e+03
-5.708711000000000240e+03
-5.741752000000000407e+03
-5.735069999999999709e+03
-5.739895999999999731e+03
-5.775164999999999964e+03
-5.717993000000000393e+03
-5.713908999999999651e+03
-5.745836000000000240e+03
-5.768854000000000269e+03
-5.759944000000000415e+03
-5.759944000000000415e+03
-5.764770000000000437e+03
-5.768854000000000269e+03
-5.792984999999999673e+03
-5.794841000000000349e+03
-5.803380000000000109e+03
-5.838277000000000044e+03
-5.812661000000000058e+03
-5.794470000000000255e+03
-5.823427999999999884e+03
-5.779990999999999985e+03
-5.811546999999999571e+03
-5.831595000000000255e+03
-5.640400999999999840e+03
-5.660078000000000429e+03
-5.649682999999999993e+03
-5.662305000000000291e+03
-5.660078000000000429e+03
-5.650425000000000182e+03
-5.663418999999999869e+03
-5.649682999999999993e+03
-5.687921000000000276e+03
-5.662676000000000386e+03
-5.667873999999999796e+03
-5.673070999999999913e+03
-5.682353000000000065e+03
-5.685323000000000320e+03
-5.676412999999999556e+03
-5.642628999999999905e+03
-5.625551000000000386e+03
-5.639658999999999651e+03
-5.625921999999999571e+03
-5.603275999999999840e+03
-5.649682999999999993e+03
-5.651167000000000371e+03
-5.605503999999999905e+03
-5.616640999999999622e+03
-5.634461000000000240e+03
-5.585828000000000429e+03
-5.624065999999999804e+03
-5.643743000000000393e+03
-5.608474000000000160e+03
-5.632604999999999563e+03
-5.635203999999999724e+03
-5.582856999999999971e+03
-5.604390000000000327e+03
-5.622582000000000335e+03
-5.615527000000000044e+03
-5.638173999999999978e+03
-5.612557999999999993e+03
-5.614413999999999760e+03
-5.604390000000000327e+03
-5.611814999999999600e+03
-5.586198999999999614e+03
-5.613300000000000182e+03
-5.618126000000000204e+03
-5.612186999999999898e+03
-5.605875000000000000e+03
-5.653024000000000342e+03
-5.604019000000000233e+03
-5.597336000000000240e+03
-5.647083999999999833e+03
-5.588055000000000291e+03
-5.637060000000000400e+03
