1.366242000000000019e+02
1.295701999999999998e+02
1.629836999999999989e+02
1.176898000000000053e+02
1.243725000000000023e+02
1.254863000000000000e+02
1.058094999999999999e+02
9.578542000000000201e+01
1.150909999999999940e+02
8.687515000000000498e+01
6.868335000000000434e+01
8.501883999999999730e+01
9.652795000000000414e+01
4.418010000000000304e+01
7.276721999999999468e+01
7.239596000000000231e+01
6.051559999999999917e+01
3.304225999999999885e+01
5.606045999999999907e+01
5.680297999999999803e+01
4.937776000000000209e+01
3.007216999999999985e+01
2.858711999999999875e+01
4.380883999999999645e+01
4.232379000000000246e+01
2.338945999999999970e+01
1.225162000000000084e+01
1.188035999999999959e+01
-1.782000000000000028e+01
2.710208000000000084e+01
1.373667000000000016e+01
-1.856250000000000000e+01
1.150910000000000011e+01
1.113784000000000107e+00
-1.856250000000000000e+01
-5.197499999999999787e+00
-1.522124999999999950e+01
-3.341250000000000142e+01
-5.568749999999999645e+00
-1.559249999999999936e+01
-2.413125000000000142e+01
-1.225125000000000064e+01
-2.004749999999999943e+01
-2.710125000000000028e+01
-5.160374999999999801e+01
-4.937624999999999886e+01
-2.004749999999999943e+01
-3.267000000000000171e+01
-5.939999999999999858e+01
-6.719625000000000625e+01
-3.044249999999999901e+01
-6.645374999999999943e+01
-8.056125000000000114e+01
-5.865749999999999886e+01
-3.118499999999999872e+01
-6.348375000000000057e+01
-5.865749999999999886e+01
-5.457374999999999687e+01
-8.464499999999999602e+01
-5.939999999999999858e+01
-6.348375000000000057e+01
-7.721999999999999886e+01
-9.504000000000000625e+01
-8.130374999999999375e+01
-9.875249999999999773e+01
-9.801000000000000512e+01
-9.429749999999999943e+01
-1.009800000000000040e+02
-1.132313000000000045e+02
-8.018999999999999773e+01
-1.243687999999999931e+02
-1.102613000000000056e+02
-1.273388000000000062e+02
-1.366200000000000045e+02
-1.110037999999999982e+02
-1.492425000000000068e+02
-1.410749999999999886e+02
-1.369912999999999954e+02
-1.284524999999999864e+02
-1.748586999999999989e+02
-1.640925000000000011e+02
-1.403325000000000102e+02
-1.678050000000000068e+02
-1.804275000000000091e+02
-1.707750000000000057e+02
-1.770862999999999943e+02
-1.997324999999999875e+02
-1.596374999999999886e+02
-2.004749999999999943e+02
-2.038163000000000125e+02
-1.807988000000000000e+02
-2.071574999999999989e+02
-2.101274999999999977e+02
-1.819124999999999943e+02
-1.952775000000000034e+02
-2.242350000000000136e+02
-2.075286999999999864e+02
-2.327737999999999943e+02
-2.108700000000000045e+02
-2.298037999999999954e+02
-2.353725000000000023e+02
-2.312888000000000090e+02
-2.238637999999999977e+02
-2.401987000000000023e+02
-2.628450000000000273e+02
-2.134687999999999874e+02
-2.491086999999999989e+02
-2.624737999999999829e+02
-2.736113000000000284e+02
-2.780663000000000125e+02
-2.739825000000000159e+02
-2.780663000000000125e+02
-2.732400000000000091e+02
-3.166761999999999944e+02
-2.895749999999999886e+02
-2.784375000000000000e+02
-3.070237000000000194e+02
-2.673000000000000114e+02
-2.509650000000000034e+02
-2.509650000000000034e+02
-2.383425000000000011e+02
-2.520788000000000011e+02
-2.806650000000000205e+02
-2.680425000000000182e+02
-2.539350000000000023e+02
-2.828924999999999841e+02
-2.988562999999999761e+02
-2.710124999999999886e+02
-2.580187000000000239e+02
-2.880899999999999750e+02
-2.862337999999999738e+02
-3.007124999999999773e+02
-2.732400000000000091e+02
-2.840063000000000102e+02
-3.088799999999999955e+02
-3.070237000000000194e+02
-2.951437000000000239e+02
-3.352386999999999944e+02
-2.858625000000000114e+02
-2.750962999999999852e+02
-2.955149999999999864e+02
-2.877187999999999874e+02
-2.869762999999999806e+02
-2.999700000000000273e+02
-2.858625000000000114e+02
-2.880899999999999750e+02
-3.181612999999999829e+02
-3.318974999999999795e+02
-3.040536999999999921e+02
-3.196462000000000216e+02
-3.237300000000000182e+02
-3.140774999999999864e+02
-3.085088000000000079e+02
-2.899463000000000079e+02
-3.448913000000000011e+02
-3.218736999999999853e+02
-3.304125000000000227e+02
-3.367237999999999829e+02
-3.415500000000000114e+02
-3.489750000000000227e+02
-2.903174999999999955e+02
-2.958863000000000056e+02
-2.958863000000000056e+02
-3.148199999999999932e+02
-3.140774999999999864e+02
-3.007124999999999773e+02
-3.114787999999999784e+02
-3.333824999999999932e+02
-3.333824999999999932e+02
-3.177900000000000205e+02
-3.311549999999999727e+02
-3.426637999999999806e+02
-3.096225000000000023e+02
-3.530586999999999875e+02
-3.415500000000000114e+02
-3.170475000000000136e+02
-3.296700000000000159e+02
-3.322687999999999988e+02
-3.189037000000000148e+02
-3.359812999999999761e+02
-3.315262000000000171e+02
-3.163050000000000068e+02
-3.445199999999999818e+02
-3.304125000000000227e+02
-3.292988000000000284e+02
-3.363525000000000205e+02
-3.385799999999999841e+02
-3.337538000000000125e+02
-3.619687999999999874e+02
-3.530586999999999875e+02
-3.296700000000000159e+02
-3.656811999999999898e+02
-3.385799999999999841e+02
-3.482325000000000159e+02
-3.641963000000000079e+02
-3.708788000000000125e+02
-3.538011999999999944e+02
-3.571424999999999841e+02
-3.775611999999999853e+02
-3.534300000000000068e+02
-3.638249999999999886e+02
-3.660525000000000091e+02
-2.895749999999999886e+02
-3.010837000000000216e+02
-3.062812999999999874e+02
-3.003412000000000148e+02
-3.177900000000000205e+02
-2.999700000000000273e+02
-2.851200000000000045e+02
-2.977425000000000068e+02
-3.059100000000000250e+02
-2.903174999999999955e+02
-2.717549999999999955e+02
-3.007124999999999773e+02
-2.791800000000000068e+02
-2.747250000000000227e+02
-2.691562999999999874e+02
-2.892038000000000011e+02
-2.877187999999999874e+02
-2.888324999999999818e+02
-2.869762999999999806e+02
-2.791800000000000068e+02
-2.929162999999999784e+02
-2.628450000000000273e+02
-2.754674999999999727e+02
-3.036825000000000045e+02
-2.680425000000000182e+02
-2.669286999999999921e+02
-3.018263000000000034e+02
-2.955149999999999864e+02
-2.910600000000000023e+02
-2.880899999999999750e+02
-2.910600000000000023e+02
-2.906888000000000147e+02
-2.795511999999999944e+02
-2.780663000000000125e+02
-3.118500000000000227e+02
-3.081374999999999886e+02
-2.862337999999999738e+02
-3.014549999999999841e+02
-3.166761999999999944e+02
-3.051675000000000182e+02
-2.921738000000000284e+02
-3.144488000000000056e+02
-3.014549999999999841e+02
-3.033111999999999853e+02
-3.144488000000000056e+02
-3.092513000000000147e+02
-3.033111999999999853e+02
-3.129637000000000171e+02
-2.955149999999999864e+02
-2.784375000000000000e+02
-3.036825000000000045e+02
-3.122212999999999852e+02
-3.051675000000000182e+02
-3.014549999999999841e+02
-3.374662000000000148e+02
-3.307837999999999852e+02
-3.148199999999999932e+02
-3.114787999999999784e+02
-3.085088000000000079e+02
-3.255862000000000194e+02
-3.196462000000000216e+02
-3.270713000000000079e+02
-3.311549999999999727e+02
-3.233587999999999738e+02
-3.166761999999999944e+02
-3.322687999999999988e+02
-3.229875000000000114e+02
-3.419212999999999738e+02
-3.552862999999999829e+02
-3.215024999999999977e+02
-3.333824999999999932e+02
-3.519449999999999932e+02
-3.493462999999999852e+02
-3.333824999999999932e+02
-3.667950000000000159e+02
-3.597411999999999921e+02
-3.486037999999999784e+02
-3.790462999999999738e+02
-3.589986999999999853e+02
-3.549150000000000205e+02
-3.816449999999999818e+02
-3.905550000000000068e+02
-3.734775000000000205e+02
-3.961236999999999853e+02
-3.764474999999999909e+02
-3.894413000000000125e+02
-4.098600000000000136e+02
-3.890699999999999932e+02
-3.690224999999999795e+02
-3.994649999999999750e+02
-3.927825000000000273e+02
-4.016924999999999955e+02
-4.339911999999999921e+02
-4.150575000000000045e+02
-4.128299999999999841e+02
-4.250812999999999988e+02
-4.050337999999999852e+02
-4.146861999999999853e+02
-4.258238000000000056e+02
-4.224825000000000159e+02
-4.328774999999999977e+02
-4.265663000000000125e+02
-4.261949999999999932e+02
-4.369612000000000194e+02
-3.909261999999999944e+02
-3.868424999999999727e+02
-3.716211999999999875e+02
-3.764474999999999909e+02
-3.886988000000000056e+02
-4.124587000000000216e+02
-4.165425000000000182e+02
-4.202549999999999955e+02
-4.120874999999999773e+02
-4.287937999999999761e+02
-4.139438000000000102e+02
-4.031775000000000091e+02
-4.165425000000000182e+02
-3.879562999999999988e+02
-4.191413000000000011e+02
-4.083750000000000000e+02
-4.102312999999999761e+02
-4.158000000000000114e+02
-4.120874999999999773e+02
-4.065187999999999988e+02
-4.195124999999999886e+02
-4.310212000000000216e+02
-4.169137999999999806e+02
-4.202549999999999955e+02
-4.403025000000000091e+02
-4.451288000000000125e+02
-3.348675000000000068e+02
-2.880899999999999750e+02
-2.873475000000000250e+02
-2.557913000000000068e+02
-2.717549999999999955e+02
-2.936587999999999852e+02
-2.721263000000000147e+02
-2.847486999999999853e+02
-2.739825000000000159e+02
-2.769524999999999864e+02
-2.895749999999999886e+02
-2.888324999999999818e+02
-2.914311999999999898e+02
-2.836349999999999909e+02
-2.843774999999999977e+02
-2.780663000000000125e+02
-2.762099999999999795e+02
-2.840063000000000102e+02
-2.780663000000000125e+02
-2.910600000000000023e+02
-2.888324999999999818e+02
-2.602461999999999875e+02
-2.706413000000000011e+02
-2.806650000000000205e+02
-2.695274999999999750e+02
-2.832638000000000034e+02
-2.710124999999999886e+02
-2.595038000000000125e+02
-2.821499999999999773e+02
-2.754674999999999727e+02
-2.684137999999999806e+02
-2.955149999999999864e+02
-2.821499999999999773e+02
-2.884612000000000194e+02
-2.947724999999999795e+02
-3.010837000000000216e+02
-2.903174999999999955e+02
-2.906888000000000147e+02
-2.951437000000000239e+02
-2.788086999999999875e+02
-3.044250000000000114e+02
-3.096225000000000023e+02
-3.051675000000000182e+02
-2.992275000000000205e+02
-3.166761999999999944e+02
-3.029399999999999977e+02
-3.166761999999999944e+02
-3.170475000000000136e+02
-3.096225000000000023e+02
-2.866050000000000182e+02
-2.981136999999999944e+02
-3.081374999999999886e+02
-3.237300000000000182e+02
-3.140774999999999864e+02
-3.226161999999999921e+02
-3.229875000000000114e+02
-3.140774999999999864e+02
-3.111075000000000159e+02
-3.077663000000000011e+02
-3.203888000000000034e+02
-3.192749999999999773e+02
-3.281850000000000023e+02
-3.248437999999999874e+02
-2.977425000000000068e+02
-3.133349999999999795e+02
-3.281850000000000023e+02
-3.033111999999999853e+02
-2.970000000000000000e+02
-3.085088000000000079e+02
-2.981136999999999944e+02
-2.992275000000000205e+02
-3.085088000000000079e+02
-3.140774999999999864e+02
-3.036825000000000045e+02
-3.070237000000000194e+02
-3.070237000000000194e+02
-3.036825000000000045e+02
-3.140774999999999864e+02
-3.122212999999999852e+02
-3.315262000000000171e+02
