2.101339000000000112e+02
2.001099000000000103e+02
2.283257000000000119e+02
2.160740999999999872e+02
1.692951999999999941e+02
1.652112999999999943e+02
1.692951999999999941e+02
1.581572999999999922e+02
1.774628999999999905e+02
1.325403000000000020e+02
1.544447000000000116e+02
1.481332999999999913e+02
1.121209000000000060e+02
1.165760999999999967e+02
1.496183000000000050e+02
1.176898000000000053e+02
1.150909999999999940e+02
1.336540999999999997e+02
1.373667000000000087e+02
1.306839999999999975e+02
1.165760999999999967e+02
1.173186000000000035e+02
1.395943000000000040e+02
1.280851999999999862e+02
1.340252999999999872e+02
1.240013000000000005e+02
1.136059999999999945e+02
1.236299999999999955e+02
1.228875000000000028e+02
1.243725000000000023e+02
1.143485000000000014e+02
8.798893999999999949e+01
1.113783999999999992e+02
9.912677999999999656e+01
1.024681000000000068e+02
9.949804000000000315e+01
9.467163999999999646e+01
9.244406999999999641e+01
8.836020000000000607e+01
9.467163999999999646e+01
8.464758000000000493e+01
1.113783999999999992e+02
8.576136999999999944e+01
6.719830000000000325e+01
8.761767999999999290e+01
1.061807000000000016e+02
1.020969000000000051e+02
9.281533000000000300e+01
6.014433999999999969e+01
7.796487999999999374e+01
8.984524999999999295e+01
4.937776000000000209e+01
5.049154000000000053e+01
7.685110000000000241e+01
5.680297999999999803e+01
2.079063000000000017e+01
5.049154000000000053e+01
3.452730999999999995e+01
1.782054000000000116e+01
3.972496000000000294e+01
2.041937000000000069e+01
3.712613000000000341e+01
4.009622999999999848e+01
1.225162000000000084e+01
1.856306999999999974e+01
1.447918999999999912e+01
-1.559249999999999936e+01
-3.341250000000000142e+01
3.341352000000000100e+00
-1.113749999999999929e+01
-2.747250000000000014e+01
-7.424999999999999822e+00
-1.893374999999999986e+01
-2.932874999999999943e+01
-1.150874999999999915e+01
-3.044249999999999901e+01
-5.086124999999999829e+01
-2.747250000000000014e+01
-4.232249999999999801e+01
-5.271750000000000114e+01
-2.821499999999999986e+01
-5.420250000000000057e+01
-8.315999999999999659e+01
-6.608249999999999602e+01
-7.128000000000000114e+01
-6.496875000000000000e+01
-5.383124999999999716e+01
-7.239374999999999716e+01
-1.128599999999999994e+02
-7.202249999999999375e+01
-6.645374999999999943e+01
-8.501624999999999943e+01
-1.117463000000000051e+02
-8.056125000000000114e+01
-1.072913000000000068e+02
-1.072913000000000068e+02
-1.028362999999999943e+02
-1.128599999999999994e+02
-1.291949999999999932e+02
-1.150875000000000057e+02
-1.343925000000000125e+02
-1.436738000000000000e+02
-1.618650000000000091e+02
-1.562961999999999989e+02
-1.273388000000000062e+02
-1.485000000000000000e+02
-1.588950000000000102e+02
-1.388474999999999966e+02
-1.273388000000000062e+02
-1.343925000000000125e+02
-1.176861999999999995e+02
-1.228837999999999937e+02
-1.306800000000000068e+02
-1.303086999999999875e+02
-1.384763000000000090e+02
-1.299375000000000000e+02
-1.373625000000000114e+02
-1.306800000000000068e+02
-1.273388000000000062e+02
-1.362487000000000137e+02
-1.399612999999999943e+02
-1.715175000000000125e+02
-1.570388000000000090e+02
-1.492425000000000068e+02
-1.696613000000000113e+02
-1.733737000000000137e+02
-1.674336999999999875e+02
-1.759724999999999966e+02
-1.696613000000000113e+02
-1.937924999999999898e+02
-1.978762999999999863e+02
-1.629787000000000035e+02
-1.570388000000000090e+02
-1.644636999999999887e+02
-1.748586999999999989e+02
-1.644636999999999887e+02
-1.826550000000000011e+02
-1.756013000000000090e+02
-2.019600000000000080e+02
-1.900800000000000125e+02
-1.915649999999999977e+02
-1.963913000000000011e+02
-2.171812999999999931e+02
-2.012175000000000011e+02
-2.064149999999999920e+02
-2.234925000000000068e+02
-2.134687999999999874e+02
-2.138400000000000034e+02
-2.324025000000000034e+02
-2.324025000000000034e+02
-2.160674999999999955e+02
-2.001037000000000035e+02
-2.127263000000000090e+02
-2.134687999999999874e+02
-2.116125000000000114e+02
-2.093849999999999909e+02
-2.238637999999999977e+02
-2.409413000000000125e+02
-2.316599999999999966e+02
-2.056725000000000136e+02
-2.446536999999999864e+02
-2.457675000000000125e+02
-2.238637999999999977e+02
-2.394562999999999988e+02
-2.420550000000000068e+02
-2.320312999999999874e+02
-2.617312999999999761e+02
-2.739825000000000159e+02
-2.353725000000000023e+02
-2.698987000000000194e+02
-2.854911999999999921e+02
-2.554199999999999875e+02
-2.762099999999999795e+02
-2.673000000000000114e+02
-2.788086999999999875e+02
-2.635874999999999773e+02
-2.602461999999999875e+02
-2.587613000000000056e+02
-2.713838000000000079e+02
-2.583899999999999864e+02
-2.353725000000000023e+02
-2.613600000000000136e+02
-2.691562999999999874e+02
-2.684137999999999806e+02
-2.502224999999999966e+02
-2.743537999999999784e+02
-2.661861999999999853e+02
-2.810362999999999829e+02
-2.944012000000000171e+02
-2.609886999999999944e+02
-3.003412000000000148e+02
-2.973711999999999875e+02
-3.111075000000000159e+02
-3.111075000000000159e+02
-3.229875000000000114e+02
-3.226161999999999921e+02
-2.932875000000000227e+02
-3.333824999999999932e+02
-3.226161999999999921e+02
-3.099936999999999898e+02
-3.174187999999999761e+02
-3.341250000000000000e+02
-3.218736999999999853e+02
-3.344961999999999875e+02
-3.014549999999999841e+02
-2.880899999999999750e+02
-2.617312999999999761e+02
-2.561625000000000227e+02
-2.446536999999999864e+02
-2.724975000000000023e+02
-2.546775000000000091e+02
-2.509650000000000034e+02
-2.669286999999999921e+02
-2.658149999999999977e+02
-2.706413000000000011e+02
-2.862337999999999738e+02
-2.843774999999999977e+02
-2.966288000000000125e+02
-2.970000000000000000e+02
-2.606175000000000068e+02
-2.750962999999999852e+02
-2.880899999999999750e+02
-2.658149999999999977e+02
-2.617312999999999761e+02
-2.717549999999999955e+02
-2.836349999999999909e+02
-2.828924999999999841e+02
-2.877187999999999874e+02
-2.970000000000000000e+02
-2.958863000000000056e+02
-3.099936999999999898e+02
-2.561625000000000227e+02
-2.665575000000000045e+02
-2.791800000000000068e+02
-2.832638000000000034e+02
-2.765812000000000239e+02
-2.739825000000000159e+02
-2.628450000000000273e+02
-2.676712999999999738e+02
-2.591324999999999932e+02
-2.583899999999999864e+02
-2.606175000000000068e+02
-2.769524999999999864e+02
-2.691562999999999874e+02
-2.680425000000000182e+02
-2.802937999999999761e+02
-2.498513000000000090e+02
-2.721263000000000147e+02
-2.773238000000000056e+02
-2.706413000000000011e+02
-2.728686999999999898e+02
-2.680425000000000182e+02
-2.754674999999999727e+02
-2.684137999999999806e+02
-2.721263000000000147e+02
-2.724975000000000023e+02
-2.550488000000000000e+02
-2.680425000000000182e+02
-2.773238000000000056e+02
-2.621025000000000205e+02
-2.658149999999999977e+02
-2.784375000000000000e+02
-2.676712999999999738e+02
-2.877187999999999874e+02
-2.732400000000000091e+02
-2.621025000000000205e+02
-2.710124999999999886e+02
-2.621025000000000205e+02
-2.632162000000000148e+02
-2.587613000000000056e+02
-2.765812000000000239e+02
-2.673000000000000114e+02
-2.825212000000000216e+02
-2.821499999999999773e+02
-2.565337999999999852e+02
-2.932875000000000227e+02
-2.851200000000000045e+02
-2.713838000000000079e+02
-2.806650000000000205e+02
-2.788086999999999875e+02
-2.769524999999999864e+02
-3.029399999999999977e+02
-3.021974999999999909e+02
-2.817787000000000148e+02
-3.140774999999999864e+02
-2.799225000000000136e+02
-2.984850000000000136e+02
-2.940299999999999727e+02
-2.762099999999999795e+02
-2.591324999999999932e+02
-2.498513000000000090e+02
-2.728686999999999898e+02
-2.650724999999999909e+02
-2.576474999999999795e+02
-2.658149999999999977e+02
-2.836349999999999909e+02
-2.880899999999999750e+02
-2.450250000000000057e+02
-2.609886999999999944e+02
-2.750962999999999852e+02
-2.921738000000000284e+02
-2.624737999999999829e+02
-2.832638000000000034e+02
-2.843774999999999977e+02
-2.762099999999999795e+02
-2.687850000000000250e+02
-2.828924999999999841e+02
-2.724975000000000023e+02
-2.754674999999999727e+02
-3.003412000000000148e+02
-2.906888000000000147e+02
-2.814075000000000273e+02
-2.765812000000000239e+02
-2.728686999999999898e+02
-2.632162000000000148e+02
-2.769524999999999864e+02
-2.669286999999999921e+02
-2.932875000000000227e+02
-2.992275000000000205e+02
-2.780663000000000125e+02
-2.732400000000000091e+02
-2.918025000000000091e+02
-2.888324999999999818e+02
-2.836349999999999909e+02
-2.932875000000000227e+02
-2.892038000000000011e+02
-3.111075000000000159e+02
-3.137062000000000239e+02
-2.569049999999999727e+02
-2.754674999999999727e+02
-2.442824999999999989e+02
-2.086425000000000125e+02
-2.405699999999999932e+02
-2.279474999999999909e+02
-2.130974999999999966e+02
-2.375999999999999943e+02
-2.372288000000000068e+02
-2.372288000000000068e+02
-2.361150000000000091e+02
-2.424262999999999977e+02
-2.208937999999999988e+02
-2.372288000000000068e+02
-2.405699999999999932e+02
-2.465099999999999909e+02
-2.442824999999999989e+02
-2.505937999999999874e+02
-2.160674999999999955e+02
-2.104987000000000137e+02
-2.246062000000000012e+02
-2.064149999999999920e+02
-2.286899999999999977e+02
-2.268337999999999965e+02
-2.286899999999999977e+02
-2.201511999999999887e+02
-2.316599999999999966e+02
-2.312888000000000090e+02
-1.993613000000000000e+02
-2.335163000000000011e+02
-2.375999999999999943e+02
-2.331450000000000102e+02
-2.246062000000000012e+02
-2.324025000000000034e+02
-2.472524999999999977e+02
-2.546775000000000091e+02
-2.379713000000000136e+02
-2.583899999999999864e+02
-2.706413000000000011e+02
-2.587613000000000056e+02
-2.502224999999999966e+02
-2.617312999999999761e+02
-2.539350000000000023e+02
-2.494799999999999898e+02
-2.546775000000000091e+02
-2.569049999999999727e+02
-2.453962999999999965e+02
-2.647013000000000034e+02
-2.531924999999999955e+02
-2.368574999999999875e+02
-2.543062999999999931e+02
-2.717549999999999955e+02
-2.617312999999999761e+02
-2.420550000000000068e+02
-2.665575000000000045e+02
-2.587613000000000056e+02
-2.595038000000000125e+02
-2.387136999999999887e+02
-2.387136999999999887e+02
-2.528213000000000079e+02
-2.301750000000000114e+02
-2.257199999999999989e+02
-2.472524999999999977e+02
-2.420550000000000068e+02
-2.387136999999999887e+02
-2.520788000000000011e+02
-2.439113000000000113e+02
-2.409413000000000125e+02
-2.587613000000000056e+02
-2.431687000000000012e+02
-2.472524999999999977e+02
-2.472524999999999977e+02
-2.361150000000000091e+02
-2.524499999999999886e+02
-2.680425000000000182e+02
-2.413125000000000000e+02
-2.368574999999999875e+02
-2.531924999999999955e+02
-2.465099999999999909e+02
-2.350012999999999863e+02
-2.491086999999999989e+02
-1.956487999999999943e+02
-2.260911999999999864e+02
-2.227500000000000000e+02
