-1.702551999999999907e+03
-1.751557000000000016e+03
-1.702181000000000040e+03
-1.711462999999999965e+03
-1.729281999999999925e+03
-1.727055000000000064e+03
-1.741904999999999973e+03
-1.764550999999999931e+03
-1.766406999999999925e+03
-1.787568999999999960e+03
-1.804645999999999958e+03
-1.811700000000000045e+03
-1.831748000000000047e+03
-1.815784000000000106e+03
-1.804645999999999958e+03
-1.830634000000000015e+03
-1.834718000000000075e+03
-1.849567999999999984e+03
-1.810214999999999918e+03
-1.815412000000000035e+03
-1.824323000000000093e+03
-1.878895999999999958e+03
-1.803161000000000058e+03
-1.862932000000000016e+03
-1.869615000000000009e+03
-1.903398999999999887e+03
-1.865160000000000082e+03
-1.917877999999999929e+03
-1.911194999999999936e+03
-1.903027000000000044e+03
-1.958344000000000051e+03
-1.943865000000000009e+03
-1.953518000000000029e+03
-1.940894999999999982e+03
-1.963540999999999940e+03
-1.988414999999999964e+03
-1.977648999999999887e+03
-1.973565000000000055e+03
-1.951661000000000058e+03
-1.983218000000000075e+03
-2.007348999999999933e+03
-1.950175999999999931e+03
-1.947205999999999904e+03
-1.981361000000000104e+03
-1.992127999999999929e+03
-1.996953999999999951e+03
-1.985074000000000069e+03
-2.013288999999999987e+03
-1.999923999999999978e+03
-2.028138999999999896e+03
-2.019229000000000042e+03
-2.013288999999999987e+03
-2.046701000000000022e+03
-2.046329999999999927e+03
-1.995839999999999918e+03
-2.069347000000000207e+03
-2.050414000000000215e+03
-2.046701000000000022e+03
-2.066748999999999796e+03
-2.064521000000000186e+03
-2.094592999999999847e+03
-2.076400999999999840e+03
-2.100532000000000153e+03
-2.060438000000000102e+03
-2.088652999999999793e+03
-2.081969999999999800e+03
-2.086054000000000087e+03
-2.110927000000000135e+03
-2.135059000000000196e+03
-2.100903999999999996e+03
-2.082711999999999989e+03
-2.117981000000000222e+03
-2.123550000000000182e+03
-2.149166000000000167e+03
-2.165873000000000047e+03
-2.125405999999999949e+03
-2.143969000000000051e+03
-2.141369999999999891e+03
-2.120579999999999927e+03
-2.138400000000000091e+03
-2.137657000000000153e+03
-2.161789000000000215e+03
-2.138771000000000186e+03
-2.115382999999999811e+03
-2.112413000000000011e+03
-2.125405999999999949e+03
-2.200027999999999793e+03
-2.123920999999999822e+03
-2.170327999999999975e+03
-2.123179000000000087e+03
-2.148423999999999978e+03
-2.123179000000000087e+03
-2.160304000000000087e+03
-2.109813999999999851e+03
-2.166985999999999876e+03
-2.148052000000000135e+03
-2.150650999999999840e+03
-2.132460000000000036e+03
-2.166614999999999782e+03
-2.165501000000000204e+03
-2.142855000000000018e+03
-2.208565999999999804e+03
-2.148052000000000135e+03
-2.168471000000000004e+03
-2.177010000000000218e+03
-2.172925999999999931e+03
-2.187405000000000200e+03
-2.159932999999999993e+03
-2.151393999999999778e+03
-2.175153999999999996e+03
-2.189260999999999967e+03
-2.184434999999999945e+03
-2.190746000000000095e+03
-2.211907000000000153e+03
-2.215990999999999985e+03
-2.221188999999999851e+03
-2.179980000000000018e+03
-2.219333000000000084e+03
-2.225643999999999778e+03
-2.208565999999999804e+03
-2.201512000000000171e+03
-2.194829999999999927e+03
-2.200027999999999793e+03
-2.218960999999999785e+03
-2.216362999999999829e+03
-2.195201000000000022e+03
-2.190375000000000000e+03
-2.150280000000000200e+03
-2.206710000000000036e+03
-2.178494999999999891e+03
-2.159190000000000055e+03
-2.210793999999999869e+03
-2.187775999999999840e+03
-2.162902999999999793e+03
-2.180722000000000207e+03
-2.208938000000000102e+03
-2.173297999999999774e+03
-2.228614000000000033e+03
-2.169956000000000131e+03
-2.182208000000000084e+03
-2.200769999999999982e+03
-2.172925999999999931e+03
-2.177380999999999858e+03
-2.202255000000000109e+03
-2.205224999999999909e+03
-2.181835999999999785e+03
-2.228242000000000189e+03
-2.209309000000000196e+03
-2.205224999999999909e+03
-2.257570999999999913e+03
-2.241606999999999971e+03
-2.258684999999999945e+03
-2.272050000000000182e+03
-2.247175999999999931e+03
-2.231211999999999989e+03
-2.270193999999999960e+03
-2.252744999999999891e+03
-2.183320999999999913e+03
-2.181094000000000051e+03
-2.201141000000000076e+03
-2.169585000000000036e+03
-2.194829999999999927e+03
-2.243092999999999847e+03
-2.187405000000000200e+03
-2.201512000000000171e+03
-2.215619999999999891e+03
-2.225271999999999935e+03
-2.210050999999999931e+03
-2.246063000000000102e+03
-2.257199999999999818e+03
-2.253858999999999924e+03
-2.236409999999999854e+03
-2.216362999999999829e+03
-2.244206000000000131e+03
-2.233440000000000055e+03
-2.273905999999999949e+03
-2.246434000000000196e+03
-2.275019999999999982e+03
-2.236780999999999949e+03
-2.253858999999999924e+03
-2.255344000000000051e+03
-2.262025999999999840e+03
-2.172554999999999836e+03
-2.122065000000000055e+03
-2.141369999999999891e+03
-2.132460000000000036e+03
-2.129119000000000142e+03
-2.157704999999999927e+03
-2.125405999999999949e+03
-2.184806000000000040e+03
-2.165873000000000047e+03
-2.147309999999999945e+03
-2.168099999999999909e+03
-2.148052000000000135e+03
-2.133202999999999975e+03
-2.174411000000000058e+03
-2.159190000000000055e+03
-2.135059000000000196e+03
-2.181465000000000146e+03
-2.151021999999999935e+03
-2.167356999999999971e+03
-2.189260999999999967e+03
-2.172184000000000196e+03
-2.174039999999999964e+03
-2.179980000000000018e+03
-2.143226000000000113e+03
-2.168842999999999847e+03
-2.161045999999999822e+03
-2.164759000000000015e+03
-2.153992000000000189e+03
-2.168471000000000004e+03
-2.165873000000000047e+03
-2.173297999999999774e+03
-2.184434999999999945e+03
-2.135059000000000196e+03
-2.190746000000000095e+03
-2.185177000000000135e+03
-2.161045999999999822e+03
-2.144710999999999785e+03
-2.158076000000000022e+03
-2.187775999999999840e+03
-2.155106000000000222e+03
-2.173668999999999869e+03
-2.182208000000000084e+03
-2.165501000000000204e+03
-2.186291000000000167e+03
-2.166985999999999876e+03
-2.173668999999999869e+03
-2.191860000000000127e+03
-2.198170999999999822e+03
-2.139514000000000124e+03
-2.181465000000000146e+03
-2.177751999999999953e+03
-2.149909000000000106e+03
-2.187775999999999840e+03
-2.184063999999999851e+03
-2.147309999999999945e+03
-2.161045999999999822e+03
-2.204110999999999876e+03
-2.177751999999999953e+03
-2.172184000000000196e+03
-2.187034000000000106e+03
-2.207452999999999975e+03
-2.185177000000000135e+03
-2.180351000000000113e+03
-2.161789000000000215e+03
-2.173668999999999869e+03
-2.195943999999999960e+03
-2.155106000000000222e+03
-2.183320999999999913e+03
-2.218219000000000051e+03
-2.169213999999999942e+03
-2.197800000000000182e+03
-2.202255000000000109e+03
-2.196315000000000055e+03
-2.176268000000000029e+03
-2.173668999999999869e+03
-2.184434999999999945e+03
-2.179608999999999924e+03
-2.196686000000000149e+03
-2.184806000000000040e+03
-2.177380999999999858e+03
-2.210422999999999774e+03
-2.202255000000000109e+03
-2.169213999999999942e+03
-2.191489000000000033e+03
-2.200398999999999887e+03
-2.199655999999999949e+03
-2.201884000000000015e+03
-2.198170999999999822e+03
-2.207824000000000069e+03
-2.178494999999999891e+03
-2.210793999999999869e+03
-2.182579000000000178e+03
-2.188518999999999778e+03
-2.223788000000000011e+03
-2.200769999999999982e+03
-2.210793999999999869e+03
-2.215248999999999796e+03
-2.185920000000000073e+03
-2.219704000000000178e+03
-2.231583999999999833e+03
-2.183693000000000211e+03
-2.220074999999999818e+03
-2.258684999999999945e+03
-2.196686000000000149e+03
-2.231954999999999927e+03
-2.237152999999999793e+03
-2.205967999999999847e+03
-2.205967999999999847e+03
-2.269079999999999927e+03
-2.205967999999999847e+03
-2.199284999999999854e+03
-2.234925000000000182e+03
-2.237152999999999793e+03
-2.200769999999999982e+03
-2.241606999999999971e+03
-2.197800000000000182e+03
-2.237523999999999887e+03
-2.212650000000000091e+03
-2.212650000000000091e+03
-2.221559999999999945e+03
-2.228985000000000127e+03
-2.236780999999999949e+03
-2.232326000000000022e+03
-2.234182999999999993e+03
-2.237894999999999982e+03
-2.252001999999999953e+03
-2.244577999999999975e+03
-2.217476000000000113e+03
-2.252001999999999953e+03
-2.234554000000000087e+03
-2.251630999999999858e+03
-2.235295999999999822e+03
-2.253487999999999829e+03
-2.248289999999999964e+03
-2.253487999999999829e+03
-2.245320000000000164e+03
-2.283188000000000102e+03
-2.257199999999999818e+03
-2.233068999999999960e+03
-2.259798999999999978e+03
-2.251260000000000218e+03
-2.257570999999999913e+03
-2.259798999999999978e+03
-2.263882999999999811e+03
-2.266853000000000065e+03
-2.241235999999999876e+03
-2.279474999999999909e+03
-2.260541000000000167e+03
-2.279474999999999909e+03
-2.252373999999999796e+03
-2.273534999999999854e+03
-2.234554000000000087e+03
-2.280960000000000036e+03
-2.256085999999999785e+03
-2.272791999999999916e+03
-2.269822999999999865e+03
-2.253115999999999985e+03
-2.278360999999999876e+03
-2.261655000000000200e+03
-2.293210999999999785e+03
-2.264253999999999905e+03
-2.256829000000000178e+03
-2.285414999999999964e+03
-2.283188000000000102e+03
-2.282074000000000069e+03
-2.314373000000000047e+03
-2.286528999999999996e+03
-2.301007999999999811e+03
-2.309545999999999822e+03
-2.314744000000000142e+03
-2.292469000000000051e+03
-2.326623999999999796e+03
-2.323653999999999996e+03
-2.299150999999999840e+03
-2.314373000000000047e+03
-2.315485999999999876e+03
-2.334048999999999978e+03
-2.316971000000000004e+03
-2.330335999999999785e+03
-2.321797999999999774e+03
-2.343329999999999927e+03
-2.335534000000000106e+03
-2.338875000000000000e+03
-2.318085000000000036e+03
-2.337760999999999967e+03
-2.323653999999999996e+03
-2.329965000000000146e+03
-2.331449999999999818e+03
-2.326251999999999953e+03
-2.337389999999999873e+03
-2.325880999999999858e+03
-2.316599999999999909e+03
-2.310659999999999854e+03
-2.362264000000000124e+03
-2.326994999999999891e+03
-2.319199000000000069e+03
-2.335534000000000106e+03
-2.329594000000000051e+03
-2.345929000000000087e+03
-2.361150000000000091e+03
-2.326251999999999953e+03
-2.324025000000000091e+03
-2.370059999999999945e+03
-2.331449999999999818e+03
-2.319199000000000069e+03
-2.345186000000000149e+03
-2.344815000000000055e+03
-2.320313000000000102e+03
-2.356695000000000164e+03
-2.342586999999999989e+03
-2.319199000000000069e+03
-2.363748999999999796e+03
-2.354096000000000004e+03
-2.322539999999999964e+03
-2.345929000000000087e+03
-2.318456000000000131e+03
-2.314373000000000047e+03
-2.331820999999999913e+03
-2.363376999999999953e+03
-2.311773999999999887e+03
-2.347041999999999916e+03
-2.336646999999999935e+03
-2.332563999999999851e+03
-2.338132999999999811e+03
-2.353353999999999814e+03
-2.316228999999999814e+03
-2.339989000000000033e+03
-2.345557999999999993e+03
-2.338132999999999811e+03
-2.335905000000000200e+03
