-1.610854000000000042e+03
-1.614194999999999936e+03
-1.605655999999999949e+03
-1.621619999999999891e+03
-1.655403999999999996e+03
-1.657631000000000085e+03
-1.657259999999999991e+03
-1.646865000000000009e+03
-1.665056000000000040e+03
-1.713690000000000055e+03
-1.712948000000000093e+03
-1.712948000000000093e+03
-1.745617999999999938e+03
-1.751929000000000087e+03
-1.748587999999999965e+03
-1.725941000000000031e+03
-1.743019000000000005e+03
-1.770490999999999985e+03
-1.783114000000000033e+03
-1.795365000000000009e+03
-1.806502999999999929e+03
-1.815784000000000106e+03
-1.834346000000000004e+03
-1.817640000000000100e+03
-1.862560999999999922e+03
-1.852537000000000035e+03
-1.864046000000000049e+03
-1.851051999999999907e+03
-1.883722999999999956e+03
-1.877039999999999964e+03
-1.903769999999999982e+03
-1.882238000000000056e+03
-1.918990999999999985e+03
-1.946093000000000075e+03
-1.937182000000000016e+03
-1.914164999999999964e+03
-1.976163999999999987e+03
-1.962426999999999907e+03
-1.986930000000000064e+03
-2.002151000000000067e+03
-2.005492999999999938e+03
-2.001409000000000106e+03
-2.019229000000000042e+03
-2.007348999999999933e+03
-2.021455999999999904e+03
-2.041133000000000038e+03
-2.060065999999999804e+03
-2.023683999999999969e+03
-2.045959000000000060e+03
-2.075288000000000011e+03
-2.077885999999999967e+03
-2.050041999999999916e+03
-2.116125000000000000e+03
-2.111298999999999978e+03
-2.078628999999999905e+03
-2.120579999999999927e+03
-2.103130999999999858e+03
-2.124664000000000215e+03
-2.191860000000000127e+03
-2.159932999999999993e+03
-2.156219999999999800e+03
-2.191117000000000189e+03
-2.193344999999999800e+03
-2.182208000000000084e+03
-2.244949000000000069e+03
-2.226385999999999967e+03
-2.269822999999999865e+03
-2.256085999999999785e+03
-2.236039000000000215e+03
-2.253858999999999924e+03
-2.269451000000000022e+03
-2.235666999999999916e+03
-2.264253999999999905e+03
-2.266853000000000065e+03
-2.245320000000000164e+03
-2.269822999999999865e+03
-2.284300999999999931e+03
-2.298038000000000011e+03
-2.275019999999999982e+03
-2.277989999999999782e+03
-2.293954000000000178e+03
-2.277989999999999782e+03
-2.317342999999999847e+03
-2.313259000000000015e+03
-2.302121000000000095e+03
-2.304349000000000160e+03
-2.329594000000000051e+03
-2.323653999999999996e+03
-2.324768000000000029e+03
-2.357438000000000102e+03
-2.285043999999999869e+03
-2.280588999999999942e+03
-2.311030999999999949e+03
-2.320684000000000196e+03
-2.301378999999999905e+03
-2.330708000000000084e+03
-2.329965000000000146e+03
-2.324396000000000186e+03
-2.347784999999999854e+03
-2.355210000000000036e+03
-2.369688999999999851e+03
-2.369688999999999851e+03
-2.370431000000000040e+03
-2.383425000000000182e+03
-2.371545000000000073e+03
-2.374514999999999873e+03
-2.393449000000000069e+03
-2.373030000000000200e+03
-2.369688999999999851e+03
-2.390849999999999909e+03
-2.370802000000000135e+03
-2.363005999999999858e+03
-2.381197999999999865e+03
-2.394190999999999804e+03
-2.400873999999999796e+03
-2.381940000000000055e+03
-2.407927000000000135e+03
-2.424262000000000171e+03
-2.384909999999999854e+03
-2.406070999999999913e+03
-2.397532000000000153e+03
-2.370431000000000040e+03
-2.395304999999999836e+03
-2.416836999999999989e+03
-2.417579999999999927e+03
-2.418693999999999960e+03
-2.440597000000000207e+03
-2.439855000000000018e+03
-2.459902999999999793e+03
-2.456561000000000149e+03
-2.447280000000000200e+03
-2.469554999999999836e+03
-2.482920000000000073e+03
-2.491458999999999833e+03
-2.478465000000000146e+03
-2.486260999999999967e+03
-2.486260999999999967e+03
-2.532666999999999916e+03
-2.505195000000000164e+03
-2.502596000000000004e+03
-2.556056000000000040e+03
-2.528211999999999989e+03
-2.519302000000000135e+03
-2.559396999999999935e+03
-2.541577999999999975e+03
-2.516333000000000084e+03
-2.553085999999999785e+03
-2.554570999999999913e+03
-2.525614000000000033e+03
-2.535637000000000171e+03
-2.545661000000000058e+03
-2.542690999999999804e+03
-2.524128999999999905e+03
-2.540092999999999847e+03
-2.523757999999999811e+03
-2.557541000000000167e+03
-2.566451000000000022e+03
-2.549001999999999953e+03
-2.569420999999999822e+03
-2.567193999999999960e+03
-2.564224000000000160e+03
-2.579815999999999804e+03
-2.596893999999999778e+03
-2.595780000000000200e+03
-2.612485999999999876e+03
-2.618425999999999931e+03
-2.615085000000000036e+03
-2.643670999999999822e+03
-2.658150000000000091e+03
-2.616940999999999804e+03
-2.633646999999999935e+03
-2.645898999999999887e+03
-2.606175000000000182e+03
-2.619168999999999869e+03
-2.657036000000000058e+03
-2.639215999999999894e+03
-2.651096000000000004e+03
-2.675969999999999800e+03
-2.665945999999999913e+03
-2.643670999999999822e+03
-2.677083999999999833e+03
-2.648126000000000204e+03
-2.664090000000000146e+03
-2.717179000000000087e+03
-2.692675999999999931e+03
-2.681166999999999916e+03
-2.709753999999999905e+03
-2.712353000000000065e+03
-2.690449000000000069e+03
-2.728688000000000102e+03
-2.721634000000000015e+03
-2.746507999999999811e+03
-2.768411000000000058e+03
-2.737969000000000051e+03
-2.792914000000000215e+03
-2.812219000000000051e+03
-2.791057999999999993e+03
-2.794398999999999887e+03
-2.835978999999999814e+03
-2.808505999999999858e+03
-2.844146000000000186e+03
-2.857882999999999811e+03
-2.843403999999999996e+03
-2.851943000000000211e+03
-2.889809999999999945e+03
-2.850829000000000178e+03
-2.878300999999999931e+03
-2.885726000000000113e+03
-2.879414999999999964e+03
-2.878672999999999774e+03
-2.898719999999999800e+03
-2.909114999999999782e+03
-2.876074000000000069e+03
-2.925449999999999818e+03
-2.934731000000000222e+03
-2.913199000000000069e+03
-2.944755000000000109e+03
-2.947353999999999814e+03
-2.942155999999999949e+03
-2.942898999999999887e+03
-2.915425999999999931e+03
-2.842289999999999964e+03
-2.828554000000000087e+03
-2.826697999999999865e+03
-2.796998000000000047e+03
-2.800338999999999942e+03
-2.776579000000000178e+03
-2.770268000000000029e+03
-2.764327999999999975e+03
-2.792541999999999916e+03
-2.766925999999999931e+03
-2.789943999999999960e+03
-2.785860000000000127e+03
-2.781775999999999840e+03
-2.778806000000000040e+03
-2.809990999999999985e+03
-2.796626000000000204e+03
-2.786603000000000065e+03
-2.810733999999999924e+03
-2.775465000000000146e+03
-2.799224999999999909e+03
-2.756902999999999793e+03
-2.720148999999999887e+03
-2.742795000000000073e+03
-2.711239000000000033e+03
-2.684880000000000109e+03
-2.652210000000000036e+03
-2.667802000000000135e+03
-2.626222000000000207e+03
-2.619539999999999964e+03
-2.653695000000000164e+03
-2.644414000000000215e+03
-2.642929000000000087e+03
-2.638103000000000065e+03
-2.647384000000000015e+03
-2.643300000000000182e+03
-2.644784999999999854e+03
-2.647012000000000171e+03
-2.628820999999999913e+03
-2.673000000000000000e+03
-2.646269999999999982e+03
-2.641443999999999960e+03
-2.652952999999999975e+03
-2.668545000000000073e+03
-2.647384000000000015e+03
-2.665204000000000178e+03
-2.671143999999999778e+03
-2.661119999999999891e+03
-2.677826000000000022e+03
-2.671885999999999967e+03
-2.671514999999999873e+03
-2.689706000000000131e+03
-2.662976000000000113e+03
-2.615827999999999975e+03
-2.642929000000000087e+03
-2.613971000000000004e+03
-2.609144999999999982e+03
-2.624737999999999829e+03
-2.644041999999999916e+03
-2.619911000000000058e+03
-2.640329999999999927e+03
-2.638474000000000160e+03
-2.641815000000000055e+03
-2.658521000000000186e+03
-2.650353999999999814e+03
-2.635503999999999905e+03
-2.675969999999999800e+03
-2.654065999999999804e+03
-2.647755000000000109e+03
-2.664460999999999785e+03
-2.665574999999999818e+03
-2.680054000000000087e+03
-2.690820000000000164e+03
-2.676340999999999894e+03
-2.686364999999999782e+03
-2.708268999999999778e+03
-2.674485000000000127e+03
-2.689335000000000036e+03
-2.720519999999999982e+03
-2.692675999999999931e+03
-2.675969999999999800e+03
-2.706041000000000167e+03
-2.709010999999999967e+03
-2.693789999999999964e+03
-2.700844000000000051e+03
-2.724603999999999814e+03
-2.707525999999999840e+03
-2.706413000000000011e+03
-2.694532000000000153e+03
-2.702329000000000178e+03
-2.700472000000000207e+03
-2.706041000000000167e+03
-2.698615999999999985e+03
-2.730914999999999964e+03
-2.724603999999999814e+03
-2.710867000000000189e+03
-2.726460000000000036e+03
-2.746878999999999905e+03
-2.720148999999999887e+03
-2.726088999999999942e+03
-2.747621000000000095e+03
-2.736112999999999829e+03
-2.745021999999999935e+03
-2.769896000000000186e+03
-2.734998999999999796e+03
-2.754304000000000087e+03
-2.782518999999999778e+03
-2.751704999999999927e+03
-2.759873000000000047e+03
-2.744280000000000200e+03
-2.717920999999999822e+03
-2.701958000000000084e+03
-2.721262000000000171e+03
-2.736855000000000018e+03
-2.725717999999999847e+03
-2.723119000000000142e+03
-2.734626999999999953e+03
-2.743909000000000106e+03
-2.750590999999999894e+03
-2.730172999999999774e+03
-2.749478000000000065e+03
-2.743909000000000106e+03
-2.731286000000000058e+03
-2.724603999999999814e+03
-2.765070000000000164e+03
-2.760244000000000142e+03
-2.734626999999999953e+03
-2.752818999999999960e+03
-2.769153999999999996e+03
-2.765813000000000102e+03
-2.779920000000000073e+03
-2.780291000000000167e+03
-2.763213999999999942e+03
-2.807393000000000029e+03
-2.780663000000000011e+03
-2.777693000000000211e+03
-2.805164999999999964e+03
-2.788829999999999927e+03
-2.782889999999999873e+03
-2.795512000000000171e+03
-2.799967999999999847e+03
-2.791057999999999993e+03
-2.807393000000000029e+03
-2.801452999999999975e+03
-2.821871000000000095e+03
-2.824840999999999894e+03
-2.819643999999999778e+03
-2.812219000000000051e+03
-2.825954999999999927e+03
-2.829295999999999822e+03
-2.831894999999999982e+03
-2.829295999999999822e+03
-2.850085999999999785e+03
-2.827068999999999960e+03
-2.839690999999999804e+03
-2.867164000000000215e+03
-2.837835000000000036e+03
-2.831152999999999793e+03
-2.861594999999999800e+03
-2.855284000000000106e+03
-2.831894999999999982e+03
-2.804422999999999774e+03
-2.812960999999999785e+03
-2.795884000000000015e+03
-2.809619999999999891e+03
-2.803679999999999836e+03
-2.812590000000000146e+03
-2.809990999999999985e+03
-2.796255000000000109e+03
-2.822985000000000127e+03
-2.831894999999999982e+03
-2.785860000000000127e+03
-2.814074999999999818e+03
-2.824840999999999894e+03
-2.801824000000000069e+03
-2.812219000000000051e+03
-2.829295999999999822e+03
-2.814445999999999913e+03
-2.818530000000000200e+03
-2.832637000000000171e+03
-2.819643999999999778e+03
-2.818530000000000200e+03
-2.839320000000000164e+03
-2.846744999999999891e+03
-2.824469999999999800e+03
-2.853056000000000040e+03
-2.845260000000000218e+03
-2.817788000000000011e+03
-2.852313999999999851e+03
-2.862708999999999833e+03
-2.838206000000000131e+03
-2.853427000000000135e+03
