-1.147534000000000106e+03
-1.173520999999999958e+03
-1.143820999999999913e+03
-1.133425999999999931e+03
-1.225496000000000095e+03
-1.174263999999999896e+03
-1.169066000000000031e+03
-1.260394000000000005e+03
-1.223269000000000005e+03
-1.201365000000000009e+03
-1.273016000000000076e+03
-1.245544000000000096e+03
-1.274500999999999976e+03
-1.313111000000000104e+03
-1.287865999999999985e+03
-1.311998000000000047e+03
-1.343554000000000087e+03
-1.326105000000000018e+03
-1.356175999999999931e+03
-1.402583000000000084e+03
-1.355063000000000102e+03
-1.400355000000000018e+03
-1.406665999999999940e+03
-1.422630000000000109e+03
-1.451587999999999965e+03
-1.459384000000000015e+03
-1.437851000000000113e+03
-1.453443999999999960e+03
-1.483515000000000100e+03
-1.507645999999999958e+03
-1.491682000000000016e+03
-1.524723999999999933e+03
-1.530663999999999987e+03
-1.506531999999999925e+03
-1.578925999999999931e+03
-1.536974999999999909e+03
-1.516926999999999907e+03
-1.588208000000000084e+03
-1.600087999999999965e+03
-1.558508000000000038e+03
-1.631644000000000005e+03
-1.628673999999999978e+03
-1.597859999999999900e+03
-1.631271999999999935e+03
-1.637954999999999927e+03
-1.625703999999999951e+03
-1.587094000000000051e+03
-1.617536000000000058e+03
-1.617906999999999925e+03
-1.608998000000000047e+03
-1.649093000000000075e+03
-1.642038999999999987e+03
-1.644637999999999920e+03
-1.669883000000000038e+03
-1.652805000000000064e+03
-1.691044000000000096e+03
-1.692528999999999996e+03
-1.645380000000000109e+03
-1.692900000000000091e+03
-1.722229000000000042e+03
-1.686960000000000036e+03
-1.730025000000000091e+03
-1.743390000000000100e+03
-1.709234999999999900e+03
-1.737450000000000045e+03
-1.756012999999999920e+03
-1.760838999999999942e+03
-1.780144000000000005e+03
-1.823579999999999927e+03
-1.777545000000000073e+03
-1.782371000000000095e+03
-1.833604000000000042e+03
-1.826549999999999955e+03
-1.790166999999999916e+03
-1.874069999999999936e+03
-1.837316000000000031e+03
-1.841028999999999996e+03
-1.897829999999999927e+03
-1.858848999999999933e+03
-1.860704999999999927e+03
-1.906368999999999915e+03
-1.847711000000000013e+03
-1.822837999999999965e+03
-1.848453999999999951e+03
-1.857364000000000033e+03
-1.838800999999999931e+03
-1.867759000000000015e+03
-1.849567999999999984e+03
-1.859590999999999894e+03
-1.894489000000000033e+03
-1.916020999999999958e+03
-1.888548999999999978e+03
-1.960570999999999913e+03
-1.943493999999999915e+03
-1.922703999999999951e+03
-1.982474999999999909e+03
-1.939410000000000082e+03
-1.894859999999999900e+03
-1.949063000000000102e+03
-1.965769000000000005e+03
-1.945349999999999909e+03
-1.990270999999999958e+03
-1.993240999999999985e+03
-1.987300999999999931e+03
-2.002521999999999935e+03
-2.027025000000000091e+03
-1.997695999999999913e+03
-2.049670999999999822e+03
-2.045587999999999965e+03
-2.031480000000000018e+03
-2.035192999999999984e+03
-2.086425000000000182e+03
-2.065635000000000218e+03
-2.069719000000000051e+03
-2.120579999999999927e+03
-2.069347000000000207e+03
-2.109443000000000211e+03
-2.148423999999999978e+03
-2.110556000000000040e+03
-2.129119000000000142e+03
-2.178123999999999796e+03
-2.142112999999999829e+03
-2.167728999999999814e+03
-2.207081000000000131e+03
-2.185920000000000073e+03
-2.192603000000000065e+03
-2.211907000000000153e+03
-2.154364000000000033e+03
-2.161789000000000215e+03
-2.150650999999999840e+03
-2.145083000000000084e+03
-2.106844000000000051e+03
-2.153621000000000095e+03
-2.151021999999999935e+03
-2.096077999999999975e+03
-2.128376000000000204e+03
-2.108699999999999818e+03
-2.091623000000000047e+03
-2.139514000000000124e+03
-2.155478000000000065e+03
-2.122065000000000055e+03
-2.171813000000000102e+03
-2.165501000000000204e+03
-2.144340000000000146e+03
-2.173297999999999774e+03
-2.142855000000000018e+03
-2.140255999999999858e+03
-2.166244000000000142e+03
-2.188146999999999935e+03
-2.165130000000000109e+03
-2.160675000000000182e+03
-2.141369999999999891e+03
-2.142855000000000018e+03
-2.178123999999999796e+03
-2.163644999999999982e+03
-2.150280000000000200e+03
-2.156590999999999894e+03
-2.161789000000000215e+03
-2.136914999999999964e+03
-2.153621000000000095e+03
-2.173297999999999774e+03
-2.175153999999999996e+03
-2.185548999999999978e+03
-2.218590000000000146e+03
-2.187034000000000106e+03
-2.205596000000000004e+03
-2.241978999999999814e+03
-2.212650000000000091e+03
-2.234554000000000087e+03
-2.259798999999999978e+03
-2.204853999999999814e+03
-2.238637000000000171e+03
-2.234182999999999993e+03
-2.193715999999999894e+03
-2.214876999999999953e+03
-2.220818000000000211e+03
-2.210793999999999869e+03
-2.231583999999999833e+03
-2.229356000000000222e+03
-2.240494000000000142e+03
-2.247918999999999869e+03
-2.251630999999999858e+03
-2.244577999999999975e+03
-2.237894999999999982e+03
-2.209309000000000196e+03
-2.189260999999999967e+03
-2.227128999999999905e+03
-2.241235999999999876e+03
-2.229356000000000222e+03
-2.259798999999999978e+03
-2.256458000000000084e+03
-2.227500000000000000e+03
-2.274277999999999793e+03
-2.279846000000000004e+03
-2.261284000000000106e+03
-2.294695999999999913e+03
-2.290612999999999829e+03
-2.269079999999999927e+03
-2.307690000000000055e+03
-2.329594000000000051e+03
-2.288385000000000218e+03
-2.310659999999999854e+03
-2.308061000000000149e+03
-2.277619000000000142e+03
-2.289126999999999953e+03
-2.322911000000000058e+03
-2.285786000000000058e+03
-2.289869999999999891e+03
-2.295809999999999945e+03
-2.270936000000000149e+03
-2.252744999999999891e+03
-2.303606000000000222e+03
-2.300264999999999873e+03
-2.241235999999999876e+03
-2.237894999999999982e+03
-2.224159000000000106e+03
-2.247547999999999774e+03
-2.248661000000000058e+03
-2.181835999999999785e+03
-2.200027999999999793e+03
-2.178865999999999985e+03
-2.149909000000000106e+03
-2.149166000000000167e+03
-2.177751999999999953e+03
-2.176268000000000029e+03
-2.162159999999999854e+03
-2.140626999999999953e+03
-2.153621000000000095e+03
-2.148795000000000073e+03
-2.164016000000000076e+03
-2.190746000000000095e+03
-2.128005000000000109e+03
-2.169213999999999942e+03
-2.187405000000000200e+03
-2.144710999999999785e+03
-2.194458999999999833e+03
-2.177010000000000218e+03
-2.156590999999999894e+03
-2.160304000000000087e+03
-2.165501000000000204e+03
-2.146938999999999851e+03
-2.152507999999999811e+03
-2.185548999999999978e+03
-2.156219999999999800e+03
-2.159932999999999993e+03
-2.208938000000000102e+03
-2.169585000000000036e+03
-2.183693000000000211e+03
-2.201141000000000076e+03
-2.209679999999999836e+03
-2.158447999999999865e+03
-2.191489000000000033e+03
-2.206338999999999942e+03
-2.190746000000000095e+03
-2.213764000000000124e+03
-2.207824000000000069e+03
-2.217105000000000018e+03
-2.220074999999999818e+03
-2.204853999999999814e+03
-2.235295999999999822e+03
-2.244949000000000069e+03
-2.247175999999999931e+03
-2.261655000000000200e+03
-2.283559000000000196e+03
-2.258684999999999945e+03
-2.264625000000000000e+03
-2.257570999999999913e+03
-2.260170000000000073e+03
-2.238266000000000076e+03
-2.228985000000000127e+03
-2.209309000000000196e+03
-2.187405000000000200e+03
-2.227500000000000000e+03
-2.219704000000000178e+03
-2.209309000000000196e+03
-2.243463999999999942e+03
-2.217847000000000207e+03
-2.211907000000000153e+03
-2.237152999999999793e+03
-2.256085999999999785e+03
-2.253858999999999924e+03
-2.241978999999999814e+03
-2.240494000000000142e+03
-2.257199999999999818e+03
-2.242721000000000004e+03
-2.246434000000000196e+03
-2.245690999999999804e+03
-2.221559999999999945e+03
-2.247175999999999931e+03
-2.232697999999999865e+03
-2.243463999999999942e+03
-2.243835000000000036e+03
-2.228614000000000033e+03
-2.262396999999999935e+03
-2.262768999999999778e+03
-2.254601000000000113e+03
-2.275391000000000076e+03
-2.285786000000000058e+03
-2.251630999999999858e+03
-2.283559000000000196e+03
-2.290240999999999985e+03
-2.279474999999999909e+03
-2.276134000000000015e+03
-2.292469000000000051e+03
-2.296181000000000040e+03
-2.295068000000000211e+03
-2.303606000000000222e+03
-2.268708999999999833e+03
-2.255715000000000146e+03
-2.279474999999999909e+03
-2.270193999999999960e+03
-2.270936000000000149e+03
-2.270936000000000149e+03
-2.273164000000000215e+03
-2.282815999999999804e+03
-2.280960000000000036e+03
-2.250889000000000124e+03
-2.271307999999999993e+03
-2.275762000000000171e+03
-2.234554000000000087e+03
-2.203739999999999782e+03
-2.221931000000000040e+03
-2.172184000000000196e+03
-2.172184000000000196e+03
-2.195572999999999865e+03
-2.203369000000000142e+03
-2.203739999999999782e+03
-2.245690999999999804e+03
-2.199284999999999854e+03
-2.182208000000000084e+03
-2.207824000000000069e+03
-2.196686000000000149e+03
-2.194829999999999927e+03
-2.215619999999999891e+03
-2.198914000000000215e+03
-2.218219000000000051e+03
-2.232697999999999865e+03
-2.217847000000000207e+03
-2.232326000000000022e+03
-2.235666999999999916e+03
-2.232326000000000022e+03
-2.204853999999999814e+03
-2.248661000000000058e+03
-2.257570999999999913e+03
-2.244949000000000069e+03
-2.265367000000000189e+03
-2.259056000000000040e+03
-2.267965999999999894e+03
-2.277619000000000142e+03
-2.276134000000000015e+03
-2.207452999999999975e+03
-2.215248999999999796e+03
-2.220818000000000211e+03
-2.148795000000000073e+03
-2.138400000000000091e+03
-2.161416999999999916e+03
-2.130603999999999814e+03
-2.152878999999999905e+03
-2.152135999999999967e+03
-2.144710999999999785e+03
-2.168099999999999909e+03
-2.170327999999999975e+03
-2.164016000000000076e+03
-2.194829999999999927e+03
-2.198541999999999916e+03
-2.182208000000000084e+03
-2.181835999999999785e+03
-2.190746000000000095e+03
-2.178865999999999985e+03
-2.159561000000000149e+03
-2.194829999999999927e+03
-2.181465000000000146e+03
-2.179608999999999924e+03
-2.174411000000000058e+03
-2.169956000000000131e+03
-2.171813000000000102e+03
-2.189632999999999811e+03
-2.157333999999999833e+03
-2.158818999999999960e+03
-2.178494999999999891e+03
-2.176639000000000124e+03
-2.178494999999999891e+03
-2.198541999999999916e+03
-2.184434999999999945e+03
-2.189632999999999811e+03
-2.205224999999999909e+03
-2.202255000000000109e+03
-2.192603000000000065e+03
-2.200027999999999793e+03
-2.201884000000000015e+03
-2.202626000000000204e+03
-2.197057999999999993e+03
-2.186291000000000167e+03
-2.188518999999999778e+03
-2.206710000000000036e+03
-2.181835999999999785e+03
-2.205967999999999847e+03
-2.214135000000000218e+03
-2.177010000000000218e+03
-2.159561000000000149e+03
-2.176268000000000029e+03
-2.157333999999999833e+03
-2.174039999999999964e+03
-2.181094000000000051e+03
-2.176268000000000029e+03
-2.185177000000000135e+03
-2.211907000000000153e+03
-2.199655999999999949e+03
-2.163273999999999887e+03
-2.205967999999999847e+03
-2.215619999999999891e+03
-2.179980000000000018e+03
