-1.272273999999999887e+03
-1.233291999999999916e+03
-1.284525000000000091e+03
-1.315710000000000036e+03
-1.292692999999999984e+03
-1.343182000000000016e+03
-1.355433999999999969e+03
-1.344296000000000049e+03
-1.367314000000000078e+03
-1.392558999999999969e+03
-1.386990000000000009e+03
-1.392188000000000102e+03
-1.420030999999999949e+03
-1.477203999999999951e+03
-1.413348999999999933e+03
-1.465324000000000069e+03
-1.525095000000000027e+03
-1.446019000000000005e+03
-1.472749000000000024e+03
-1.501705999999999904e+03
-1.493166999999999916e+03
-1.556279999999999973e+03
-1.504675999999999931e+03
-1.507645999999999958e+03
-1.547740999999999985e+03
-1.529921000000000049e+03
-1.539944999999999936e+03
-1.575955999999999904e+03
-1.566674999999999955e+03
-1.588950000000000045e+03
-1.601573000000000093e+03
-1.608998000000000047e+03
-1.610854000000000042e+03
-1.603429000000000087e+03
-1.644266000000000076e+03
-1.625703999999999951e+03
-1.635355999999999995e+03
-1.682134000000000015e+03
-1.650577999999999975e+03
-1.680648999999999887e+03
-1.707750000000000000e+03
-1.627189000000000078e+03
-1.710348999999999933e+03
-1.689558999999999969e+03
-1.692528999999999996e+03
-1.729653999999999996e+03
-1.729653999999999996e+03
-1.684361000000000104e+03
-1.769749000000000024e+03
-1.732994999999999891e+03
-1.708121000000000095e+03
-1.756384000000000015e+03
-1.741904999999999973e+03
-1.764180000000000064e+03
-1.760468000000000075e+03
-1.772719000000000051e+03
-1.792023999999999887e+03
-1.805388999999999896e+03
-1.805018000000000029e+03
-1.788310999999999922e+03
-1.818010999999999967e+03
-1.834346000000000004e+03
-1.797963999999999942e+03
-1.832118999999999915e+03
-1.839914999999999964e+03
-1.831375999999999976e+03
-1.857734999999999900e+03
-1.851051999999999907e+03
-1.835460000000000036e+03
-1.891890000000000100e+03
-1.871471000000000004e+03
-1.842513999999999896e+03
-1.875925999999999931e+03
-1.885950000000000045e+03
-1.881124000000000024e+03
-1.859220000000000027e+03
-1.888920000000000073e+03
-1.884094000000000051e+03
-1.867016000000000076e+03
-1.895973999999999933e+03
-1.879268000000000029e+03
-1.866644999999999982e+03
-1.929758000000000038e+03
-1.935326000000000022e+03
-1.903398999999999887e+03
-1.959086000000000013e+03
-1.936440000000000055e+03
-1.937554000000000087e+03
-1.983588999999999942e+03
-1.946093000000000075e+03
-1.983588999999999942e+03
-2.028509999999999991e+03
-1.996211000000000013e+03
-1.994726000000000113e+03
-2.005121000000000095e+03
-1.974679000000000087e+03
-1.980618999999999915e+03
-2.052641000000000076e+03
-2.015144999999999982e+03
-2.024797000000000025e+03
-2.043359999999999900e+03
-2.043730999999999995e+03
-2.031851000000000113e+03
-2.073802000000000135e+03
-2.080856000000000222e+03
-2.085311000000000149e+03
-2.093849999999999909e+03
-2.111298999999999978e+03
-2.112784000000000106e+03
-2.104987999999999829e+03
-2.135429999999999836e+03
-2.101275000000000091e+03
-2.077885999999999967e+03
-2.114639999999999873e+03
-2.115753999999999905e+03
-2.123550000000000182e+03
-2.142855000000000018e+03
-2.139885000000000218e+03
-2.170327999999999975e+03
-2.150650999999999840e+03
-2.153250000000000000e+03
-2.171070000000000164e+03
-2.128376000000000204e+03
-2.143969000000000051e+03
-2.159561000000000149e+03
-2.151021999999999935e+03
-2.133945000000000164e+03
-2.178494999999999891e+03
-2.138028999999999996e+03
-2.161416999999999916e+03
-2.182579000000000178e+03
-2.171813000000000102e+03
-2.163644999999999982e+03
-2.199284999999999854e+03
-2.212650000000000091e+03
-2.194086999999999989e+03
-2.244949000000000069e+03
-2.224530000000000200e+03
-2.223045000000000073e+03
-2.243092999999999847e+03
-2.259056000000000040e+03
-2.282445000000000164e+03
-2.271307999999999993e+03
-2.290240999999999985e+03
-2.288385000000000218e+03
-2.305090999999999894e+03
-2.259056000000000040e+03
-2.262025999999999840e+03
-2.275019999999999982e+03
-2.285414999999999964e+03
-2.262768999999999778e+03
-2.261655000000000200e+03
-2.231211999999999989e+03
-2.239751000000000204e+03
-2.265739000000000033e+03
-2.260170000000000073e+03
-2.244577999999999975e+03
-2.240123000000000047e+03
-2.249775000000000091e+03
-2.236409999999999854e+03
-2.288385000000000218e+03
-2.281702999999999975e+03
-2.255715000000000146e+03
-2.303978000000000065e+03
-2.288385000000000218e+03
-2.290983999999999924e+03
-2.324396000000000186e+03
-2.328851000000000113e+03
-2.348527999999999793e+03
-2.332934999999999945e+03
-2.328108999999999924e+03
-2.326251999999999953e+03
-2.339246000000000095e+03
-2.372288000000000011e+03
-2.371916000000000167e+03
-2.341474000000000160e+03
-2.379340999999999894e+03
-2.373400999999999840e+03
-2.380826000000000022e+03
-2.387880000000000109e+03
-2.398646000000000186e+03
-2.390478999999999814e+03
-2.396418999999999869e+03
-2.409413000000000011e+03
-2.410896999999999935e+03
-2.408298999999999978e+03
-2.392706000000000131e+03
-2.417579999999999927e+03
-2.397903999999999996e+03
-2.340731000000000222e+03
-2.364490999999999985e+03
-2.369318000000000211e+03
-2.381197999999999865e+03
-2.382682999999999993e+03
-2.398275000000000091e+03
-2.306204999999999927e+03
-2.286157000000000153e+03
-2.303978000000000065e+03
-2.277619000000000142e+03
-2.280588999999999942e+03
-2.295068000000000211e+03
-2.272050000000000182e+03
-2.262396999999999935e+03
-2.275019999999999982e+03
-2.306204999999999927e+03
-2.289126999999999953e+03
-2.300264999999999873e+03
-2.311773999999999887e+03
-2.302864000000000033e+03
-2.321054999999999836e+03
-2.318456000000000131e+03
-2.317713999999999942e+03
-2.342958999999999833e+03
-2.341103000000000065e+03
-2.353353999999999814e+03
-2.363748999999999796e+03
-2.353724999999999909e+03
-2.359293999999999869e+03
-2.351498000000000047e+03
-2.375628999999999905e+03
-2.338132999999999811e+03
-2.372659000000000106e+03
-2.402358999999999924e+03
-2.373400999999999840e+03
-2.400130999999999858e+03
-2.412753999999999905e+03
-2.381940000000000055e+03
-2.424634000000000015e+03
-2.445795000000000073e+03
-2.401244999999999891e+03
-2.437626999999999953e+03
-2.427974999999999909e+03
-2.376742000000000189e+03
-2.393449000000000069e+03
-2.406070999999999913e+03
-2.393820000000000164e+03
-2.391221000000000004e+03
-2.410896999999999935e+03
-2.391221000000000004e+03
-2.367833000000000084e+03
-2.388623000000000047e+03
-2.384166999999999916e+03
-2.383054000000000087e+03
-2.349269999999999982e+03
-2.360778999999999996e+03
-2.342215999999999894e+03
-2.359293999999999869e+03
-2.351869000000000142e+03
-2.355952999999999975e+03
-2.363005999999999858e+03
-2.371916000000000167e+03
-2.347784999999999854e+03
-2.374885999999999967e+03
-2.378599000000000160e+03
-2.368945999999999913e+03
-2.405329000000000178e+03
-2.387137000000000171e+03
-2.357809000000000196e+03
-2.390478999999999814e+03
-2.394190999999999804e+03
-2.358179999999999836e+03
-2.390849999999999909e+03
-2.373030000000000200e+03
-2.352610999999999876e+03
-2.353724999999999909e+03
-2.367090000000000146e+03
-2.372659000000000106e+03
-2.372288000000000011e+03
-2.354838999999999942e+03
-2.365976000000000113e+03
-2.364119999999999891e+03
-2.365605000000000018e+03
-2.356695000000000164e+03
-2.364490999999999985e+03
-2.369318000000000211e+03
-2.368945999999999913e+03
-2.320313000000000102e+03
-2.309175000000000182e+03
-2.319940999999999804e+03
-2.304719999999999800e+03
-2.289498999999999796e+03
-2.265739000000000033e+03
-2.318085000000000036e+03
-2.315114999999999782e+03
-2.292097000000000207e+03
-2.312516000000000076e+03
-2.300635999999999967e+03
-2.293583000000000084e+03
-2.309916999999999916e+03
-2.298409000000000106e+03
-2.296552000000000135e+03
-2.319940999999999804e+03
-2.291726000000000113e+03
-2.274648999999999887e+03
-2.308432999999999993e+03
-2.289498999999999796e+03
-2.274277999999999793e+03
-2.315485999999999876e+03
-2.316228999999999814e+03
-2.292097000000000207e+03
-2.324025000000000091e+03
-2.329222000000000207e+03
-2.321054999999999836e+03
-2.345557999999999993e+03
-2.360407000000000153e+03
-2.339617000000000189e+03
-2.369688999999999851e+03
-2.389735999999999876e+03
-2.350755000000000109e+03
-2.353724999999999909e+03
-2.374885999999999967e+03
-2.353724999999999909e+03
-2.373771999999999935e+03
-2.386023999999999887e+03
-2.365976000000000113e+03
-2.326251999999999953e+03
-2.357438000000000102e+03
-2.327365999999999985e+03
-2.343701000000000022e+03
-2.369318000000000211e+03
-2.357438000000000102e+03
-2.343329999999999927e+03
-2.373400999999999840e+03
-2.361150000000000091e+03
-2.373400999999999840e+03
-2.387509000000000015e+03
-2.370802000000000135e+03
-2.387137000000000171e+03
-2.396047999999999774e+03
-2.373030000000000200e+03
-2.368204000000000178e+03
-2.403101000000000113e+03
-2.397532000000000153e+03
-2.377485000000000127e+03
-2.393449000000000069e+03
-2.394563000000000102e+03
-2.389364999999999782e+03
-2.388623000000000047e+03
-2.392706000000000131e+03
-2.397161000000000058e+03
-2.389735999999999876e+03
-2.383795999999999822e+03
-2.374514999999999873e+03
-2.398275000000000091e+03
-2.402358999999999924e+03
-2.379711999999999989e+03
-2.394934000000000196e+03
-2.400130999999999858e+03
-2.383795999999999822e+03
-2.392335000000000036e+03
-2.417951000000000022e+03
-2.399018000000000029e+03
-2.418322999999999865e+03
-2.412010999999999967e+03
-2.420179000000000087e+03
-2.427974999999999909e+03
-2.436143000000000029e+03
-2.425376000000000204e+03
-2.451364000000000033e+03
-2.451735000000000127e+03
-2.445423999999999978e+03
-2.413125000000000000e+03
-2.416465999999999894e+03
-2.390849999999999909e+03
-2.406443000000000211e+03
-2.384539000000000215e+03
-2.368574999999999818e+03
-2.386394999999999982e+03
-2.386394999999999982e+03
-2.385280999999999949e+03
-2.382682999999999993e+03
-2.381940000000000055e+03
-2.367090000000000146e+03
-2.384539000000000215e+03
-2.374885999999999967e+03
-2.379711999999999989e+03
-2.380826000000000022e+03
-2.365233999999999924e+03
-2.355581000000000131e+03
-2.368204000000000178e+03
-2.398275000000000091e+03
-2.374514999999999873e+03
-2.387509000000000015e+03
-2.402730000000000018e+03
-2.399389000000000124e+03
-2.409784000000000106e+03
-2.401615999999999985e+03
-2.414239000000000033e+03
-2.426119000000000142e+03
-2.425376000000000204e+03
-2.421291999999999916e+03
-2.412382999999999811e+03
-2.433914999999999964e+03
-2.423519999999999982e+03
-2.426489999999999782e+03
-2.438369999999999891e+03
-2.405699999999999818e+03
-2.425748000000000047e+03
-2.444681000000000040e+03
-2.432059000000000196e+03
-2.431688000000000102e+03
-2.426860999999999876e+03
-2.447650999999999840e+03
-2.450621000000000095e+03
-2.447280000000000200e+03
-2.433914999999999964e+03
-2.453219999999999800e+03
-2.471782000000000153e+03
-2.405329000000000178e+03
-2.418322999999999865e+03
-2.422034999999999854e+03
-2.397161000000000058e+03
