1.002406000000000006e+02
7.573730999999999369e+01
2.376072999999999880e+01
6.200063999999999709e+01
2.041937000000000069e+01
1.522170999999999985e+01
1.039531999999999989e+01
0.000000000000000000e+00
-5.197499999999999787e+00
-3.415500000000000114e+01
-1.076624999999999943e+01
-3.415500000000000114e+01
-6.496875000000000000e+01
-5.939999999999999858e+01
-7.350749999999999318e+01
-1.295663000000000125e+02
-9.986624999999999375e+01
-1.117463000000000051e+02
-1.046924999999999955e+02
-8.872875000000000512e+01
-1.436738000000000000e+02
-1.410749999999999886e+02
-1.329074999999999989e+02
-1.373625000000000114e+02
-1.540688000000000102e+02
-1.343925000000000125e+02
-1.611225000000000023e+02
-1.778288000000000011e+02
-1.592663000000000011e+02
-1.889661999999999864e+02
-1.874812000000000012e+02
-1.807988000000000000e+02
-1.960200000000000102e+02
-1.949062999999999874e+02
-2.030737000000000023e+02
-1.941638000000000090e+02
-2.205225000000000080e+02
-2.194088000000000136e+02
-2.557913000000000068e+02
-2.127263000000000090e+02
-2.246062000000000012e+02
-2.231211999999999875e+02
-2.650724999999999909e+02
-2.632162000000000148e+02
-2.698987000000000194e+02
-2.635874999999999773e+02
-2.602461999999999875e+02
-2.724975000000000023e+02
-2.609886999999999944e+02
-2.940299999999999727e+02
-2.795511999999999944e+02
-2.706413000000000011e+02
-3.003412000000000148e+02
-3.077663000000000011e+02
-3.326399999999999864e+02
-3.085088000000000079e+02
-3.296700000000000159e+02
-3.318974999999999795e+02
-3.129637000000000171e+02
-3.396938000000000102e+02
-3.374662000000000148e+02
-3.155625000000000000e+02
-3.326399999999999864e+02
-3.304125000000000227e+02
-3.266999999999999886e+02
-3.359812999999999761e+02
-3.463763000000000147e+02
-3.809024999999999750e+02
-3.790462999999999738e+02
-3.671662999999999784e+02
-3.563999999999999773e+02
-3.775611999999999853e+02
-3.797887999999999806e+02
-4.061474999999999795e+02
-4.016924999999999955e+02
-3.794175000000000182e+02
-3.924112999999999829e+02
-4.169137999999999806e+02
-4.373324999999999818e+02
-3.898125000000000000e+02
-4.039200000000000159e+02
-4.124587000000000216e+02
-4.221113000000000284e+02
-3.809024999999999750e+02
-3.924112999999999829e+02
-3.957524999999999977e+02
-3.805312999999999874e+02
-3.920400000000000205e+02
-3.701363000000000056e+02
-3.593700000000000045e+02
-3.764474999999999909e+02
-3.898125000000000000e+02
-3.990937999999999874e+02
-3.742200000000000273e+02
-3.619687999999999874e+02
-3.582563000000000102e+02
-3.693937999999999988e+02
-3.671662999999999784e+02
-3.519449999999999932e+02
-3.809024999999999750e+02
-3.404361999999999853e+02
-3.805312999999999874e+02
-3.805312999999999874e+02
-3.612262999999999806e+02
-3.623399999999999750e+02
-4.054049999999999727e+02
-3.586274999999999977e+02
-3.660525000000000091e+02
-3.920400000000000205e+02
-3.727350000000000136e+02
-3.805312999999999874e+02
-4.009499999999999886e+02
-3.872137000000000171e+02
-3.790462999999999738e+02
-4.117162000000000148e+02
-4.042912999999999784e+02
-3.853575000000000159e+02
-4.287937999999999761e+02
-4.232250000000000227e+02
-4.165425000000000182e+02
-4.076324999999999932e+02
-4.232250000000000227e+02
-4.094886999999999944e+02
-4.336200000000000045e+02
-4.447574999999999932e+02
-4.221113000000000284e+02
-4.410450000000000159e+02
-4.291650000000000205e+02
-4.035488000000000284e+02
-4.373324999999999818e+02
-4.280511999999999944e+02
-4.221113000000000284e+02
-4.462425000000000068e+02
-4.577513000000000147e+02
-4.336200000000000045e+02
-4.414162999999999784e+02
-4.477275000000000205e+02
-4.280511999999999944e+02
-4.172850000000000250e+02
-4.373324999999999818e+02
-4.484700000000000273e+02
-4.265663000000000125e+02
-4.172850000000000250e+02
-4.165425000000000182e+02
-4.358475000000000250e+02
-4.031775000000000091e+02
-3.853575000000000159e+02
-3.753337000000000216e+02
-3.927825000000000273e+02
-3.816449999999999818e+02
-4.013213000000000079e+02
-4.031775000000000091e+02
-3.979800000000000182e+02
-4.046625000000000227e+02
-4.113450000000000273e+02
-3.886988000000000056e+02
-3.968661999999999921e+02
-4.139438000000000102e+02
-4.005788000000000011e+02
-4.024350000000000023e+02
-3.905550000000000068e+02
-3.927825000000000273e+02
-4.169137999999999806e+02
-4.265663000000000125e+02
-4.343625000000000114e+02
-4.328774999999999977e+02
-4.388174999999999955e+02
-4.622062999999999988e+02
-4.622062999999999988e+02
-4.325063000000000102e+02
-4.351050000000000182e+02
-4.610924999999999727e+02
-4.488412000000000148e+02
-4.410450000000000159e+02
-4.577513000000000147e+02
-4.722300000000000182e+02
-4.458711999999999875e+02
-4.744574999999999818e+02
-4.622062999999999988e+02
-4.377038000000000011e+02
-4.503263000000000034e+02
-4.607212999999999852e+02
-4.469850000000000136e+02
-4.659187999999999761e+02
-4.722300000000000182e+02
-4.525536999999999921e+02
-4.484700000000000273e+02
-4.640625000000000000e+02
-4.562663000000000011e+02
-4.603500000000000227e+02
-4.718587999999999738e+02
-4.666612999999999829e+02
-4.833675000000000068e+02
-4.700024999999999977e+02
-4.748288000000000011e+02
-4.919062999999999874e+02
-4.911637999999999806e+02
-4.874513000000000034e+02
-5.030437999999999761e+02
-5.071274999999999977e+02
-4.982174999999999727e+02
-4.900500000000000114e+02
-4.844812999999999761e+02
-4.777988000000000284e+02
-4.770561999999999898e+02
-4.751999999999999886e+02
-4.429012000000000171e+02
-4.265663000000000125e+02
-4.748288000000000011e+02
-4.722300000000000182e+02
-4.610924999999999727e+02
-4.726012999999999806e+02
-4.648050000000000068e+02
-4.681462000000000216e+02
-4.759424999999999955e+02
-4.247099999999999795e+02
-4.072613000000000056e+02
-4.280511999999999944e+02
-4.054049999999999727e+02
-4.061474999999999795e+02
-4.165425000000000182e+02
-4.013213000000000079e+02
-3.601125000000000114e+02
-3.437774999999999750e+02
-3.660525000000000091e+02
-3.571424999999999841e+02
-3.493462999999999852e+02
-3.508312999999999988e+02
-3.571424999999999841e+02
-3.515738000000000056e+02
-3.500887000000000171e+02
-3.597411999999999921e+02
-3.512024999999999864e+02
-3.597411999999999921e+02
-3.478613000000000284e+02
-3.612262999999999806e+02
-3.530586999999999875e+02
-3.463763000000000147e+02
-3.563999999999999773e+02
-3.645674999999999955e+02
-3.304125000000000227e+02
-3.352386999999999944e+02
-3.667950000000000159e+02
-3.448913000000000011e+02
-3.549150000000000205e+02
-3.482325000000000159e+02
-3.512024999999999864e+02
-3.749624999999999773e+02
-3.671662999999999784e+02
-3.404361999999999853e+02
-3.508312999999999988e+02
-3.660525000000000091e+02
-3.630824999999999818e+02
-3.519449999999999932e+02
-3.474900000000000091e+02
-3.671662999999999784e+02
-3.634538000000000011e+02
-3.545437999999999761e+02
-3.474900000000000091e+02
-3.641963000000000079e+02
-3.816449999999999818e+02
-3.597411999999999921e+02
-3.649388000000000147e+02
-3.805312999999999874e+02
-3.627112000000000194e+02
-3.630824999999999818e+02
-3.757049999999999841e+02
-3.341250000000000000e+02
-3.434062999999999874e+02
-3.623399999999999750e+02
-3.549150000000000205e+02
-3.448913000000000011e+02
-3.601125000000000114e+02
-3.619687999999999874e+02
-3.712500000000000000e+02
-3.653100000000000023e+02
-3.467475000000000023e+02
-3.582563000000000102e+02
-3.686512000000000171e+02
-3.597411999999999921e+02
-3.794175000000000182e+02
-3.849863000000000284e+02
-3.675375000000000227e+02
-3.434062999999999874e+02
-3.705074999999999932e+02
-3.471186999999999898e+02
-3.701363000000000056e+02
-3.649388000000000147e+02
-3.608550000000000182e+02
-3.693937999999999988e+02
-3.708788000000000125e+02
-3.894413000000000125e+02
-3.872137000000000171e+02
-3.757049999999999841e+02
-3.775611999999999853e+02
-3.753337000000000216e+02
-3.753337000000000216e+02
-3.794175000000000182e+02
-3.816449999999999818e+02
-4.031775000000000091e+02
-3.745912000000000148e+02
-3.667950000000000159e+02
-3.675375000000000227e+02
-3.901836999999999875e+02
-3.935249999999999773e+02
-3.734775000000000205e+02
-3.679087999999999852e+02
-3.820163000000000011e+02
-3.898125000000000000e+02
-3.653100000000000023e+02
-3.649388000000000147e+02
-3.983512999999999806e+02
-3.645674999999999955e+02
-3.690224999999999795e+02
-3.705074999999999932e+02
-3.853575000000000159e+02
-3.612262999999999806e+02
-3.760763000000000034e+02
-3.942674999999999841e+02
-3.771899999999999977e+02
-3.835013000000000147e+02
-3.771899999999999977e+02
-3.638249999999999886e+02
-3.764474999999999909e+02
-3.920400000000000205e+02
-3.734775000000000205e+02
-3.760763000000000034e+02
-3.861000000000000227e+02
-3.942674999999999841e+02
-3.842436999999999898e+02
-3.835013000000000147e+02
-3.786750000000000114e+02
-3.701363000000000056e+02
-3.790462999999999738e+02
-3.679087999999999852e+02
-3.790462999999999738e+02
-3.783036999999999921e+02
-3.667950000000000159e+02
-3.630824999999999818e+02
-3.690224999999999795e+02
-3.534300000000000068e+02
-3.693937999999999988e+02
-3.831299999999999955e+02
-3.812737000000000194e+02
-3.708788000000000125e+02
-3.679087999999999852e+02
-3.879562999999999988e+02
-3.656811999999999898e+02
-3.879562999999999988e+02
-3.775611999999999853e+02
-3.667950000000000159e+02
-3.623399999999999750e+02
-3.946388000000000034e+02
-3.552862999999999829e+02
-3.797887999999999806e+02
-3.623399999999999750e+02
-3.686512000000000171e+02
-3.831299999999999955e+02
-3.545437999999999761e+02
-3.719925000000000068e+02
-3.738487999999999829e+02
-3.575138000000000034e+02
-3.667950000000000159e+02
-3.742200000000000273e+02
-3.723636999999999944e+02
-3.861000000000000227e+02
-3.723636999999999944e+02
-3.441487000000000194e+02
-3.738487999999999829e+02
-3.849863000000000284e+02
-3.623399999999999750e+02
-3.816449999999999818e+02
-3.805312999999999874e+02
-3.697649999999999864e+02
-3.653100000000000023e+02
-3.890699999999999932e+02
-3.716211999999999875e+02
-3.601125000000000114e+02
-3.660525000000000091e+02
-3.671662999999999784e+02
-3.671662999999999784e+02
-3.898125000000000000e+02
-3.764474999999999909e+02
-3.961236999999999853e+02
-3.846150000000000091e+02
-3.957524999999999977e+02
-3.742200000000000273e+02
-3.823874999999999886e+02
-3.627112000000000194e+02
-3.779325000000000045e+02
-3.671662999999999784e+02
-3.738487999999999829e+02
-3.835013000000000147e+02
-3.968661999999999921e+02
-3.771899999999999977e+02
-3.831299999999999955e+02
-3.912975000000000136e+02
-3.656811999999999898e+02
-3.764474999999999909e+02
-4.054049999999999727e+02
-3.794175000000000182e+02
-3.634538000000000011e+02
-3.794175000000000182e+02
-3.723636999999999944e+02
-3.716211999999999875e+02
-3.630824999999999818e+02
-3.742200000000000273e+02
-3.764474999999999909e+02
-3.805312999999999874e+02
-3.712500000000000000e+02
-3.723636999999999944e+02
-3.857287999999999784e+02
