-1.820980999999999995e+03
-1.841028999999999996e+03
-1.861076000000000022e+03
-1.878153999999999996e+03
-1.858848999999999933e+03
-1.887806000000000040e+03
-1.871471000000000004e+03
-1.915650000000000091e+03
-1.941266000000000076e+03
-1.914906999999999925e+03
-1.907111000000000104e+03
-1.931614000000000033e+03
-1.947577999999999975e+03
-1.952031999999999925e+03
-1.988414999999999964e+03
-1.961314000000000078e+03
-1.992127999999999929e+03
-1.973935999999999922e+03
-2.022941000000000031e+03
-2.025169000000000096e+03
-2.003265000000000100e+03
-2.045959000000000060e+03
-1.986930000000000064e+03
-2.059324000000000069e+03
-2.026653999999999996e+03
-2.036306000000000040e+03
-2.067490999999999985e+03
-2.143226000000000113e+03
-2.118353000000000065e+03
-2.106844000000000051e+03
-2.123550000000000182e+03
-2.091623000000000047e+03
-2.124291999999999916e+03
-2.122436000000000149e+03
-2.104987999999999829e+03
-2.115010999999999967e+03
-2.165501000000000204e+03
-2.128376000000000204e+03
-2.110556000000000040e+03
-2.149166000000000167e+03
-2.150650999999999840e+03
-2.167356999999999971e+03
-2.144710999999999785e+03
-2.162902999999999793e+03
-2.184434999999999945e+03
-2.207824000000000069e+03
-2.191860000000000127e+03
-2.206710000000000036e+03
-2.231583999999999833e+03
-2.196315000000000055e+03
-2.199655999999999949e+03
-2.238266000000000076e+03
-2.255715000000000146e+03
-2.252001999999999953e+03
-2.254230000000000018e+03
-2.289126999999999953e+03
-2.242721000000000004e+03
-2.302492000000000189e+03
-2.291355000000000018e+03
-2.284672999999999774e+03
-2.302121000000000095e+03
-2.334791000000000167e+03
-2.313630000000000109e+03
-2.342958999999999833e+03
-2.325139000000000124e+03
-2.356695000000000164e+03
-2.385652999999999793e+03
-2.365233999999999924e+03
-2.355952999999999975e+03
-2.360778999999999996e+03
-2.417579999999999927e+03
-2.355952999999999975e+03
-2.350384000000000015e+03
-2.396047999999999774e+03
-2.356695000000000164e+03
-2.389735999999999876e+03
-2.410155000000000200e+03
-2.411268999999999778e+03
-2.406070999999999913e+03
-2.462130000000000109e+03
-2.418693999999999960e+03
-2.416094999999999800e+03
-2.498141000000000076e+03
-2.430574000000000069e+03
-2.440597000000000207e+03
-2.441710999999999785e+03
-2.430945000000000164e+03
-2.439483999999999924e+03
-2.472896000000000186e+03
-2.462873000000000047e+03
-2.465842999999999847e+03
-2.455076000000000022e+03
-2.413496000000000095e+03
-2.406070999999999913e+03
-2.396047999999999774e+03
-2.436143000000000029e+03
-2.427231999999999971e+03
-2.407184999999999945e+03
-2.410155000000000200e+03
-2.389735999999999876e+03
-2.392706000000000131e+03
-2.365976000000000113e+03
-2.337389999999999873e+03
-2.368945999999999913e+03
-2.353353999999999814e+03
-2.357438000000000102e+03
-2.385652999999999793e+03
-2.347041999999999916e+03
-2.379340999999999894e+03
-2.355581000000000131e+03
-2.357438000000000102e+03
-2.380826000000000022e+03
-2.341844999999999800e+03
-2.347041999999999916e+03
-2.340360000000000127e+03
-2.361150000000000091e+03
-2.370431000000000040e+03
-2.305833999999999833e+03
-2.386766000000000076e+03
-2.343329999999999927e+03
-2.357809000000000196e+03
-2.339617000000000189e+03
-2.315856999999999971e+03
-2.376742000000000189e+03
-2.310659999999999854e+03
-2.299893999999999778e+03
-2.274277999999999793e+03
-2.284672999999999774e+03
-2.242721000000000004e+03
-2.226757999999999811e+03
-2.251630999999999858e+03
-2.262396999999999935e+03
-2.256458000000000084e+03
-2.259427000000000135e+03
-2.282815999999999804e+03
-2.242721000000000004e+03
-2.278731999999999971e+03
-2.268708999999999833e+03
-2.259056000000000040e+03
-2.264625000000000000e+03
-2.281331000000000131e+03
-2.205224999999999909e+03
-2.281331000000000131e+03
-2.246063000000000102e+03
-2.209309000000000196e+03
-2.278360999999999876e+03
-2.243092999999999847e+03
-2.215619999999999891e+03
-2.271307999999999993e+03
-2.269079999999999927e+03
-2.239009000000000015e+03
-2.247175999999999931e+03
-2.279474999999999909e+03
-2.248289999999999964e+03
-2.292097000000000207e+03
-2.260913000000000011e+03
-2.255344000000000051e+03
-2.259056000000000040e+03
-2.310659999999999854e+03
-2.254601000000000113e+03
-2.248289999999999964e+03
-2.256829000000000178e+03
-2.253858999999999924e+03
-2.237523999999999887e+03
-2.289126999999999953e+03
-2.263882999999999811e+03
-2.246434000000000196e+03
-2.308804000000000087e+03
-2.307318999999999960e+03
-2.243463999999999942e+03
-2.285414999999999964e+03
-2.282074000000000069e+03
-2.224900999999999840e+03
-2.317713999999999942e+03
-2.269451000000000022e+03
-2.238266000000000076e+03
-2.287271000000000186e+03
-2.315114999999999782e+03
-2.261655000000000200e+03
-2.312144999999999982e+03
-2.295809999999999945e+03
-2.277989999999999782e+03
-2.307318999999999960e+03
-2.279474999999999909e+03
-2.266110000000000127e+03
-2.299150999999999840e+03
-2.298409000000000106e+03
-2.285414999999999964e+03
-2.301378999999999905e+03
-2.314373000000000047e+03
-2.305090999999999894e+03
-2.335534000000000106e+03
-2.301378999999999905e+03
-2.290240999999999985e+03
-2.330708000000000084e+03
-2.316228999999999814e+03
-2.316599999999999909e+03
-2.303606000000000222e+03
-2.315114999999999782e+03
-2.315114999999999782e+03
-2.312887000000000171e+03
-2.317713999999999942e+03
-2.308804000000000087e+03
-2.348898999999999887e+03
-2.303235000000000127e+03
-2.339246000000000095e+03
-2.292469000000000051e+03
-2.305833999999999833e+03
-2.345557999999999993e+03
-2.321054999999999836e+03
-2.344443999999999960e+03
-2.298780000000000200e+03
-2.325880999999999858e+03
-2.310289000000000215e+03
-2.341474000000000160e+03
-2.342586999999999989e+03
-2.311030999999999949e+03
-2.308804000000000087e+03
-2.337389999999999873e+03
-2.324025000000000091e+03
-2.332934999999999945e+03
-2.304349000000000160e+03
-2.349269999999999982e+03
-2.312516000000000076e+03
-2.307318999999999960e+03
-2.330708000000000084e+03
-2.354467999999999847e+03
-2.312887000000000171e+03
-2.354838999999999942e+03
-2.319199000000000069e+03
-2.341103000000000065e+03
-2.337018999999999778e+03
-2.321054999999999836e+03
-2.351498000000000047e+03
-2.350012000000000171e+03
-2.345929000000000087e+03
-2.311402999999999793e+03
-2.374143999999999778e+03
-2.334048999999999978e+03
-2.340731000000000222e+03
-2.322168999999999869e+03
-2.323653999999999996e+03
-2.307690000000000055e+03
-2.316228999999999814e+03
-2.304719999999999800e+03
-2.301750000000000000e+03
-2.312144999999999982e+03
-2.296923999999999978e+03
-2.299893999999999778e+03
-2.296552000000000135e+03
-2.302492000000000189e+03
-2.308061000000000149e+03
-2.317713999999999942e+03
-2.304719999999999800e+03
-2.306947999999999865e+03
-2.314373000000000047e+03
-2.299521999999999935e+03
-2.306204999999999927e+03
-2.329594000000000051e+03
-2.270565000000000055e+03
-2.281702999999999975e+03
-2.298409000000000106e+03
-2.293583000000000084e+03
-2.264625000000000000e+03
-2.284300999999999931e+03
-2.292840000000000146e+03
-2.288385000000000218e+03
-2.288014000000000124e+03
-2.308804000000000087e+03
-2.265367000000000189e+03
-2.284672999999999774e+03
-2.334420000000000073e+03
-2.267224000000000160e+03
-2.293583000000000084e+03
-2.312887000000000171e+03
-2.298780000000000200e+03
-2.290612999999999829e+03
-2.313259000000000015e+03
-2.273905999999999949e+03
-2.284300999999999931e+03
-2.278731999999999971e+03
-2.276505000000000109e+03
-2.297295000000000073e+03
-2.338132999999999811e+03
-2.283559000000000196e+03
-2.295809999999999945e+03
-2.277989999999999782e+03
-2.238266000000000076e+03
-2.264996000000000095e+03
-2.252744999999999891e+03
-2.229728000000000065e+03
-2.228614000000000033e+03
-2.255715000000000146e+03
-2.244949000000000069e+03
-2.231211999999999989e+03
-2.263510999999999967e+03
-2.250889000000000124e+03
-2.256085999999999785e+03
-2.253115999999999985e+03
-2.274277999999999793e+03
-2.243835000000000036e+03
-2.286157000000000153e+03
-2.280588999999999942e+03
-2.261655000000000200e+03
-2.273905999999999949e+03
-2.278360999999999876e+03
-2.236780999999999949e+03
-2.267965999999999894e+03
-2.290240999999999985e+03
-2.302492000000000189e+03
-2.279474999999999909e+03
-2.295809999999999945e+03
-2.260541000000000167e+03
-2.273534999999999854e+03
-2.303235000000000127e+03
-2.263139999999999873e+03
-2.270936000000000149e+03
-2.308432999999999993e+03
-2.303606000000000222e+03
-2.269451000000000022e+03
-2.298780000000000200e+03
-2.268336999999999989e+03
-2.306576000000000022e+03
-2.270936000000000149e+03
-2.278360999999999876e+03
-2.299150999999999840e+03
-2.308432999999999993e+03
-2.300264999999999873e+03
-2.257570999999999913e+03
-2.303235000000000127e+03
-2.310289000000000215e+03
-2.297295000000000073e+03
-2.291726000000000113e+03
-2.318085000000000036e+03
-2.303978000000000065e+03
-2.312887000000000171e+03
-2.309175000000000182e+03
-2.324025000000000091e+03
-2.334420000000000073e+03
-2.314373000000000047e+03
-2.310659999999999854e+03
-2.310659999999999854e+03
-2.308432999999999993e+03
-2.314373000000000047e+03
-2.324025000000000091e+03
-2.314001000000000204e+03
-2.357809000000000196e+03
-2.358922999999999774e+03
-2.306576000000000022e+03
-2.334791000000000167e+03
-2.317342999999999847e+03
-2.338503999999999905e+03
-2.331449999999999818e+03
-2.349641000000000076e+03
-2.351498000000000047e+03
-2.338875000000000000e+03
-2.350755000000000109e+03
-2.348898999999999887e+03
-2.357438000000000102e+03
-2.355581000000000131e+03
-2.335534000000000106e+03
-2.340731000000000222e+03
-2.371916000000000167e+03
-2.338503999999999905e+03
-2.359664999999999964e+03
-2.391592999999999847e+03
-2.364119999999999891e+03
-2.381197999999999865e+03
-2.360778999999999996e+03
-2.366719000000000051e+03
-2.392706000000000131e+03
-2.365976000000000113e+03
-2.327365999999999985e+03
-2.354838999999999942e+03
-2.363748999999999796e+03
-2.347414000000000215e+03
-2.380083999999999833e+03
-2.336275999999999840e+03
-2.340731000000000222e+03
-2.336646999999999935e+03
-2.371545000000000073e+03
-2.351126000000000204e+03
-2.324025000000000091e+03
-2.365605000000000018e+03
-2.355952999999999975e+03
-2.338503999999999905e+03
-2.379340999999999894e+03
-2.355210000000000036e+03
-2.358922999999999774e+03
-2.398275000000000091e+03
-2.363748999999999796e+03
-2.335534000000000106e+03
-2.399018000000000029e+03
-2.377856000000000222e+03
-2.340731000000000222e+03
-2.409041000000000167e+03
-2.379711999999999989e+03
-2.375628999999999905e+03
-2.383425000000000182e+03
-2.407556000000000040e+03
-2.350755000000000109e+03
-2.423519999999999982e+03
-2.392706000000000131e+03
-2.377856000000000222e+03
-2.400501999999999953e+03
-2.391963999999999942e+03
-2.348898999999999887e+03
-2.400501999999999953e+03
-2.400501999999999953e+03
-2.370431000000000040e+03
-2.423891000000000076e+03
-2.415353000000000065e+03
