-1.366200000000000045e+02
-1.574099999999999966e+02
-1.826550000000000011e+02
-1.481288000000000125e+02
-1.544399999999999977e+02
-1.436738000000000000e+02
-1.258538000000000068e+02
-1.774575000000000102e+02
-1.718887000000000000e+02
-1.737450000000000045e+02
-1.963913000000000011e+02
-1.678050000000000068e+02
-1.666913000000000125e+02
-1.956487999999999943e+02
-1.807988000000000000e+02
-1.989900000000000091e+02
-1.989900000000000091e+02
-2.079000000000000057e+02
-2.234925000000000068e+02
-2.079000000000000057e+02
-2.071574999999999989e+02
-2.197800000000000011e+02
-2.238637999999999977e+02
-2.513362999999999943e+02
-2.424262999999999977e+02
-2.457675000000000125e+02
-2.609886999999999944e+02
-2.702699999999999818e+02
-2.572762000000000171e+02
-2.457675000000000125e+02
-2.851200000000000045e+02
-2.724975000000000023e+02
-2.606175000000000068e+02
-2.301750000000000114e+02
-2.825212000000000216e+02
-2.580187000000000239e+02
-2.453962999999999965e+02
-2.583899999999999864e+02
-2.773238000000000056e+02
-2.528213000000000079e+02
-2.906888000000000147e+02
-2.936587999999999852e+02
-2.810362999999999829e+02
-2.981136999999999944e+02
-3.111075000000000159e+02
-2.995987999999999829e+02
-3.263288000000000011e+02
-3.107363000000000284e+02
-2.728686999999999898e+02
-3.140774999999999864e+02
-3.021974999999999909e+02
-2.880899999999999750e+02
-3.044250000000000114e+02
-3.029399999999999977e+02
-3.189037000000000148e+02
-3.085088000000000079e+02
-2.992275000000000205e+02
-3.155625000000000000e+02
-3.408075000000000045e+02
-2.999700000000000273e+02
-3.356100000000000136e+02
-3.571424999999999841e+02
-3.530586999999999875e+02
-3.315262000000000171e+02
-3.419212999999999738e+02
-3.801600000000000250e+02
-3.619687999999999874e+02
-3.716211999999999875e+02
-3.753337000000000216e+02
-3.734775000000000205e+02
-3.693937999999999988e+02
-3.567712000000000216e+02
-3.549150000000000205e+02
-3.693937999999999988e+02
-3.660525000000000091e+02
-3.593700000000000045e+02
-3.901836999999999875e+02
-3.801600000000000250e+02
-3.809024999999999750e+02
-3.682799999999999727e+02
-3.589986999999999853e+02
-3.589986999999999853e+02
-3.768188000000000102e+02
-3.634538000000000011e+02
-3.538011999999999944e+02
-4.002074999999999818e+02
-3.820163000000000011e+02
-3.541725000000000136e+02
-3.924112999999999829e+02
-4.143149999999999977e+02
-3.905550000000000068e+02
-3.898125000000000000e+02
-4.035488000000000284e+02
-3.935249999999999773e+02
-3.935249999999999773e+02
-3.976087999999999738e+02
-3.920400000000000205e+02
-4.276800000000000068e+02
-3.953813000000000102e+02
-3.983512999999999806e+02
-4.150575000000000045e+02
-3.946388000000000034e+02
-3.846150000000000091e+02
-3.831299999999999955e+02
-4.035488000000000284e+02
-3.964950000000000045e+02
-3.953813000000000102e+02
-3.987225000000000250e+02
-4.087461999999999875e+02
-4.050337999999999852e+02
-4.391888000000000147e+02
-4.169137999999999806e+02
-3.994649999999999750e+02
-4.377038000000000011e+02
-4.128299999999999841e+02
-4.009499999999999886e+02
-4.273086999999999875e+02
-4.187699999999999818e+02
-4.239674999999999727e+02
-4.102312999999999761e+02
-4.005788000000000011e+02
-4.469850000000000136e+02
-4.217400000000000091e+02
-4.339911999999999921e+02
-4.581225000000000023e+02
-4.336200000000000045e+02
-4.328774999999999977e+02
-4.328774999999999977e+02
-4.317638000000000034e+02
-4.117162000000000148e+02
-4.291650000000000205e+02
-4.261949999999999932e+02
-4.369612000000000194e+02
-4.384463000000000079e+02
-4.403025000000000091e+02
-4.143149999999999977e+02
-4.124587000000000216e+02
-4.540387999999999806e+02
-4.384463000000000079e+02
-4.473562999999999761e+02
-4.707450000000000045e+02
-4.584936999999999898e+02
-4.484700000000000273e+02
-4.744574999999999818e+02
-4.510688000000000102e+02
-4.484700000000000273e+02
-4.399311999999999898e+02
-4.217400000000000091e+02
-4.191413000000000011e+02
-4.228537999999999784e+02
-4.106025000000000205e+02
-3.942674999999999841e+02
-3.990937999999999874e+02
-3.935249999999999773e+02
-3.927825000000000273e+02
-3.634538000000000011e+02
-3.437774999999999750e+02
-3.415500000000000114e+02
-3.426637999999999806e+02
-3.341250000000000000e+02
-3.445199999999999818e+02
-3.471186999999999898e+02
-3.415500000000000114e+02
-3.419212999999999738e+02
-3.489750000000000227e+02
-3.456338000000000079e+02
-3.044250000000000114e+02
-3.385799999999999841e+02
-3.385799999999999841e+02
-3.163050000000000068e+02
-3.408075000000000045e+02
-3.567712000000000216e+02
-3.415500000000000114e+02
-3.534300000000000068e+02
-3.400649999999999977e+02
-3.493462999999999852e+02
-3.474900000000000091e+02
-3.460049999999999955e+02
-3.341250000000000000e+02
-3.563999999999999773e+02
-3.627112000000000194e+02
-3.359812999999999761e+02
-3.422925000000000182e+02
-3.474900000000000091e+02
-3.404361999999999853e+02
-3.467475000000000023e+02
-3.467475000000000023e+02
-3.452624999999999886e+02
-3.552862999999999829e+02
-3.467475000000000023e+02
-3.452624999999999886e+02
-3.634538000000000011e+02
-3.415500000000000114e+02
-3.534300000000000068e+02
-3.538011999999999944e+02
-3.593700000000000045e+02
-3.434062999999999874e+02
-3.344961999999999875e+02
-3.578849999999999909e+02
-3.482325000000000159e+02
-3.463763000000000147e+02
-3.563999999999999773e+02
-3.705074999999999932e+02
-3.415500000000000114e+02
-3.456338000000000079e+02
-3.719925000000000068e+02
-3.701363000000000056e+02
-3.634538000000000011e+02
-3.426637999999999806e+02
-3.667950000000000159e+02
-3.619687999999999874e+02
-3.460049999999999955e+02
-3.641963000000000079e+02
-3.563999999999999773e+02
-3.478613000000000284e+02
-3.556575000000000273e+02
-3.441487000000000194e+02
-3.452624999999999886e+02
-3.534300000000000068e+02
-3.467475000000000023e+02
-3.523163000000000125e+02
-3.359812999999999761e+02
-3.530586999999999875e+02
-3.311549999999999727e+02
-3.185325000000000273e+02
-3.452624999999999886e+02
-3.252149999999999750e+02
-3.159336999999999875e+02
-3.218736999999999853e+02
-3.263288000000000011e+02
-2.955149999999999864e+02
-3.088799999999999955e+02
-3.170475000000000136e+02
-3.218736999999999853e+02
-3.151913000000000125e+02
-3.274424999999999955e+02
-3.266999999999999886e+02
-3.367237999999999829e+02
-3.411786999999999921e+02
-3.263288000000000011e+02
-3.207599999999999909e+02
-3.489750000000000227e+02
-3.326399999999999864e+02
-3.222450000000000045e+02
-3.385799999999999841e+02
-3.359812999999999761e+02
-3.393224999999999909e+02
-3.396938000000000102e+02
-3.426637999999999806e+02
-3.370950000000000273e+02
-3.337538000000000125e+02
-3.382087000000000216e+02
-3.426637999999999806e+02
-3.229875000000000114e+02
-3.215024999999999977e+02
-3.448913000000000011e+02
-3.200174999999999841e+02
-3.289275000000000091e+02
-3.337538000000000125e+02
-3.441487000000000194e+02
-3.400649999999999977e+02
-3.389513000000000034e+02
-3.493462999999999852e+02
-3.523163000000000125e+02
-3.526875000000000000e+02
-3.563999999999999773e+02
-3.385799999999999841e+02
-3.504599999999999795e+02
-3.448913000000000011e+02
-3.300412999999999784e+02
-3.393224999999999909e+02
-3.415500000000000114e+02
-3.300412999999999784e+02
-3.460049999999999955e+02
-3.304125000000000227e+02
-3.311549999999999727e+02
-3.478613000000000284e+02
-3.404361999999999853e+02
-3.556575000000000273e+02
-3.396938000000000102e+02
-3.500887000000000171e+02
-3.460049999999999955e+02
-3.471186999999999898e+02
-3.482325000000000159e+02
-3.556575000000000273e+02
-3.679087999999999852e+02
-3.556575000000000273e+02
-3.408075000000000045e+02
-3.460049999999999955e+02
-3.575138000000000034e+02
-3.341250000000000000e+02
-3.441487000000000194e+02
-3.534300000000000068e+02
-3.634538000000000011e+02
-3.448913000000000011e+02
-3.653100000000000023e+02
-3.452624999999999886e+02
-3.682799999999999727e+02
-3.612262999999999806e+02
-3.445199999999999818e+02
-3.597411999999999921e+02
-3.571424999999999841e+02
-3.649388000000000147e+02
-3.667950000000000159e+02
-3.812737000000000194e+02
-3.753337000000000216e+02
-3.716211999999999875e+02
-3.664238000000000284e+02
-3.601125000000000114e+02
-3.623399999999999750e+02
-3.623399999999999750e+02
-3.467475000000000023e+02
-3.430350000000000250e+02
-3.504599999999999795e+02
-3.341250000000000000e+02
-3.504599999999999795e+02
-3.634538000000000011e+02
-3.330113000000000056e+02
-3.333824999999999932e+02
-3.437774999999999750e+02
-3.311549999999999727e+02
-3.441487000000000194e+02
-3.445199999999999818e+02
-3.318974999999999795e+02
-3.538011999999999944e+02
-3.400649999999999977e+02
-3.541725000000000136e+02
-3.448913000000000011e+02
-3.300412999999999784e+02
-3.623399999999999750e+02
-3.370950000000000273e+02
-3.538011999999999944e+02
-3.612262999999999806e+02
-3.341250000000000000e+02
-3.578849999999999909e+02
-3.563999999999999773e+02
-3.486037999999999784e+02
-3.601125000000000114e+02
-3.500887000000000171e+02
-3.508312999999999988e+02
-3.493462999999999852e+02
-3.497174999999999727e+02
-3.597411999999999921e+02
-3.534300000000000068e+02
-3.456338000000000079e+02
-3.448913000000000011e+02
-3.608550000000000182e+02
-3.601125000000000114e+02
-3.441487000000000194e+02
-3.578849999999999909e+02
-3.641963000000000079e+02
-3.552862999999999829e+02
-3.690224999999999795e+02
-3.645674999999999955e+02
-3.556575000000000273e+02
-3.671662999999999784e+02
-3.512024999999999864e+02
-3.489750000000000227e+02
-3.723636999999999944e+02
-3.653100000000000023e+02
-3.367237999999999829e+02
-3.705074999999999932e+02
-3.519449999999999932e+02
-3.523163000000000125e+02
-3.623399999999999750e+02
-3.679087999999999852e+02
-3.779325000000000045e+02
-3.627112000000000194e+02
-3.671662999999999784e+02
-3.615975000000000250e+02
-3.486037999999999784e+02
-3.667950000000000159e+02
-3.641963000000000079e+02
-3.615975000000000250e+02
-3.556575000000000273e+02
-3.534300000000000068e+02
-3.675375000000000227e+02
-3.601125000000000114e+02
-3.638249999999999886e+02
-3.645674999999999955e+02
-3.634538000000000011e+02
-3.679087999999999852e+02
-3.608550000000000182e+02
-3.597411999999999921e+02
-3.690224999999999795e+02
-3.671662999999999784e+02
-3.783036999999999921e+02
-3.708788000000000125e+02
-3.701363000000000056e+02
-3.853575000000000159e+02
-3.686512000000000171e+02
-3.667950000000000159e+02
-3.656811999999999898e+02
-3.727350000000000136e+02
-3.660525000000000091e+02
-3.716211999999999875e+02
-3.567712000000000216e+02
-3.571424999999999841e+02
-3.783036999999999921e+02
-3.664238000000000284e+02
-3.809024999999999750e+02
-3.864712999999999852e+02
-3.786750000000000114e+02
-3.768188000000000102e+02
-3.716211999999999875e+02
-3.693937999999999988e+02
-3.990937999999999874e+02
-3.731062999999999761e+02
-3.820163000000000011e+02
-3.864712999999999852e+02
-3.924112999999999829e+02
-3.783036999999999921e+02
