-1.483515000000000100e+03
-1.490940000000000055e+03
-1.502077999999999975e+03
-1.510988000000000056e+03
-1.509502999999999929e+03
-1.571500999999999976e+03
-1.528065000000000055e+03
-1.510988000000000056e+03
-1.568902000000000044e+03
-1.580411000000000058e+03
-1.534748000000000047e+03
-1.587464999999999918e+03
-1.617164999999999964e+03
-1.577813000000000102e+03
-1.616050999999999931e+03
-1.670625000000000000e+03
-1.635728000000000065e+03
-1.607512999999999920e+03
-1.694013999999999896e+03
-1.646865000000000009e+03
-1.643894999999999982e+03
-1.706265000000000100e+03
-1.666912000000000035e+03
-1.675079999999999927e+03
-1.701067999999999984e+03
-1.710720000000000027e+03
-1.730025000000000091e+03
-1.738564000000000078e+03
-1.730395999999999958e+03
-1.771605000000000018e+03
-1.769749000000000024e+03
-1.764922000000000025e+03
-1.777173999999999978e+03
-1.821723999999999933e+03
-1.797221000000000004e+03
-1.790910000000000082e+03
-1.830262999999999920e+03
-1.831005000000000109e+03
-1.810958000000000084e+03
-1.848083000000000084e+03
-1.832861000000000104e+03
-1.839914999999999964e+03
-1.894859999999999900e+03
-1.855878999999999905e+03
-1.845113000000000056e+03
-1.915650000000000091e+03
-1.891890000000000100e+03
-1.893746000000000095e+03
-1.927529999999999973e+03
-1.940523999999999887e+03
-1.944236000000000104e+03
-1.924559999999999945e+03
-1.960570999999999913e+03
-1.962798999999999978e+03
-1.980990000000000009e+03
-1.980248000000000047e+03
-1.967253999999999905e+03
-2.027395999999999958e+03
-2.011060999999999922e+03
-1.998439000000000078e+03
-2.031108999999999924e+03
-2.034078999999999951e+03
-2.028881000000000085e+03
-2.081969999999999800e+03
-2.079000000000000000e+03
-2.064893000000000029e+03
-2.114268999999999778e+03
-2.122436000000000149e+03
-2.116125000000000000e+03
-2.147309999999999945e+03
-2.133945000000000164e+03
-2.136543999999999869e+03
-2.154364000000000033e+03
-2.193715999999999894e+03
-2.171440999999999804e+03
-2.187405000000000200e+03
-2.206338999999999942e+03
-2.205224999999999909e+03
-2.216362999999999829e+03
-2.234554000000000087e+03
-2.207824000000000069e+03
-2.262396999999999935e+03
-2.260541000000000167e+03
-2.243092999999999847e+03
-2.288755999999999858e+03
-2.289126999999999953e+03
-2.278731999999999971e+03
-2.304719999999999800e+03
-2.287271000000000186e+03
-2.264253999999999905e+03
-2.289126999999999953e+03
-2.281702999999999975e+03
-2.300264999999999873e+03
-2.291355000000000018e+03
-2.316971000000000004e+03
-2.315485999999999876e+03
-2.308061000000000149e+03
-2.357438000000000102e+03
-2.337760999999999967e+03
-2.321054999999999836e+03
-2.363376999999999953e+03
-2.329965000000000146e+03
-2.349269999999999982e+03
-2.307318999999999960e+03
-2.303606000000000222e+03
-2.310659999999999854e+03
-2.267224000000000160e+03
-2.267965999999999894e+03
-2.293583000000000084e+03
-2.317342999999999847e+03
-2.312516000000000076e+03
-2.312516000000000076e+03
-2.340360000000000127e+03
-2.334048999999999978e+03
-2.336646999999999935e+03
-2.383795999999999822e+03
-2.371916000000000167e+03
-2.370059999999999945e+03
-2.387137000000000171e+03
-2.399018000000000029e+03
-2.388623000000000047e+03
-2.417579999999999927e+03
-2.405329000000000178e+03
-2.406070999999999913e+03
-2.456932999999999993e+03
-2.451735000000000127e+03
-2.450992000000000189e+03
-2.462130000000000109e+03
-2.423891000000000076e+03
-2.417579999999999927e+03
-2.445423999999999978e+03
-2.421664000000000215e+03
-2.421291999999999916e+03
-2.452478000000000065e+03
-2.440226000000000113e+03
-2.399389000000000124e+03
-2.373030000000000200e+03
-2.349641000000000076e+03
-2.295068000000000211e+03
-2.340731000000000222e+03
-2.356324000000000069e+03
-2.315485999999999876e+03
-2.347041999999999916e+03
-2.337760999999999967e+03
-2.327365999999999985e+03
-2.348527999999999793e+03
-2.350384000000000015e+03
-2.345557999999999993e+03
-2.377856000000000222e+03
-2.408670000000000073e+03
-2.382682999999999993e+03
-2.404585999999999785e+03
-2.418322999999999865e+03
-2.425376000000000204e+03
-2.414610000000000127e+03
-2.426860999999999876e+03
-2.432800999999999931e+03
-2.443938999999999851e+03
-2.464356999999999971e+03
-2.462873000000000047e+03
-2.468070000000000164e+03
-2.472896000000000186e+03
-2.494800000000000182e+03
-2.504824000000000069e+03
-2.501853999999999814e+03
-2.488860000000000127e+03
-2.535266000000000076e+03
-2.538606999999999971e+03
-2.491829999999999927e+03
-2.508164999999999964e+03
-2.555684999999999945e+03
-2.510393000000000029e+03
-2.517074999999999818e+03
-2.524128999999999905e+03
-2.510393000000000029e+03
-2.520045000000000073e+03
-2.518188999999999851e+03
-2.474751999999999953e+03
-2.495914000000000215e+03
-2.494800000000000182e+03
-2.489974000000000160e+03
-2.502596000000000004e+03
-2.521900999999999840e+03
-2.517074999999999818e+03
-2.520045000000000073e+03
-2.519302000000000135e+03
-2.521900999999999840e+03
-2.498141000000000076e+03
-2.531554000000000087e+03
-2.545661000000000058e+03
-2.476608999999999924e+03
-2.503338999999999942e+03
-2.487003999999999905e+03
-2.448764999999999873e+03
-2.490715999999999894e+03
-2.495541999999999916e+03
-2.482548999999999978e+03
-2.502967999999999847e+03
-2.485518999999999778e+03
-2.473639000000000124e+03
-2.518559999999999945e+03
-2.527469999999999800e+03
-2.468440999999999804e+03
-2.499998000000000047e+03
-2.506309000000000196e+03
-2.470297999999999774e+03
-2.484405000000000200e+03
-2.505938000000000102e+03
-2.499255000000000109e+03
-2.523014999999999873e+03
-2.527840999999999894e+03
-2.523014999999999873e+03
-2.520788000000000011e+03
-2.521900999999999840e+03
-2.520045000000000073e+03
-2.515590000000000146e+03
-2.520416000000000167e+03
-2.535266000000000076e+03
-2.537494000000000142e+03
-2.549373999999999796e+03
-2.541949000000000069e+03
-2.541949000000000069e+03
-2.546775000000000091e+03
-2.542690999999999804e+03
-2.560139999999999873e+03
-2.541206000000000131e+03
-2.533780999999999949e+03
-2.534894999999999982e+03
-2.511505999999999858e+03
-2.513733999999999924e+03
-2.541949000000000069e+03
-2.559396999999999935e+03
-2.536009000000000015e+03
-2.555313999999999851e+03
-2.563853000000000065e+03
-2.546775000000000091e+03
-2.567565000000000055e+03
-2.593552000000000135e+03
-2.564965999999999894e+03
-2.581672999999999774e+03
-2.584271000000000186e+03
-2.594295000000000073e+03
-2.595780000000000200e+03
-2.624737999999999829e+03
-2.591695999999999913e+03
-2.601349000000000160e+03
-2.622880999999999858e+03
-2.612485999999999876e+03
-2.604690000000000055e+03
-2.631791000000000167e+03
-2.618054999999999836e+03
-2.632534000000000106e+03
-2.646641000000000076e+03
-2.622510000000000218e+03
-2.639958999999999833e+03
-2.643670999999999822e+03
-2.624737999999999829e+03
-2.634760999999999967e+03
-2.681909999999999854e+03
-2.661119999999999891e+03
-2.669659000000000106e+03
-2.665574999999999818e+03
-2.644784999999999854e+03
-2.622880999999999858e+03
-2.656293999999999869e+03
-2.648498000000000047e+03
-2.636246000000000095e+03
-2.654065999999999804e+03
-2.636989000000000033e+03
-2.610630000000000109e+03
-2.655179999999999836e+03
-2.644784999999999854e+03
-2.625480000000000018e+03
-2.657036000000000058e+03
-2.660748999999999796e+03
-2.651096000000000004e+03
-2.650353999999999814e+03
-2.663347000000000207e+03
-2.652210000000000036e+03
-2.677454999999999927e+03
-2.693789999999999964e+03
-2.687106999999999971e+03
-2.669659000000000106e+03
-2.686364999999999782e+03
-2.681909999999999854e+03
-2.691563000000000102e+03
-2.691934000000000196e+03
-2.678568999999999960e+03
-2.688963999999999942e+03
-2.700101000000000113e+03
-2.660748999999999796e+03
-2.683023999999999887e+03
-2.695646000000000186e+03
-2.685994000000000142e+03
-2.677454999999999927e+03
-2.697130999999999858e+03
-2.684509000000000015e+03
-2.694161000000000058e+03
-2.711239000000000033e+03
-2.683766000000000076e+03
-2.647384000000000015e+03
-2.645527999999999793e+03
-2.650724999999999909e+03
-2.636246000000000095e+03
-2.673371000000000095e+03
-2.671885999999999967e+03
-2.654809000000000196e+03
-2.680054000000000087e+03
-2.685994000000000142e+03
-2.661862999999999829e+03
-2.679311000000000149e+03
-2.693047999999999774e+03
-2.680425000000000182e+03
-2.702329000000000178e+03
-2.683394999999999982e+03
-2.687478999999999814e+03
-2.724231999999999971e+03
-2.721634000000000015e+03
-2.718291999999999916e+03
-2.724603999999999814e+03
-2.699730000000000018e+03
-2.730172999999999774e+03
-2.737226000000000113e+03
-2.731286000000000058e+03
-2.739824999999999818e+03
-2.766554999999999836e+03
-2.781405000000000200e+03
-2.770639000000000124e+03
-2.791057999999999993e+03
-2.781775999999999840e+03
-2.759130000000000109e+03
-2.779177000000000135e+03
-2.773237999999999829e+03
-2.773237999999999829e+03
-2.792170999999999822e+03
-2.769525000000000091e+03
-2.757644999999999982e+03
-2.776579000000000178e+03
-2.776949999999999818e+03
-2.772865999999999985e+03
-2.758387000000000171e+03
-2.727574000000000069e+03
-2.675228000000000065e+03
-2.663347000000000207e+03
-2.657778999999999996e+03
-2.674114000000000033e+03
-2.688963999999999942e+03
-2.632534000000000106e+03
-2.600978000000000065e+03
-2.608773999999999887e+03
-2.619539999999999964e+03
-2.606916999999999916e+03
-2.616199000000000069e+03
-2.637360000000000127e+03
-2.598750000000000000e+03
-2.622880999999999858e+03
-2.638474000000000160e+03
-2.597264999999999873e+03
-2.612485999999999876e+03
-2.631420000000000073e+03
-2.612485999999999876e+03
-2.623994999999999891e+03
-2.613228999999999814e+03
-2.601349000000000160e+03
-2.628449999999999818e+03
-2.628079000000000178e+03
-2.632905000000000200e+03
-2.631420000000000073e+03
-2.641443999999999960e+03
-2.602463000000000193e+03
-2.603204999999999927e+03
-2.649610999999999876e+03
-2.648869000000000142e+03
-2.635503999999999905e+03
-2.641443999999999960e+03
-2.629934999999999945e+03
-2.640701000000000022e+03
-2.669659000000000106e+03
-2.595038000000000011e+03
-2.596521999999999935e+03
-2.647384000000000015e+03
-2.624737999999999829e+03
-2.615456000000000131e+03
-2.634389999999999873e+03
-2.611744000000000142e+03
-2.624737999999999829e+03
-2.651838999999999942e+03
-2.625851000000000113e+03
-2.617313000000000102e+03
-2.641443999999999960e+03
-2.613971000000000004e+03
-2.593181000000000040e+03
-2.603576000000000022e+03
-2.613971000000000004e+03
-2.599864000000000033e+03
-2.608030999999999949e+03
-2.610630000000000109e+03
-2.604690000000000055e+03
-2.611001000000000204e+03
-2.634389999999999873e+03
-2.605804000000000087e+03
-2.618054999999999836e+03
-2.625851000000000113e+03
-2.613599999999999909e+03
-2.642186000000000149e+03
-2.640701000000000022e+03
-2.626222000000000207e+03
-2.637360000000000127e+03
-2.634760999999999967e+03
-2.585014000000000124e+03
-2.615456000000000131e+03
-2.620653999999999996e+03
