-3.429606999999999971e+03
-3.402876999999999953e+03
-3.406219000000000051e+03
-3.449655000000000200e+03
-3.383201000000000022e+03
-3.437403999999999996e+03
-3.423666999999999916e+03
-3.464505000000000109e+03
-3.398050999999999931e+03
-3.473043999999999869e+03
-3.504599999999999909e+03
-3.468217999999999847e+03
-3.518335999999999785e+03
-3.522420000000000073e+03
-3.504971000000000004e+03
-3.470445000000000164e+03
-3.513510000000000218e+03
-3.549150000000000091e+03
-3.506456000000000131e+03
-3.550635000000000218e+03
-3.537641000000000076e+03
-3.596670000000000073e+03
-3.610405999999999949e+03
-3.584789999999999964e+03
-3.592958000000000084e+03
-3.601496000000000095e+03
-3.594813999999999851e+03
-3.627112999999999829e+03
-3.614119000000000142e+03
-3.624143000000000029e+03
-3.657925999999999931e+03
-3.627483999999999924e+03
-3.630083000000000084e+03
-3.612262000000000171e+03
-3.635280000000000200e+03
-3.646789000000000215e+03
-3.689481999999999971e+03
-3.673518999999999778e+03
-3.665722999999999956e+03
-3.679088000000000193e+03
-3.721780999999999949e+03
-3.705818000000000211e+03
-3.712500000000000000e+03
-3.757420999999999822e+03
-3.695793999999999869e+03
-3.716583999999999833e+03
-3.715840999999999894e+03
-3.752594999999999800e+03
-3.770414999999999964e+03
-3.774498999999999796e+03
-3.785635999999999967e+03
-3.800485999999999876e+03
-3.800485999999999876e+03
-3.769300999999999931e+03
-3.812737999999999829e+03
-3.797887000000000171e+03
-3.805684000000000196e+03
-3.817193000000000211e+03
-3.832784999999999854e+03
-3.853945999999999913e+03
-3.829815000000000055e+03
-3.906291999999999916e+03
-3.852460999999999785e+03
-3.869909999999999854e+03
-3.897010999999999967e+03
-3.886244999999999891e+03
-3.849119999999999891e+03
-3.856916000000000167e+03
-3.868795999999999822e+03
-3.876221000000000004e+03
-3.910376000000000204e+03
-3.892556000000000040e+03
-3.837610999999999876e+03
-3.880675999999999931e+03
-3.863228000000000065e+03
-3.862114000000000033e+03
-3.908891000000000076e+03
-3.960865999999999985e+03
-3.917800999999999931e+03
-3.929309999999999945e+03
-3.943045999999999822e+03
-3.908148999999999887e+03
-3.939704999999999927e+03
-3.977943999999999960e+03
-3.982769999999999982e+03
-3.987224999999999909e+03
-4.003188999999999851e+03
-3.956411000000000058e+03
-4.001704000000000178e+03
-4.024721000000000004e+03
-3.995764000000000124e+03
-4.057391000000000076e+03
-4.054420999999999822e+03
-4.072240999999999985e+03
-4.051079999999999927e+03
-4.100085000000000036e+03
-4.025835000000000036e+03
-4.093402999999999793e+03
-4.102684000000000196e+03
-4.074469000000000051e+03
-4.090432999999999993e+03
-4.099342999999999847e+03
-4.077438999999999851e+03
-4.103055000000000291e+03
-4.108994999999999891e+03
-4.108623999999999796e+03
-4.130899000000000342e+03
-4.118275999999999840e+03
-4.115305999999999585e+03
-4.088576000000000022e+03
-4.119390000000000327e+03
-4.131270000000000437e+03
-4.126444000000000415e+03
-4.119019000000000233e+03
-4.137581000000000131e+03
-4.142408000000000357e+03
-4.134610999999999876e+03
-4.170251000000000204e+03
-4.099713999999999942e+03
-4.066672999999999774e+03
-4.092659999999999854e+03
-4.048110000000000127e+03
-4.073355000000000018e+03
-4.093402999999999793e+03
-4.099713999999999942e+03
-4.075210999999999785e+03
-4.075583000000000084e+03
-4.112707999999999629e+03
-4.118646999999999935e+03
-4.112336000000000240e+03
-4.117904999999999745e+03
-4.113449999999999818e+03
-4.110850999999999658e+03
-4.108252000000000407e+03
-4.101940999999999804e+03
-4.151317000000000007e+03
-4.110850999999999658e+03
-4.161341000000000349e+03
-4.130899000000000342e+03
-4.104911000000000058e+03
-4.091545999999999822e+03
-4.116792000000000371e+03
-4.136095999999999549e+03
-4.157256999999999607e+03
-4.117533999999999651e+03
-4.106768000000000029e+03
-4.135354000000000269e+03
-4.139809000000000196e+03
-4.143520999999999731e+03
-4.140180000000000291e+03
-4.152802999999999884e+03
-4.172106999999999971e+03
-4.156886000000000422e+03
-4.150945999999999913e+03
-4.160228000000000065e+03
-4.185844000000000051e+03
-4.180274999999999636e+03
-4.176563000000000102e+03
-4.196238999999999578e+03
-4.196238999999999578e+03
-4.199579999999999927e+03
-4.169880000000000109e+03
-4.214430000000000291e+03
-4.159113999999999578e+03
-4.212944999999999709e+03
-4.241159999999999854e+03
-4.194753999999999905e+03
-4.210345999999999549e+03
-4.242274000000000342e+03
-4.184359000000000378e+03
-4.197724000000000160e+03
-4.216286000000000058e+03
-4.213315999999999804e+03
-4.244872999999999593e+03
-4.297961000000000240e+03
-4.217029000000000451e+03
-4.221854999999999563e+03
-4.260465000000000146e+03
-4.257123999999999796e+03
-4.255639000000000124e+03
-4.272716000000000349e+03
-4.251555000000000291e+03
-4.268631999999999607e+03
-4.283481999999999971e+03
-4.276057999999999993e+03
-4.283854000000000269e+03
-4.304644000000000233e+03
-4.318380000000000109e+03
-4.328404000000000451e+03
-4.334344000000000051e+03
-4.318009000000000015e+03
-4.302045000000000073e+03
-4.320235999999999876e+03
-4.342881999999999607e+03
-4.330260000000000218e+03
-4.363301000000000386e+03
-4.372211000000000240e+03
-4.346595000000000255e+03
-4.362559000000000196e+03
-4.352534999999999854e+03
-4.361444999999999709e+03
-4.358845999999999549e+03
-4.377037999999999556e+03
-4.366643000000000029e+03
-4.372582999999999629e+03
-4.405994999999999891e+03
-4.350679000000000087e+03
-4.384833999999999833e+03
-4.402654000000000451e+03
-4.393372999999999593e+03
-4.374067000000000007e+03
-4.402654000000000451e+03
-4.383349000000000160e+03
-4.398198999999999614e+03
-4.424186999999999898e+03
-4.401911000000000058e+03
-4.385204999999999927e+03
-4.375923999999999978e+03
-4.401539999999999964e+03
-4.363671999999999571e+03
-4.428640999999999622e+03
-4.389659999999999854e+03
-4.411564000000000306e+03
-4.438293999999999869e+03
-4.411564000000000306e+03
-4.425671000000000276e+03
-4.407850999999999658e+03
-4.398569999999999709e+03
-4.378150999999999840e+03
-4.435694999999999709e+03
-4.423814999999999600e+03
-4.423814999999999600e+03
-4.424557999999999993e+03
-4.425300000000000182e+03
-4.444234000000000378e+03
-4.417875000000000000e+03
-4.440893000000000029e+03
-4.465395000000000437e+03
-4.483586000000000240e+03
-4.452029999999999745e+03
-4.474676000000000386e+03
-4.470592999999999847e+03
-4.497323000000000320e+03
-4.491381999999999607e+03
-4.489154999999999745e+03
-4.485442000000000007e+03
-4.518484000000000378e+03
-4.500663999999999760e+03
-4.528878999999999905e+03
-4.528878999999999905e+03
-4.529993000000000393e+03
-4.551524999999999636e+03
-4.567118000000000393e+03
-4.522567000000000007e+03
-4.554865999999999985e+03
-4.543729000000000269e+03
-4.524052999999999884e+03
-4.508088999999999942e+03
-4.516627000000000407e+03
-4.533704999999999927e+03
-4.517740999999999985e+03
-4.486185000000000400e+03
-4.334715000000000146e+03
-4.322092999999999847e+03
-4.292764000000000124e+03
-4.346595000000000255e+03
-4.293877000000000407e+03
-4.312811999999999898e+03
-4.341025999999999840e+03
-4.346595000000000255e+03
-4.346595000000000255e+03
-4.326546999999999571e+03
-4.347337000000000444e+03
-4.304644000000000233e+03
-4.315780999999999949e+03
-4.335086000000000240e+03
-4.301673999999999978e+03
-4.330260000000000218e+03
-4.319864999999999782e+03
-4.328404000000000451e+03
-4.322092999999999847e+03
-4.340654999999999745e+03
-4.334715000000000146e+03
-4.371097999999999956e+03
-4.329518000000000029e+03
-4.306128999999999905e+03
-4.371840000000000146e+03
-4.359588999999999942e+03
-4.337314000000000306e+03
-4.394856999999999971e+03
-4.385204999999999927e+03
-4.345853000000000065e+03
-4.393001000000000204e+03
-4.396342999999999847e+03
-4.354020000000000437e+03
-4.391887999999999920e+03
-4.388175000000000182e+03
-4.364043999999999869e+03
-4.364786000000000058e+03
-4.373695999999999913e+03
-4.371097999999999956e+03
-4.376667000000000371e+03
-4.399684000000000196e+03
-4.388175000000000182e+03
-4.397085000000000036e+03
-4.455000000000000000e+03
-4.417131999999999607e+03
-4.407850999999999658e+03
-4.443862000000000080e+03
-4.417875000000000000e+03
-4.443862000000000080e+03
-4.429012999999999920e+03
-4.429012999999999920e+03
-4.425671000000000276e+03
-4.453515000000000327e+03
-4.424186999999999898e+03
-4.450917000000000371e+03
-4.413048999999999978e+03
-4.342140000000000327e+03
-4.366270999999999731e+03
-4.372953999999999724e+03
-4.405994999999999891e+03
-4.376667000000000371e+03
-4.384462000000000444e+03
-4.386319000000000415e+03
-4.351421000000000276e+03
-4.393372999999999593e+03
-4.388175000000000182e+03
-4.385576000000000022e+03
-4.387061999999999898e+03
-4.431239999999999782e+03
-4.384833999999999833e+03
-4.422701000000000022e+03
-4.427527000000000044e+03
-4.415646999999999935e+03
-4.426042000000000371e+03
-4.403768000000000029e+03
-4.439036000000000058e+03
-4.431981999999999971e+03
-4.464280999999999949e+03
-4.429012999999999920e+03
-4.432725000000000364e+03
-4.450917000000000371e+03
-4.437551000000000386e+03
-4.481729999999999563e+03
-4.492496000000000095e+03
-4.477645999999999731e+03
-4.487298999999999978e+03
-4.485442000000000007e+03
-4.459454999999999927e+03
-4.504747999999999593e+03
-4.520711000000000240e+03
-4.498064999999999600e+03
-4.523680999999999585e+03
-4.495095000000000255e+03
-4.504747999999999593e+03
-4.509944999999999709e+03
-4.528878999999999905e+03
-4.483586000000000240e+03
-4.525167000000000371e+03
-4.528136000000000422e+03
-4.501777000000000044e+03
-4.523680999999999585e+03
-4.531849000000000160e+03
-4.505860999999999876e+03
-4.507717999999999847e+03
-4.505118999999999687e+03
-4.462425000000000182e+03
-4.458341000000000349e+03
-4.516998999999999796e+03
-4.470220999999999549e+03
-4.502520000000000437e+03
-4.480987000000000080e+03
-4.482100999999999658e+03
-4.496208999999999833e+03
-4.479873999999999796e+03
-4.454628999999999905e+03
-4.481729999999999563e+03
-4.470220999999999549e+03
-4.468364999999999782e+03
-4.462054000000000087e+03
-4.485442000000000007e+03
-4.453515000000000327e+03
-4.461311999999999898e+03
-4.487670000000000073e+03
-4.472819999999999709e+03
-4.498436999999999898e+03
-4.491011000000000422e+03
-4.486927999999999884e+03
-4.492125000000000000e+03
-4.506975000000000364e+03
-4.465024000000000342e+03
-4.487670000000000073e+03
-4.553752000000000407e+03
-4.509944999999999709e+03
-4.528878999999999905e+03
-4.535561999999999898e+03
-4.498807999999999993e+03
-4.473190999999999804e+03
-4.509573999999999614e+03
-4.509203000000000429e+03
-4.464280999999999949e+03
-4.516627000000000407e+03
-4.514770999999999731e+03
-4.494353000000000065e+03
-4.540015999999999622e+03
-4.504005000000000109e+03
-4.491381999999999607e+03
-4.481729999999999563e+03
-4.505118999999999687e+03
-4.481359000000000378e+03
-4.534448000000000320e+03
