-1.885578999999999951e+03
-1.894489000000000033e+03
-1.912308999999999969e+03
-1.934212999999999965e+03
-1.919363000000000056e+03
-1.960200000000000045e+03
-1.926787000000000035e+03
-1.967253999999999905e+03
-1.970223999999999933e+03
-2.024055000000000064e+03
-1.980990000000000009e+03
-2.012916999999999916e+03
-2.040760999999999967e+03
-2.004750000000000000e+03
-2.028509999999999991e+03
-2.096820000000000164e+03
-2.082340999999999894e+03
-2.066005999999999858e+03
-2.119465999999999894e+03
-2.111670000000000073e+03
-2.077514999999999873e+03
-2.133202999999999975e+03
-2.150650999999999840e+03
-2.130603999999999814e+03
-2.162530999999999949e+03
-2.154364000000000033e+03
-2.164759000000000015e+03
-2.160304000000000087e+03
-2.193715999999999894e+03
-2.172554999999999836e+03
-2.220445999999999913e+03
-2.223045000000000073e+03
-2.200027999999999793e+03
-2.259427000000000135e+03
-2.267965999999999894e+03
-2.228614000000000033e+03
-2.304349000000000160e+03
-2.303606000000000222e+03
-2.270936000000000149e+03
-2.342958999999999833e+03
-2.357065999999999804e+03
-2.337760999999999967e+03
-2.364862999999999829e+03
-2.393820000000000164e+03
-2.360778999999999996e+03
-2.402358999999999924e+03
-2.406443000000000211e+03
-2.406070999999999913e+03
-2.432059000000000196e+03
-2.437998999999999796e+03
-2.446538000000000011e+03
-2.458789000000000215e+03
-2.476980000000000018e+03
-2.445052000000000135e+03
-2.462501000000000204e+03
-2.517445999999999913e+03
-2.497769999999999982e+03
-2.481434999999999945e+03
-2.540835000000000036e+03
-2.542690999999999804e+03
-2.536751000000000204e+03
-2.603204999999999927e+03
-2.597264999999999873e+03
-2.608030999999999949e+03
-2.594295000000000073e+03
-2.602833999999999833e+03
-2.613228999999999814e+03
-2.621025000000000091e+03
-2.617313000000000102e+03
-2.632163000000000011e+03
-2.673000000000000000e+03
-2.693047999999999774e+03
-2.697501999999999953e+03
-2.688221000000000004e+03
-2.718664000000000215e+03
-2.700101000000000113e+03
-2.730172999999999774e+03
-2.767297999999999774e+03
-2.741309999999999945e+03
-2.769525000000000091e+03
-2.761728999999999814e+03
-2.756159999999999854e+03
-2.771751999999999953e+03
-2.767297999999999774e+03
-2.737226000000000113e+03
-2.822985000000000127e+03
-2.812219000000000051e+03
-2.792541999999999916e+03
-2.816673999999999978e+03
-2.827068999999999960e+03
-2.831894999999999982e+03
-2.855284000000000106e+03
-2.827440000000000055e+03
-2.811847000000000207e+03
-2.835606999999999971e+03
-2.832637000000000171e+03
-2.821128999999999905e+03
-2.812219000000000051e+03
-2.815931000000000040e+03
-2.826326000000000022e+03
-2.844518000000000029e+03
-2.851199999999999818e+03
-2.832266000000000076e+03
-2.862338000000000193e+03
-2.879786000000000058e+03
-2.874217999999999847e+03
-2.886469000000000051e+03
-2.876074000000000069e+03
-2.896864000000000033e+03
-2.909114999999999782e+03
-2.900576000000000022e+03
-2.896121000000000095e+03
-2.928048999999999978e+03
-2.950695000000000164e+03
-2.932503999999999905e+03
-2.921365999999999985e+03
-2.909485999999999876e+03
-2.887210999999999785e+03
-2.916168999999999869e+03
-2.913570000000000164e+03
-2.860853000000000065e+03
-2.788458999999999833e+03
-2.763956000000000131e+03
-2.731286000000000058e+03
-2.784003999999999905e+03
-2.794769999999999982e+03
-2.752818999999999960e+03
-2.794398999999999887e+03
-2.803309000000000196e+03
-2.800338999999999942e+03
-2.827811000000000149e+03
-2.829295999999999822e+03
-2.803679999999999836e+03
-2.806278999999999996e+03
-2.823356000000000222e+03
-2.805164999999999964e+03
-2.840804999999999836e+03
-2.825954999999999927e+03
-2.815559999999999945e+03
-2.861965999999999894e+03
-2.850458000000000084e+03
-2.846373999999999796e+03
-2.857882999999999811e+03
-2.883869999999999891e+03
-2.873474999999999909e+03
-2.879786000000000058e+03
-2.881643000000000029e+03
-2.869762000000000171e+03
-2.875331000000000131e+03
-2.902061000000000149e+03
-2.878300999999999931e+03
-2.886097000000000207e+03
-2.901690000000000055e+03
-2.883126999999999953e+03
-2.891295000000000073e+03
-2.939186000000000149e+03
-2.920623999999999796e+03
-2.913570000000000164e+03
-2.923965000000000146e+03
-2.932503999999999905e+03
-2.929905000000000200e+03
-2.944012000000000171e+03
-2.925820999999999913e+03
-2.926934999999999945e+03
-2.954778999999999996e+03
-2.925449999999999818e+03
-2.939186000000000149e+03
-2.931018999999999778e+03
-2.919880999999999858e+03
-2.910228999999999814e+03
-2.918396000000000186e+03
-2.930275999999999840e+03
-2.929534000000000106e+03
-2.955150000000000091e+03
-2.927677000000000135e+03
-2.931760999999999967e+03
-2.939557999999999993e+03
-2.933617000000000189e+03
-2.914313000000000102e+03
-2.939186000000000149e+03
-2.954407000000000153e+03
-2.913570000000000164e+03
-2.942155999999999949e+03
-2.943269999999999982e+03
-2.954407000000000153e+03
-2.969257999999999811e+03
-2.958862999999999829e+03
-2.949210000000000036e+03
-2.963318000000000211e+03
-2.948467999999999847e+03
-2.942527999999999793e+03
-2.958862999999999829e+03
-2.958490999999999985e+03
-2.982994000000000142e+03
-2.967771999999999935e+03
-2.943641000000000076e+03
-2.928048999999999978e+03
-2.932132999999999811e+03
-2.971856000000000222e+03
-2.945869000000000142e+03
-2.954036000000000058e+03
-2.955521000000000186e+03
-2.978539000000000215e+03
-2.953293999999999869e+03
-2.950324000000000069e+03
-2.968885999999999967e+03
-2.965916000000000167e+03
-2.968143999999999778e+03
-2.967030000000000200e+03
-3.001556000000000040e+03
-3.009724000000000160e+03
-3.015291999999999916e+03
-3.031255999999999858e+03
-3.032740999999999985e+03
-3.001927000000000135e+03
-3.007496000000000095e+03
-3.033112999999999829e+03
-3.002670000000000073e+03
-2.988934000000000196e+03
-2.994501999999999953e+03
-2.956635000000000218e+03
-2.986706000000000131e+03
-2.998958000000000084e+03
-2.970000000000000000e+03
-2.986335000000000036e+03
-2.994501999999999953e+03
-2.991161000000000058e+03
-3.004155000000000200e+03
-3.007125000000000000e+03
-2.984106999999999971e+03
-3.010838000000000193e+03
-3.007125000000000000e+03
-2.998958000000000084e+03
-3.032369999999999891e+03
-3.004155000000000200e+03
-2.986335000000000036e+03
-3.008981000000000222e+03
-3.031998999999999796e+03
-2.985963999999999942e+03
-2.962945999999999913e+03
-2.977425000000000182e+03
-2.966288000000000011e+03
-2.965545000000000073e+03
-2.999699999999999818e+03
-2.954036000000000058e+03
-2.956264000000000124e+03
-2.993018000000000029e+03
-2.984849999999999909e+03
-2.985221000000000004e+03
-3.013436000000000149e+03
-2.985221000000000004e+03
-2.978909999999999854e+03
-3.009353000000000065e+03
-2.978539000000000215e+03
-2.990789999999999964e+03
-3.030885000000000218e+03
-3.008610000000000127e+03
-3.016405999999999949e+03
-3.035710999999999785e+03
-3.019376000000000204e+03
-2.997472000000000207e+03
-2.992275000000000091e+03
-3.010094999999999800e+03
-2.995244999999999891e+03
-3.004525999999999840e+03
-3.042021999999999935e+03
-2.990047999999999774e+03
-3.029400000000000091e+03
-3.040909000000000106e+03
-3.021603999999999814e+03
-3.037568000000000211e+03
-3.054273999999999887e+03
-2.988190999999999804e+03
-3.031255999999999858e+03
-3.052789000000000215e+03
-3.001556000000000040e+03
-3.045364000000000033e+03
-3.033855000000000018e+03
-3.010094999999999800e+03
-3.006753999999999905e+03
-3.040166000000000167e+03
-3.027543999999999869e+03
-3.010838000000000193e+03
-3.052045999999999822e+03
-3.054273999999999887e+03
-3.039052000000000135e+03
-3.040909000000000106e+03
-3.043135999999999967e+03
-3.044621000000000095e+03
-3.059471000000000004e+03
-3.047590999999999894e+03
-3.065411000000000058e+03
-3.066153999999999996e+03
-3.062440999999999804e+03
-3.070608999999999924e+03
-3.095853999999999814e+03
-3.078405000000000200e+03
-3.087686000000000149e+03
-3.086201000000000022e+03
-3.070237999999999829e+03
-3.065411000000000058e+03
-3.071722000000000207e+03
-3.088429000000000087e+03
-3.070237999999999829e+03
-3.099938000000000102e+03
-3.105135000000000218e+03
-3.075063999999999851e+03
-3.089914000000000215e+03
-3.081746000000000095e+03
-3.082489000000000033e+03
-3.110333000000000084e+03
-3.101422999999999774e+03
-3.069494999999999891e+03
-3.115159000000000106e+03
-3.091769999999999982e+03
-3.098081000000000131e+03
-3.086943999999999960e+03
-3.070608999999999924e+03
-3.095110999999999876e+03
-3.086201000000000022e+03
-3.061327999999999975e+03
-3.070980000000000018e+03
-3.088429000000000087e+03
-3.093998000000000047e+03
-3.083974000000000160e+03
-3.117757999999999811e+03
-3.098081000000000131e+03
-3.078405000000000200e+03
-3.105135000000000218e+03
-3.096967999999999847e+03
-3.072465000000000146e+03
-3.118500000000000000e+03
-3.096224999999999909e+03
-3.108105000000000018e+03
-3.110704000000000178e+03
-3.106248999999999796e+03
-3.091027999999999793e+03
-3.126666999999999916e+03
-3.093998000000000047e+03
-3.100309000000000196e+03
-3.138547999999999774e+03
-3.094369000000000142e+03
-3.107362999999999829e+03
-3.116643999999999778e+03
-3.119242000000000189e+03
-3.130009000000000015e+03
-3.142630999999999858e+03
-3.137063000000000102e+03
-3.119614000000000033e+03
-3.150427000000000135e+03
-3.154510999999999967e+03
-3.120728000000000065e+03
-3.152284000000000106e+03
-3.155253999999999905e+03
-3.140403999999999996e+03
-3.148199999999999818e+03
-3.107733999999999924e+03
-3.073579000000000178e+03
-3.092512000000000171e+03
-3.092512000000000171e+03
-3.085088000000000193e+03
-3.096224999999999909e+03
-3.078405000000000200e+03
-3.092141000000000076e+03
-3.092512000000000171e+03
-3.110333000000000084e+03
-3.085829999999999927e+03
-3.039795000000000073e+03
-3.032369999999999891e+03
-2.982251000000000204e+03
-2.997101000000000113e+03
-3.020119000000000142e+03
-3.001927000000000135e+03
-3.002298999999999978e+03
-3.024945000000000164e+03
-3.005268999999999778e+03
-3.010838000000000193e+03
-3.029400000000000091e+03
-3.000813999999999851e+03
-2.998215000000000146e+03
-3.021231999999999971e+03
-3.004896999999999935e+03
-2.991161000000000058e+03
-3.019005000000000109e+03
-3.004155000000000200e+03
-3.017891000000000076e+03
-3.039052000000000135e+03
-3.024202999999999975e+03
-3.028286000000000058e+03
-3.022717999999999847e+03
-3.031255999999999858e+03
-3.019376000000000204e+03
-3.034969000000000051e+03
-3.022717999999999847e+03
-3.021603999999999814e+03
-3.037568000000000211e+03
-3.030885000000000218e+03
-3.033112999999999829e+03
-3.048333999999999833e+03
-3.036083000000000084e+03
-3.028657000000000153e+03
-3.040909000000000106e+03
-3.042764999999999873e+03
-3.019005000000000109e+03
-3.034969000000000051e+03
-3.043878999999999905e+03
-3.053902999999999793e+03
-3.038309999999999945e+03
-3.043507999999999811e+03
-3.049076000000000022e+03
-3.052416999999999916e+03
-3.046106000000000222e+03
