-2.396789999999999964e+03
-2.366347000000000207e+03
-2.352610999999999876e+03
-2.392335000000000036e+03
-2.397532000000000153e+03
-2.359664999999999964e+03
-2.410896999999999935e+03
-2.407556000000000040e+03
-2.383054000000000087e+03
-2.411268999999999778e+03
-2.445423999999999978e+03
-2.400873999999999796e+03
-2.426860999999999876e+03
-2.416836999999999989e+03
-2.414239000000000033e+03
-2.466585000000000036e+03
-2.472896000000000186e+03
-2.418322999999999865e+03
-2.470668999999999869e+03
-2.472525000000000091e+03
-2.437998999999999796e+03
-2.467327999999999975e+03
-2.501853999999999814e+03
-2.437998999999999796e+03
-2.455818999999999960e+03
-2.462873000000000047e+03
-2.447650999999999840e+03
-2.429831000000000131e+03
-2.457675000000000182e+03
-2.447650999999999840e+03
-2.458416999999999916e+03
-2.478835999999999785e+03
-2.498141000000000076e+03
-2.449507999999999811e+03
-2.512990999999999985e+03
-2.487746000000000095e+03
-2.463985999999999876e+03
-2.501481999999999971e+03
-2.511135000000000218e+03
-2.503710000000000036e+03
-2.570164000000000215e+03
-2.525985000000000127e+03
-2.507793999999999869e+03
-2.537123000000000047e+03
-2.526728000000000065e+03
-2.499626000000000204e+03
-2.592438999999999851e+03
-2.541949000000000069e+03
-2.530440000000000055e+03
-2.567565000000000055e+03
-2.561253999999999905e+03
-2.558655000000000200e+03
-2.588355000000000018e+03
-2.576103999999999814e+03
-2.592068000000000211e+03
-2.580929999999999836e+03
-2.546403999999999996e+03
-2.557541000000000167e+03
-2.590954000000000178e+03
-2.572391000000000076e+03
-2.581672999999999774e+03
-2.571277999999999793e+03
-2.588355000000000018e+03
-2.567193999999999960e+03
-2.584643000000000029e+03
-2.596521999999999935e+03
-2.641443999999999960e+03
-2.638474000000000160e+03
-2.618425999999999931e+03
-2.621025000000000091e+03
-2.647384000000000015e+03
-2.623994999999999891e+03
-2.613971000000000004e+03
-2.659635000000000218e+03
-2.642557999999999993e+03
-2.636989000000000033e+03
-2.705298999999999978e+03
-2.692675999999999931e+03
-2.715693999999999960e+03
-2.696760000000000218e+03
-2.700844000000000051e+03
-2.725717999999999847e+03
-2.730172999999999774e+03
-2.734255999999999858e+03
-2.735369999999999891e+03
-2.717179000000000087e+03
-2.743909000000000106e+03
-2.724603999999999814e+03
-2.726088999999999942e+03
-2.744650999999999840e+03
-2.726088999999999942e+03
-2.749478000000000065e+03
-2.777693000000000211e+03
-2.729800999999999931e+03
-2.737969000000000051e+03
-2.747992000000000189e+03
-2.717920999999999822e+03
-2.780291000000000167e+03
-2.764327999999999975e+03
-2.749849000000000160e+03
-2.790315000000000055e+03
-2.767668999999999869e+03
-2.760244000000000142e+03
-2.805907000000000153e+03
-2.795141000000000076e+03
-2.783260999999999967e+03
-2.801452999999999975e+03
-2.782889999999999873e+03
-2.771751999999999953e+03
-2.789572999999999865e+03
-2.814445999999999913e+03
-2.769525000000000091e+03
-2.782518999999999778e+03
-2.803309000000000196e+03
-2.768782000000000153e+03
-2.791429000000000087e+03
-2.799967999999999847e+03
-2.791800000000000182e+03
-2.778806000000000040e+03
-2.817416000000000167e+03
-2.760985999999999876e+03
-2.746878999999999905e+03
-2.796998000000000047e+03
-2.763956000000000131e+03
-2.789572999999999865e+03
-2.779177000000000135e+03
-2.762099999999999909e+03
-2.786603000000000065e+03
-2.798110999999999876e+03
-2.753561000000000149e+03
-2.816302000000000135e+03
-2.786974000000000160e+03
-2.769525000000000091e+03
-2.765070000000000164e+03
-2.794769999999999982e+03
-2.811476000000000113e+03
-2.798853999999999814e+03
-2.815931000000000040e+03
-2.807393000000000029e+03
-2.798853999999999814e+03
-2.823356000000000222e+03
-2.837463999999999942e+03
-2.804422999999999774e+03
-2.857510999999999967e+03
-2.862708999999999833e+03
-2.856396999999999935e+03
-2.877559000000000196e+03
-2.834494000000000142e+03
-2.845260000000000218e+03
-2.877188000000000102e+03
-2.846373999999999796e+03
-2.850829000000000178e+03
-2.828554000000000087e+03
-2.871248000000000047e+03
-2.840063000000000102e+03
-2.866791999999999916e+03
-2.844146000000000186e+03
-2.870876000000000204e+03
-2.892038000000000011e+03
-2.882385000000000218e+03
-2.864565000000000055e+03
-2.887954000000000178e+03
-2.888324999999999818e+03
-2.863822999999999865e+03
-2.831894999999999982e+03
-2.869019999999999982e+03
-2.818530000000000200e+03
-2.849344000000000051e+03
-2.848972000000000207e+03
-2.816302000000000135e+03
-2.821128999999999905e+03
-2.847115999999999985e+03
-2.842661000000000058e+03
-2.843403999999999996e+03
-2.874588999999999942e+03
-2.841918999999999869e+03
-2.819643999999999778e+03
-2.895007999999999811e+03
-2.804050999999999931e+03
-2.843032000000000153e+03
-2.792541999999999916e+03
-2.755416999999999916e+03
-2.713838000000000193e+03
-2.787344999999999800e+03
-2.715693999999999960e+03
-2.760985999999999876e+03
-2.755789000000000215e+03
-2.718664000000000215e+03
-2.736112999999999829e+03
-2.783632999999999811e+03
-2.717920999999999822e+03
-2.756902999999999793e+03
-2.784746000000000095e+03
-2.765813000000000102e+03
-2.763585000000000036e+03
-2.776949999999999818e+03
-2.776949999999999818e+03
-2.768411000000000058e+03
-2.770268000000000029e+03
-2.778063999999999851e+03
-2.763213999999999942e+03
-2.812219000000000051e+03
-2.762471000000000004e+03
-2.756159999999999854e+03
-2.779920000000000073e+03
-2.784746000000000095e+03
-2.764699000000000069e+03
-2.794398999999999887e+03
-2.781405000000000200e+03
-2.755789000000000215e+03
-2.801824000000000069e+03
-2.782146999999999935e+03
-2.795884000000000015e+03
-2.809619999999999891e+03
-2.801452999999999975e+03
-2.774722000000000207e+03
-2.781405000000000200e+03
-2.820385999999999967e+03
-2.767297999999999774e+03
-2.807764000000000124e+03
-2.784746000000000095e+03
-2.769525000000000091e+03
-2.819271999999999935e+03
-2.802938000000000102e+03
-2.811476000000000113e+03
-2.817416000000000167e+03
-2.768411000000000058e+03
-2.770639000000000124e+03
-2.810362999999999829e+03
-2.783260999999999967e+03
-2.721634000000000015e+03
-2.730543999999999869e+03
-2.716065000000000055e+03
-2.741309999999999945e+03
-2.726831000000000131e+03
-2.697873999999999796e+03
-2.691934000000000196e+03
-2.742795000000000073e+03
-2.723119000000000142e+03
-2.700472000000000207e+03
-2.746135999999999967e+03
-2.741681000000000040e+03
-2.726831000000000131e+03
-2.782889999999999873e+03
-2.751704999999999927e+03
-2.700101000000000113e+03
-2.759130000000000109e+03
-2.754675000000000182e+03
-2.708639999999999873e+03
-2.770268000000000029e+03
-2.756159999999999854e+03
-2.739454000000000178e+03
-2.765440999999999804e+03
-2.768039999999999964e+03
-2.735369999999999891e+03
-2.750219999999999800e+03
-2.775094000000000051e+03
-2.746878999999999905e+03
-2.773980000000000018e+03
-2.796255000000000109e+03
-2.792541999999999916e+03
-2.808135000000000218e+03
-2.782146999999999935e+03
-2.769896000000000186e+03
-2.765813000000000102e+03
-2.794769999999999982e+03
-2.777693000000000211e+03
-2.791057999999999993e+03
-2.794769999999999982e+03
-2.752076000000000022e+03
-2.771380999999999858e+03
-2.795141000000000076e+03
-2.796626000000000204e+03
-2.794398999999999887e+03
-2.823728000000000065e+03
-2.787715999999999894e+03
-2.787715999999999894e+03
-2.834864999999999782e+03
-2.832637000000000171e+03
-2.796626000000000204e+03
-2.843403999999999996e+03
-2.807021000000000186e+03
-2.838577999999999975e+03
-2.857139999999999873e+03
-2.875702999999999975e+03
-2.856768999999999778e+03
-2.874960000000000036e+03
-2.871989999999999782e+03
-2.842289999999999964e+03
-2.901318999999999960e+03
-2.871989999999999782e+03
-2.885726000000000113e+03
-2.892409000000000106e+03
-2.893893999999999778e+03
-2.866791999999999916e+03
-2.907630000000000109e+03
-2.897235000000000127e+03
-2.859367000000000189e+03
-2.894264999999999873e+03
-2.887210999999999785e+03
-2.841175999999999931e+03
-2.858996000000000095e+03
-2.884612999999999829e+03
-2.828925000000000182e+03
-2.889438999999999851e+03
-2.866791999999999916e+03
-2.855655000000000200e+03
-2.886840000000000146e+03
-2.891666000000000167e+03
-2.873846000000000004e+03
-2.856768999999999778e+03
-2.908373000000000047e+03
-2.862338000000000193e+03
-2.874588999999999942e+03
-2.907259000000000015e+03
-2.864936000000000149e+03
-2.877559000000000196e+03
-2.871989999999999782e+03
-2.894264999999999873e+03
-2.869019999999999982e+03
-2.920251999999999953e+03
-2.908744000000000142e+03
-2.919880999999999858e+03
-2.932875000000000000e+03
-2.893521999999999935e+03
-2.930646999999999935e+03
-2.951065999999999804e+03
-2.916911000000000058e+03
-2.947353999999999814e+03
-2.981509000000000015e+03
-2.975940000000000055e+03
-2.958490999999999985e+03
-2.985963999999999942e+03
-2.971114000000000033e+03
-2.966288000000000011e+03
-2.979652999999999793e+03
-2.945498000000000047e+03
-2.943641000000000076e+03
-2.987820000000000164e+03
-2.952922999999999774e+03
-2.983364999999999782e+03
-2.978539000000000215e+03
-2.984478999999999814e+03
-2.959976000000000113e+03
-2.985221000000000004e+03
-2.971114000000000033e+03
-2.968143999999999778e+03
-2.998585999999999785e+03
-2.982251000000000204e+03
-3.017148999999999887e+03
-3.003041000000000167e+03
-3.035340000000000146e+03
-3.003413000000000011e+03
-3.042764999999999873e+03
-3.017519999999999982e+03
-3.054644999999999982e+03
-3.037568000000000211e+03
-3.013065000000000055e+03
-3.014179000000000087e+03
-3.039423999999999978e+03
-3.018262000000000171e+03
-3.004525999999999840e+03
-3.015664000000000215e+03
-2.993760000000000218e+03
-2.992275000000000091e+03
-3.023460000000000036e+03
-2.986335000000000036e+03
-2.959976000000000113e+03
-2.939929000000000087e+03
-2.955893000000000029e+03
-2.911342999999999847e+03
-2.987077999999999975e+03
-2.967400999999999840e+03
-2.964802000000000135e+03
-2.975940000000000055e+03
-2.945498000000000047e+03
-2.989304999999999836e+03
-3.010465999999999894e+03
-2.989304999999999836e+03
-3.004896999999999935e+03
-3.015291999999999916e+03
-3.023088999999999942e+03
-3.011579999999999927e+03
-3.044250000000000000e+03
-2.999329000000000178e+03
-2.987449000000000069e+03
-3.047219999999999800e+03
-3.018634000000000015e+03
-3.019376000000000204e+03
-3.036083000000000084e+03
-3.044992000000000189e+03
-3.011579999999999927e+03
-3.051675000000000182e+03
-3.048333999999999833e+03
-3.023088999999999942e+03
-3.010094999999999800e+03
-2.974083999999999833e+03
-2.949581000000000131e+03
-2.945869000000000142e+03
-2.962945999999999913e+03
-2.957748999999999796e+03
-2.956635000000000218e+03
-2.949210000000000036e+03
-2.958490999999999985e+03
-2.970371000000000095e+03
-2.979652999999999793e+03
-2.953664999999999964e+03
-2.995244999999999891e+03
-3.010838000000000193e+03
-2.957005999999999858e+03
-2.996358999999999924e+03
-3.012693999999999960e+03
