-3.466360999999999876e+03
-3.502373000000000047e+03
-3.457451000000000022e+03
-3.480097000000000207e+03
-3.469331000000000131e+03
-3.511282000000000153e+03
-3.506827999999999975e+03
-3.520934999999999945e+03
-3.549150000000000091e+03
-3.511653999999999996e+03
-3.565856000000000222e+03
-3.590358999999999924e+03
-3.556945999999999913e+03
-3.576623000000000047e+03
-3.627483999999999924e+03
-3.589615999999999985e+03
-3.598896999999999935e+03
-3.661268000000000029e+03
-3.640849000000000160e+03
-3.649387000000000171e+03
-3.637878999999999905e+03
-3.661268000000000029e+03
-3.644190000000000055e+03
-3.684284999999999854e+03
-3.664608999999999924e+03
-3.680201000000000022e+03
-3.671291000000000167e+03
-3.694679999999999836e+03
-3.731063000000000102e+03
-3.676489000000000033e+03
-3.728835000000000036e+03
-3.697650000000000091e+03
-3.749253999999999905e+03
-3.739601000000000113e+03
-3.739601000000000113e+03
-3.762989999999999782e+03
-3.762989999999999782e+03
-3.777097999999999956e+03
-3.743313999999999851e+03
-3.806425999999999931e+03
-3.777840000000000146e+03
-3.829443999999999960e+03
-3.764474999999999909e+03
-3.809768000000000029e+03
-3.824617000000000189e+03
-3.839467999999999847e+03
-3.845407000000000153e+03
-3.893670000000000073e+03
-3.843550999999999931e+03
-3.847264000000000124e+03
-3.886987999999999829e+03
-3.893298999999999978e+03
-3.864713000000000193e+03
-3.895525999999999840e+03
-3.867682999999999993e+03
-3.852090000000000146e+03
-3.896268999999999778e+03
-3.904436000000000149e+03
-3.882903999999999996e+03
-3.940076000000000022e+03
-3.918543999999999869e+03
-3.947501000000000204e+03
-3.960865999999999985e+03
-3.933021999999999935e+03
-3.937478000000000065e+03
-3.987224999999999909e+03
-3.967920000000000073e+03
-3.976829999999999927e+03
-4.027320000000000164e+03
-4.002445999999999913e+03
-4.027690999999999804e+03
-4.062217999999999847e+03
-3.968291000000000167e+03
-3.992050999999999931e+03
-4.010985000000000127e+03
-4.038085999999999785e+03
-4.002818000000000211e+03
-4.077068000000000211e+03
-4.030661000000000058e+03
-4.077438999999999851e+03
-4.089690000000000055e+03
-4.096743999999999687e+03
-4.058505000000000109e+03
-4.101198999999999614e+03
-4.117904999999999745e+03
-4.065929999999999836e+03
-4.131270000000000437e+03
-4.152060000000000400e+03
-4.120503999999999905e+03
-4.160228000000000065e+03
-4.162454999999999927e+03
-4.138323999999999614e+03
-4.170251000000000204e+03
-4.231878999999999905e+03
-4.198837000000000444e+03
-4.215914999999999964e+03
-4.243015999999999622e+03
-4.222225999999999658e+03
-4.219998999999999796e+03
-4.264920000000000073e+03
-4.111965000000000146e+03
-4.111594000000000051e+03
-4.102313000000000102e+03
-4.085606000000000222e+03
-4.133497999999999593e+03
-4.132755000000000109e+03
-4.172106999999999971e+03
-4.148347999999999956e+03
-4.213688000000000102e+03
-4.149461000000000240e+03
-4.162826000000000022e+03
-4.203292000000000371e+03
-4.158743000000000393e+03
-4.210345999999999549e+03
-4.192525999999999840e+03
-4.191783999999999651e+03
-4.194381999999999607e+03
-4.195125000000000000e+03
-4.207376000000000204e+03
-4.185100999999999658e+03
-4.266033999999999651e+03
-4.196609999999999673e+03
-4.201064999999999600e+03
-4.187699999999999818e+03
-4.238189999999999600e+03
-4.155400999999999840e+03
-4.238561999999999898e+03
-4.245614999999999782e+03
-4.201064999999999600e+03
-4.219998999999999796e+03
-4.217770999999999731e+03
-4.185472999999999956e+03
-4.192896999999999935e+03
-4.233363999999999578e+03
-4.153917000000000371e+03
-4.206634000000000015e+03
-4.195496000000000095e+03
-4.159484999999999673e+03
-4.223711000000000240e+03
-4.211088999999999942e+03
-4.231506999999999607e+03
-4.189927999999999884e+03
-4.232250000000000000e+03
-4.234849000000000160e+03
-4.235220000000000255e+03
-4.251184000000000196e+03
-4.263805999999999585e+03
-4.256381000000000313e+03
-4.239675000000000182e+03
-4.231878999999999905e+03
-4.248956000000000131e+03
-4.274201000000000022e+03
-4.236704999999999927e+03
-4.256010000000000218e+03
-4.290908000000000357e+03
-4.258979999999999563e+03
-4.289051000000000386e+03
-4.266033999999999651e+03
-4.296104999999999563e+03
-4.291649999999999636e+03
-4.308728000000000065e+03
-4.324690999999999804e+03
-4.310583999999999833e+03
-4.331002000000000407e+03
-4.298703999999999724e+03
-4.315038999999999760e+03
-4.338055999999999585e+03
-4.318009000000000015e+03
-4.358475000000000364e+03
-4.341769000000000233e+03
-4.333229999999999563e+03
-4.346224000000000160e+03
-4.364043999999999869e+03
-4.336942000000000007e+03
-4.353277000000000044e+03
-4.366643000000000029e+03
-4.363671999999999571e+03
-4.377408999999999651e+03
-4.356247999999999593e+03
-4.330260000000000218e+03
-4.330631000000000313e+03
-4.346595000000000255e+03
-4.380006999999999607e+03
-4.321720999999999549e+03
-4.370354999999999563e+03
-4.353277000000000044e+03
-4.394114999999999782e+03
-4.397828000000000429e+03
-4.407479999999999563e+03
-4.396342999999999847e+03
-4.395970999999999549e+03
-4.389659999999999854e+03
-4.394856999999999971e+03
-4.436438000000000102e+03
-4.404139000000000124e+03
-4.381121000000000095e+03
-4.372211000000000240e+03
-4.346966000000000349e+03
-4.379265000000000327e+03
-4.393001000000000204e+03
-4.391515999999999622e+03
-4.390402000000000044e+03
-4.384833999999999833e+03
-4.382234999999999673e+03
-4.378521999999999935e+03
-4.416019000000000233e+03
-4.396713999999999942e+03
-4.423073000000000320e+03
-4.436065999999999804e+03
-4.394485999999999876e+03
-4.392630000000000109e+03
-4.395229000000000269e+03
-4.387432999999999993e+03
-4.382234999999999673e+03
-4.417875000000000000e+03
-4.392630000000000109e+03
-4.399313000000000102e+03
-4.435323999999999614e+03
-4.405994999999999891e+03
-4.406737000000000080e+03
-4.429012999999999920e+03
-4.415646999999999935e+03
-4.433467999999999847e+03
-4.473563000000000102e+03
-4.462425000000000182e+03
-4.483586000000000240e+03
-4.476533000000000357e+03
-4.483586000000000240e+03
-4.467251000000000204e+03
-4.504376000000000204e+03
-4.513286000000000058e+03
-4.506604000000000269e+03
-4.545585000000000036e+03
-4.520340000000000146e+03
-4.535561999999999898e+03
-4.531105999999999767e+03
-4.541501000000000204e+03
-4.523680999999999585e+03
-4.563775999999999840e+03
-4.541872999999999593e+03
-4.545213999999999942e+03
-4.561177999999999884e+03
-4.597560000000000400e+03
-4.568603000000000065e+03
-4.594961000000000240e+03
-4.595703999999999724e+03
-4.549296999999999571e+03
-4.560435000000000400e+03
-4.624289999999999964e+03
-4.599045000000000073e+03
-4.613152000000000044e+03
-4.613152000000000044e+03
-4.590506000000000313e+03
-4.617606999999999971e+03
-4.590877000000000407e+03
-4.615009000000000015e+03
-4.608326000000000022e+03
-4.591990999999999985e+03
-4.542243999999999687e+03
-4.605355999999999767e+03
-4.558949999999999818e+03
-4.590506000000000313e+03
-4.563033999999999651e+03
-4.623546999999999571e+03
-4.567488999999999578e+03
-4.596817000000000007e+03
-4.636542000000000371e+03
-4.594590000000000146e+03
-4.636170000000000073e+03
-4.632828999999999724e+03
-4.612780999999999949e+03
-4.625033000000000357e+03
-4.682948000000000320e+03
-4.618350000000000364e+03
-4.620578000000000429e+03
-4.640996000000000095e+03
-4.572314999999999600e+03
-4.568603000000000065e+03
-4.609439999999999600e+03
-4.560435000000000400e+03
-4.535561999999999898e+03
-4.556350999999999658e+03
-4.524795000000000073e+03
-4.536675000000000182e+03
-4.569716000000000349e+03
-4.492868000000000393e+03
-4.483957999999999629e+03
-4.541501000000000204e+03
-4.515143000000000029e+03
-4.484328999999999724e+03
-4.508460000000000036e+03
-4.469106999999999971e+03
-4.485070999999999913e+03
-4.488783999999999651e+03
-4.471335000000000036e+03
-4.500292000000000371e+03
-4.502520000000000437e+03
-4.495466000000000349e+03
-4.458341000000000349e+03
-4.532220000000000255e+03
-4.513286000000000058e+03
-4.498807999999999993e+03
-4.506975000000000364e+03
-4.538902000000000044e+03
-4.499921000000000276e+03
-4.527021999999999935e+03
-4.563404999999999745e+03
-4.492868000000000393e+03
-4.540015999999999622e+03
-4.546328000000000429e+03
-4.506231999999999971e+03
-4.532220000000000255e+03
-4.560435000000000400e+03
-4.491011000000000422e+03
-4.565261000000000422e+03
-4.573057999999999993e+03
-4.522195999999999913e+03
-4.547813000000000102e+03
-4.576770000000000437e+03
-4.517369999999999891e+03
-4.537417000000000371e+03
-4.541501000000000204e+03
-4.531105999999999767e+03
-4.540387999999999920e+03
-4.543356999999999971e+03
-4.526279999999999745e+03
-4.574542000000000371e+03
-4.558207999999999629e+03
-4.592734000000000378e+03
-4.575284999999999854e+03
-4.603128999999999905e+03
-4.552639000000000124e+03
-4.599787999999999556e+03
-4.639140000000000327e+03
-4.604984999999999673e+03
-4.610554000000000087e+03
-4.632086000000000240e+03
-4.584938000000000102e+03
-4.634685000000000400e+03
-4.632086000000000240e+03
-4.596445999999999913e+03
-4.598673999999999978e+03
-4.622434000000000196e+03
-4.618350000000000364e+03
-4.626145999999999731e+03
-4.662529000000000451e+03
-4.638396999999999935e+03
-4.638769000000000233e+03
-4.665498999999999796e+03
-4.638025999999999840e+03
-4.652505000000000109e+03
-4.668097999999999956e+03
-4.652134000000000015e+03
-4.675150999999999840e+03
-4.687030999999999949e+03
-4.687402000000000044e+03
-4.639881999999999607e+03
-4.662899999999999636e+03
-4.698168999999999869e+03
-4.693713999999999942e+03
-4.712646999999999935e+03
-4.680720000000000255e+03
-4.717474000000000160e+03
-4.700768000000000029e+03
-4.692970999999999549e+03
-4.708935000000000400e+03
-4.720073000000000320e+03
-4.693713999999999942e+03
-4.724155999999999949e+03
-4.749771999999999935e+03
-4.717103000000000065e+03
-4.745317000000000007e+03
-4.748658999999999651e+03
-4.748287999999999556e+03
-4.703737000000000080e+03
-4.746430999999999585e+03
-4.739377000000000407e+03
-4.730095999999999549e+03
-4.775389000000000124e+03
-4.730467999999999847e+03
-4.692229000000000269e+03
-4.738264000000000124e+03
-4.703365999999999985e+03
-4.731953000000000429e+03
-4.751628999999999905e+03
-4.725270000000000437e+03
-4.739006000000000313e+03
-4.720814999999999600e+03
-4.767963999999999942e+03
-4.709305999999999585e+03
-4.773533000000000357e+03
-4.737520999999999731e+03
-4.725270000000000437e+03
-4.802489999999999782e+03
-4.751256999999999607e+03
-4.771305000000000291e+03
-4.792837000000000444e+03
-4.772046999999999571e+03
-4.758311999999999898e+03
-4.743090000000000146e+03
-4.809914999999999964e+03
-4.753484999999999673e+03
-4.737520999999999731e+03
-4.797663999999999760e+03
-4.736036000000000058e+03
-4.782814000000000306e+03
-4.759425000000000182e+03
-4.789125000000000000e+03
-4.795064999999999600e+03
-4.816597999999999956e+03
-4.775760000000000218e+03
-4.781328999999999724e+03
