-3.622286000000000058e+03
-3.656813000000000102e+03
-3.617831000000000131e+03
-3.621543999999999869e+03
-3.697650000000000091e+03
-3.703219000000000051e+03
-3.677974000000000160e+03
-3.719554000000000087e+03
-3.676489000000000033e+03
-3.686884000000000015e+03
-3.696164999999999964e+03
-3.693938000000000102e+03
-3.693195000000000164e+03
-3.749625000000000000e+03
-3.688369000000000142e+03
-3.702476000000000113e+03
-3.747396999999999935e+03
-3.743313999999999851e+03
-3.761876000000000204e+03
-3.807168999999999869e+03
-3.761134000000000015e+03
-3.739972999999999956e+03
-3.825731000000000222e+03
-3.779324999999999818e+03
-3.775612999999999829e+03
-3.809396000000000186e+03
-3.839096000000000004e+03
-3.816820999999999913e+03
-3.830186000000000149e+03
-3.829443999999999960e+03
-3.829072999999999865e+03
-3.886615999999999985e+03
-3.871394999999999982e+03
-3.877706000000000131e+03
-3.876592999999999847e+03
-3.881418999999999869e+03
-3.827588000000000193e+03
-3.839467999999999847e+03
-3.880675999999999931e+03
-3.849490999999999985e+03
-3.877706000000000131e+03
-3.874735999999999876e+03
-3.873251000000000204e+03
-3.878820000000000164e+03
-3.901094999999999800e+03
-3.882532000000000153e+03
-3.920771000000000186e+03
-3.906291999999999916e+03
-3.913346000000000004e+03
-3.924855000000000018e+03
-3.950099999999999909e+03
-3.933393999999999778e+03
-3.957896000000000186e+03
-3.972003999999999905e+03
-3.968291000000000167e+03
-3.970518999999999778e+03
-3.991679999999999836e+03
-3.976458999999999833e+03
-3.982769999999999982e+03
-4.038085999999999785e+03
-3.973860000000000127e+03
-4.014326000000000022e+03
-4.020266000000000076e+03
-4.019523999999999887e+03
-4.012099000000000160e+03
-4.036601000000000113e+03
-4.044396999999999935e+03
-4.031032000000000153e+03
-4.096743999999999687e+03
-4.097485999999999876e+03
-4.060360999999999876e+03
-4.078923999999999978e+03
-4.063702999999999975e+03
-4.087090999999999894e+03
-4.111594000000000051e+03
-4.084864000000000033e+03
-4.121618000000000393e+03
-4.127557999999999993e+03
-4.127929000000000087e+03
-4.145006000000000313e+03
-4.134981999999999971e+03
-4.120503999999999905e+03
-4.142408000000000357e+03
-4.144264000000000124e+03
-4.185472999999999956e+03
-4.150945999999999913e+03
-4.180274999999999636e+03
-4.163569000000000415e+03
-4.158000000000000000e+03
-4.156886000000000422e+03
-4.181018000000000029e+03
-4.183987000000000080e+03
-4.193640000000000327e+03
-4.180645999999999731e+03
-4.175078000000000429e+03
-4.235591000000000349e+03
-4.160599000000000160e+03
-4.174706000000000131e+03
-4.173220999999999549e+03
-4.172106999999999971e+03
-4.218514000000000124e+03
-4.199208999999999833e+03
-4.208489999999999782e+03
-4.187328999999999724e+03
-4.204034999999999854e+03
-4.182873999999999796e+03
-4.226310000000000400e+03
-4.226310000000000400e+03
-4.225939000000000306e+03
-4.236333999999999833e+03
-4.224824999999999818e+03
-4.228908999999999651e+03
-4.164311999999999898e+03
-4.171364999999999782e+03
-4.182131000000000313e+03
-4.149461000000000240e+03
-4.204405999999999949e+03
-4.184729999999999563e+03
-4.151317000000000007e+03
-4.181760000000000218e+03
-4.186957999999999629e+03
-4.215543999999999869e+03
-4.210345999999999549e+03
-4.227052999999999884e+03
-4.194011000000000422e+03
-4.230765000000000327e+03
-4.215914999999999964e+03
-4.221484000000000378e+03
-4.241159999999999854e+03
-4.206262999999999920e+03
-4.239304000000000087e+03
-4.229279999999999745e+03
-4.230021999999999935e+03
-4.175078000000000429e+03
-4.221854999999999563e+03
-4.255639000000000124e+03
-4.155029999999999745e+03
-4.227052999999999884e+03
-4.231878999999999905e+03
-4.176934000000000196e+03
-4.245243999999999687e+03
-4.240788999999999760e+03
-4.250069999999999709e+03
-4.260094000000000051e+03
-4.308728000000000065e+03
-4.223711000000000240e+03
-4.273829999999999927e+03
-4.308355999999999767e+03
-4.296475999999999658e+03
-4.279399000000000342e+03
-4.294990999999999985e+03
-4.254154000000000451e+03
-4.278655999999999949e+03
-4.315780999999999949e+03
-4.270859999999999673e+03
-4.281997999999999593e+03
-4.353277000000000044e+03
-4.318751000000000204e+03
-4.313554000000000087e+03
-4.332487000000000080e+03
-4.331373999999999796e+03
-4.354020000000000437e+03
-4.310212000000000444e+03
-4.245243999999999687e+03
-4.253411000000000058e+03
-4.266775999999999840e+03
-4.232993000000000393e+03
-4.256752000000000407e+03
-4.283854000000000269e+03
-4.261949999999999818e+03
-4.247470999999999549e+03
-4.277913999999999760e+03
-4.274573000000000320e+03
-4.254895999999999731e+03
-4.303158999999999651e+03
-4.279027000000000044e+03
-4.290536000000000058e+03
-4.309470000000000255e+03
-4.292764000000000124e+03
-4.241159999999999854e+03
-4.303158999999999651e+03
-4.288680000000000291e+03
-4.270859999999999673e+03
-4.314296000000000276e+03
-4.303900999999999840e+03
-4.294248999999999796e+03
-4.313554000000000087e+03
-4.315038999999999760e+03
-4.267146999999999935e+03
-4.289051000000000386e+03
-4.293506000000000313e+03
-4.273829999999999927e+03
-4.328774999999999636e+03
-4.263435000000000400e+03
-4.271603000000000065e+03
-4.303529999999999745e+03
-4.274201000000000022e+03
-4.279399000000000342e+03
-4.281626000000000204e+03
-4.290164999999999964e+03
-4.273829999999999927e+03
-4.315038999999999760e+03
-4.323948999999999614e+03
-4.298703999999999724e+03
-4.336570999999999913e+03
-4.313925000000000182e+03
-4.327289999999999964e+03
-4.316152000000000044e+03
-4.302787999999999556e+03
-4.272345000000000255e+03
-4.291279000000000451e+03
-4.290536000000000058e+03
-4.291279000000000451e+03
-4.285710000000000036e+03
-4.291279000000000451e+03
-4.255639000000000124e+03
-4.290164999999999964e+03
-4.294990999999999985e+03
-4.247100000000000364e+03
-4.302045000000000073e+03
-4.322463999999999942e+03
-4.287565999999999804e+03
-4.297219000000000051e+03
-4.310954999999999927e+03
-4.309470000000000255e+03
-4.288309000000000196e+03
-4.341769000000000233e+03
-4.300930999999999585e+03
-4.335457999999999629e+03
-4.319864999999999782e+03
-4.311326000000000022e+03
-4.290536000000000058e+03
-4.342511000000000422e+03
-4.309841000000000349e+03
-4.364414999999999964e+03
-4.324319999999999709e+03
-4.309470000000000255e+03
-4.319493999999999687e+03
-4.348451000000000022e+03
-4.292764000000000124e+03
-4.330631000000000313e+03
-4.342140000000000327e+03
-4.316895000000000437e+03
-4.346595000000000255e+03
-4.347337000000000444e+03
-4.323206000000000131e+03
-4.324690999999999804e+03
-4.351050000000000182e+03
-4.329889000000000124e+03
-4.322092999999999847e+03
-4.352534999999999854e+03
-4.332115999999999985e+03
-4.348823000000000320e+03
-4.365158000000000357e+03
-4.340654999999999745e+03
-4.318009000000000015e+03
-4.365899999999999636e+03
-4.334715000000000146e+03
-4.332487000000000080e+03
-4.338798999999999978e+03
-4.344738999999999578e+03
-4.352905999999999949e+03
-4.370725999999999658e+03
-4.362188000000000102e+03
-4.343996000000000095e+03
-4.375552999999999884e+03
-4.405252000000000407e+03
-4.386689999999999600e+03
-4.402654000000000451e+03
-4.389288999999999760e+03
-4.389659999999999854e+03
-4.436065999999999804e+03
-4.421587000000000444e+03
-4.433467999999999847e+03
-4.459083999999999833e+03
-4.447574999999999818e+03
-4.426413999999999760e+03
-4.453144000000000233e+03
-4.455371000000000095e+03
-4.441635000000000218e+03
-4.451658999999999651e+03
-4.488042000000000371e+03
-4.444234000000000378e+03
-4.471706000000000131e+03
-4.494353000000000065e+03
-4.478760000000000218e+03
-4.484328999999999724e+03
-4.511801000000000386e+03
-4.489154999999999745e+03
-4.509573999999999614e+03
-4.524052999999999884e+03
-4.521824999999999818e+03
-4.521082999999999629e+03
-4.536675000000000182e+03
-4.514770999999999731e+03
-4.543729000000000269e+03
-4.563775999999999840e+03
-4.548555000000000291e+03
-4.557094000000000051e+03
-4.584194999999999709e+03
-4.549296999999999571e+03
-4.564146999999999935e+03
-4.584938000000000102e+03
-4.542243999999999687e+03
-4.592362000000000080e+03
-4.579368999999999687e+03
-4.576770000000000437e+03
-4.593847999999999956e+03
-4.606470000000000255e+03
-4.616493999999999687e+03
-4.603128999999999905e+03
-4.651390999999999622e+03
-4.649163999999999760e+03
-4.655104000000000269e+03
-4.648792000000000371e+03
-4.667725999999999658e+03
-4.614265999999999622e+03
-4.671810000000000400e+03
-4.675521999999999935e+03
-4.701510000000000218e+03
-4.682576000000000022e+03
-4.680720000000000255e+03
-4.691114999999999782e+03
-4.716730999999999767e+03
-4.722300000000000182e+03
-4.712646999999999935e+03
-4.765735999999999876e+03
-4.756454999999999927e+03
-4.724899000000000342e+03
-4.794694000000000415e+03
-4.748287999999999556e+03
-4.770563000000000102e+03
-4.775389000000000124e+03
-4.664014000000000124e+03
-4.608326000000000022e+03
-4.629859000000000378e+03
-4.589020999999999731e+03
-4.565261000000000422e+03
-4.612038999999999760e+03
-4.586421999999999571e+03
-4.590877000000000407e+03
-4.594219000000000051e+03
-4.580854000000000269e+03
-4.577512999999999920e+03
-4.581595999999999549e+03
-4.561177999999999884e+03
-4.544100000000000364e+03
-4.573800000000000182e+03
-4.564519000000000233e+03
-4.568974000000000160e+03
-4.573800000000000182e+03
-4.590506000000000313e+03
-4.580854000000000269e+03
-4.614265999999999622e+03
-4.590135000000000218e+03
-4.577140999999999622e+03
-4.594219000000000051e+03
-4.593104999999999563e+03
-4.594590000000000146e+03
-4.580854000000000269e+03
-4.617606999999999971e+03
-4.550783000000000357e+03
-4.608698000000000320e+03
-4.608326000000000022e+03
-4.576399000000000342e+03
-4.589393000000000029e+03
-4.652134000000000015e+03
-4.606841000000000349e+03
-4.606099000000000160e+03
-4.594219000000000051e+03
-4.576770000000000437e+03
-4.607954999999999927e+03
-4.632457999999999629e+03
-4.581595999999999549e+03
-4.596817000000000007e+03
-4.630972999999999956e+03
-4.622434000000000196e+03
-4.611296000000000276e+03
-4.604984999999999673e+03
-4.566375000000000000e+03
-4.621319999999999709e+03
-4.636912999999999556e+03
-4.606099000000000160e+03
-4.639511000000000422e+03
-4.635427999999999884e+03
-4.630972999999999956e+03
-4.623918999999999869e+03
-4.640625000000000000e+03
-4.622063000000000102e+03
-4.643966000000000349e+03
-4.635055999999999585e+03
-4.647679000000000087e+03
-4.614637999999999920e+03
-4.666240999999999985e+03
-4.630972999999999956e+03
-4.646564999999999600e+03
-4.681833999999999833e+03
-4.616864999999999782e+03
-4.621319999999999709e+03
-4.648792000000000371e+03
-4.663643000000000029e+03
-4.631715000000000146e+03
-4.688145000000000437e+03
-4.672552999999999884e+03
-4.668469000000000051e+03
-4.695940999999999804e+03
-4.677006999999999607e+03
-4.684432999999999993e+03
-4.678863999999999578e+03
-4.667354999999999563e+03
-4.690743999999999687e+03
-4.724899000000000342e+03
