-2.405699999999999932e+02
-2.617312999999999761e+02
-2.461387000000000000e+02
-2.494799999999999898e+02
-3.073949999999999818e+02
-2.665575000000000045e+02
-2.702699999999999818e+02
-3.010837000000000216e+02
-2.932875000000000227e+02
-2.903174999999999955e+02
-2.832638000000000034e+02
-2.921738000000000284e+02
-2.713838000000000079e+02
-2.702699999999999818e+02
-3.114787999999999784e+02
-3.070237000000000194e+02
-3.118500000000000227e+02
-2.814075000000000273e+02
-3.207599999999999909e+02
-2.999700000000000273e+02
-3.144488000000000056e+02
-3.151913000000000125e+02
-3.419212999999999738e+02
-3.229875000000000114e+02
-3.370950000000000273e+02
-3.367237999999999829e+02
-3.400649999999999977e+02
-3.437774999999999750e+02
-3.827588000000000079e+02
-3.924112999999999829e+02
-3.883274999999999864e+02
-3.823874999999999886e+02
-4.176562999999999874e+02
-3.723636999999999944e+02
-3.953813000000000102e+02
-4.610924999999999727e+02
-4.054049999999999727e+02
-4.247099999999999795e+02
-4.429012000000000171e+02
-4.169137999999999806e+02
-4.670325000000000273e+02
-4.603500000000000227e+02
-4.440149999999999864e+02
-4.551524999999999750e+02
-4.495837000000000216e+02
-4.558949999999999818e+02
-4.488412000000000148e+02
-4.469850000000000136e+02
-4.432724999999999795e+02
-4.707450000000000045e+02
-4.573799999999999955e+02
-4.518111999999999853e+02
-4.551524999999999750e+02
-4.607212999999999852e+02
-4.618349999999999795e+02
-4.558949999999999818e+02
-4.774275000000000091e+02
-4.618349999999999795e+02
-4.625774999999999864e+02
-4.867087000000000216e+02
-5.071274999999999977e+02
-4.848525000000000205e+02
-4.926487000000000194e+02
-4.956186999999999898e+02
-4.818824999999999932e+02
-4.989599999999999795e+02
-4.796549999999999727e+02
-4.844812999999999761e+02
-4.700024999999999977e+02
-4.907925000000000182e+02
-4.744574999999999818e+02
-4.807687999999999988e+02
-4.766850000000000023e+02
-4.792837999999999852e+02
-4.922774999999999750e+02
-4.688888000000000034e+02
-4.989599999999999795e+02
-4.915350000000000250e+02
-4.926487000000000194e+02
-5.015586999999999875e+02
-5.089837999999999738e+02
-5.193787999999999556e+02
-5.060138000000000034e+02
-4.904212999999999738e+02
-5.089837999999999738e+02
-5.234624999999999773e+02
-4.874513000000000034e+02
-5.182649999999999864e+02
-5.256900000000000546e+02
-5.379412999999999556e+02
-5.264325000000000045e+02
-5.082411999999999921e+02
-5.357137000000000171e+02
-5.126961999999999762e+02
-5.086125000000000114e+02
-5.216063000000000329e+02
-5.294025000000000318e+02
-5.100975000000000250e+02
-5.386838000000000193e+02
-5.126961999999999762e+02
-5.112112000000000194e+02
-5.286599999999999682e+02
-5.182649999999999864e+02
-5.253187000000000353e+02
-5.320013000000000147e+02
-5.152949999999999591e+02
-4.885649999999999977e+02
-5.060138000000000034e+02
-4.985887000000000171e+02
-5.019300000000000068e+02
-5.052712000000000216e+02
-5.011875000000000000e+02
-5.056424999999999841e+02
-5.086125000000000114e+02
-5.375700000000000500e+02
-5.360850000000000364e+02
-5.230911999999999580e+02
-5.186362000000000307e+02
-5.230911999999999580e+02
-5.201213000000000193e+02
-5.331150000000000091e+02
-5.353424999999999727e+02
-5.353424999999999727e+02
-5.438812000000000353e+02
-5.201213000000000193e+02
-5.524199999999999591e+02
-5.531625000000000227e+02
-5.397975000000000136e+02
-5.520488000000000284e+02
-5.401688000000000329e+02
-5.264325000000000045e+02
-5.475937999999999874e+02
-5.761799999999999500e+02
-5.539049999999999727e+02
-5.654138000000000375e+02
-5.501924999999999955e+02
-5.316299999999999955e+02
-5.546475000000000364e+02
-5.657849999999999682e+02
-5.769225000000000136e+02
-5.639288000000000238e+02
-5.613300000000000409e+02
-5.572463000000000193e+02
-5.572463000000000193e+02
-5.631862999999999602e+02
-5.724674999999999727e+02
-5.691263000000000147e+02
-5.720963000000000420e+02
-5.587313000000000329e+02
-5.494500000000000455e+02
-5.613300000000000409e+02
-5.598450000000000273e+02
-5.828624999999999545e+02
-5.706113000000000284e+02
-5.642999999999999545e+02
-5.776649999999999636e+02
-5.761799999999999500e+02
-5.754375000000000000e+02
-5.988261999999999716e+02
-5.999400000000000546e+02
-6.003112999999999602e+02
-5.850900000000000318e+02
-5.984550000000000409e+02
-5.958563000000000329e+02
-5.873174999999999955e+02
-5.784075000000000273e+02
-6.010538000000000238e+02
-6.133049999999999500e+02
-5.951137999999999693e+02
-6.025388000000000375e+02
-5.557612000000000307e+02
-5.275462999999999738e+02
-5.100975000000000250e+02
-5.030437999999999761e+02
-4.971037999999999784e+02
-4.796549999999999727e+02
-5.004449999999999932e+02
-5.048999999999999773e+02
-4.956186999999999898e+02
-4.863374999999999773e+02
-5.294025000000000318e+02
-4.874513000000000034e+02
-5.048999999999999773e+02
-5.323724999999999454e+02
-5.089837999999999738e+02
-4.989599999999999795e+02
-5.115824999999999818e+02
-5.026725000000000136e+02
-4.896786999999999921e+02
-5.100975000000000250e+02
-5.290312999999999874e+02
-5.141812999999999647e+02
-5.331150000000000091e+02
-5.126961999999999762e+02
-5.212350000000000136e+02
-5.138099999999999454e+02
-5.290312999999999874e+02
-5.242050000000000409e+02
-5.438812000000000353e+02
-5.334863000000000284e+02
-5.130674999999999955e+02
-5.164088000000000420e+02
-5.256900000000000546e+02
-5.212350000000000136e+02
-5.431386999999999716e+02
-5.264325000000000045e+02
-5.171512000000000171e+02
-4.993312999999999988e+02
-4.811399999999999864e+02
-4.811399999999999864e+02
-4.841100000000000136e+02
-4.911637999999999806e+02
-4.614637000000000171e+02
-4.945049999999999955e+02
-5.145525000000000091e+02
-4.755713000000000079e+02
-5.026725000000000136e+02
-4.833675000000000068e+02
-4.904212999999999738e+02
-4.774275000000000091e+02
-4.555237000000000194e+02
-4.603500000000000227e+02
-4.443863000000000056e+02
-4.555237000000000194e+02
-4.503263000000000034e+02
-4.332486999999999853e+02
-4.584936999999999898e+02
-4.313924999999999841e+02
-4.447574999999999932e+02
-4.466138000000000261e+02
-4.458711999999999875e+02
-4.377038000000000011e+02
-4.495837000000000216e+02
-4.488412000000000148e+02
-4.555237000000000194e+02
-4.506974999999999909e+02
-4.447574999999999932e+02
-4.473562999999999761e+02
-4.622062999999999988e+02
-4.384463000000000079e+02
-4.455000000000000000e+02
-4.603500000000000227e+02
-4.577513000000000147e+02
-4.532962999999999738e+02
-4.536675000000000182e+02
-4.677749999999999773e+02
-4.744574999999999818e+02
-4.670325000000000273e+02
-4.718587999999999738e+02
-4.584936999999999898e+02
-4.659187999999999761e+02
-4.618349999999999795e+02
-4.532962999999999738e+02
-4.484700000000000273e+02
-4.588650000000000091e+02
-4.455000000000000000e+02
-4.536675000000000182e+02
-4.436437999999999988e+02
-4.406738000000000284e+02
-4.484700000000000273e+02
-4.388174999999999955e+02
-4.696313000000000102e+02
-4.618349999999999795e+02
-4.451288000000000125e+02
-4.592363000000000284e+02
-4.492124999999999773e+02
-4.636913000000000125e+02
-4.644336999999999875e+02
-4.777988000000000284e+02
-4.674037000000000148e+02
-4.807687999999999988e+02
-4.707450000000000045e+02
-4.555237000000000194e+02
-4.674037000000000148e+02
-4.529250000000000114e+02
-4.532962999999999738e+02
-4.707450000000000045e+02
-4.707450000000000045e+02
-4.506974999999999909e+02
-4.625774999999999864e+02
-4.551524999999999750e+02
-4.377038000000000011e+02
-4.603500000000000227e+02
-4.250812999999999988e+02
-4.391888000000000147e+02
-4.484700000000000273e+02
-4.596075000000000159e+02
-4.265663000000000125e+02
-4.484700000000000273e+02
-4.455000000000000000e+02
-4.432724999999999795e+02
-4.313924999999999841e+02
-4.532962999999999738e+02
-4.547812999999999874e+02
-4.377038000000000011e+02
-4.473562999999999761e+02
-4.425299999999999727e+02
-4.403025000000000091e+02
-4.529250000000000114e+02
-4.373324999999999818e+02
-4.388174999999999955e+02
-4.644336999999999875e+02
-4.633199999999999932e+02
-4.365899999999999750e+02
-4.510688000000000102e+02
-4.648050000000000068e+02
-4.592363000000000284e+02
-4.670325000000000273e+02
-4.570088000000000079e+02
-4.558949999999999818e+02
-4.529250000000000114e+02
-4.525536999999999921e+02
-4.443863000000000056e+02
-4.532962999999999738e+02
-4.581225000000000023e+02
-4.529250000000000114e+02
-4.603500000000000227e+02
-4.417875000000000227e+02
-4.291650000000000205e+02
-4.547812999999999874e+02
-4.659187999999999761e+02
-4.622062999999999988e+02
-4.636913000000000125e+02
-4.588650000000000091e+02
-4.354762999999999806e+02
-4.596075000000000159e+02
-4.670325000000000273e+02
-4.592363000000000284e+02
-4.677749999999999773e+02
-4.592363000000000284e+02
-4.351050000000000182e+02
-4.436437999999999988e+02
-4.532962999999999738e+02
-4.425299999999999727e+02
-4.503263000000000034e+02
-4.555237000000000194e+02
-4.707450000000000045e+02
-4.555237000000000194e+02
-4.466138000000000261e+02
-4.607212999999999852e+02
-4.677749999999999773e+02
-4.581225000000000023e+02
-4.466138000000000261e+02
-4.406738000000000284e+02
-4.544100000000000250e+02
-4.432724999999999795e+02
-4.484700000000000273e+02
-4.636913000000000125e+02
-4.648050000000000068e+02
-4.451288000000000125e+02
-4.614637000000000171e+02
-4.529250000000000114e+02
-4.377038000000000011e+02
-4.429012000000000171e+02
-4.588650000000000091e+02
-4.622062999999999988e+02
-4.588650000000000091e+02
-4.551524999999999750e+02
-4.744574999999999818e+02
-4.518111999999999853e+02
-4.584936999999999898e+02
-4.681462000000000216e+02
-4.599787999999999784e+02
-4.488412000000000148e+02
-4.536675000000000182e+02
-4.510688000000000102e+02
-4.425299999999999727e+02
-4.662900000000000205e+02
-4.681462000000000216e+02
-4.789125000000000227e+02
-4.618349999999999795e+02
-4.707450000000000045e+02
-4.588650000000000091e+02
-4.648050000000000068e+02
-4.544100000000000250e+02
-4.480987999999999829e+02
-4.681462000000000216e+02
-4.640625000000000000e+02
-4.599787999999999784e+02
-4.510688000000000102e+02
-4.662900000000000205e+02
-4.436437999999999988e+02
-4.670325000000000273e+02
-4.588650000000000091e+02
-4.492124999999999773e+02
-4.603500000000000227e+02
-4.751999999999999886e+02
-4.714875000000000114e+02
-4.603500000000000227e+02
-4.618349999999999795e+02
-4.558949999999999818e+02
-4.510688000000000102e+02
-4.651763000000000261e+02
-4.610924999999999727e+02
-4.711161999999999921e+02
-4.718587999999999738e+02
-4.228537999999999784e+02
-4.406738000000000284e+02
-4.414162999999999784e+02
-4.462425000000000068e+02
-4.351050000000000182e+02
-4.566374999999999886e+02
-4.425299999999999727e+02
-4.354762999999999806e+02
-4.406738000000000284e+02
-4.362187999999999874e+02
-4.373324999999999818e+02
-4.532962999999999738e+02
-4.532962999999999738e+02
-4.377038000000000011e+02
-4.518111999999999853e+02
-4.547812999999999874e+02
