-1.202849999999999966e+02
-1.187999999999999972e+02
-1.084050000000000011e+02
-1.032074999999999960e+02
-1.202849999999999966e+02
-1.614937999999999931e+02
-1.581525000000000034e+02
-1.447874999999999943e+02
-1.600088000000000079e+02
-1.366200000000000045e+02
-1.566674999999999898e+02
-1.551825000000000045e+02
-1.295663000000000125e+02
-1.807988000000000000e+02
-1.837687999999999988e+02
-1.715175000000000125e+02
-1.871100000000000136e+02
-1.807988000000000000e+02
-1.941638000000000090e+02
-1.807988000000000000e+02
-2.253488000000000113e+02
-2.483662999999999954e+02
-2.279474999999999909e+02
-2.435399999999999920e+02
-2.398274999999999864e+02
-2.595038000000000125e+02
-2.543062999999999931e+02
-2.487375000000000114e+02
-2.565337999999999852e+02
-2.595038000000000125e+02
-2.390850000000000080e+02
-2.602461999999999875e+02
-2.706413000000000011e+02
-2.695274999999999750e+02
-2.669286999999999921e+02
-2.717549999999999955e+02
-2.918025000000000091e+02
-2.535637999999999863e+02
-3.081374999999999886e+02
-2.847486999999999853e+02
-2.862337999999999738e+02
-3.103650000000000091e+02
-3.029399999999999977e+02
-2.981136999999999944e+02
-3.211313000000000102e+02
-3.356100000000000136e+02
-2.784375000000000000e+02
-3.185325000000000273e+02
-3.148199999999999932e+02
-3.103650000000000091e+02
-2.977425000000000068e+02
-3.114787999999999784e+02
-3.322687999999999988e+02
-3.166761999999999944e+02
-3.163050000000000068e+02
-3.519449999999999932e+02
-3.311549999999999727e+02
-3.296700000000000159e+02
-3.448913000000000011e+02
-3.226161999999999921e+02
-3.486037999999999784e+02
-3.434062999999999874e+02
-3.281850000000000023e+02
-3.478613000000000284e+02
-3.549150000000000205e+02
-3.738487999999999829e+02
-3.463763000000000147e+02
-3.627112000000000194e+02
-3.682799999999999727e+02
-3.801600000000000250e+02
-3.901836999999999875e+02
-3.753337000000000216e+02
-4.091175000000000068e+02
-4.172850000000000250e+02
-3.827588000000000079e+02
-3.523163000000000125e+02
-3.656811999999999898e+02
-3.831299999999999955e+02
-3.846150000000000091e+02
-3.912975000000000136e+02
-3.890699999999999932e+02
-3.953813000000000102e+02
-4.098600000000000136e+02
-4.080038000000000125e+02
-3.790462999999999738e+02
-4.013213000000000079e+02
-3.519449999999999932e+02
-3.712500000000000000e+02
-3.675375000000000227e+02
-3.623399999999999750e+02
-3.541725000000000136e+02
-3.571424999999999841e+02
-3.838725000000000023e+02
-3.675375000000000227e+02
-3.701363000000000056e+02
-3.500887000000000171e+02
-3.575138000000000034e+02
-3.597411999999999921e+02
-3.656811999999999898e+02
-3.779325000000000045e+02
-3.708788000000000125e+02
-3.567712000000000216e+02
-3.541725000000000136e+02
-3.597411999999999921e+02
-3.812737000000000194e+02
-3.927825000000000273e+02
-3.935249999999999773e+02
-3.898125000000000000e+02
-3.816449999999999818e+02
-4.046625000000000227e+02
-3.901836999999999875e+02
-4.009499999999999886e+02
-3.957524999999999977e+02
-3.920400000000000205e+02
-4.028061999999999898e+02
-4.172850000000000250e+02
-3.994649999999999750e+02
-4.172850000000000250e+02
-4.195124999999999886e+02
-4.243387000000000171e+02
-4.132013000000000034e+02
-4.291650000000000205e+02
-4.339911999999999921e+02
-4.313924999999999841e+02
-4.354762999999999806e+02
-4.521825000000000045e+02
-4.532962999999999738e+02
-4.410450000000000159e+02
-4.343625000000000114e+02
-4.417875000000000227e+02
-4.510688000000000102e+02
-4.521825000000000045e+02
-4.521825000000000045e+02
-4.681462000000000216e+02
-4.640625000000000000e+02
-4.748288000000000011e+02
-4.692599999999999909e+02
-4.584936999999999898e+02
-4.714875000000000114e+02
-4.907925000000000182e+02
-4.659187999999999761e+02
-4.733437999999999874e+02
-4.648050000000000068e+02
-4.677749999999999773e+02
-4.785412999999999784e+02
-4.763138000000000147e+02
-4.867087000000000216e+02
-4.967325000000000159e+02
-5.097262999999999806e+02
-5.219774999999999636e+02
-4.985887000000000171e+02
-5.253187000000000353e+02
-5.026725000000000136e+02
-4.889361999999999853e+02
-5.056424999999999841e+02
-4.997024999999999864e+02
-5.164088000000000420e+02
-5.130674999999999955e+02
-5.193787999999999556e+02
-5.171512000000000171e+02
-5.060138000000000034e+02
-5.067563000000000102e+02
-5.167799999999999727e+02
-5.197500000000000000e+02
-4.989599999999999795e+02
-5.023013000000000261e+02
-5.234624999999999773e+02
-5.371987000000000307e+02
-5.160375000000000227e+02
-5.275462999999999738e+02
-5.364561999999999671e+02
-5.449950000000000045e+02
-5.308875000000000455e+02
-5.383125000000000000e+02
-5.327437999999999647e+02
-5.360850000000000364e+02
-5.431386999999999716e+02
-5.320013000000000147e+02
-5.442525000000000546e+02
-5.479650000000000318e+02
-5.383125000000000000e+02
-5.268038000000000238e+02
-5.301449999999999818e+02
-5.256900000000000546e+02
-5.427675000000000409e+02
-5.509349999999999454e+02
-5.468513000000000375e+02
-5.520488000000000284e+02
-5.631862999999999602e+02
-5.576174999999999500e+02
-5.316299999999999955e+02
-5.453663000000000238e+02
-5.320013000000000147e+02
-5.457374999999999545e+02
-5.605874999999999773e+02
-5.449950000000000045e+02
-5.487074999999999818e+02
-5.694974999999999454e+02
-5.591024999999999636e+02
-5.858324999999999818e+02
-5.743237000000000307e+02
-5.668986999999999625e+02
-5.932575000000000500e+02
-5.709824999999999591e+02
-5.958563000000000329e+02
-5.951137999999999693e+02
-6.032812999999999874e+02
-5.954850000000000136e+02
-5.943713000000000193e+02
-6.051375000000000455e+02
-6.307537999999999556e+02
-6.021675000000000182e+02
-5.828624999999999545e+02
-5.772938000000000329e+02
-5.535338000000000420e+02
-5.442525000000000546e+02
-5.758088000000000193e+02
-5.576174999999999500e+02
-5.583600000000000136e+02
-5.676412000000000262e+02
-5.624437000000000353e+02
-5.995687000000000353e+02
-5.824913000000000238e+02
-5.765512999999999693e+02
-5.902875000000000227e+02
-5.906588000000000420e+02
-6.043949999999999818e+02
-5.947424999999999500e+02
-5.449950000000000045e+02
-5.416536999999999580e+02
-5.524199999999999591e+02
-5.394262999999999693e+02
-5.561325000000000500e+02
-5.546475000000000364e+02
-5.650425000000000182e+02
-5.357137000000000171e+02
-5.639288000000000238e+02
-5.550186999999999671e+02
-5.483361999999999625e+02
-5.561325000000000500e+02
-5.587313000000000329e+02
-5.642999999999999545e+02
-5.598450000000000273e+02
-5.420249999999999773e+02
-5.579887999999999693e+02
-5.713537999999999784e+02
-5.631862999999999602e+02
-5.617011999999999716e+02
-5.720963000000000420e+02
-5.665275000000000318e+02
-5.661562999999999874e+02
-5.798925000000000409e+02
-5.505638000000000147e+02
-5.646712999999999738e+02
-5.613300000000000409e+02
-5.657849999999999682e+02
-5.665275000000000318e+02
-5.524199999999999591e+02
-5.832337999999999738e+02
-5.687549999999999955e+02
-5.639288000000000238e+02
-5.642999999999999545e+02
-5.784075000000000273e+02
-5.936287999999999556e+02
-5.772938000000000329e+02
-5.620724999999999909e+02
-5.888025000000000091e+02
-5.873174999999999955e+02
-5.505638000000000147e+02
-5.665275000000000318e+02
-5.691263000000000147e+02
-5.750662999999999556e+02
-5.947424999999999500e+02
-5.691263000000000147e+02
-5.642999999999999545e+02
-5.772938000000000329e+02
-5.795212000000000216e+02
-5.735811999999999671e+02
-5.739524999999999864e+02
-5.795212000000000216e+02
-5.732100000000000364e+02
-5.646712999999999738e+02
-5.683836999999999762e+02
-5.717250000000000227e+02
-5.806349999999999909e+02
-5.917725000000000364e+02
-5.869461999999999762e+02
-6.125625000000000000e+02
-5.836050000000000182e+02
-5.832337999999999738e+02
-6.073650000000000091e+02
-6.088500000000000227e+02
-5.991974999999999909e+02
-5.876888000000000147e+02
-5.928862000000000307e+02
-6.051375000000000455e+02
-5.958563000000000329e+02
-6.173886999999999716e+02
-6.099637000000000171e+02
-5.954850000000000136e+02
-6.058799999999999955e+02
-6.110774999999999864e+02
-6.047662000000000262e+02
-6.233287000000000262e+02
-6.099637000000000171e+02
-6.207300000000000182e+02
-6.173886999999999716e+02
-6.363224999999999909e+02
-6.300112000000000307e+02
-6.136762999999999693e+02
-6.229574999999999818e+02
-6.326100000000000136e+02
-6.352087000000000216e+02
-6.337237999999999829e+02
-6.515438000000000329e+02
-6.381788000000000238e+02
-6.508012999999999693e+02
-6.511725000000000136e+02
-6.522862999999999829e+02
-6.548849999999999909e+02
-6.404062999999999874e+02
-6.567413000000000238e+02
-6.567413000000000238e+02
-6.682500000000000000e+02
-6.756749999999999545e+02
-6.749325000000000045e+02
-6.819863000000000284e+02
-6.734474999999999909e+02
-5.635575000000000045e+02
-5.565037999999999556e+02
-5.713537999999999784e+02
-5.717250000000000227e+02
-5.620724999999999909e+02
-5.639288000000000238e+02
-5.334863000000000284e+02
-5.438812000000000353e+02
-5.334863000000000284e+02
-5.383125000000000000e+02
-5.535338000000000420e+02
-5.219774999999999636e+02
-5.227200000000000273e+02
-5.327437999999999647e+02
-5.464800000000000182e+02
-5.394262999999999693e+02
-5.539049999999999727e+02
-5.509349999999999454e+02
-5.290312999999999874e+02
-5.067563000000000102e+02
-5.093550000000000182e+02
-4.967325000000000159e+02
-4.870799999999999841e+02
-5.082411999999999921e+02
-5.019300000000000068e+02
-5.063849999999999909e+02
-5.264325000000000045e+02
-4.967325000000000159e+02
-5.019300000000000068e+02
-5.060138000000000034e+02
-5.167799999999999727e+02
-4.963613000000000284e+02
-5.230911999999999580e+02
-5.063849999999999909e+02
-5.123250000000000455e+02
-5.286599999999999682e+02
-5.201213000000000193e+02
-5.171512000000000171e+02
-5.405399999999999636e+02
-5.390549999999999500e+02
-5.208637999999999693e+02
-5.212350000000000136e+02
-5.353424999999999727e+02
-5.427675000000000409e+02
-5.390549999999999500e+02
-5.364561999999999671e+02
-5.342287999999999784e+02
-5.182649999999999864e+02
-5.331150000000000091e+02
-4.993312999999999988e+02
-5.204924999999999500e+02
-5.297736999999999625e+02
-5.301449999999999818e+02
-5.264325000000000045e+02
-5.394262999999999693e+02
-5.360850000000000364e+02
-5.208637999999999693e+02
-5.427675000000000409e+02
-5.175225000000000364e+02
-5.416536999999999580e+02
-5.453663000000000238e+02
-5.405399999999999636e+02
-5.446237999999999602e+02
-5.357137000000000171e+02
-5.442525000000000546e+02
-5.256900000000000546e+02
-5.461087999999999738e+02
-5.487074999999999818e+02
-5.190075000000000500e+02
-5.167799999999999727e+02
-5.056424999999999841e+02
-5.164088000000000420e+02
-5.271749999999999545e+02
-5.238337000000000216e+02
-5.238337000000000216e+02
-5.230911999999999580e+02
-5.078700000000000045e+02
-5.171512000000000171e+02
-5.286599999999999682e+02
-5.186362000000000307e+02
-5.175225000000000364e+02
-5.249474999999999909e+02
-5.245761999999999716e+02
-5.223487999999999829e+02
