-1.881124000000000024e+03
-1.872213999999999942e+03
-1.847711000000000013e+03
-1.898573000000000093e+03
-1.932728000000000065e+03
-1.885208000000000084e+03
-1.918249000000000024e+03
-1.952403999999999996e+03
-1.910824000000000069e+03
-1.949063000000000102e+03
-1.960942999999999984e+03
-1.934212999999999965e+03
-1.996211000000000013e+03
-1.966510999999999967e+03
-2.005121000000000095e+03
-2.005121000000000095e+03
-1.992127999999999929e+03
-2.040390000000000100e+03
-2.022941000000000031e+03
-2.028138999999999896e+03
-2.035192999999999984e+03
-2.082340999999999894e+03
-2.064521000000000186e+03
-2.077885999999999967e+03
-2.086795999999999822e+03
-2.102389000000000124e+03
-2.093849999999999909e+03
-2.102018000000000029e+03
-2.130231999999999971e+03
-2.124291999999999916e+03
-2.123179000000000087e+03
-2.168099999999999909e+03
-2.141740999999999985e+03
-2.165130000000000109e+03
-2.192603000000000065e+03
-2.182579000000000178e+03
-2.173297999999999774e+03
-2.177751999999999953e+03
-2.207081000000000131e+03
-2.200769999999999982e+03
-2.192231000000000222e+03
-2.229356000000000222e+03
-2.220818000000000211e+03
-2.237894999999999982e+03
-2.253115999999999985e+03
-2.247547999999999774e+03
-2.220074999999999818e+03
-2.284672999999999774e+03
-2.271307999999999993e+03
-2.269079999999999927e+03
-2.268708999999999833e+03
-2.296552000000000135e+03
-2.300264999999999873e+03
-2.298409000000000106e+03
-2.300264999999999873e+03
-2.329222000000000207e+03
-2.278731999999999971e+03
-2.311773999999999887e+03
-2.335163000000000011e+03
-2.309175000000000182e+03
-2.301750000000000000e+03
-2.324768000000000029e+03
-2.316971000000000004e+03
-2.308432999999999993e+03
-2.341844999999999800e+03
-2.343701000000000022e+03
-2.373400999999999840e+03
-2.355210000000000036e+03
-2.365605000000000018e+03
-2.390478999999999814e+03
-2.370802000000000135e+03
-2.369688999999999851e+03
-2.392335000000000036e+03
-2.389364999999999782e+03
-2.360036000000000058e+03
-2.399018000000000029e+03
-2.399760000000000218e+03
-2.407556000000000040e+03
-2.392335000000000036e+03
-2.430574000000000069e+03
-2.416094999999999800e+03
-2.437626999999999953e+03
-2.464356999999999971e+03
-2.400873999999999796e+03
-2.443938999999999851e+03
-2.463985999999999876e+03
-2.444309999999999945e+03
-2.435028999999999996e+03
-2.489603000000000065e+03
-2.455818999999999960e+03
-2.474010000000000218e+03
-2.508536000000000058e+03
-2.479949999999999818e+03
-2.482548999999999978e+03
-2.508536000000000058e+03
-2.494057999999999993e+03
-2.479949999999999818e+03
-2.532666999999999916e+03
-2.510021000000000186e+03
-2.521530000000000200e+03
-2.531182999999999993e+03
-2.537864999999999782e+03
-2.512619999999999891e+03
-2.536751000000000204e+03
-2.573876000000000204e+03
-2.559396999999999935e+03
-2.579815999999999804e+03
-2.569791999999999916e+03
-2.556427000000000135e+03
-2.588355000000000018e+03
-2.582414999999999964e+03
-2.569791999999999916e+03
-2.602090999999999894e+03
-2.618425999999999931e+03
-2.600978000000000065e+03
-2.649981999999999971e+03
-2.643670999999999822e+03
-2.603576000000000022e+03
-2.636246000000000095e+03
-2.632163000000000011e+03
-2.619539999999999964e+03
-2.657036000000000058e+03
-2.652581000000000131e+03
-2.618054999999999836e+03
-2.652210000000000036e+03
-2.678197999999999865e+03
-2.659264000000000124e+03
-2.678197999999999865e+03
-2.674856000000000222e+03
-2.670400999999999840e+03
-2.706413000000000011e+03
-2.704556000000000040e+03
-2.696760000000000218e+03
-2.700844000000000051e+03
-2.693789999999999964e+03
-2.721634000000000015e+03
-2.719405999999999949e+03
-2.724974999999999909e+03
-2.723489999999999782e+03
-2.733143000000000029e+03
-2.757644999999999982e+03
-2.715322999999999865e+03
-2.722376000000000204e+03
-2.739824999999999818e+03
-2.739454000000000178e+03
-2.733514000000000124e+03
-2.774351000000000113e+03
-2.748735000000000127e+03
-2.779177000000000135e+03
-2.782146999999999935e+03
-2.754304000000000087e+03
-2.779177000000000135e+03
-2.802565999999999804e+03
-2.772494999999999891e+03
-2.771751999999999953e+03
-2.812590000000000146e+03
-2.774351000000000113e+03
-2.786603000000000065e+03
-2.830409999999999854e+03
-2.788088000000000193e+03
-2.801452999999999975e+03
-2.849344000000000051e+03
-2.831152999999999793e+03
-2.821500000000000000e+03
-2.826697999999999865e+03
-2.778434999999999945e+03
-2.813704000000000178e+03
-2.810733999999999924e+03
-2.806650000000000091e+03
-2.830780999999999949e+03
-2.842289999999999964e+03
-2.830409999999999854e+03
-2.819643999999999778e+03
-2.841175999999999931e+03
-2.867164000000000215e+03
-2.860110000000000127e+03
-2.850829000000000178e+03
-2.860481000000000222e+03
-2.836721000000000004e+03
-2.857139999999999873e+03
-2.854913000000000011e+03
-2.827440000000000055e+03
-2.879043999999999869e+03
-2.834864999999999782e+03
-2.872360999999999876e+03
-2.872731999999999971e+03
-2.869019999999999982e+03
-2.856768999999999778e+03
-2.871619000000000142e+03
-2.901318999999999960e+03
-2.882755999999999858e+03
-2.883869999999999891e+03
-2.885355000000000018e+03
-2.869762000000000171e+03
-2.885355000000000018e+03
-2.870134000000000015e+03
-2.888324999999999818e+03
-2.907259000000000015e+03
-2.886840000000000146e+03
-2.882755999999999858e+03
-2.905773999999999887e+03
-2.887583000000000084e+03
-2.893521999999999935e+03
-2.918768000000000029e+03
-2.900576000000000022e+03
-2.889438999999999851e+03
-2.891295000000000073e+03
-2.887954000000000178e+03
-2.894264999999999873e+03
-2.908001000000000204e+03
-2.917282000000000153e+03
-2.920251999999999953e+03
-2.939557999999999993e+03
-2.940670999999999822e+03
-2.931018999999999778e+03
-2.954036000000000058e+03
-2.931760999999999967e+03
-2.915054999999999836e+03
-2.958119999999999891e+03
-2.946239999999999782e+03
-2.936215999999999894e+03
-2.961460999999999785e+03
-2.954778999999999996e+03
-2.958490999999999985e+03
-2.982623000000000047e+03
-2.977795999999999822e+03
-2.969257999999999811e+03
-2.995244999999999891e+03
-2.995244999999999891e+03
-2.997472000000000207e+03
-2.995987999999999829e+03
-2.998958000000000084e+03
-2.994130999999999858e+03
-2.990418999999999869e+03
-3.032740999999999985e+03
-3.016777999999999793e+03
-3.021603999999999814e+03
-3.039052000000000135e+03
-3.047963000000000193e+03
-3.074320999999999913e+03
-3.085458999999999833e+03
-3.051675000000000182e+03
-3.061699000000000069e+03
-3.098081000000000131e+03
-3.060956000000000131e+03
-3.103278999999999996e+03
-3.108105000000000018e+03
-3.092512000000000171e+03
-3.104764000000000124e+03
-3.104021000000000186e+03
-3.098452999999999975e+03
-3.074693000000000211e+03
-3.091027999999999793e+03
-3.080260999999999967e+03
-3.096224999999999909e+03
-3.136320000000000164e+03
-3.083603000000000065e+03
-3.113673999999999978e+03
-3.156739000000000033e+03
-3.117014999999999873e+03
-3.120728000000000065e+03
-3.162307999999999993e+03
-3.130380000000000109e+03
-3.131123000000000047e+03
-3.165648999999999887e+03
-3.156739000000000033e+03
-3.161936000000000149e+03
-3.155253999999999905e+03
-3.145230000000000018e+03
-3.138547999999999774e+03
-3.172331000000000131e+03
-3.147085999999999785e+03
-3.134092999999999847e+03
-3.161565000000000055e+03
-3.151913000000000011e+03
-3.134463999999999942e+03
-3.164534999999999854e+03
-3.198318999999999960e+03
-3.164905999999999949e+03
-3.184210999999999785e+03
-3.184210999999999785e+03
-3.160079999999999927e+03
-3.178271000000000186e+03
-3.165277999999999793e+03
-3.158224000000000160e+03
-3.177900000000000091e+03
-3.165648999999999887e+03
-3.170846000000000004e+03
-3.181612999999999829e+03
-3.191635999999999967e+03
-3.141889000000000124e+03
-3.164534999999999854e+03
-3.177900000000000091e+03
-3.147829000000000178e+03
-3.132978999999999814e+03
-3.096224999999999909e+03
-3.069123999999999796e+03
-3.118871000000000095e+03
-3.122583999999999833e+03
-3.101793999999999869e+03
-3.113673999999999978e+03
-3.131123000000000047e+03
-3.108476000000000113e+03
-3.128523999999999887e+03
-3.144858999999999924e+03
-3.132606999999999971e+03
-3.142260000000000218e+03
-3.157481000000000222e+03
-3.137804999999999836e+03
-3.148199999999999818e+03
-3.176043999999999869e+03
-3.162679000000000087e+03
-3.165648999999999887e+03
-3.186809999999999945e+03
-3.166019999999999982e+03
-3.170474999999999909e+03
-3.182726000000000113e+03
-3.165277999999999793e+03
-3.177900000000000091e+03
-3.206485999999999876e+03
-3.176414999999999964e+03
-3.206856999999999971e+03
-3.200175000000000182e+03
-3.187181000000000040e+03
-3.216880999999999858e+03
-3.212054999999999836e+03
-3.212425999999999931e+03
-3.217251999999999953e+03
-3.225420000000000073e+03
-3.213911000000000058e+03
-3.228389999999999873e+03
-3.232474000000000160e+03
-3.248438000000000102e+03
-3.229875000000000000e+03
-3.245096000000000004e+03
-3.234329999999999927e+03
-3.232474000000000160e+03
-3.249922999999999774e+03
-3.249179999999999836e+03
-3.247695000000000164e+03
-3.273311000000000149e+03
-3.237300000000000182e+03
-3.246952999999999975e+03
-3.283706000000000131e+03
-3.268114000000000033e+03
-3.274054000000000087e+03
-3.298927000000000135e+03
-3.284077999999999975e+03
-3.274054000000000087e+03
-3.315262000000000171e+03
-3.311550000000000182e+03
-3.294472000000000207e+03
-3.323059000000000196e+03
-3.316748000000000047e+03
-3.312291999999999916e+03
-3.324543999999999869e+03
-3.258833000000000084e+03
-3.247324000000000069e+03
-3.282221000000000004e+03
-3.262916000000000167e+03
-3.249179999999999836e+03
-3.275166999999999916e+03
-3.267742000000000189e+03
-3.243239999999999782e+03
-3.253635000000000218e+03
-3.244724999999999909e+03
-3.272940000000000055e+03
-3.291501999999999953e+03
-3.278880000000000109e+03
-3.255862999999999829e+03
-3.301525999999999840e+03
-3.295958000000000084e+03
-3.286675999999999931e+03
-3.319717999999999847e+03
-3.302268999999999778e+03
-3.293358999999999924e+03
-3.324172999999999774e+03
-3.314891000000000076e+03
-3.295958000000000084e+03
-3.316748000000000047e+03
-3.318603999999999814e+03
-3.266628999999999905e+03
-3.213539999999999964e+03
-3.074320999999999913e+03
-3.091027999999999793e+03
-3.084344999999999800e+03
-3.060956000000000131e+03
-3.077291000000000167e+03
-3.099938000000000102e+03
-3.065411000000000058e+03
-3.071351000000000113e+03
-3.075806000000000040e+03
-3.089541999999999916e+03
-3.079518999999999778e+03
-3.106619999999999891e+03
-3.122954999999999927e+03
-3.105505999999999858e+03
-3.125554000000000087e+03
-3.121099000000000160e+03
-3.106248999999999796e+03
-3.106248999999999796e+03
-3.126666999999999916e+03
-3.122213000000000193e+03
-3.145230000000000018e+03
-3.125925000000000182e+03
-3.112931000000000040e+03
-3.150427000000000135e+03
-3.133349999999999909e+03
-3.104764000000000124e+03
-3.108105000000000018e+03
-3.119242000000000189e+03
-3.104393000000000029e+03
