-5.535338000000000420e+02
-6.110774999999999864e+02
-5.888025000000000091e+02
-5.943713000000000193e+02
-6.318674999999999500e+02
-6.667649999999999864e+02
-6.300112000000000307e+02
-6.767888000000000375e+02
-6.797586999999999762e+02
-6.604537000000000262e+02
-7.280212000000000216e+02
-7.098300000000000409e+02
-7.287636999999999716e+02
-7.502962999999999738e+02
-7.566074999999999591e+02
-7.462124999999999773e+02
-7.592061999999999671e+02
-7.692300000000000182e+02
-7.759125000000000227e+02
-8.252888000000000375e+02
-8.226900000000000546e+02
-8.070974999999999682e+02
-8.442224999999999682e+02
-8.720662999999999556e+02
-8.104388000000000147e+02
-8.256599999999999682e+02
-9.136462000000000216e+02
-8.475638000000000147e+02
-8.364262999999999693e+02
-9.596812999999999647e+02
-9.203287000000000262e+02
-8.976825000000000045e+02
-9.310950000000000273e+02
-9.025087999999999511e+02
-9.448311999999999671e+02
-9.340650000000000546e+02
-9.489149999999999636e+02
-9.875249999999999773e+02
-1.005345000000000027e+03
-1.015740000000000009e+03
-1.013884000000000015e+03
-1.048038999999999987e+03
-1.058805000000000064e+03
-1.054721000000000004e+03
-1.065858999999999924e+03
-1.049894999999999982e+03
-1.079223999999999933e+03
-1.074026000000000067e+03
-1.081079999999999927e+03
-1.084421000000000049e+03
-1.108181000000000040e+03
-1.085905999999999949e+03
-1.078109999999999900e+03
-1.132683999999999969e+03
-1.098900000000000091e+03
-1.079965999999999894e+03
-1.150133000000000038e+03
-1.118948000000000093e+03
-1.145306000000000040e+03
-1.171294000000000096e+03
-1.160898999999999887e+03
-1.179461000000000013e+03
-1.217700000000000045e+03
-1.209161000000000058e+03
-1.172036000000000058e+03
-1.227353000000000065e+03
-1.236634000000000015e+03
-1.180203999999999951e+03
-1.216586000000000013e+03
-1.256681000000000040e+03
-1.241088999999999942e+03
-1.251483999999999924e+03
-1.297519000000000005e+03
-1.277843000000000075e+03
-1.289722999999999956e+03
-1.351349999999999909e+03
-1.327219000000000051e+03
-1.373253999999999905e+03
-1.336871000000000095e+03
-1.328333000000000084e+03
-1.390330999999999904e+03
-1.359145999999999958e+03
-1.367684999999999945e+03
-1.408894000000000005e+03
-1.392930000000000064e+03
-1.388104000000000042e+03
-1.416690000000000055e+03
-1.407409000000000106e+03
-1.382535000000000082e+03
-1.395528999999999996e+03
-1.443420000000000073e+03
-1.389588999999999942e+03
-1.421887999999999920e+03
-1.471263999999999896e+03
-1.436365999999999985e+03
-1.445646999999999935e+03
-1.477203999999999951e+03
-1.448989000000000033e+03
-1.480545000000000073e+03
-1.498365000000000009e+03
-1.470892000000000053e+03
-1.485000000000000000e+03
-1.509131000000000085e+03
-1.435624000000000024e+03
-1.485371000000000095e+03
-1.469406999999999925e+03
-1.460125999999999976e+03
-1.496137999999999920e+03
-1.496137999999999920e+03
-1.505789999999999964e+03
-1.521010999999999967e+03
-1.524723999999999933e+03
-1.517298999999999978e+03
-1.534005000000000109e+03
-1.550339999999999918e+03
-1.532891000000000076e+03
-1.571873000000000047e+03
-1.590434999999999945e+03
-1.580039999999999964e+03
-1.606398999999999887e+03
-1.629045000000000073e+03
-1.616050999999999931e+03
-1.635355999999999995e+03
-1.644637999999999920e+03
-1.646493999999999915e+03
-1.642410000000000082e+03
-1.689930000000000064e+03
-1.675451000000000022e+03
-1.692156999999999925e+03
-1.697726000000000113e+03
-1.676565000000000055e+03
-1.712576000000000022e+03
-1.748959000000000060e+03
-1.729653999999999996e+03
-1.737078999999999951e+03
-1.748959000000000060e+03
-1.745617999999999938e+03
-1.745617999999999938e+03
-1.760838999999999942e+03
-1.746359999999999900e+03
-1.783114000000000033e+03
-1.805759999999999991e+03
-1.786826000000000022e+03
-1.813556000000000040e+03
-1.841770999999999958e+03
-1.813556000000000040e+03
-1.840656999999999925e+03
-1.862932000000000016e+03
-1.848083000000000084e+03
-1.845855000000000018e+03
-1.848453999999999951e+03
-1.855135999999999967e+03
-1.839544000000000096e+03
-1.867387999999999920e+03
-1.887064000000000078e+03
-1.891519000000000005e+03
-1.920105000000000018e+03
-1.890404999999999973e+03
-1.917506000000000085e+03
-1.918619999999999891e+03
-1.905255000000000109e+03
-1.895603000000000065e+03
-1.915278999999999996e+03
-1.913794000000000096e+03
-1.914536000000000058e+03
-1.923445999999999913e+03
-1.908968000000000075e+03
-1.925673999999999978e+03
-1.909710000000000036e+03
-1.889662000000000035e+03
-1.908224999999999909e+03
-1.950919000000000096e+03
-1.930500000000000000e+03
-1.921961000000000013e+03
-1.922333000000000084e+03
-1.948319999999999936e+03
-1.931614000000000033e+03
-1.949805000000000064e+03
-1.974307000000000016e+03
-1.977648999999999887e+03
-1.977648999999999887e+03
-1.978391000000000076e+03
-1.916020999999999958e+03
-1.916393000000000029e+03
-1.947577999999999975e+03
-1.955374000000000024e+03
-1.952031999999999925e+03
-1.947949000000000069e+03
-1.930128999999999905e+03
-1.953518000000000029e+03
-1.953518000000000029e+03
-1.959828999999999951e+03
-1.981732999999999947e+03
-1.952403999999999996e+03
-1.882980000000000018e+03
-1.915650000000000091e+03
-1.919363000000000056e+03
-1.908968000000000075e+03
-1.942009000000000015e+03
-1.937182000000000016e+03
-1.923075000000000045e+03
-1.946463999999999942e+03
-1.979505000000000109e+03
-1.970965999999999894e+03
-1.953888999999999896e+03
-1.989528999999999996e+03
-1.985444999999999936e+03
-1.992499000000000024e+03
-2.036306000000000040e+03
-2.030738000000000056e+03
-2.010690000000000055e+03
-2.054498000000000047e+03
-2.024425999999999931e+03
-1.975791999999999916e+03
-2.010690000000000055e+03
-2.024797000000000025e+03
-2.005121000000000095e+03
-2.029624000000000024e+03
-2.061922999999999774e+03
-2.023313000000000102e+03
-2.050784999999999854e+03
-2.069347000000000207e+03
-2.058581000000000131e+03
-2.070460999999999785e+03
-2.044845000000000027e+03
-2.059324000000000069e+03
-2.082340999999999894e+03
-2.065264000000000124e+03
-2.061550999999999931e+03
-2.103501999999999953e+03
-2.082340999999999894e+03
-2.066748999999999796e+03
-2.088280999999999949e+03
-2.069347000000000207e+03
-2.093478999999999814e+03
-2.098304999999999836e+03
-2.075288000000000011e+03
-2.097190999999999804e+03
-2.120208999999999833e+03
-2.115382999999999811e+03
-2.113525999999999840e+03
-2.110184999999999945e+03
-2.160304000000000087e+03
-2.119094999999999800e+03
-2.126891000000000076e+03
-2.116867000000000189e+03
-2.044103000000000065e+03
-2.036676999999999907e+03
-2.047073000000000093e+03
-2.012546000000000049e+03
-1.996953999999999951e+03
-2.003265000000000100e+03
-1.970223999999999933e+03
-1.971337999999999965e+03
-1.979134000000000015e+03
-1.950175999999999931e+03
-1.969109999999999900e+03
-1.979875999999999976e+03
-1.979505000000000109e+03
-1.982474999999999909e+03
-1.989156999999999925e+03
-2.000665999999999940e+03
-2.005492999999999938e+03
-2.004750000000000000e+03
-2.017000999999999976e+03
-2.009948000000000093e+03
-2.029252999999999929e+03
-2.041133000000000038e+03
-2.040760999999999967e+03
-2.047815000000000055e+03
-2.048557999999999993e+03
-2.072318000000000211e+03
-2.071204000000000178e+03
-2.041133000000000038e+03
-2.053384000000000015e+03
-2.074545000000000073e+03
-2.072318000000000211e+03
-2.055981999999999971e+03
-2.060065999999999804e+03
-2.082711999999999989e+03
-2.115010999999999967e+03
-2.074173999999999978e+03
-2.108329000000000178e+03
-2.103501999999999953e+03
-2.089766000000000076e+03
-2.114268999999999778e+03
-2.107585999999999785e+03
-2.115010999999999967e+03
-2.107585999999999785e+03
-2.099418999999999869e+03
-2.123179000000000087e+03
-2.086425000000000182e+03
-2.077514999999999873e+03
-2.097934000000000196e+03
-2.087909999999999854e+03
-2.081228000000000065e+03
-2.135800999999999931e+03
-2.103501999999999953e+03
-2.078628999999999905e+03
-2.091994000000000142e+03
-2.077885999999999967e+03
-2.049670999999999822e+03
-2.085682999999999993e+03
-2.096820000000000164e+03
-2.083454999999999927e+03
-2.095335000000000036e+03
-2.094221000000000004e+03
-2.096449000000000069e+03
-2.120208999999999833e+03
-2.129489999999999782e+03
-2.084940000000000055e+03
-2.129489999999999782e+03
-2.143597000000000207e+03
-2.121322999999999865e+03
-2.128376000000000204e+03
-2.135059000000000196e+03
-2.126891000000000076e+03
-2.164759000000000015e+03
-2.140626999999999953e+03
-2.164759000000000015e+03
-2.166614999999999782e+03
-2.169213999999999942e+03
-2.176639000000000124e+03
-2.108699999999999818e+03
-2.125405999999999949e+03
-2.117239000000000033e+03
-2.123550000000000182e+03
-2.152135999999999967e+03
-2.128748000000000047e+03
-2.102018000000000029e+03
-2.112041000000000167e+03
-2.087909999999999854e+03
-2.075659000000000106e+03
-2.084940000000000055e+03
-2.082711999999999989e+03
-2.107585999999999785e+03
-2.115753999999999905e+03
-2.115010999999999967e+03
-2.118724000000000160e+03
-2.136914999999999964e+03
-2.146568000000000211e+03
-2.145824999999999818e+03
-2.102760000000000218e+03
-2.106101000000000113e+03
-2.080856000000000222e+03
-2.085311000000000149e+03
-2.046701000000000022e+03
-2.043730999999999995e+03
-2.045959000000000060e+03
-2.058210000000000036e+03
-2.022941000000000031e+03
-2.055610999999999876e+03
-2.066376999999999953e+03
-2.055981999999999971e+03
-2.057096000000000004e+03
-2.088652999999999793e+03
-2.068233999999999924e+03
-2.060809000000000196e+03
-2.089766000000000076e+03
-2.090137000000000171e+03
-2.065264000000000124e+03
-2.107215000000000146e+03
-2.114639999999999873e+03
-2.104244999999999891e+03
-2.117239000000000033e+03
-2.122807999999999993e+03
-2.104244999999999891e+03
-2.094221000000000004e+03
-2.087166999999999916e+03
-2.106472000000000207e+03
-2.117610000000000127e+03
-2.122436000000000149e+03
-2.123920999999999822e+03
-2.125405999999999949e+03
-2.126519999999999982e+03
-2.130974999999999909e+03
-2.088280999999999949e+03
-2.088652999999999793e+03
-2.100161000000000058e+03
-2.084197999999999865e+03
-2.084940000000000055e+03
-2.085682999999999993e+03
-2.083826000000000022e+03
-2.043730999999999995e+03
-2.045215999999999894e+03
-2.078257999999999811e+03
-2.059695000000000164e+03
-2.067490999999999985e+03
-2.091251000000000204e+03
-2.048186000000000149e+03
-2.073431000000000040e+03
-2.100161000000000058e+03
-2.080485000000000127e+03
-2.096077999999999975e+03
-2.109070999999999913e+03
-2.107585999999999785e+03
-2.120208999999999833e+03
-2.116496000000000095e+03
-2.108329000000000178e+03
-2.128748000000000047e+03
-2.130231999999999971e+03
-2.123179000000000087e+03
-2.133202999999999975e+03
-2.138400000000000091e+03
-2.121693999999999960e+03
-2.116496000000000095e+03
-2.138400000000000091e+03
-2.108699999999999818e+03
-2.119094999999999800e+03
-2.150280000000000200e+03
-2.135059000000000196e+03
-2.141369999999999891e+03
