-4.009499999999999886e+02
-3.924112999999999829e+02
-4.054049999999999727e+02
-3.990937999999999874e+02
-3.842436999999999898e+02
-4.195124999999999886e+02
-4.354762999999999806e+02
-4.232250000000000227e+02
-4.191413000000000011e+02
-4.321349999999999909e+02
-4.306499999999999773e+02
-4.273086999999999875e+02
-4.176562999999999874e+02
-3.979800000000000182e+02
-4.158000000000000114e+02
-4.269375000000000000e+02
-3.979800000000000182e+02
-3.875849999999999795e+02
-4.158000000000000114e+02
-4.146861999999999853e+02
-4.143149999999999977e+02
-4.024350000000000023e+02
-4.013213000000000079e+02
-3.916687999999999761e+02
-4.050337999999999852e+02
-4.031775000000000091e+02
-4.106025000000000205e+02
-4.087461999999999875e+02
-4.102312999999999761e+02
-4.325063000000000102e+02
-4.280511999999999944e+02
-4.243387000000000171e+02
-4.347337999999999738e+02
-4.106025000000000205e+02
-4.243387000000000171e+02
-4.510688000000000102e+02
-4.209975000000000023e+02
-4.239674999999999727e+02
-4.328774999999999977e+02
-4.317638000000000034e+02
-4.109737999999999829e+02
-4.243387000000000171e+02
-4.503263000000000034e+02
-4.462425000000000068e+02
-4.451288000000000125e+02
-4.232250000000000227e+02
-4.525536999999999921e+02
-4.525536999999999921e+02
-4.540387999999999806e+02
-4.584936999999999898e+02
-4.488412000000000148e+02
-4.555237000000000194e+02
-4.377038000000000011e+02
-4.495837000000000216e+02
-4.581225000000000023e+02
-4.785412999999999784e+02
-4.547812999999999874e+02
-4.807687999999999988e+02
-4.744574999999999818e+02
-4.670325000000000273e+02
-4.792837999999999852e+02
-4.343625000000000114e+02
-4.729725000000000250e+02
-4.718587999999999738e+02
-4.607212999999999852e+02
-4.521825000000000045e+02
-4.674037000000000148e+02
-4.681462000000000216e+02
-4.584936999999999898e+02
-4.696313000000000102e+02
-4.855950000000000273e+02
-4.688888000000000034e+02
-4.674037000000000148e+02
-4.440149999999999864e+02
-4.662900000000000205e+02
-4.685174999999999841e+02
-4.447574999999999932e+02
-4.532962999999999738e+02
-4.718587999999999738e+02
-4.789125000000000227e+02
-4.792837999999999852e+02
-4.855950000000000273e+02
-4.737149999999999750e+02
-4.558949999999999818e+02
-4.662900000000000205e+02
-4.789125000000000227e+02
-4.692599999999999909e+02
-4.625774999999999864e+02
-4.807687999999999988e+02
-4.714875000000000114e+02
-4.855950000000000273e+02
-4.952475000000000023e+02
-4.714875000000000114e+02
-4.829961999999999875e+02
-5.201213000000000193e+02
-4.852237999999999829e+02
-4.633199999999999932e+02
-4.826250000000000000e+02
-4.915350000000000250e+02
-4.922774999999999750e+02
-4.800262000000000171e+02
-5.112112000000000194e+02
-5.182649999999999864e+02
-5.037862999999999829e+02
-5.045287000000000148e+02
-4.777988000000000284e+02
-4.826250000000000000e+02
-4.603500000000000227e+02
-4.670325000000000273e+02
-4.811399999999999864e+02
-4.584936999999999898e+02
-4.692599999999999909e+02
-4.703736999999999853e+02
-4.926487000000000194e+02
-4.313924999999999841e+02
-4.373324999999999818e+02
-4.417875000000000227e+02
-4.510688000000000102e+02
-4.358475000000000250e+02
-4.510688000000000102e+02
-4.395600000000000023e+02
-4.714875000000000114e+02
-4.685174999999999841e+02
-4.310212000000000216e+02
-4.458711999999999875e+02
-4.488412000000000148e+02
-4.369612000000000194e+02
-4.384463000000000079e+02
-4.685174999999999841e+02
-4.625774999999999864e+02
-4.707450000000000045e+02
-4.544100000000000250e+02
-4.566374999999999886e+02
-4.588650000000000091e+02
-4.469850000000000136e+02
-4.488412000000000148e+02
-4.447574999999999932e+02
-4.506974999999999909e+02
-4.506974999999999909e+02
-4.696313000000000102e+02
-4.722300000000000182e+02
-4.651763000000000261e+02
-4.818824999999999932e+02
-4.655475000000000136e+02
-4.629488000000000056e+02
-4.670325000000000273e+02
-4.662900000000000205e+02
-4.603500000000000227e+02
-4.685174999999999841e+02
-4.770561999999999898e+02
-4.596075000000000159e+02
-4.503263000000000034e+02
-4.614637000000000171e+02
-4.759424999999999955e+02
-4.540387999999999806e+02
-4.729725000000000250e+02
-4.514399999999999977e+02
-4.644336999999999875e+02
-4.469850000000000136e+02
-4.473562999999999761e+02
-4.751999999999999886e+02
-4.518111999999999853e+02
-4.636913000000000125e+02
-4.751999999999999886e+02
-4.670325000000000273e+02
-4.588650000000000091e+02
-4.852237999999999829e+02
-4.692599999999999909e+02
-4.536675000000000182e+02
-4.822538000000000125e+02
-4.911637999999999806e+02
-4.807687999999999988e+02
-4.740862000000000194e+02
-4.911637999999999806e+02
-4.785412999999999784e+02
-4.885649999999999977e+02
-4.829961999999999875e+02
-4.789125000000000227e+02
-4.800262000000000171e+02
-4.841100000000000136e+02
-4.770561999999999898e+02
-4.811399999999999864e+02
-5.000738000000000056e+02
-4.881938000000000102e+02
-4.848525000000000205e+02
-4.900500000000000114e+02
-4.666612999999999829e+02
-4.495837000000000216e+02
-4.703736999999999853e+02
-4.625774999999999864e+02
-4.443863000000000056e+02
-4.447574999999999932e+02
-4.577513000000000147e+02
-4.629488000000000056e+02
-4.495837000000000216e+02
-4.529250000000000114e+02
-4.744574999999999818e+02
-4.774275000000000091e+02
-4.451288000000000125e+02
-4.506974999999999909e+02
-4.740862000000000194e+02
-4.388174999999999955e+02
-4.380749999999999886e+02
-4.688888000000000034e+02
-4.425299999999999727e+02
-4.432724999999999795e+02
-4.506974999999999909e+02
-4.425299999999999727e+02
-4.414162999999999784e+02
-4.644336999999999875e+02
-4.610924999999999727e+02
-4.410450000000000159e+02
-4.440149999999999864e+02
-4.588650000000000091e+02
-4.495837000000000216e+02
-4.369612000000000194e+02
-4.406738000000000284e+02
-4.592363000000000284e+02
-4.484700000000000273e+02
-4.521825000000000045e+02
-4.503263000000000034e+02
-4.570088000000000079e+02
-4.510688000000000102e+02
-4.484700000000000273e+02
-4.429012000000000171e+02
-4.395600000000000023e+02
-4.469850000000000136e+02
-4.295362999999999829e+02
-4.384463000000000079e+02
-4.503263000000000034e+02
-4.547812999999999874e+02
-4.488412000000000148e+02
-4.384463000000000079e+02
-4.209975000000000023e+02
-4.443863000000000056e+02
-4.674037000000000148e+02
-4.399311999999999898e+02
-4.328774999999999977e+02
-4.536675000000000182e+02
-4.380749999999999886e+02
-4.603500000000000227e+02
-4.429012000000000171e+02
-4.473562999999999761e+02
-4.265663000000000125e+02
-4.351050000000000182e+02
-4.365899999999999750e+02
-4.384463000000000079e+02
-4.484700000000000273e+02
-4.410450000000000159e+02
-4.380749999999999886e+02
-4.525536999999999921e+02
-4.555237000000000194e+02
-4.506974999999999909e+02
-4.443863000000000056e+02
-4.421587999999999852e+02
-4.488412000000000148e+02
-4.492124999999999773e+02
-4.443863000000000056e+02
-4.254524999999999864e+02
-4.198838000000000079e+02
-4.395600000000000023e+02
-4.258238000000000056e+02
-4.384463000000000079e+02
-4.358475000000000250e+02
-4.243387000000000171e+02
-4.332486999999999853e+02
-4.466138000000000261e+02
-4.299075000000000273e+02
-4.547812999999999874e+02
-4.525536999999999921e+02
-4.458711999999999875e+02
-4.362187999999999874e+02
-4.358475000000000250e+02
-4.421587999999999852e+02
-4.551524999999999750e+02
-4.540387999999999806e+02
-4.328774999999999977e+02
-4.499549999999999841e+02
-4.544100000000000250e+02
-4.362187999999999874e+02
-4.495837000000000216e+02
-4.287937999999999761e+02
-4.406738000000000284e+02
-4.477275000000000205e+02
-4.351050000000000182e+02
-4.443863000000000056e+02
-4.391888000000000147e+02
-4.284225000000000136e+02
-4.247099999999999795e+02
-4.358475000000000250e+02
-4.287937999999999761e+02
-4.365899999999999750e+02
-4.124587000000000216e+02
-4.106025000000000205e+02
-4.373324999999999818e+02
-4.258238000000000056e+02
-4.321349999999999909e+02
-4.239674999999999727e+02
-4.276800000000000068e+02
-4.198838000000000079e+02
-4.235962999999999852e+02
-4.202549999999999955e+02
-4.261949999999999932e+02
-4.239674999999999727e+02
-4.109737999999999829e+02
-4.169137999999999806e+02
-4.124587000000000216e+02
-4.280511999999999944e+02
-4.232250000000000227e+02
-4.254524999999999864e+02
-4.332486999999999853e+02
-4.065187999999999988e+02
-4.143149999999999977e+02
-4.258238000000000056e+02
-4.132013000000000034e+02
-4.117162000000000148e+02
-4.209975000000000023e+02
-4.094886999999999944e+02
-3.976087999999999738e+02
-4.128299999999999841e+02
-4.172850000000000250e+02
-4.016924999999999955e+02
-4.031775000000000091e+02
-4.068899999999999864e+02
-3.964950000000000045e+02
-4.146861999999999853e+02
-3.931537000000000148e+02
-4.206263000000000147e+02
-4.039200000000000159e+02
-3.946388000000000034e+02
-4.028061999999999898e+02
-3.783036999999999921e+02
-3.771899999999999977e+02
-3.890699999999999932e+02
-3.901836999999999875e+02
-3.898125000000000000e+02
-4.135724999999999909e+02
-3.901836999999999875e+02
-3.615975000000000250e+02
-4.020638000000000147e+02
-3.994649999999999750e+02
-3.779325000000000045e+02
-3.864712999999999852e+02
-3.649388000000000147e+02
-3.764474999999999909e+02
-3.701363000000000056e+02
-3.563999999999999773e+02
-3.801600000000000250e+02
-3.990937999999999874e+02
-3.760763000000000034e+02
-3.797887999999999806e+02
-3.779325000000000045e+02
-3.797887999999999806e+02
-3.526875000000000000e+02
-3.764474999999999909e+02
-3.612262999999999806e+02
-3.682799999999999727e+02
-3.979800000000000182e+02
-3.690224999999999795e+02
-3.619687999999999874e+02
-3.823874999999999886e+02
-3.586274999999999977e+02
-3.563999999999999773e+02
-3.731062999999999761e+02
-3.686512000000000171e+02
-3.630824999999999818e+02
-3.749624999999999773e+02
-3.771899999999999977e+02
-3.775611999999999853e+02
-3.638249999999999886e+02
-3.656811999999999898e+02
-3.653100000000000023e+02
-3.690224999999999795e+02
-3.660525000000000091e+02
-3.630824999999999818e+02
-3.842436999999999898e+02
-3.697649999999999864e+02
-3.471186999999999898e+02
-3.675375000000000227e+02
-3.790462999999999738e+02
-3.474900000000000091e+02
-3.671662999999999784e+02
-3.649388000000000147e+02
-3.608550000000000182e+02
-3.749624999999999773e+02
-3.519449999999999932e+02
-3.512024999999999864e+02
-3.697649999999999864e+02
-3.842436999999999898e+02
-3.408075000000000045e+02
-3.664238000000000284e+02
-3.779325000000000045e+02
-3.478613000000000284e+02
-3.448913000000000011e+02
-3.738487999999999829e+02
-3.474900000000000091e+02
-3.460049999999999955e+02
-3.560287000000000148e+02
-3.567712000000000216e+02
-3.805312999999999874e+02
-3.619687999999999874e+02
-3.612262999999999806e+02
-3.630824999999999818e+02
-3.545437999999999761e+02
-3.348675000000000068e+02
-3.608550000000000182e+02
-3.630824999999999818e+02
-3.541725000000000136e+02
-3.549150000000000205e+02
-3.534300000000000068e+02
-3.426637999999999806e+02
-3.422925000000000182e+02
