-4.662158000000000357e+03
-4.648792000000000371e+03
-4.651020000000000437e+03
-4.640625000000000000e+03
-4.640625000000000000e+03
-4.653247999999999593e+03
-4.682204999999999927e+03
-4.632828999999999724e+03
-4.687402000000000044e+03
-4.701881000000000313e+03
-4.662158000000000357e+03
-4.638396999999999935e+03
-4.719701000000000022e+03
-4.700395999999999731e+03
-4.691856999999999971e+03
-4.727868999999999687e+03
-4.704109000000000378e+03
-4.701139000000000124e+03
-4.687402000000000044e+03
-4.718587000000000444e+03
-4.724155999999999949e+03
-4.697426000000000386e+03
-4.700395999999999731e+03
-4.691114999999999782e+03
-4.747917000000000371e+03
-4.700024999999999636e+03
-4.739006000000000313e+03
-4.737893000000000029e+03
-4.680349000000000160e+03
-4.716730999999999767e+03
-4.694456000000000131e+03
-4.715246000000000095e+03
-4.721186999999999898e+03
-4.749400999999999840e+03
-4.735664999999999964e+03
-4.723784999999999854e+03
-4.754228000000000065e+03
-4.726755000000000109e+03
-4.719701000000000022e+03
-4.791724000000000160e+03
-4.756826000000000022e+03
-4.768335000000000036e+03
-4.788381999999999607e+03
-4.757569000000000415e+03
-4.745689000000000306e+03
-4.736408000000000357e+03
-4.761280999999999949e+03
-4.746060000000000400e+03
-4.770563000000000102e+03
-4.777615999999999985e+03
-4.779472999999999956e+03
-4.791724000000000160e+03
-4.802118999999999687e+03
-4.792095000000000255e+03
-4.797292000000000371e+03
-4.821052999999999884e+03
-4.798405999999999949e+03
-4.855207999999999629e+03
-4.822908999999999651e+03
-4.832932999999999993e+03
-4.844813000000000102e+03
-4.838872999999999593e+03
-4.829591000000000349e+03
-4.840729000000000269e+03
-4.838130000000000109e+03
-4.824021999999999935e+03
-4.815854999999999563e+03
-4.835530999999999949e+03
-4.837015999999999622e+03
-4.853722999999999956e+03
-4.870429000000000087e+03
-4.826250000000000000e+03
-4.844440999999999804e+03
-4.897158999999999651e+03
-4.820680999999999585e+03
-4.867087000000000444e+03
-4.872655999999999949e+03
-4.852609000000000378e+03
-4.832932999999999993e+03
-4.879338999999999942e+03
-4.808430000000000291e+03
-4.837759000000000015e+03
-4.883793999999999869e+03
-4.825136000000000422e+03
-4.850752000000000407e+03
-4.878967999999999847e+03
-4.861146999999999935e+03
-4.879710000000000036e+03
-4.871171000000000276e+03
-4.870800000000000182e+03
-4.850752000000000407e+03
-4.888990999999999985e+03
-4.883793999999999869e+03
-4.861519000000000233e+03
-4.874512999999999920e+03
-4.862631999999999607e+03
-4.894560000000000400e+03
-4.887135000000000218e+03
-4.894930999999999585e+03
-4.855207999999999629e+03
-4.877481999999999971e+03
-4.885649999999999636e+03
-4.858548999999999978e+03
-4.889362000000000080e+03
-4.858177999999999884e+03
-4.872284999999999854e+03
-4.890847999999999956e+03
-4.902728000000000065e+03
-4.850010000000000218e+03
-4.922033000000000357e+03
-4.866345000000000255e+03
-4.904954999999999927e+03
-4.937625000000000000e+03
-4.904583999999999833e+03
-4.901984999999999673e+03
-4.940224000000000160e+03
-4.929086000000000240e+03
-4.884164999999999964e+03
-4.955815999999999804e+03
-4.875997999999999593e+03
-4.835530999999999949e+03
-4.844440999999999804e+03
-4.829591000000000349e+03
-4.807315999999999804e+03
-4.867458999999999833e+03
-4.851123999999999796e+03
-4.843698999999999614e+03
-4.850381000000000313e+03
-4.832932999999999993e+03
-4.817711000000000240e+03
-4.856320999999999913e+03
-4.838130000000000109e+03
-4.837387999999999920e+03
-4.829962000000000444e+03
-4.852979999999999563e+03
-4.812143000000000029e+03
-4.850381000000000313e+03
-4.831448000000000320e+03
-4.815854999999999563e+03
-4.847783000000000357e+03
-4.819195999999999913e+03
-4.815112000000000080e+03
-4.835902000000000044e+03
-4.823279999999999745e+03
-4.767592999999999847e+03
-4.797663999999999760e+03
-4.809914999999999964e+03
-4.798034999999999854e+03
-4.795807999999999993e+03
-4.811770999999999731e+03
-4.787269000000000233e+03
-4.828105999999999767e+03
-4.807688000000000102e+03
-4.798405999999999949e+03
-4.816969000000000051e+03
-4.825136000000000422e+03
-4.788011000000000422e+03
-4.792837000000000444e+03
-4.824394000000000233e+03
-4.769819999999999709e+03
-4.801747999999999593e+03
-4.788381999999999607e+03
-4.779100999999999658e+03
-4.790980999999999767e+03
-4.815854999999999563e+03
-4.749771999999999935e+03
-4.806944999999999709e+03
-4.829220000000000255e+03
-4.776131000000000313e+03
-4.798777000000000044e+03
-4.809543999999999869e+03
-4.805088999999999942e+03
-4.807315999999999804e+03
-4.831076000000000022e+03
-4.776873999999999796e+03
-4.773161000000000058e+03
-4.827734999999999673e+03
-4.800262999999999920e+03
-4.806203000000000429e+03
-4.850752000000000407e+03
-4.833304000000000087e+03
-4.829591000000000349e+03
-4.865603000000000065e+03
-4.859662999999999556e+03
-4.821795000000000073e+03
-4.863003999999999905e+03
-4.841100000000000364e+03
-4.865974000000000160e+03
-4.893445999999999913e+03
-4.858548999999999978e+03
-4.862631999999999607e+03
-4.881194999999999709e+03
-4.884536000000000058e+03
-4.851123999999999796e+03
-4.887506000000000313e+03
-4.881194999999999709e+03
-4.864488999999999578e+03
-4.869686999999999898e+03
-4.859662999999999556e+03
-4.826621000000000095e+03
-4.871542000000000371e+03
-4.888990999999999985e+03
-4.890847999999999956e+03
-4.910895000000000437e+03
-4.891961000000000240e+03
-4.880081000000000131e+03
-4.896417000000000371e+03
-4.901243000000000393e+03
-4.908296000000000276e+03
-4.898271999999999935e+03
-4.925373999999999796e+03
-4.887506000000000313e+03
-4.929457999999999629e+03
-4.920918999999999869e+03
-4.906811999999999898e+03
-4.949505000000000109e+03
-4.928715000000000146e+03
-4.906811999999999898e+03
-4.911265999999999622e+03
-4.934654999999999745e+03
-4.933170000000000073e+03
-4.997024999999999636e+03
-4.944307999999999993e+03
-4.943564999999999600e+03
-4.941337000000000444e+03
-4.950989999999999782e+03
-4.953588999999999942e+03
-4.955444999999999709e+03
-4.994426000000000386e+03
-4.933542000000000371e+03
-4.973265000000000327e+03
-4.987001000000000204e+03
-5.017444000000000415e+03
-4.981432999999999993e+03
-5.010761000000000422e+03
-5.002965000000000146e+03
-4.992569999999999709e+03
-5.030438000000000102e+03
-4.998139000000000124e+03
-5.010019000000000233e+03
-5.018186999999999898e+03
-5.010761000000000422e+03
-5.033036000000000058e+03
-5.066448999999999614e+03
-5.017073000000000320e+03
-5.023012999999999920e+03
-5.033408000000000357e+03
-5.031551000000000386e+03
-5.025981999999999971e+03
-5.066078000000000429e+03
-5.032664999999999964e+03
-5.044173999999999978e+03
-5.090951000000000022e+03
-5.088353000000000065e+03
-5.084269000000000233e+03
-5.107658000000000357e+03
-5.100604000000000269e+03
-5.109885000000000218e+03
-5.129561999999999898e+03
-5.091694000000000415e+03
-5.089466000000000349e+03
-5.139585000000000036e+03
-5.099860999999999876e+03
-5.139213999999999942e+03
-5.168171000000000276e+03
-5.117680999999999585e+03
-5.176710000000000036e+03
-5.179309000000000196e+03
-5.157404999999999745e+03
-5.166314999999999600e+03
-5.176710000000000036e+03
-5.154064000000000306e+03
-5.155920000000000073e+03
-5.161488999999999578e+03
-5.193417000000000371e+03
-5.165944000000000415e+03
-5.181908000000000357e+03
-5.189332999999999629e+03
-5.139957000000000335e+03
-5.195644000000000233e+03
-5.197500000000000000e+03
-5.210122999999999593e+03
-5.217176000000000386e+03
-5.232025999999999840e+03
-5.229055999999999585e+03
-5.221631000000000313e+03
-5.223115999999999985e+03
-5.242050000000000182e+03
-5.273234999999999673e+03
-5.229055999999999585e+03
-5.276204999999999927e+03
-5.274720000000000255e+03
-5.278804000000000087e+03
-5.236480999999999767e+03
-5.213835000000000036e+03
-5.221631000000000313e+03
-5.197871000000000095e+03
-5.228314000000000306e+03
-5.247618999999999687e+03
-5.208637999999999920e+03
-5.211235999999999876e+03
-5.239079999999999927e+03
-5.224972999999999956e+03
-5.192302999999999884e+03
-5.217546999999999571e+03
-5.148865999999999985e+03
-5.170770000000000437e+03
-5.180051000000000386e+03
-5.170770000000000437e+03
-5.165201000000000022e+03
-5.210493999999999687e+03
-5.198613999999999578e+03
-5.181908000000000357e+03
-5.188219000000000051e+03
-5.163345000000000255e+03
-5.185619999999999891e+03
-5.192302999999999884e+03
-5.227199999999999818e+03
-5.206409999999999854e+03
-5.194900999999999840e+03
-5.200841000000000349e+03
-5.207895000000000437e+03
-5.213092999999999847e+03
-5.199728000000000065e+03
-5.252444999999999709e+03
-5.213463999999999942e+03
-5.206038999999999760e+03
-5.219033000000000357e+03
-5.242050000000000182e+03
-5.217176000000000386e+03
-5.247618999999999687e+03
-5.213463999999999942e+03
-5.195271999999999935e+03
-5.203811999999999898e+03
-5.231654999999999745e+03
-5.254671999999999571e+03
-5.243534999999999854e+03
-5.285485999999999876e+03
-5.269521999999999935e+03
-5.250960000000000036e+03
-5.285485999999999876e+03
-5.245390999999999622e+03
-5.284372999999999593e+03
-5.269521999999999935e+03
-5.291055000000000291e+03
-5.268037999999999556e+03
-5.291055000000000291e+03
-5.281030999999999949e+03
-5.311845000000000255e+03
-5.337090000000000146e+03
-5.290313000000000102e+03
-5.276204999999999927e+03
-5.325582000000000335e+03
-5.326323999999999614e+03
-5.305162999999999556e+03
-5.343400999999999840e+03
-5.346371000000000095e+03
-5.292539999999999964e+03
-5.336719000000000051e+03
-5.337461000000000240e+03
-5.346371000000000095e+03
-5.342658999999999651e+03
-5.369389000000000124e+03
-5.338945999999999913e+03
-5.352311999999999898e+03
-5.310359999999999673e+03
-5.291055000000000291e+03
-5.339689000000000306e+03
-5.326323999999999614e+03
-5.319270000000000437e+03
-5.314073000000000320e+03
-5.341545000000000073e+03
-5.315557999999999993e+03
-5.348228000000000065e+03
-5.338203999999999724e+03
-5.363819999999999709e+03
-5.349712000000000444e+03
-5.347113999999999578e+03
-5.333006000000000313e+03
-5.339689000000000306e+03
-5.369389000000000124e+03
-5.330408000000000357e+03
-5.363078000000000429e+03
-5.363819999999999709e+03
-5.377185000000000400e+03
-5.383868000000000393e+03
-5.386466000000000349e+03
-5.347484999999999673e+03
-5.339689000000000306e+03
-5.386095000000000255e+03
-5.328551000000000386e+03
-5.355652000000000044e+03
-5.358622999999999593e+03
-5.363819999999999709e+03
-5.361592999999999847e+03
-5.370873999999999796e+03
-5.346371000000000095e+03
-5.348599000000000160e+03
-5.378298999999999978e+03
-5.340802999999999884e+03
-5.370873999999999796e+03
-5.343029999999999745e+03
-5.362335000000000036e+03
-5.366418999999999869e+03
-5.353425000000000182e+03
-5.352311999999999898e+03
-5.337461000000000240e+03
-5.374586000000000240e+03
-5.358993999999999687e+03
-5.353425000000000182e+03
-5.367161000000000058e+03
-5.366789999999999964e+03
