3.077755999999999972e+02
2.751046000000000049e+02
2.598829000000000065e+02
2.361221999999999923e+02
2.691644999999999754e+02
2.561702999999999975e+02
2.097625999999999920e+02
2.290681999999999903e+02
2.227567999999999984e+02
1.874869999999999948e+02
1.860019000000000062e+02
1.860019000000000062e+02
1.588999000000000024e+02
1.414506000000000085e+02
1.666963000000000079e+02
1.317977999999999952e+02
1.262288999999999959e+02
1.269714000000000027e+02
9.727047000000000310e+01
1.162048000000000059e+02
8.242001000000000488e+01
7.313848000000000127e+01
8.613263000000000602e+01
7.573730999999999369e+01
5.531794000000000011e+01
7.833614000000000033e+01
6.162937999999999761e+01
4.343757999999999697e+01
3.452730999999999995e+01
3.601234999999999786e+01
-2.635875000000000057e+01
-5.680125000000000313e+01
-1.596374999999999922e+01
-5.383124999999999716e+01
-8.538750000000000284e+01
-6.831000000000000227e+01
-1.020938000000000017e+02
-1.132313000000000045e+02
-8.984250000000000114e+01
-1.184287000000000063e+02
-1.440449999999999875e+02
-1.451588000000000136e+02
-1.562961999999999989e+02
-1.815412000000000035e+02
-1.410749999999999886e+02
-1.908224999999999909e+02
-1.692899999999999920e+02
-1.819124999999999943e+02
-2.064149999999999920e+02
-1.915649999999999977e+02
-1.566674999999999898e+02
-1.819124999999999943e+02
-1.941638000000000090e+02
-1.934211999999999989e+02
-2.082712999999999965e+02
-2.012175000000000011e+02
-2.175525000000000091e+02
-1.800562999999999931e+02
-2.086425000000000125e+02
-2.368574999999999875e+02
-2.505937999999999874e+02
-2.264625000000000057e+02
-2.327737999999999943e+02
-2.439113000000000113e+02
-2.543062999999999931e+02
-2.312888000000000090e+02
-2.123549999999999898e+02
-2.706413000000000011e+02
-2.531924999999999955e+02
-2.632162000000000148e+02
-2.706413000000000011e+02
-2.773238000000000056e+02
-2.973711999999999875e+02
-3.047962999999999738e+02
-2.988562999999999761e+02
-2.873475000000000250e+02
-3.333824999999999932e+02
-3.203888000000000034e+02
-3.278138000000000147e+02
-3.563999999999999773e+02
-3.508312999999999988e+02
-3.857287999999999784e+02
-3.653100000000000023e+02
-3.593700000000000045e+02
-3.868424999999999727e+02
-4.091175000000000068e+02
-3.990937999999999874e+02
-4.054049999999999727e+02
-4.083750000000000000e+02
-4.183987000000000194e+02
-3.987225000000000250e+02
-4.057762000000000171e+02
-4.295362999999999829e+02
-4.276800000000000068e+02
-4.098600000000000136e+02
-4.269375000000000000e+02
-4.373324999999999818e+02
-4.766850000000000023e+02
-4.514399999999999977e+02
-4.540387999999999806e+02
-4.785412999999999784e+02
-4.889361999999999853e+02
-4.922774999999999750e+02
-4.952475000000000023e+02
-4.971037999999999784e+02
-5.119538000000000011e+02
-5.082411999999999921e+02
-4.878224999999999909e+02
-5.052712000000000216e+02
-5.264325000000000045e+02
-4.941338000000000079e+02
-4.922774999999999750e+02
-4.941338000000000079e+02
-5.279175000000000182e+02
-5.030437999999999761e+02
-5.223487999999999829e+02
-5.617011999999999716e+02
-5.516775000000000091e+02
-5.253187000000000353e+02
-5.854611999999999625e+02
-5.193787999999999556e+02
-5.323724999999999454e+02
-5.654138000000000375e+02
-5.375700000000000500e+02
-5.427675000000000409e+02
-5.565037999999999556e+02
-5.371987000000000307e+02
-5.791499999999999773e+02
-5.813775000000000546e+02
-5.646712999999999738e+02
-6.017962999999999738e+02
-5.787786999999999580e+02
-5.787786999999999580e+02
-6.062513000000000147e+02
-5.836050000000000182e+02
-5.713537999999999784e+02
-5.275462999999999738e+02
-5.479650000000000318e+02
-5.446237999999999602e+02
-5.409112999999999829e+02
-5.397975000000000136e+02
-5.346000000000000227e+02
-5.694974999999999454e+02
-5.802636999999999716e+02
-5.546475000000000364e+02
-5.572463000000000193e+02
-5.869461999999999762e+02
-5.208637999999999693e+02
-5.045287000000000148e+02
-5.331150000000000091e+02
-5.197500000000000000e+02
-5.171512000000000171e+02
-5.342287999999999784e+02
-5.375700000000000500e+02
-5.505638000000000147e+02
-5.702400000000000091e+02
-5.609587000000000216e+02
-5.598450000000000273e+02
-5.813775000000000546e+02
-5.951137999999999693e+02
-5.917725000000000364e+02
-5.847187999999999874e+02
-5.925149999999999864e+02
-5.984550000000000409e+02
-6.147899999999999636e+02
-6.107061999999999671e+02
-6.281549999999999727e+02
-6.285262000000000171e+02
-5.991974999999999909e+02
-6.211013000000000375e+02
-6.344661999999999580e+02
-6.237000000000000455e+02
-6.166462000000000216e+02
-6.541425000000000409e+02
-6.107061999999999671e+02
-6.140475000000000136e+02
-6.589687999999999874e+02
-6.166462000000000216e+02
-6.407775000000000318e+02
-6.470887000000000171e+02
-6.418912000000000262e+02
-6.485737000000000307e+02
-6.511725000000000136e+02
-6.467174999999999727e+02
-6.533999999999999773e+02
-6.812437999999999647e+02
-6.389212999999999738e+02
-6.519149999999999636e+02
-6.630525000000000091e+02
-6.582263000000000375e+02
-6.437474999999999454e+02
-6.701063000000000329e+02
-6.489450000000000500e+02
-6.626812999999999647e+02
-6.842137000000000171e+02
-6.693637999999999693e+02
-6.537712000000000216e+02
-6.827287999999999784e+02
-6.649088000000000420e+02
-6.567413000000000238e+02
-6.704774999999999636e+02
-6.530286999999999580e+02
-6.689924999999999500e+02
-6.890399999999999636e+02
-6.753038000000000238e+02
-6.853274999999999864e+02
-6.927525000000000546e+02
-6.790162000000000262e+02
-6.604537000000000262e+02
-6.715911999999999580e+02
-6.663936999999999671e+02
-6.678787999999999556e+02
-6.578550000000000182e+02
-6.482024999999999864e+02
-6.456037999999999784e+02
-6.615674999999999955e+02
-6.567413000000000238e+02
-6.400349999999999682e+02
-6.404062999999999874e+02
-6.604537000000000262e+02
-6.697350000000000136e+02
-6.719624999999999773e+02
-6.519149999999999636e+02
-6.541425000000000409e+02
-6.504299999999999500e+02
-6.474600000000000364e+02
-5.464800000000000182e+02
-5.598450000000000273e+02
-5.386838000000000193e+02
-5.468513000000000375e+02
-5.509349999999999454e+02
-5.602161999999999580e+02
-5.550186999999999671e+02
-5.587313000000000329e+02
-5.591024999999999636e+02
-5.724674999999999727e+02
-5.888025000000000091e+02
-5.850900000000000318e+02
-5.442525000000000546e+02
-5.201213000000000193e+02
-4.618349999999999795e+02
-4.737149999999999750e+02
-4.692599999999999909e+02
-4.607212999999999852e+02
-4.659187999999999761e+02
-4.792837999999999852e+02
-4.774275000000000091e+02
-4.674037000000000148e+02
-4.451288000000000125e+02
-4.336200000000000045e+02
-4.295362999999999829e+02
-4.440149999999999864e+02
-4.577513000000000147e+02
-4.325063000000000102e+02
-4.317638000000000034e+02
-4.377038000000000011e+02
-4.161712999999999738e+02
-3.972375000000000114e+02
-4.054049999999999727e+02
-4.165425000000000182e+02
-4.117162000000000148e+02
-4.072613000000000056e+02
-4.005788000000000011e+02
-4.113450000000000273e+02
-3.927825000000000273e+02
-4.087461999999999875e+02
-3.931537000000000148e+02
-4.221113000000000284e+02
-4.057762000000000171e+02
-4.117162000000000148e+02
-4.016924999999999955e+02
-3.998362000000000194e+02
-3.983512999999999806e+02
-3.972375000000000114e+02
-3.935249999999999773e+02
-4.039200000000000159e+02
-4.154286999999999921e+02
-3.983512999999999806e+02
-3.935249999999999773e+02
-4.020638000000000147e+02
-4.042912999999999784e+02
-4.072613000000000056e+02
-4.005788000000000011e+02
-4.169137999999999806e+02
-4.187699999999999818e+02
-4.091175000000000068e+02
-4.046625000000000227e+02
-4.146861999999999853e+02
-4.321349999999999909e+02
-4.098600000000000136e+02
-4.143149999999999977e+02
-4.172850000000000250e+02
-3.994649999999999750e+02
-3.983512999999999806e+02
-4.250812999999999988e+02
-4.054049999999999727e+02
-4.113450000000000273e+02
-4.429012000000000171e+02
-4.091175000000000068e+02
-4.098600000000000136e+02
-4.109737999999999829e+02
-4.291650000000000205e+02
-4.273086999999999875e+02
-4.328774999999999977e+02
-4.384463000000000079e+02
-4.384463000000000079e+02
-4.106025000000000205e+02
-4.031775000000000091e+02
-4.187699999999999818e+02
-4.143149999999999977e+02
-4.117162000000000148e+02
-4.009499999999999886e+02
-4.106025000000000205e+02
-4.336200000000000045e+02
-3.924112999999999829e+02
-3.987225000000000250e+02
-4.091175000000000068e+02
-3.827588000000000079e+02
-4.005788000000000011e+02
-4.132013000000000034e+02
-4.135724999999999909e+02
-4.150575000000000045e+02
-4.113450000000000273e+02
-4.250812999999999988e+02
-4.176562999999999874e+02
-4.198838000000000079e+02
-4.039200000000000159e+02
-4.269375000000000000e+02
-4.291650000000000205e+02
-4.039200000000000159e+02
-4.154286999999999921e+02
-4.317638000000000034e+02
-4.217400000000000091e+02
-4.247099999999999795e+02
-4.183987000000000194e+02
-3.987225000000000250e+02
-4.232250000000000227e+02
-4.414162999999999784e+02
-4.106025000000000205e+02
-4.072613000000000056e+02
-4.276800000000000068e+02
-4.217400000000000091e+02
-4.221113000000000284e+02
-4.258238000000000056e+02
-4.395600000000000023e+02
-4.224825000000000159e+02
-4.369612000000000194e+02
-4.347337999999999738e+02
-4.302787000000000148e+02
-4.421587999999999852e+02
-4.232250000000000227e+02
-4.343625000000000114e+02
-4.521825000000000045e+02
-4.158000000000000114e+02
-4.473562999999999761e+02
-4.688888000000000034e+02
-4.373324999999999818e+02
-4.354762999999999806e+02
-4.592363000000000284e+02
-4.618349999999999795e+02
-4.421587999999999852e+02
-4.629488000000000056e+02
-4.529250000000000114e+02
-4.644336999999999875e+02
-4.588650000000000091e+02
-4.570088000000000079e+02
-4.536675000000000182e+02
-4.610924999999999727e+02
-4.744574999999999818e+02
-4.666612999999999829e+02
-4.685174999999999841e+02
-4.651763000000000261e+02
-4.692599999999999909e+02
-4.700024999999999977e+02
-4.429012000000000171e+02
-4.436437999999999988e+02
-4.521825000000000045e+02
-4.525536999999999921e+02
-4.547812999999999874e+02
-4.674037000000000148e+02
-4.403025000000000091e+02
-4.265663000000000125e+02
-4.388174999999999955e+02
-4.399311999999999898e+02
-4.172850000000000250e+02
-4.269375000000000000e+02
-4.287937999999999761e+02
-4.339911999999999921e+02
-4.469850000000000136e+02
-4.384463000000000079e+02
-4.480987999999999829e+02
-4.555237000000000194e+02
-4.351050000000000182e+02
-4.388174999999999955e+02
-4.328774999999999977e+02
-4.429012000000000171e+02
-4.299075000000000273e+02
-4.458711999999999875e+02
-4.328774999999999977e+02
-4.373324999999999818e+02
-4.551524999999999750e+02
-4.373324999999999818e+02
-4.265663000000000125e+02
-4.558949999999999818e+02
-4.369612000000000194e+02
-4.102312999999999761e+02
-4.239674999999999727e+02
-3.979800000000000182e+02
-4.243387000000000171e+02
-4.247099999999999795e+02
-4.139438000000000102e+02
-4.065187999999999988e+02
