2.595117000000000189e+02
2.364935000000000116e+02
2.327809000000000026e+02
2.509727000000000032e+02
2.105052000000000021e+02
2.183017000000000110e+02
2.227567999999999984e+02
1.871157000000000039e+02
1.678101000000000056e+02
1.815467999999999904e+02
1.607562000000000069e+02
1.421930999999999869e+02
1.581572999999999922e+02
9.652795000000000414e+01
9.912677999999999656e+01
9.355785000000000196e+01
7.313848000000000127e+01
6.014433999999999969e+01
5.346162999999999954e+01
5.680297999999999803e+01
2.376072999999999880e+01
4.343757999999999697e+01
3.898243999999999687e+01
2.635954999999999870e+01
8.539011000000000351e+00
3.192847000000000079e+01
1.967685000000000173e+01
2.598828999999999834e+00
-1.002374999999999972e+01
-2.153249999999999886e+01
-4.566375000000000028e+01
-7.610625000000000284e+01
-5.939999999999999858e+01
-4.157999999999999829e+01
-8.984250000000000114e+01
-1.009800000000000040e+02
-7.536374999999999602e+01
-9.429749999999999943e+01
-9.466875000000000284e+01
-1.113750000000000000e+02
-1.347637000000000000e+02
-1.243687999999999931e+02
-1.343925000000000125e+02
-1.299375000000000000e+02
-1.436738000000000000e+02
-1.551825000000000045e+02
-1.830261999999999887e+02
-2.045586999999999875e+02
-1.759724999999999966e+02
-1.989900000000000091e+02
-2.104987000000000137e+02
-2.101274999999999977e+02
-2.227500000000000000e+02
-2.153249999999999886e+02
-2.409413000000000125e+02
-2.691562999999999874e+02
-2.613600000000000136e+02
-2.550488000000000000e+02
-2.925450000000000159e+02
-2.951437000000000239e+02
-2.828924999999999841e+02
-3.085088000000000079e+02
-3.645674999999999955e+02
-3.081374999999999886e+02
-3.218736999999999853e+02
-3.630824999999999818e+02
-3.140774999999999864e+02
-3.144488000000000056e+02
-3.467475000000000023e+02
-3.367237999999999829e+02
-3.426637999999999806e+02
-3.560287000000000148e+02
-3.497174999999999727e+02
-3.731062999999999761e+02
-4.009499999999999886e+02
-3.764474999999999909e+02
-3.924112999999999829e+02
-4.135724999999999909e+02
-4.191413000000000011e+02
-4.076324999999999932e+02
-4.235962999999999852e+02
-4.395600000000000023e+02
-4.187699999999999818e+02
-4.785412999999999784e+02
-4.536675000000000182e+02
-4.603500000000000227e+02
-4.956186999999999898e+02
-4.811399999999999864e+02
-4.792837999999999852e+02
-5.097262999999999806e+02
-5.086125000000000114e+02
-4.933913000000000011e+02
-5.312586999999999762e+02
-5.297736999999999625e+02
-5.186362000000000307e+02
-5.327437999999999647e+02
-5.531625000000000227e+02
-5.320013000000000147e+02
-5.435099999999999909e+02
-5.806349999999999909e+02
-5.613300000000000409e+02
-5.568750000000000000e+02
-5.765512999999999693e+02
-5.568750000000000000e+02
-5.728387000000000171e+02
-5.784075000000000273e+02
-5.438812000000000353e+02
-5.071274999999999977e+02
-4.759424999999999955e+02
-4.581225000000000023e+02
-4.870799999999999841e+02
-4.818824999999999932e+02
-4.904212999999999738e+02
-4.911637999999999806e+02
-4.933913000000000011e+02
-4.818824999999999932e+02
-5.190075000000000500e+02
-4.985887000000000171e+02
-4.948763000000000147e+02
-5.234624999999999773e+02
-5.104687999999999874e+02
-5.190075000000000500e+02
-4.900500000000000114e+02
-5.074986999999999853e+02
-5.290312999999999874e+02
-5.312586999999999762e+02
-5.475937999999999874e+02
-5.520488000000000284e+02
-5.531625000000000227e+02
-5.594737999999999829e+02
-5.446237999999999602e+02
-5.587313000000000329e+02
-5.598450000000000273e+02
-5.717250000000000227e+02
-5.498211999999999762e+02
-5.546475000000000364e+02
-5.282888000000000375e+02
-5.568750000000000000e+02
-5.405399999999999636e+02
-5.279175000000000182e+02
-5.642999999999999545e+02
-5.617011999999999716e+02
-5.513062999999999647e+02
-5.720963000000000420e+02
-5.383125000000000000e+02
-5.190075000000000500e+02
-5.401688000000000329e+02
-5.379412999999999556e+02
-5.164088000000000420e+02
-5.368274999999999864e+02
-5.334863000000000284e+02
-5.260612999999999602e+02
-5.449950000000000045e+02
-5.501924999999999955e+02
-5.453663000000000238e+02
-5.542762000000000171e+02
-5.813775000000000546e+02
-5.420249999999999773e+02
-5.724674999999999727e+02
-5.958563000000000329e+02
-5.646712999999999738e+02
-5.951137999999999693e+02
-6.058799999999999955e+02
-5.824913000000000238e+02
-6.047662000000000262e+02
-6.218437999999999874e+02
-6.121912999999999556e+02
-5.973411999999999580e+02
-6.069937999999999647e+02
-5.743237000000000307e+02
-5.271749999999999545e+02
-5.230911999999999580e+02
-5.112112000000000194e+02
-5.104687999999999874e+02
-5.420249999999999773e+02
-4.952475000000000023e+02
-4.896786999999999921e+02
-5.089837999999999738e+02
-5.011875000000000000e+02
-4.911637999999999806e+02
-5.119538000000000011e+02
-5.056424999999999841e+02
-5.026725000000000136e+02
-5.331150000000000091e+02
-5.219774999999999636e+02
-5.316299999999999955e+02
-5.338574999999999591e+02
-5.082411999999999921e+02
-4.956186999999999898e+02
-5.197500000000000000e+02
-5.041575000000000273e+02
-4.863374999999999773e+02
-5.048999999999999773e+02
-5.108399999999999750e+02
-4.852237999999999829e+02
-4.848525000000000205e+02
-5.011875000000000000e+02
-4.941338000000000079e+02
-5.056424999999999841e+02
-5.074986999999999853e+02
-4.733437999999999874e+02
-5.045287000000000148e+02
-5.126961999999999762e+02
-5.178936999999999671e+02
-5.164088000000000420e+02
-5.360850000000000364e+02
-5.078700000000000045e+02
-5.193787999999999556e+02
-5.156662999999999784e+02
-5.011875000000000000e+02
-5.212350000000000136e+02
-5.212350000000000136e+02
-5.119538000000000011e+02
-5.041575000000000273e+02
-5.019300000000000068e+02
-5.045287000000000148e+02
-5.023013000000000261e+02
-5.253187000000000353e+02
-5.000738000000000056e+02
-4.971037999999999784e+02
-4.997024999999999864e+02
-5.078700000000000045e+02
-5.119538000000000011e+02
-5.112112000000000194e+02
-4.889361999999999853e+02
-5.108399999999999750e+02
-5.264325000000000045e+02
-4.937624999999999886e+02
-5.204924999999999500e+02
-5.167799999999999727e+02
-5.190075000000000500e+02
-4.978462999999999852e+02
-4.956186999999999898e+02
-5.045287000000000148e+02
-4.859662000000000148e+02
-4.818824999999999932e+02
-4.837388000000000261e+02
-4.937624999999999886e+02
-4.971037999999999784e+02
-5.060138000000000034e+02
-5.074986999999999853e+02
-5.041575000000000273e+02
-4.770561999999999898e+02
-4.692599999999999909e+02
-4.714875000000000114e+02
-4.703736999999999853e+02
-4.566374999999999886e+02
-4.781700000000000159e+02
-4.510688000000000102e+02
-4.592363000000000284e+02
-4.755713000000000079e+02
-4.777988000000000284e+02
-4.848525000000000205e+02
-4.755713000000000079e+02
-4.510688000000000102e+02
-4.759424999999999955e+02
-5.097262999999999806e+02
-4.729725000000000250e+02
-4.826250000000000000e+02
-4.911637999999999806e+02
-4.959900000000000091e+02
-4.495837000000000216e+02
-4.532962999999999738e+02
-4.536675000000000182e+02
-4.529250000000000114e+02
-4.495837000000000216e+02
-4.540387999999999806e+02
-4.592363000000000284e+02
-4.681462000000000216e+02
-4.596075000000000159e+02
-4.518111999999999853e+02
-4.759424999999999955e+02
-4.651763000000000261e+02
-4.492124999999999773e+02
-4.759424999999999955e+02
-4.785412999999999784e+02
-4.674037000000000148e+02
-4.733437999999999874e+02
-4.770561999999999898e+02
-4.748288000000000011e+02
-4.933913000000000011e+02
-4.711161999999999921e+02
-4.759424999999999955e+02
-5.193787999999999556e+02
-4.863374999999999773e+02
-4.796549999999999727e+02
-5.208637999999999693e+02
-5.108399999999999750e+02
-4.889361999999999853e+02
-4.963613000000000284e+02
-4.967325000000000159e+02
-4.855950000000000273e+02
-5.089837999999999738e+02
-5.056424999999999841e+02
-4.971037999999999784e+02
-5.056424999999999841e+02
-5.245761999999999716e+02
-5.138099999999999454e+02
-5.286599999999999682e+02
-5.178936999999999671e+02
-5.216063000000000329e+02
-5.104687999999999874e+02
-5.216063000000000329e+02
-5.271749999999999545e+02
-5.045287000000000148e+02
-5.115824999999999818e+02
-5.086125000000000114e+02
-5.212350000000000136e+02
-5.138099999999999454e+02
-4.982174999999999727e+02
-5.156662999999999784e+02
-5.223487999999999829e+02
-4.919062999999999874e+02
-5.074986999999999853e+02
-5.357137000000000171e+02
-5.026725000000000136e+02
-5.104687999999999874e+02
-5.390549999999999500e+02
-5.301449999999999818e+02
-5.338574999999999591e+02
-5.346000000000000227e+02
-5.375700000000000500e+02
-5.368274999999999864e+02
-5.271749999999999545e+02
-5.368274999999999864e+02
-5.405399999999999636e+02
-5.453663000000000238e+02
-5.394262999999999693e+02
-5.208637999999999693e+02
-5.178936999999999671e+02
-5.186362000000000307e+02
-5.416536999999999580e+02
-4.833675000000000068e+02
-5.023013000000000261e+02
-5.141812999999999647e+02
-5.100975000000000250e+02
-4.829961999999999875e+02
-4.974750000000000227e+02
-5.056424999999999841e+02
-4.926487000000000194e+02
-4.985887000000000171e+02
-5.175225000000000364e+02
-5.152949999999999591e+02
-5.000738000000000056e+02
-5.093550000000000182e+02
-5.149238000000000284e+02
-5.052712000000000216e+02
-5.100975000000000250e+02
-5.190075000000000500e+02
-5.071274999999999977e+02
-5.164088000000000420e+02
-5.030437999999999761e+02
-5.034150000000000205e+02
-5.175225000000000364e+02
-4.945049999999999955e+02
-5.104687999999999874e+02
-5.138099999999999454e+02
-4.978462999999999852e+02
-5.023013000000000261e+02
-5.037862999999999829e+02
-5.100975000000000250e+02
-5.097262999999999806e+02
-5.015586999999999875e+02
-4.978462999999999852e+02
-5.067563000000000102e+02
-5.175225000000000364e+02
-4.907925000000000182e+02
-4.800262000000000171e+02
-5.078700000000000045e+02
-4.889361999999999853e+02
-4.659187999999999761e+02
-4.874513000000000034e+02
-4.759424999999999955e+02
-4.666612999999999829e+02
-4.933913000000000011e+02
-4.696313000000000102e+02
-4.648050000000000068e+02
-4.807687999999999988e+02
-4.755713000000000079e+02
-4.599787999999999784e+02
-4.755713000000000079e+02
-4.893075000000000045e+02
-4.670325000000000273e+02
-4.696313000000000102e+02
-4.874513000000000034e+02
-4.796549999999999727e+02
-4.971037999999999784e+02
-4.881938000000000102e+02
-4.751999999999999886e+02
-4.919062999999999874e+02
-4.748288000000000011e+02
-4.815113000000000056e+02
-5.015586999999999875e+02
-5.037862999999999829e+02
-4.655475000000000136e+02
-4.893075000000000045e+02
-5.074986999999999853e+02
-4.911637999999999806e+02
-4.729725000000000250e+02
-5.026725000000000136e+02
-5.048999999999999773e+02
-4.881938000000000102e+02
-5.097262999999999806e+02
-5.023013000000000261e+02
-5.130674999999999955e+02
-5.086125000000000114e+02
-4.956186999999999898e+02
-5.078700000000000045e+02
-5.123250000000000455e+02
-5.008163000000000125e+02
-5.134388000000000147e+02
-5.156662999999999784e+02
