1.080370000000000061e+02
9.021650999999999954e+01
8.167749000000000592e+01
7.202469999999999573e+01
5.791676999999999964e+01
8.910272000000000858e+00
3.044342999999999932e+01
3.378477999999999781e+01
-7.425000000000000488e-01
2.079063000000000017e+01
2.450325000000000131e+01
-1.225125000000000064e+01
-2.227500000000000036e+00
2.264694000000000074e+01
-1.707750000000000057e+01
-4.046625000000000227e+01
-3.229874999999999829e+01
-3.526874999999999716e+01
-4.269375000000000142e+01
-6.311249999999999716e+01
-7.165125000000000455e+01
-9.169875000000000398e+01
-6.162749999999999773e+01
-6.719625000000000625e+01
-5.420250000000000057e+01
-9.504000000000000625e+01
-8.687250000000000227e+01
-1.020938000000000017e+02
-1.039500000000000028e+02
-8.835750000000000171e+01
-1.165725000000000051e+02
-9.912375000000000114e+01
-1.154586999999999932e+02
-1.206563000000000017e+02
-1.058062999999999931e+02
-1.251113000000000000e+02
-1.403325000000000102e+02
-1.306800000000000068e+02
-1.369912999999999954e+02
-1.488711999999999875e+02
-1.377336999999999989e+02
-1.310512999999999977e+02
-1.544399999999999977e+02
-1.577812999999999874e+02
-1.147162000000000006e+02
-1.481288000000000125e+02
-1.280812999999999988e+02
-1.251113000000000000e+02
-1.377336999999999989e+02
-1.544399999999999977e+02
-1.254825000000000017e+02
-1.332786999999999864e+02
-1.503562000000000012e+02
-1.158299999999999983e+02
-1.113750000000000000e+02
-1.306800000000000068e+02
-1.473862000000000023e+02
-1.481288000000000125e+02
-1.351349999999999909e+02
-1.551825000000000045e+02
-1.329074999999999989e+02
-1.459011999999999887e+02
-1.696613000000000113e+02
-1.522125000000000057e+02
-1.533262000000000000e+02
-1.384763000000000090e+02
-1.733737000000000137e+02
-1.600088000000000079e+02
-1.577812999999999874e+02
-1.863675000000000068e+02
-1.722599999999999909e+02
-1.685475000000000136e+02
-1.919362000000000137e+02
-2.019600000000000080e+02
-1.952775000000000034e+02
-1.759724999999999966e+02
-1.960200000000000102e+02
-2.234925000000000068e+02
-1.859961999999999875e+02
-1.971338000000000079e+02
-2.238637999999999977e+02
-2.060437000000000012e+02
-2.071574999999999989e+02
-2.104987000000000137e+02
-2.268337999999999965e+02
-2.231211999999999875e+02
-2.119836999999999989e+02
-2.401987000000000023e+02
-2.138400000000000034e+02
-2.279474999999999909e+02
-2.387136999999999887e+02
-2.431687000000000012e+02
-2.361150000000000091e+02
-2.658149999999999977e+02
-2.543062999999999931e+02
-2.416836999999999875e+02
-2.840063000000000102e+02
-2.724975000000000023e+02
-2.706413000000000011e+02
-2.873475000000000250e+02
-2.754674999999999727e+02
-2.825212000000000216e+02
-2.810362999999999829e+02
-2.944012000000000171e+02
-2.847486999999999853e+02
-2.929162999999999784e+02
-2.977425000000000068e+02
-2.858625000000000114e+02
-3.122212999999999852e+02
-3.099936999999999898e+02
-2.862337999999999738e+02
-2.895749999999999886e+02
-3.151913000000000125e+02
-3.203888000000000034e+02
-2.925450000000000159e+02
-3.144488000000000056e+02
-2.970000000000000000e+02
-3.285561999999999898e+02
-3.229875000000000114e+02
-3.196462000000000216e+02
-3.088799999999999955e+02
-3.296700000000000159e+02
-3.174187999999999761e+02
-3.274424999999999955e+02
-3.515738000000000056e+02
-3.352386999999999944e+02
-3.478613000000000284e+02
-3.337538000000000125e+02
-3.463763000000000147e+02
-3.578849999999999909e+02
-3.266999999999999886e+02
-3.107363000000000284e+02
-3.415500000000000114e+02
-3.489750000000000227e+02
-3.448913000000000011e+02
-3.422925000000000182e+02
-3.493462999999999852e+02
-3.437774999999999750e+02
-3.471186999999999898e+02
-3.727350000000000136e+02
-3.515738000000000056e+02
-3.318974999999999795e+02
-3.426637999999999806e+02
-3.471186999999999898e+02
-3.285561999999999898e+02
-3.344961999999999875e+02
-3.686512000000000171e+02
-3.348675000000000068e+02
-3.467475000000000023e+02
-3.586274999999999977e+02
-3.775611999999999853e+02
-3.638249999999999886e+02
-3.597411999999999921e+02
-3.846150000000000091e+02
-3.682799999999999727e+02
-3.820163000000000011e+02
-3.638249999999999886e+02
-3.790462999999999738e+02
-3.864712999999999852e+02
-4.005788000000000011e+02
-4.206263000000000147e+02
-4.031775000000000091e+02
-4.002074999999999818e+02
-4.213686999999999898e+02
-4.235962999999999852e+02
-4.120874999999999773e+02
-4.143149999999999977e+02
-3.838725000000000023e+02
-3.679087999999999852e+02
-3.322687999999999988e+02
-3.155625000000000000e+02
-2.914311999999999898e+02
-2.817787000000000148e+02
-2.806650000000000205e+02
-2.832638000000000034e+02
-2.918025000000000091e+02
-2.866050000000000182e+02
-2.925450000000000159e+02
-3.051675000000000182e+02
-2.992275000000000205e+02
-2.988562999999999761e+02
-2.866050000000000182e+02
-2.884612000000000194e+02
-2.995987999999999829e+02
-2.877187999999999874e+02
-2.895749999999999886e+02
-2.906888000000000147e+02
-2.932875000000000227e+02
-2.910600000000000023e+02
-3.055387999999999806e+02
-2.884612000000000194e+02
-3.051675000000000182e+02
-3.166761999999999944e+02
-3.263288000000000011e+02
-2.999700000000000273e+02
-3.051675000000000182e+02
-3.151913000000000125e+02
-2.550488000000000000e+02
-2.353725000000000023e+02
-2.223788000000000125e+02
-2.405699999999999932e+02
-2.312888000000000090e+02
-2.238637999999999977e+02
-1.975049999999999955e+02
-1.752299999999999898e+02
-1.503562000000000012e+02
-1.503562000000000012e+02
-1.633499999999999943e+02
-1.674336999999999875e+02
-1.704036999999999864e+02
-1.462725000000000080e+02
-1.585237999999999943e+02
-1.596374999999999886e+02
-1.384763000000000090e+02
-1.536974999999999909e+02
-1.707750000000000057e+02
-1.707750000000000057e+02
-1.507274999999999920e+02
-1.707750000000000057e+02
-1.488711999999999875e+02
-1.633499999999999943e+02
-1.785713000000000079e+02
-1.529550000000000125e+02
-1.707750000000000057e+02
-1.796850000000000023e+02
-1.637213000000000136e+02
-1.503562000000000012e+02
-1.577812999999999874e+02
-1.726313000000000102e+02
-1.678050000000000068e+02
-1.915649999999999977e+02
-1.674336999999999875e+02
-1.663199999999999932e+02
-1.741162999999999954e+02
-1.555537999999999954e+02
-1.555537999999999954e+02
-1.859961999999999875e+02
-1.752299999999999898e+02
-1.674336999999999875e+02
-1.592663000000000011e+02
-1.503562000000000012e+02
-1.540688000000000102e+02
-1.536974999999999909e+02
-1.540688000000000102e+02
-1.696613000000000113e+02
-1.774575000000000102e+02
-1.629787000000000035e+02
-1.581525000000000034e+02
-1.830261999999999887e+02
-1.614937999999999931e+02
-1.655774999999999864e+02
-1.622363000000000000e+02
-1.674336999999999875e+02
-1.804275000000000091e+02
-1.622363000000000000e+02
-1.863675000000000068e+02
-1.781999999999999886e+02
-1.726313000000000102e+02
-1.789424999999999955e+02
-1.781999999999999886e+02
-1.923075000000000045e+02
-1.863675000000000068e+02
-1.789424999999999955e+02
-1.689187000000000012e+02
-1.841399999999999864e+02
-1.785713000000000079e+02
-1.659487000000000023e+02
-1.700324999999999989e+02
-1.715175000000000125e+02
-1.848824999999999932e+02
-1.633499999999999943e+02
-1.403325000000000102e+02
-1.459011999999999887e+02
-1.485000000000000000e+02
-1.451588000000000136e+02
-1.640925000000000011e+02
-1.488711999999999875e+02
-1.325363000000000113e+02
-1.447874999999999943e+02
-1.407038000000000011e+02
-1.455300000000000011e+02
-1.314225000000000136e+02
-1.325363000000000113e+02
-1.336500000000000057e+02
-1.373625000000000114e+02
-1.421887999999999863e+02
-1.451588000000000136e+02
-1.485000000000000000e+02
-1.418174999999999955e+02
-1.395900000000000034e+02
-1.455300000000000011e+02
-1.529550000000000125e+02
-1.592663000000000011e+02
-1.514699999999999989e+02
-1.518411999999999864e+02
-1.655774999999999864e+02
-1.536974999999999909e+02
-1.551825000000000045e+02
-1.536974999999999909e+02
-1.663199999999999932e+02
-1.607512999999999863e+02
-1.503562000000000012e+02
-1.681762999999999977e+02
-1.748586999999999989e+02
-1.652062999999999988e+02
-1.600088000000000079e+02
-1.626074999999999875e+02
-1.692899999999999920e+02
-1.403325000000000102e+02
-1.581525000000000034e+02
-1.485000000000000000e+02
-1.700324999999999989e+02
-1.737450000000000045e+02
-1.518411999999999864e+02
-1.622363000000000000e+02
-1.663199999999999932e+02
-1.659487000000000023e+02
-1.522125000000000057e+02
-1.648350000000000080e+02
-1.626074999999999875e+02
-1.644636999999999887e+02
-1.652062999999999988e+02
-1.488711999999999875e+02
-1.566674999999999898e+02
-1.666913000000000125e+02
-1.473862000000000023e+02
-1.510988000000000113e+02
-1.893375000000000057e+02
-1.666913000000000125e+02
-1.800562999999999931e+02
-1.733737000000000137e+02
-1.711462999999999965e+02
-1.770862999999999943e+02
-1.704036999999999864e+02
-1.741162999999999954e+02
-1.666913000000000125e+02
-1.845112000000000023e+02
-1.696613000000000113e+02
-1.536974999999999909e+02
-1.807988000000000000e+02
-1.596374999999999886e+02
-1.629787000000000035e+02
-1.726313000000000102e+02
-1.655774999999999864e+02
-1.533262000000000000e+02
-1.692899999999999920e+02
-1.655774999999999864e+02
-1.659487000000000023e+02
-1.715175000000000125e+02
-1.529550000000000125e+02
-1.577812999999999874e+02
-1.622363000000000000e+02
-1.585237999999999943e+02
-1.588950000000000102e+02
-1.514699999999999989e+02
-1.622363000000000000e+02
-1.585237999999999943e+02
-1.614937999999999931e+02
-1.644636999999999887e+02
-1.507274999999999920e+02
-1.514699999999999989e+02
-1.603799999999999955e+02
-1.477574999999999932e+02
-1.562961999999999989e+02
-1.410749999999999886e+02
-1.507274999999999920e+02
-1.496137999999999977e+02
-1.410749999999999886e+02
-1.228837999999999937e+02
-1.414463000000000079e+02
-1.392187999999999874e+02
-1.462725000000000080e+02
-1.425600000000000023e+02
-1.533262000000000000e+02
-1.559250000000000114e+02
-1.299375000000000000e+02
-1.477574999999999932e+02
-1.574099999999999966e+02
-1.414463000000000079e+02
-1.459011999999999887e+02
-1.473862000000000023e+02
-1.718887000000000000e+02
-1.637213000000000136e+02
-1.637213000000000136e+02
-1.618650000000000091e+02
-1.481288000000000125e+02
-1.555537999999999954e+02
-1.570388000000000090e+02
-1.340212999999999965e+02
-1.447874999999999943e+02
-1.577812999999999874e+02
-1.503562000000000012e+02
-1.477574999999999932e+02
-1.410749999999999886e+02
-1.395900000000000034e+02
-1.169437000000000069e+02
-1.381049999999999898e+02
-1.277099999999999937e+02
-1.462725000000000080e+02
-1.314225000000000136e+02
-1.347637000000000000e+02
-1.377336999999999989e+02
-1.195425000000000040e+02
-1.366200000000000045e+02
-1.284524999999999864e+02
-1.273388000000000062e+02
-1.306800000000000068e+02
-1.191711999999999989e+02
-1.325363000000000113e+02
-1.377336999999999989e+02
-1.128599999999999994e+02
-1.243687999999999931e+02
