-3.714356000000000222e+03
-3.725123000000000047e+03
-3.698764000000000124e+03
-3.703219000000000051e+03
-3.783038000000000011e+03
-3.725864999999999782e+03
-3.764103999999999814e+03
-3.799001000000000204e+03
-3.762989999999999782e+03
-3.825731000000000222e+03
-3.816449999999999818e+03
-3.833155999999999949e+03
-3.800485999999999876e+03
-3.836126000000000204e+03
-3.824617000000000189e+03
-3.813851000000000113e+03
-3.882903999999999996e+03
-3.837239999999999782e+03
-3.851719000000000051e+03
-3.901838000000000193e+03
-3.884760000000000218e+03
-3.831300000000000182e+03
-3.867311000000000149e+03
-3.903322999999999865e+03
-3.874735999999999876e+03
-3.897753999999999905e+03
-3.881418999999999869e+03
-3.868795999999999822e+03
-3.905179000000000087e+03
-3.911119000000000142e+03
-3.911860999999999876e+03
-3.962722999999999956e+03
-3.956782000000000153e+03
-3.935992000000000189e+03
-3.952699000000000069e+03
-3.955668999999999869e+03
-3.920028999999999996e+03
-3.938219999999999800e+03
-3.966806000000000040e+03
-3.962351000000000113e+03
-4.000960999999999785e+03
-3.986110999999999876e+03
-3.977943999999999960e+03
-4.044396999999999935e+03
-3.991309000000000196e+03
-3.992793999999999869e+03
-4.050708999999999833e+03
-4.019152999999999793e+03
-4.027320000000000164e+03
-4.066300999999999931e+03
-4.058505000000000109e+03
-4.022494000000000142e+03
-4.062960000000000036e+03
-4.081893999999999778e+03
-4.034001999999999953e+03
-4.054050000000000182e+03
-4.068528999999999996e+03
-4.039943000000000211e+03
-4.067414999999999964e+03
-4.099713999999999942e+03
-4.106395999999999731e+03
-4.119019000000000233e+03
-4.135725000000000364e+03
-4.122359999999999673e+03
-4.124587000000000444e+03
-4.185100999999999658e+03
-4.123474000000000160e+03
-4.150203999999999724e+03
-4.173220999999999549e+03
-4.124958999999999833e+03
-4.177305000000000291e+03
-4.201064999999999600e+03
-4.170622999999999593e+03
-4.180274999999999636e+03
-4.231136000000000422e+03
-4.232621000000000095e+03
-4.211460000000000036e+03
-4.259350999999999658e+03
-4.228167000000000371e+03
-4.254524999999999636e+03
-4.250440999999999804e+03
-4.277542000000000371e+03
-4.293877000000000407e+03
-4.297961000000000240e+03
-4.296104999999999563e+03
-4.281997999999999593e+03
-4.311326000000000022e+03
-4.257123999999999796e+03
-4.248585000000000036e+03
-4.283481999999999971e+03
-4.286453000000000429e+03
-4.247470999999999549e+03
-4.298332999999999629e+03
-4.251184000000000196e+03
-4.260836000000000240e+03
-4.307243000000000393e+03
-4.249328000000000429e+03
-4.271974000000000160e+03
-4.322463999999999942e+03
-4.324690999999999804e+03
-4.291649999999999636e+03
-4.328033000000000357e+03
-4.319864999999999782e+03
-4.317637999999999920e+03
-4.314296000000000276e+03
-4.313554000000000087e+03
-4.297590000000000146e+03
-4.337685000000000400e+03
-4.377779999999999745e+03
-4.351792000000000371e+03
-4.390402000000000044e+03
-4.368127000000000407e+03
-4.372211000000000240e+03
-4.383349000000000160e+03
-4.437551000000000386e+03
-4.377037999999999556e+03
-4.391887999999999920e+03
-4.428640999999999622e+03
-4.393743999999999687e+03
-4.420103000000000065e+03
-4.463538999999999760e+03
-4.457228000000000065e+03
-4.464652000000000044e+03
-4.456484999999999673e+03
-4.460198000000000320e+03
-4.467622999999999593e+03
-4.490640000000000327e+03
-4.430126000000000204e+03
-4.440893000000000029e+03
-4.448317000000000007e+03
-4.433095999999999549e+03
-4.450545000000000073e+03
-4.483586000000000240e+03
-4.473563000000000102e+03
-4.431610999999999876e+03
-4.437180000000000291e+03
-4.417503999999999905e+03
-4.470220999999999549e+03
-4.431610999999999876e+03
-4.457599000000000160e+03
-4.425671000000000276e+03
-4.450545000000000073e+03
-4.491753999999999905e+03
-4.467622999999999593e+03
-4.490269000000000233e+03
-4.469479000000000269e+03
-4.473563000000000102e+03
-4.507717999999999847e+03
-4.463909999999999854e+03
-4.450173999999999978e+03
-4.506975000000000364e+03
-4.483586000000000240e+03
-4.471335000000000036e+03
-4.473934000000000196e+03
-4.472819999999999709e+03
-4.464652000000000044e+03
-4.470220999999999549e+03
-4.489525999999999840e+03
-4.496951000000000022e+03
-4.509203000000000429e+03
-4.540759000000000015e+03
-4.487670000000000073e+03
-4.549668999999999869e+03
-4.515885000000000218e+03
-4.516256000000000313e+03
-4.535932999999999993e+03
-4.514770999999999731e+03
-4.540759000000000015e+03
-4.551895999999999731e+03
-4.542985999999999876e+03
-4.570458999999999833e+03
-4.573800000000000182e+03
-4.593104999999999563e+03
-4.581967999999999847e+03
-4.584565999999999804e+03
-4.611296000000000276e+03
-4.612038999999999760e+03
-4.609439999999999600e+03
-4.629859000000000378e+03
-4.609439999999999600e+03
-4.631344000000000051e+03
-4.629115999999999985e+03
-4.635798999999999978e+03
-4.653247999999999593e+03
-4.604243000000000393e+03
-4.588279000000000451e+03
-4.595703999999999724e+03
-4.618350000000000364e+03
-4.549296999999999571e+03
-4.549296999999999571e+03
-4.527394000000000233e+03
-4.532220000000000255e+03
-4.539645000000000437e+03
-4.555609000000000378e+03
-4.544100000000000364e+03
-4.581595999999999549e+03
-4.537417000000000371e+03
-4.531478000000000065e+03
-4.570087000000000444e+03
-4.576770000000000437e+03
-4.543356999999999971e+03
-4.530363999999999578e+03
-4.592734000000000378e+03
-4.566375000000000000e+03
-4.548555000000000291e+03
-4.591619999999999891e+03
-4.553752000000000407e+03
-4.578626000000000204e+03
-4.592362000000000080e+03
-4.561177999999999884e+03
-4.588649999999999636e+03
-4.623176000000000386e+03
-4.602386000000000422e+03
-4.581595999999999549e+03
-4.631344000000000051e+03
-4.599787999999999556e+03
-4.602386000000000422e+03
-4.624661000000000058e+03
-4.630229999999999563e+03
-4.584565999999999804e+03
-4.509944999999999709e+03
-4.368869999999999891e+03
-4.399684000000000196e+03
-4.392630000000000109e+03
-4.377408999999999651e+03
-4.376667000000000371e+03
-4.425300000000000182e+03
-4.384091000000000349e+03
-4.393743999999999687e+03
-4.400055000000000291e+03
-4.378150999999999840e+03
-4.407850999999999658e+03
-4.423073000000000320e+03
-4.395600000000000364e+03
-4.379265000000000327e+03
-4.430868999999999687e+03
-4.382234999999999673e+03
-4.357360999999999876e+03
-4.440520999999999731e+03
-4.401911000000000058e+03
-4.372211000000000240e+03
-4.433095999999999549e+03
-4.414162999999999556e+03
-4.391145000000000437e+03
-4.425671000000000276e+03
-4.454628999999999905e+03
-4.445347999999999956e+03
-4.488042000000000371e+03
-4.468735999999999876e+03
-4.417131999999999607e+03
-4.475418999999999869e+03
-4.470963999999999942e+03
-4.455743000000000393e+03
-4.463909999999999854e+03
-4.494724000000000160e+03
-4.459454999999999927e+03
-4.504747999999999593e+03
-4.473934000000000196e+03
-4.505118999999999687e+03
-4.487670000000000073e+03
-4.512543999999999869e+03
-4.465395000000000437e+03
-4.514029000000000451e+03
-4.519597999999999956e+03
-4.499179000000000087e+03
-4.517369999999999891e+03
-4.514029000000000451e+03
-4.518112000000000080e+03
-4.508088999999999942e+03
-4.561548999999999978e+03
-4.538902000000000044e+03
-4.537417000000000371e+03
-4.540759000000000015e+03
-4.541501000000000204e+03
-4.539274000000000342e+03
-4.552639000000000124e+03
-4.549296999999999571e+03
-4.532591000000000349e+03
-4.588279000000000451e+03
-4.553010000000000218e+03
-4.561548999999999978e+03
-4.594590000000000146e+03
-4.572314999999999600e+03
-4.578626000000000204e+03
-4.596445999999999913e+03
-4.572314999999999600e+03
-4.600158999999999651e+03
-4.625774999999999636e+03
-4.587908000000000357e+03
-4.600158999999999651e+03
-4.624289999999999964e+03
-4.593475999999999658e+03
-4.646564999999999600e+03
-4.642853000000000065e+03
-4.614265999999999622e+03
-4.612038999999999760e+03
-4.617235999999999876e+03
-4.573429000000000087e+03
-4.599417000000000371e+03
-4.607212000000000444e+03
-4.619463999999999942e+03
-4.599045000000000073e+03
-4.623918999999999869e+03
-4.608326000000000022e+03
-4.609811999999999898e+03
-4.610182999999999993e+03
-4.601271999999999935e+03
-4.584938000000000102e+03
-4.615751000000000204e+03
-4.609811999999999898e+03
-4.620948999999999614e+03
-4.658073999999999614e+03
-4.623176000000000386e+03
-4.630972999999999956e+03
-4.656217999999999847e+03
-4.645451000000000022e+03
-4.646936999999999898e+03
-4.655475000000000364e+03
-4.650649000000000342e+03
-4.658444999999999709e+03
-4.687402000000000044e+03
-4.683319000000000415e+03
-4.671439000000000306e+03
-4.678493000000000393e+03
-4.681462000000000444e+03
-4.653247999999999593e+03
-4.682948000000000320e+03
-4.674037999999999556e+03
-4.658444999999999709e+03
-4.705594000000000051e+03
-4.694085000000000036e+03
-4.688515999999999622e+03
-4.708935000000000400e+03
-4.692600000000000364e+03
-4.598302999999999884e+03
-4.650649000000000342e+03
-4.655475000000000364e+03
-4.616864999999999782e+03
-4.632828999999999724e+03
-4.672180999999999585e+03
-4.612038999999999760e+03
-4.662529000000000451e+03
-4.696313000000000102e+03
-4.641368000000000393e+03
-4.735293999999999869e+03
-4.713019000000000233e+03
-4.677378999999999905e+03
-4.708935000000000400e+03
-4.740490999999999985e+03
-4.671810000000000400e+03
-4.698911000000000058e+03
-4.718587000000000444e+03
-4.683689999999999600e+03
-4.694828000000000429e+03
-4.724899000000000342e+03
-4.693342999999999847e+03
-4.732694999999999709e+03
-4.769448999999999614e+03
-4.710792000000000371e+03
-4.752371000000000095e+03
-4.722300000000000182e+03
-4.729725000000000364e+03
-4.750886000000000422e+03
-4.740490999999999985e+03
-4.728981999999999971e+03
-4.758682999999999993e+03
-4.779472999999999956e+03
-4.764622999999999593e+03
-4.754599000000000160e+03
-4.772418999999999869e+03
-4.788753999999999905e+03
-4.745689000000000306e+03
-4.766479000000000269e+03
-4.757569000000000415e+03
-4.742347999999999956e+03
-4.779472999999999956e+03
-4.753855999999999767e+03
-4.709305999999999585e+03
-4.786154999999999745e+03
-4.772046999999999571e+03
-4.733438000000000102e+03
-4.740119999999999891e+03
-4.760167000000000371e+03
-4.730838999999999942e+03
-4.752000000000000000e+03
-4.728239999999999782e+03
-4.750515000000000327e+03
-4.787269000000000233e+03
-4.758682999999999993e+03
-4.741604999999999563e+03
-4.737520999999999731e+03
-4.744203999999999724e+03
-4.728610999999999876e+03
-4.772046999999999571e+03
-4.750515000000000327e+03
-4.757939999999999600e+03
-4.773904000000000451e+03
-4.736779000000000451e+03
-4.737520999999999731e+03
-4.720444000000000415e+03
-4.755341000000000349e+03
-4.742719000000000051e+03
-4.758682999999999993e+03
-4.760538999999999760e+03
-4.741604999999999563e+03
-4.764993999999999687e+03
-4.780957999999999629e+03
-4.734180000000000291e+03
-4.780586000000000240e+03
-4.782814000000000306e+03
-4.766479000000000269e+03
-4.772418999999999869e+03
