-3.341250000000000142e+01
-7.387874999999999659e+01
-5.457374999999999687e+01
-8.501624999999999943e+01
-9.912375000000000114e+01
-7.313625000000000398e+01
-8.538750000000000284e+01
-1.136025000000000063e+02
-1.039500000000000028e+02
-1.507274999999999920e+02
-1.351349999999999909e+02
-1.440449999999999875e+02
-1.510988000000000113e+02
-1.659487000000000023e+02
-1.871100000000000136e+02
-1.856250000000000000e+02
-1.722599999999999909e+02
-1.689187000000000012e+02
-1.752299999999999898e+02
-1.800562999999999931e+02
-1.871100000000000136e+02
-2.130974999999999966e+02
-2.145825000000000102e+02
-2.346299999999999955e+02
-2.375999999999999943e+02
-2.439113000000000113e+02
-2.461387000000000000e+02
-2.550488000000000000e+02
-2.658149999999999977e+02
-2.453962999999999965e+02
-2.825212000000000216e+02
-2.535637999999999863e+02
-2.431687000000000012e+02
-2.606175000000000068e+02
-2.955149999999999864e+02
-2.647013000000000034e+02
-2.762099999999999795e+02
-2.743537999999999784e+02
-2.413125000000000000e+02
-2.479950000000000045e+02
-2.721263000000000147e+02
-2.661861999999999853e+02
-2.561625000000000227e+02
-2.851200000000000045e+02
-2.788086999999999875e+02
-2.918025000000000091e+02
-2.854911999999999921e+02
-2.925450000000000159e+02
-3.296700000000000159e+02
-3.170475000000000136e+02
-3.159336999999999875e+02
-3.426637999999999806e+02
-3.352386999999999944e+02
-3.174187999999999761e+02
-3.304125000000000227e+02
-3.356100000000000136e+02
-3.318974999999999795e+02
-3.215024999999999977e+02
-3.653100000000000023e+02
-3.441487000000000194e+02
-3.382087000000000216e+02
-3.797887999999999806e+02
-3.693937999999999988e+02
-3.679087999999999852e+02
-3.749624999999999773e+02
-3.846150000000000091e+02
-3.679087999999999852e+02
-3.742200000000000273e+02
-3.697649999999999864e+02
-3.742200000000000273e+02
-3.942674999999999841e+02
-3.786750000000000114e+02
-3.942674999999999841e+02
-4.046625000000000227e+02
-4.124587000000000216e+02
-4.117162000000000148e+02
-4.325063000000000102e+02
-4.165425000000000182e+02
-4.028061999999999898e+02
-4.117162000000000148e+02
-4.054049999999999727e+02
-4.284225000000000136e+02
-4.347337999999999738e+02
-4.146861999999999853e+02
-4.332486999999999853e+02
-4.659187999999999761e+02
-4.603500000000000227e+02
-4.455000000000000000e+02
-4.555237000000000194e+02
-4.443863000000000056e+02
-4.495837000000000216e+02
-4.158000000000000114e+02
-3.946388000000000034e+02
-3.964950000000000045e+02
-4.087461999999999875e+02
-4.143149999999999977e+02
-4.347337999999999738e+02
-4.302787000000000148e+02
-4.373324999999999818e+02
-4.391888000000000147e+02
-4.247099999999999795e+02
-4.042912999999999784e+02
-3.979800000000000182e+02
-4.013213000000000079e+02
-3.976087999999999738e+02
-3.994649999999999750e+02
-4.080038000000000125e+02
-3.976087999999999738e+02
-4.217400000000000091e+02
-4.191413000000000011e+02
-4.213686999999999898e+02
-4.158000000000000114e+02
-4.013213000000000079e+02
-3.749624999999999773e+02
-3.189037000000000148e+02
-3.515738000000000056e+02
-3.378374999999999773e+02
-3.445199999999999818e+02
-3.667950000000000159e+02
-3.538011999999999944e+02
-3.404361999999999853e+02
-3.701363000000000056e+02
-3.768188000000000102e+02
-3.534300000000000068e+02
-3.749624999999999773e+02
-3.734775000000000205e+02
-3.493462999999999852e+02
-3.534300000000000068e+02
-3.589986999999999853e+02
-3.638249999999999886e+02
-3.675375000000000227e+02
-3.578849999999999909e+02
-3.682799999999999727e+02
-3.779325000000000045e+02
-3.586274999999999977e+02
-3.500887000000000171e+02
-3.656811999999999898e+02
-3.426637999999999806e+02
-3.482325000000000159e+02
-3.489750000000000227e+02
-3.586274999999999977e+02
-3.448913000000000011e+02
-3.693937999999999988e+02
-3.693937999999999988e+02
-3.619687999999999874e+02
-3.775611999999999853e+02
-3.942674999999999841e+02
-3.890699999999999932e+02
-3.864712999999999852e+02
-3.757049999999999841e+02
-3.708788000000000125e+02
-3.604837999999999738e+02
-3.437774999999999750e+02
-3.597411999999999921e+02
-3.545437999999999761e+02
-3.604837999999999738e+02
-3.716211999999999875e+02
-3.630824999999999818e+02
-3.708788000000000125e+02
-3.790462999999999738e+02
-3.872137000000000171e+02
-3.879562999999999988e+02
-3.831299999999999955e+02
-3.838725000000000023e+02
-3.976087999999999738e+02
-3.886988000000000056e+02
-3.853575000000000159e+02
-3.853575000000000159e+02
-3.905550000000000068e+02
-3.883274999999999864e+02
-4.076324999999999932e+02
-4.065187999999999988e+02
-4.039200000000000159e+02
-4.124587000000000216e+02
-4.284225000000000136e+02
-4.013213000000000079e+02
-4.165425000000000182e+02
-3.894413000000000125e+02
-3.749624999999999773e+02
-4.102312999999999761e+02
-4.024350000000000023e+02
-3.842436999999999898e+02
-4.031775000000000091e+02
-4.072613000000000056e+02
-4.102312999999999761e+02
-3.998362000000000194e+02
-4.221113000000000284e+02
-3.879562999999999988e+02
-4.161712999999999738e+02
-4.057762000000000171e+02
-4.087461999999999875e+02
-4.243387000000000171e+02
-4.076324999999999932e+02
-4.158000000000000114e+02
-4.276800000000000068e+02
-4.206263000000000147e+02
-4.287937999999999761e+02
-4.109737999999999829e+02
-3.630824999999999818e+02
-3.723636999999999944e+02
-3.764474999999999909e+02
-3.764474999999999909e+02
-3.619687999999999874e+02
-3.894413000000000125e+02
-3.545437999999999761e+02
-3.645674999999999955e+02
-3.816449999999999818e+02
-3.567712000000000216e+02
-3.853575000000000159e+02
-3.886988000000000056e+02
-3.727350000000000136e+02
-3.771899999999999977e+02
-4.117162000000000148e+02
-3.864712999999999852e+02
-4.002074999999999818e+02
-4.120874999999999773e+02
-3.797887999999999806e+02
-3.942674999999999841e+02
-4.083750000000000000e+02
-3.790462999999999738e+02
-3.916687999999999761e+02
-4.362187999999999874e+02
-3.916687999999999761e+02
-4.039200000000000159e+02
-4.128299999999999841e+02
-3.912975000000000136e+02
-4.072613000000000056e+02
-4.235962999999999852e+02
-4.020638000000000147e+02
-4.098600000000000136e+02
-4.313924999999999841e+02
-3.987225000000000250e+02
-3.983512999999999806e+02
-4.492124999999999773e+02
-3.898125000000000000e+02
-3.994649999999999750e+02
-4.202549999999999955e+02
-4.094886999999999944e+02
-3.898125000000000000e+02
-4.124587000000000216e+02
-4.169137999999999806e+02
-4.113450000000000273e+02
-4.299075000000000273e+02
-4.028061999999999898e+02
-4.124587000000000216e+02
-4.328774999999999977e+02
-4.150575000000000045e+02
-3.987225000000000250e+02
-4.302787000000000148e+02
-4.299075000000000273e+02
-4.046625000000000227e+02
-4.046625000000000227e+02
-3.901836999999999875e+02
-3.693937999999999988e+02
-3.853575000000000159e+02
-3.872137000000000171e+02
-3.656811999999999898e+02
-4.013213000000000079e+02
-4.068899999999999864e+02
-4.061474999999999795e+02
-4.035488000000000284e+02
-4.050337999999999852e+02
-3.794175000000000182e+02
-3.994649999999999750e+02
-4.054049999999999727e+02
-3.771899999999999977e+02
-4.039200000000000159e+02
-3.864712999999999852e+02
-3.827588000000000079e+02
-3.649388000000000147e+02
-3.627112000000000194e+02
-3.500887000000000171e+02
-3.723636999999999944e+02
-3.497174999999999727e+02
-3.630824999999999818e+02
-3.627112000000000194e+02
-3.567712000000000216e+02
-3.649388000000000147e+02
-3.779325000000000045e+02
-3.745912000000000148e+02
-3.723636999999999944e+02
-3.753337000000000216e+02
-3.868424999999999727e+02
-3.578849999999999909e+02
-3.582563000000000102e+02
-3.816449999999999818e+02
-3.879562999999999988e+02
-3.679087999999999852e+02
-3.679087999999999852e+02
-3.738487999999999829e+02
-3.809024999999999750e+02
-3.920400000000000205e+02
-3.831299999999999955e+02
-3.823874999999999886e+02
-3.827588000000000079e+02
-3.835013000000000147e+02
-3.916687999999999761e+02
-3.942674999999999841e+02
-3.615975000000000250e+02
-4.080038000000000125e+02
-3.901836999999999875e+02
-3.849863000000000284e+02
-3.950099999999999909e+02
-3.927825000000000273e+02
-3.935249999999999773e+02
-3.961236999999999853e+02
-3.764474999999999909e+02
-3.556575000000000273e+02
-3.641963000000000079e+02
-3.508312999999999988e+02
-3.567712000000000216e+02
-3.615975000000000250e+02
-3.545437999999999761e+02
-3.604837999999999738e+02
-3.556575000000000273e+02
-3.589986999999999853e+02
-3.682799999999999727e+02
-3.578849999999999909e+02
-3.649388000000000147e+02
-3.556575000000000273e+02
-3.712500000000000000e+02
-3.667950000000000159e+02
-3.478613000000000284e+02
-3.690224999999999795e+02
-3.749624999999999773e+02
-3.742200000000000273e+02
-3.563999999999999773e+02
-3.615975000000000250e+02
-3.593700000000000045e+02
-3.545437999999999761e+02
-3.753337000000000216e+02
-3.571424999999999841e+02
-3.875849999999999795e+02
-3.894413000000000125e+02
-3.701363000000000056e+02
-3.589986999999999853e+02
-3.990937999999999874e+02
-3.909261999999999944e+02
-3.697649999999999864e+02
-3.875849999999999795e+02
-3.912975000000000136e+02
-3.786750000000000114e+02
-3.816449999999999818e+02
-3.801600000000000250e+02
-3.831299999999999955e+02
-3.846150000000000091e+02
-3.697649999999999864e+02
-3.701363000000000056e+02
-3.894413000000000125e+02
-3.979800000000000182e+02
-3.857287999999999784e+02
-3.898125000000000000e+02
-3.909261999999999944e+02
-3.835013000000000147e+02
-3.820163000000000011e+02
-4.009499999999999886e+02
-3.920400000000000205e+02
-3.890699999999999932e+02
-3.864712999999999852e+02
-3.593700000000000045e+02
-3.846150000000000091e+02
-3.924112999999999829e+02
-3.872137000000000171e+02
-3.950099999999999909e+02
-3.931537000000000148e+02
-3.935249999999999773e+02
-3.842436999999999898e+02
-3.898125000000000000e+02
-3.950099999999999909e+02
-4.061474999999999795e+02
-4.039200000000000159e+02
-3.961236999999999853e+02
-4.009499999999999886e+02
-3.998362000000000194e+02
-4.057762000000000171e+02
-4.050337999999999852e+02
-3.990937999999999874e+02
-4.016924999999999955e+02
-4.172850000000000250e+02
-4.124587000000000216e+02
-4.050337999999999852e+02
-4.091175000000000068e+02
-4.020638000000000147e+02
-4.057762000000000171e+02
-4.213686999999999898e+02
-4.109737999999999829e+02
-4.057762000000000171e+02
-4.035488000000000284e+02
-3.708788000000000125e+02
-3.552862999999999829e+02
-3.742200000000000273e+02
-3.868424999999999727e+02
-3.719925000000000068e+02
-3.875849999999999795e+02
-3.712500000000000000e+02
-3.831299999999999955e+02
-3.853575000000000159e+02
-3.820163000000000011e+02
-3.757049999999999841e+02
-3.812737000000000194e+02
-3.753337000000000216e+02
-3.872137000000000171e+02
-3.927825000000000273e+02
-3.719925000000000068e+02
-3.771899999999999977e+02
-3.968661999999999921e+02
-4.009499999999999886e+02
-3.705074999999999932e+02
-3.883274999999999864e+02
-3.857287999999999784e+02
-3.757049999999999841e+02
-3.894413000000000125e+02
