-1.326847999999999956e+03
-1.372140000000000100e+03
-1.348009000000000015e+03
-1.341326000000000022e+03
-1.364714999999999918e+03
-1.358775000000000091e+03
-1.365458000000000084e+03
-1.403325000000000045e+03
-1.383277000000000044e+03
-1.377337999999999965e+03
-1.412978000000000065e+03
-1.429313000000000102e+03
-1.400726000000000113e+03
-1.468294000000000096e+03
-1.447875000000000000e+03
-1.501705999999999904e+03
-1.518040999999999940e+03
-1.490198000000000093e+03
-1.499479000000000042e+03
-1.497250999999999976e+03
-1.524723999999999933e+03
-1.492054000000000087e+03
-1.540316000000000031e+03
-1.551083000000000084e+03
-1.540316000000000031e+03
-1.583381000000000085e+03
-1.558878999999999905e+03
-1.532891000000000076e+03
-1.546627999999999929e+03
-1.614938000000000102e+03
-1.574471000000000004e+03
-1.610482999999999947e+03
-1.624589999999999918e+03
-1.633871000000000095e+03
-1.672480999999999995e+03
-1.663570999999999913e+03
-1.631644000000000005e+03
-1.694756000000000085e+03
-1.702923999999999978e+03
-1.678421000000000049e+03
-1.739676999999999907e+03
-1.757125999999999976e+03
-1.711090999999999894e+03
-1.750073000000000093e+03
-1.746730999999999995e+03
-1.713318999999999960e+03
-1.756384000000000015e+03
-1.744875000000000000e+03
-1.751929000000000087e+03
-1.807615999999999985e+03
-1.808358999999999924e+03
-1.805388999999999896e+03
-1.833974999999999909e+03
-1.853279999999999973e+03
-1.849939000000000078e+03
-1.846226000000000113e+03
-1.877411000000000058e+03
-1.863674999999999955e+03
-1.880381000000000085e+03
-1.894489000000000033e+03
-1.896345000000000027e+03
-1.900429000000000087e+03
-1.883722999999999956e+03
-1.911566000000000031e+03
-1.932355999999999995e+03
-1.912680000000000064e+03
-1.880752999999999929e+03
-1.952403999999999996e+03
-1.959458000000000084e+03
-1.920476000000000113e+03
-1.936810999999999922e+03
-1.956858999999999924e+03
-1.926415999999999940e+03
-1.967625000000000000e+03
-1.955744999999999891e+03
-1.959458000000000084e+03
-1.983960000000000036e+03
-1.976905999999999949e+03
-1.992127999999999929e+03
-1.962426999999999907e+03
-2.019599999999999909e+03
-2.017373000000000047e+03
-2.041503999999999905e+03
-2.074916000000000167e+03
-2.058210000000000036e+03
-2.043359999999999900e+03
-2.069719000000000051e+03
-2.032594000000000051e+03
-2.013288999999999987e+03
-2.055239999999999782e+03
-2.053384000000000015e+03
-2.058581000000000131e+03
-2.048929000000000087e+03
-2.077885999999999967e+03
-2.077885999999999967e+03
-2.079000000000000000e+03
-2.065635000000000218e+03
-2.067490999999999985e+03
-2.110184999999999945e+03
-2.096449000000000069e+03
-2.084197999999999865e+03
-2.128748000000000047e+03
-2.121693999999999960e+03
-2.101646000000000186e+03
-2.137657000000000153e+03
-2.142483999999999924e+03
-2.123179000000000087e+03
-2.157333999999999833e+03
-2.171813000000000102e+03
-2.155106000000000222e+03
-2.181094000000000051e+03
-2.176639000000000124e+03
-2.149538000000000011e+03
-2.174039999999999964e+03
-2.202255000000000109e+03
-2.148052000000000135e+03
-2.207452999999999975e+03
-2.206710000000000036e+03
-2.171813000000000102e+03
-2.210793999999999869e+03
-2.221931000000000040e+03
-2.224159000000000106e+03
-2.242349999999999909e+03
-2.249403999999999996e+03
-2.239751000000000204e+03
-2.253115999999999985e+03
-2.277619000000000142e+03
-2.266853000000000065e+03
-2.276505000000000109e+03
-2.269822999999999865e+03
-2.271307999999999993e+03
-2.282445000000000164e+03
-2.293583000000000084e+03
-2.279846000000000004e+03
-2.294324999999999818e+03
-2.322168999999999869e+03
-2.302864000000000033e+03
-2.320313000000000102e+03
-2.348898999999999887e+03
-2.317713999999999942e+03
-2.314001000000000204e+03
-2.334791000000000167e+03
-2.294695999999999913e+03
-2.289498999999999796e+03
-2.345186000000000149e+03
-2.310289000000000215e+03
-2.319199000000000069e+03
-2.357809000000000196e+03
-2.341474000000000160e+03
-2.341103000000000065e+03
-2.365605000000000018e+03
-2.367833000000000084e+03
-2.357438000000000102e+03
-2.365605000000000018e+03
-2.364119999999999891e+03
-2.364862999999999829e+03
-2.372288000000000011e+03
-2.391963999999999942e+03
-2.406813999999999851e+03
-2.405329000000000178e+03
-2.406070999999999913e+03
-2.409041000000000167e+03
-2.414239000000000033e+03
-2.411639999999999873e+03
-2.400501999999999953e+03
-2.453590999999999894e+03
-2.452106000000000222e+03
-2.435028999999999996e+03
-2.470297999999999774e+03
-2.478465000000000146e+03
-2.468440999999999804e+03
-2.495914000000000215e+03
-2.508907000000000153e+03
-2.488489000000000033e+03
-2.504452999999999975e+03
-2.481434999999999945e+03
-2.508536000000000058e+03
-2.503338999999999942e+03
-2.502596000000000004e+03
-2.512619999999999891e+03
-2.501853999999999814e+03
-2.505565999999999804e+03
-2.493686000000000149e+03
-2.533039000000000215e+03
-2.499998000000000047e+03
-2.499626000000000204e+03
-2.518931000000000040e+03
-2.507793999999999869e+03
-2.505195000000000164e+03
-2.510764000000000124e+03
-2.517074999999999818e+03
-2.506309000000000196e+03
-2.537494000000000142e+03
-2.540463999999999942e+03
-2.537864999999999782e+03
-2.554943000000000211e+03
-2.541949000000000069e+03
-2.546032000000000153e+03
-2.555684999999999945e+03
-2.511876999999999953e+03
-2.508536000000000058e+03
-2.531925000000000182e+03
-2.544175999999999931e+03
-2.512990999999999985e+03
-2.529326000000000022e+03
-2.559396999999999935e+03
-2.525242000000000189e+03
-2.556427000000000135e+03
-2.599492000000000189e+03
-2.547889000000000124e+03
-2.547518000000000029e+03
-2.541577999999999975e+03
-2.504824000000000069e+03
-2.520788000000000011e+03
-2.536380000000000109e+03
-2.492201000000000022e+03
-2.534523999999999887e+03
-2.540463999999999942e+03
-2.521530000000000200e+03
-2.526356000000000222e+03
-2.543804999999999836e+03
-2.494800000000000182e+03
-2.479208000000000084e+03
-2.528583999999999833e+03
-2.486632999999999811e+03
-2.482177000000000135e+03
-2.529697999999999865e+03
-2.503710000000000036e+03
-2.510393000000000029e+03
-2.547518000000000029e+03
-2.536751000000000204e+03
-2.541206000000000131e+03
-2.548260000000000218e+03
-2.541949000000000069e+03
-2.549744999999999891e+03
-2.583157000000000153e+03
-2.582043999999999869e+03
-2.570534999999999854e+03
-2.566451000000000022e+03
-2.572762000000000171e+03
-2.546775000000000091e+03
-2.529697999999999865e+03
-2.523757999999999811e+03
-2.531554000000000087e+03
-2.489603000000000065e+03
-2.490344999999999800e+03
-2.467699000000000069e+03
-2.503338999999999942e+03
-2.508907000000000153e+03
-2.461016000000000076e+03
-2.508536000000000058e+03
-2.507793999999999869e+03
-2.464728999999999814e+03
-2.476608999999999924e+03
-2.472896000000000186e+03
-2.494429000000000087e+03
-2.475494999999999891e+03
-2.476608999999999924e+03
-2.502224999999999909e+03
-2.453590999999999894e+03
-2.440226000000000113e+03
-2.452849000000000160e+03
-2.433914999999999964e+03
-2.426860999999999876e+03
-2.429460000000000036e+03
-2.456190000000000055e+03
-2.466956000000000131e+03
-2.442454000000000178e+03
-2.454333999999999833e+03
-2.452849000000000160e+03
-2.446166000000000167e+03
-2.463614999999999782e+03
-2.470297999999999774e+03
-2.461759000000000015e+03
-2.465842999999999847e+03
-2.495914000000000215e+03
-2.475865999999999985e+03
-2.489231000000000222e+03
-2.502967999999999847e+03
-2.499626000000000204e+03
-2.534152999999999793e+03
-2.512990999999999985e+03
-2.502596000000000004e+03
-2.509650000000000091e+03
-2.451735000000000127e+03
-2.452849000000000160e+03
-2.455076000000000022e+03
-2.450621000000000095e+03
-2.437626999999999953e+03
-2.449878999999999905e+03
-2.472896000000000186e+03
-2.476608999999999924e+03
-2.498512000000000171e+03
-2.487746000000000095e+03
-2.479208000000000084e+03
-2.503710000000000036e+03
-2.495170999999999822e+03
-2.490344999999999800e+03
-2.497769999999999982e+03
-2.529697999999999865e+03
-2.510021000000000186e+03
-2.489231000000000222e+03
-2.532666999999999916e+03
-2.524871000000000095e+03
-2.500739999999999782e+03
-2.511135000000000218e+03
-2.502224999999999909e+03
-2.498884000000000015e+03
-2.512990999999999985e+03
-2.503710000000000036e+03
-2.502224999999999909e+03
-2.522643999999999778e+03
-2.498141000000000076e+03
-2.512990999999999985e+03
-2.540092999999999847e+03
-2.531182999999999993e+03
-2.507050999999999931e+03
-2.542320000000000164e+03
-2.532666999999999916e+03
-2.521900999999999840e+03
-2.513733999999999924e+03
-2.508907000000000153e+03
-2.508536000000000058e+03
-2.531182999999999993e+03
-2.503338999999999942e+03
-2.487375000000000000e+03
-2.528583999999999833e+03
-2.492572999999999865e+03
-2.483663000000000011e+03
-2.499998000000000047e+03
-2.506679999999999836e+03
-2.492572999999999865e+03
-2.504824000000000069e+03
-2.504824000000000069e+03
-2.491829999999999927e+03
-2.465471000000000004e+03
-2.487375000000000000e+03
-2.482920000000000073e+03
-2.495914000000000215e+03
-2.503338999999999942e+03
-2.491086999999999989e+03
-2.483663000000000011e+03
-2.494429000000000087e+03
-2.501110999999999876e+03
-2.482920000000000073e+03
-2.517818000000000211e+03
-2.500369000000000142e+03
-2.503338999999999942e+03
-2.514105000000000018e+03
-2.483663000000000011e+03
-2.491086999999999989e+03
-2.523014999999999873e+03
-2.507793999999999869e+03
-2.490344999999999800e+03
-2.504081000000000131e+03
-2.489974000000000160e+03
-2.502596000000000004e+03
-2.498141000000000076e+03
-2.501110999999999876e+03
-2.490344999999999800e+03
-2.510393000000000029e+03
-2.505195000000000164e+03
-2.522271999999999935e+03
-2.510393000000000029e+03
-2.511505999999999858e+03
-2.511876999999999953e+03
-2.525985000000000127e+03
-2.508164999999999964e+03
-2.510021000000000186e+03
-2.541949000000000069e+03
-2.526356000000000222e+03
-2.534894999999999982e+03
-2.540463999999999942e+03
-2.530068999999999960e+03
-2.527840999999999894e+03
-2.543434000000000196e+03
-2.539349999999999909e+03
-2.543804999999999836e+03
-2.557913000000000011e+03
-2.535266000000000076e+03
-2.537494000000000142e+03
-2.563110000000000127e+03
-2.554943000000000211e+03
-2.556798999999999978e+03
-2.576103999999999814e+03
-2.584643000000000029e+03
-2.580559000000000196e+03
-2.564965999999999894e+03
-2.602463000000000193e+03
-2.574248000000000047e+03
-2.579445000000000164e+03
-2.576474999999999909e+03
-2.600978000000000065e+03
-2.589097000000000207e+03
-2.599492000000000189e+03
-2.596150999999999840e+03
-2.610259000000000015e+03
-2.597635999999999967e+03
-2.589469000000000051e+03
-2.627335999999999785e+03
-2.612856999999999971e+03
-2.621768000000000029e+03
-2.618054999999999836e+03
-2.626594000000000051e+03
-2.620282000000000153e+03
-2.660748999999999796e+03
-2.645155999999999949e+03
-2.632905000000000200e+03
-2.651838999999999942e+03
-2.641815000000000055e+03
-2.655179999999999836e+03
-2.635132999999999811e+03
