-2.992275000000000091e+03
-2.947724999999999909e+03
-2.954036000000000058e+03
-2.987820000000000164e+03
-2.977795999999999822e+03
-2.999329000000000178e+03
-3.014179000000000087e+03
-3.018634000000000015e+03
-3.002298999999999978e+03
-3.044621000000000095e+03
-3.040909000000000106e+03
-3.029028999999999996e+03
-3.063554999999999836e+03
-3.048333999999999833e+03
-3.086943999999999960e+03
-3.063925999999999931e+03
-3.106619999999999891e+03
-3.108105000000000018e+03
-3.138547999999999774e+03
-3.127039000000000215e+03
-3.117014999999999873e+03
-3.128894999999999982e+03
-3.133349999999999909e+03
-3.164905999999999949e+03
-3.161936000000000149e+03
-3.177157000000000153e+03
-3.128523999999999887e+03
-3.174559000000000196e+03
-3.183097000000000207e+03
-3.157110000000000127e+03
-3.202030999999999949e+03
-3.207228999999999814e+03
-3.187923999999999978e+03
-3.209085000000000036e+03
-3.272940000000000055e+03
-3.202402999999999793e+03
-3.223934999999999945e+03
-3.246952999999999975e+03
-3.205744000000000142e+03
-3.222820999999999913e+03
-3.229875000000000000e+03
-3.280364999999999782e+03
-3.250664999999999964e+03
-3.280735999999999876e+03
-3.313405999999999949e+03
-3.285563000000000102e+03
-3.286304999999999836e+03
-3.324914999999999964e+03
-3.292615999999999985e+03
-3.328255999999999858e+03
-3.316748000000000047e+03
-3.327143000000000029e+03
-3.353130000000000109e+03
-3.313034999999999854e+03
-3.304496000000000095e+03
-3.353130000000000109e+03
-3.345333999999999833e+03
-3.371693000000000211e+03
-3.372806000000000040e+03
-3.383943999999999960e+03
-3.354985999999999876e+03
-3.360554999999999836e+03
-3.378003999999999905e+03
-3.376518999999999778e+03
-3.382829999999999927e+03
-3.419954999999999927e+03
-3.380231000000000222e+03
-3.370949999999999818e+03
-3.464505000000000109e+03
-3.416614000000000033e+03
-3.444458000000000084e+03
-3.395081000000000131e+03
-3.447056000000000040e+03
-3.423666999999999916e+03
-3.445199999999999818e+03
-3.448541000000000167e+03
-3.437775000000000091e+03
-3.483438999999999851e+03
-3.484552000000000135e+03
-3.445943000000000211e+03
-3.479355000000000018e+03
-3.438889000000000124e+03
-3.502373000000000047e+03
-3.495318999999999960e+03
-3.521677000000000135e+03
-3.476755999999999858e+03
-3.497545999999999822e+03
-3.467846000000000004e+03
-3.487150999999999840e+03
-3.529474000000000160e+03
-3.505342999999999847e+03
-3.532072999999999865e+03
-3.543210000000000036e+03
-3.478240999999999985e+03
-3.499030999999999949e+03
-3.546922999999999774e+03
-3.526875000000000000e+03
-3.538012000000000171e+03
-3.586646000000000186e+03
-3.571054000000000087e+03
-3.539126000000000204e+03
-3.554347999999999956e+03
-3.552862999999999829e+03
-3.547664999999999964e+03
-3.565856000000000222e+03
-3.545438000000000102e+03
-3.624514000000000124e+03
-3.549893000000000029e+03
-3.564371000000000095e+03
-3.582190999999999804e+03
-3.589615999999999985e+03
-3.581820000000000164e+03
-3.570311000000000149e+03
-3.586646000000000186e+03
-3.555833000000000084e+03
-3.595556000000000040e+03
-3.602610000000000127e+03
-3.583675999999999931e+03
-3.569940000000000055e+03
-3.589987999999999829e+03
-3.610034999999999854e+03
-3.595927000000000135e+03
-3.640478000000000065e+03
-3.611519999999999982e+03
-3.603724000000000160e+03
-3.627855000000000018e+03
-3.602981000000000222e+03
-3.592585999999999785e+03
-3.615231999999999971e+03
-3.628969000000000051e+03
-3.591844000000000051e+03
-3.614119000000000142e+03
-3.608550000000000182e+03
-3.581077999999999975e+03
-3.633795000000000073e+03
-3.641963000000000193e+03
-3.606322999999999865e+03
-3.613376000000000204e+03
-3.642704999999999927e+03
-3.595556000000000040e+03
-3.618574000000000069e+03
-3.646045999999999822e+03
-3.617831000000000131e+03
-3.626740999999999985e+03
-3.649016000000000076e+03
-3.640106000000000222e+03
-3.608179000000000087e+03
-3.628597999999999956e+03
-3.650873000000000047e+03
-3.643076000000000022e+03
-3.651985999999999876e+03
-3.639364000000000033e+03
-3.629340000000000146e+03
-3.651985999999999876e+03
-3.634909000000000106e+03
-3.633795000000000073e+03
-3.656070000000000164e+03
-3.648273999999999887e+03
-3.677231000000000222e+03
-3.682429000000000087e+03
-3.684284999999999854e+03
-3.666094000000000051e+03
-3.692824000000000069e+03
-3.703590000000000146e+03
-3.679088000000000193e+03
-3.715099000000000160e+03
-3.716583999999999833e+03
-3.699505999999999858e+03
-3.719182999999999993e+03
-3.742199999999999818e+03
-3.722894999999999982e+03
-3.723637000000000171e+03
-3.762248000000000047e+03
-3.712871000000000095e+03
-3.720666999999999916e+03
-3.706931000000000040e+03
-3.665722999999999956e+03
-3.649016000000000076e+03
-3.655327999999999975e+03
-3.636764999999999873e+03
-3.659039999999999964e+03
-3.672034000000000106e+03
-3.661268000000000029e+03
-3.683541999999999916e+03
-3.682800000000000182e+03
-3.689481999999999971e+03
-3.682429000000000087e+03
-3.697278999999999996e+03
-3.640849000000000160e+03
-3.722894999999999982e+03
-3.722523999999999887e+03
-3.674632999999999811e+03
-3.706931000000000040e+03
-3.703219000000000051e+03
-3.703590000000000146e+03
-3.677231000000000222e+03
-3.733661000000000058e+03
-3.691338999999999942e+03
-3.738858999999999924e+03
-3.754451000000000022e+03
-3.728835000000000036e+03
-3.750367000000000189e+03
-3.738115999999999985e+03
-3.773385000000000218e+03
-3.740715000000000146e+03
-3.750739000000000033e+03
-3.739972999999999956e+03
-3.718068999999999960e+03
-3.755565000000000055e+03
-3.750739000000000033e+03
-3.732918999999999869e+03
-3.745170000000000073e+03
-3.785635999999999967e+03
-3.752594999999999800e+03
-3.762989999999999782e+03
-3.771900000000000091e+03
-3.774869999999999891e+03
-3.778954000000000178e+03
-3.777840000000000146e+03
-3.799373000000000047e+03
-3.792318999999999960e+03
-3.810510000000000218e+03
-3.773385000000000218e+03
-3.785264999999999873e+03
-3.745913000000000011e+03
-3.767074000000000069e+03
-3.774869999999999891e+03
-3.734403999999999996e+03
-3.752965999999999894e+03
-3.748510999999999967e+03
-3.748510999999999967e+03
-3.695793999999999869e+03
-3.727721000000000004e+03
-3.775240999999999985e+03
-3.729206000000000131e+03
-3.760391000000000076e+03
-3.742199999999999818e+03
-3.738487999999999829e+03
-3.759648999999999887e+03
-3.752224000000000160e+03
-3.771900000000000091e+03
-3.777840000000000146e+03
-3.830557999999999993e+03
-3.764474999999999909e+03
-3.801228999999999814e+03
-3.778583000000000084e+03
-3.807168999999999869e+03
-3.809025000000000091e+03
-3.803456000000000131e+03
-3.775240999999999985e+03
-3.800114999999999782e+03
-3.799744000000000142e+03
-3.776726000000000113e+03
-3.800485999999999876e+03
-3.726978999999999814e+03
-3.716583999999999833e+03
-3.750367000000000189e+03
-3.753338000000000193e+03
-3.746284000000000106e+03
-3.756679000000000087e+03
-3.763360999999999876e+03
-3.777840000000000146e+03
-3.757791999999999916e+03
-3.786007999999999811e+03
-3.782666000000000167e+03
-3.759648999999999887e+03
-3.811251999999999953e+03
-3.782295000000000073e+03
-3.773014000000000124e+03
-3.805313000000000102e+03
-3.817934999999999945e+03
-3.785264999999999873e+03
-3.816449999999999818e+03
-3.821275999999999840e+03
-3.767815999999999804e+03
-3.780809999999999945e+03
-3.738487999999999829e+03
-3.767074000000000069e+03
-3.756679000000000087e+03
-3.783409000000000106e+03
-3.762619000000000142e+03
-3.762989999999999782e+03
-3.804199000000000069e+03
-3.762619000000000142e+03
-3.853204000000000178e+03
-3.797144999999999982e+03
-3.809396000000000186e+03
-3.836498000000000047e+03
-3.797887000000000171e+03
-3.813851000000000113e+03
-3.820534000000000106e+03
-3.836126000000000204e+03
-3.811623999999999796e+03
-3.855802000000000135e+03
-3.823875000000000000e+03
-3.843922999999999774e+03
-3.861000000000000000e+03
-3.816449999999999818e+03
-3.839467999999999847e+03
-3.872137000000000171e+03
-3.882161000000000058e+03
-3.820163000000000011e+03
-3.844664999999999964e+03
-3.842438000000000102e+03
-3.814965000000000146e+03
-3.810880999999999858e+03
-3.844293999999999869e+03
-3.824246000000000095e+03
-3.834269999999999982e+03
-3.858400999999999840e+03
-3.812737999999999829e+03
-3.854318000000000211e+03
-3.843922999999999774e+03
-3.833527999999999793e+03
-3.846893000000000029e+03
-3.833155999999999949e+03
-3.840952999999999975e+03
-3.832041999999999916e+03
-3.866568999999999960e+03
-3.844664999999999964e+03
-3.856545000000000073e+03
-3.876592999999999847e+03
-3.884760000000000218e+03
-3.883646000000000186e+03
-3.901838000000000193e+03
-3.915202999999999975e+03
-3.915202999999999975e+03
-3.943789000000000215e+03
-3.911489999999999782e+03
-3.914460000000000036e+03
-3.928938999999999851e+03
-3.933393999999999778e+03
-3.914831000000000131e+03
-3.940076000000000022e+03
-3.912231999999999971e+03
-3.888472999999999956e+03
-3.918543999999999869e+03
-3.849119999999999891e+03
-3.901094999999999800e+03
-3.889958000000000084e+03
-3.898496000000000095e+03
-3.891070999999999913e+03
-3.886987999999999829e+03
-3.880675999999999931e+03
-3.932650999999999840e+03
-3.948244000000000142e+03
-3.911860999999999876e+03
-3.936364000000000033e+03
-3.989081000000000131e+03
-3.942675000000000182e+03
-3.957153999999999996e+03
-3.967920000000000073e+03
-3.976458999999999833e+03
-3.947873000000000047e+03
-3.984626000000000204e+03
-3.980914000000000215e+03
-3.984998000000000047e+03
-4.002818000000000211e+03
-4.004673999999999978e+03
-3.986481999999999971e+03
-4.001333000000000084e+03
-4.016925000000000182e+03
-4.029918999999999869e+03
-4.047367000000000189e+03
-4.038085999999999785e+03
-4.029547999999999774e+03
-4.044396999999999935e+03
-4.050338000000000193e+03
-4.065188000000000102e+03
-4.077068000000000211e+03
-4.073355000000000018e+03
-4.077068000000000211e+03
-4.080409000000000106e+03
-4.091916999999999916e+03
-4.107510000000000218e+03
-4.109737000000000080e+03
-4.154658999999999651e+03
-4.117533999999999651e+03
-4.128671000000000276e+03
-4.130527000000000044e+03
-4.145006000000000313e+03
-4.115677999999999884e+03
-4.141664999999999964e+03
-4.159855999999999767e+03
-4.111594000000000051e+03
-4.173592999999999847e+03
-4.126814999999999600e+03
-4.151317000000000007e+03
-4.181389000000000124e+03
-4.159855999999999767e+03
-4.174335000000000036e+03
-4.170993999999999687e+03
-4.180274999999999636e+03
-4.144264000000000124e+03
-4.192154999999999745e+03
-4.191412999999999556e+03
-4.185100999999999658e+03
-4.200323000000000320e+03
-4.222969000000000051e+03
-4.230765000000000327e+03
-4.227052999999999884e+03
-4.243387999999999920e+03
-4.242274000000000342e+03
-4.263805999999999585e+03
-4.277171000000000276e+03
-4.206262999999999920e+03
-4.176190999999999804e+03
-4.182131000000000313e+03
-4.224082999999999629e+03
-4.188814000000000306e+03
-4.206634000000000015e+03
-4.198837000000000444e+03
