-1.754155999999999949e+03
-1.818383000000000038e+03
-1.809101000000000113e+03
-1.786084000000000060e+03
-1.835088999999999942e+03
-1.839914999999999964e+03
-1.829891000000000076e+03
-1.874441000000000031e+03
-1.900057000000000016e+03
-1.885208000000000084e+03
-1.891519000000000005e+03
-1.918249000000000024e+03
-1.929015000000000100e+03
-1.927901000000000067e+03
-1.925301999999999907e+03
-1.904512999999999920e+03
-1.955002999999999929e+03
-1.984702999999999975e+03
-1.969480999999999995e+03
-2.018115000000000009e+03
-2.020343000000000075e+03
-1.993240999999999985e+03
-2.007720000000000027e+03
-2.025539999999999964e+03
-2.022199000000000069e+03
-2.042989000000000033e+03
-2.049300000000000182e+03
-2.050414000000000215e+03
-2.077143999999999778e+03
-2.102389000000000124e+03
-2.104615999999999985e+03
-2.096820000000000164e+03
-2.123550000000000182e+03
-2.126148999999999887e+03
-2.127262000000000171e+03
-2.127634000000000015e+03
-2.142112999999999829e+03
-2.145454000000000178e+03
-2.152135999999999967e+03
-2.128376000000000204e+03
-2.189260999999999967e+03
-2.181465000000000146e+03
-2.179237999999999829e+03
-2.202998000000000047e+03
-2.199655999999999949e+03
-2.193715999999999894e+03
-2.228985000000000127e+03
-2.232326000000000022e+03
-2.219333000000000084e+03
-2.241235999999999876e+03
-2.252373999999999796e+03
-2.239380000000000109e+03
-2.273534999999999854e+03
-2.296552000000000135e+03
-2.230099000000000160e+03
-2.296181000000000040e+03
-2.315114999999999782e+03
-2.252373999999999796e+03
-2.288014000000000124e+03
-2.319199000000000069e+03
-2.273905999999999949e+03
-2.303235000000000127e+03
-2.336646999999999935e+03
-2.312887000000000171e+03
-2.349269999999999982e+03
-2.339989000000000033e+03
-2.311030999999999949e+03
-2.361521000000000186e+03
-2.348898999999999887e+03
-2.361893000000000029e+03
-2.372659000000000106e+03
-2.376742000000000189e+03
-2.360778999999999996e+03
-2.393820000000000164e+03
-2.421664000000000215e+03
-2.417579999999999927e+03
-2.398646000000000186e+03
-2.401244999999999891e+03
-2.402358999999999924e+03
-2.394563000000000102e+03
-2.442824999999999818e+03
-2.466585000000000036e+03
-2.421291999999999916e+03
-2.468813000000000102e+03
-2.511876999999999953e+03
-2.449135999999999967e+03
-2.488489000000000033e+03
-2.543434000000000196e+03
-2.472896000000000186e+03
-2.494057999999999993e+03
-2.497769999999999982e+03
-2.485889999999999873e+03
-2.503338999999999942e+03
-2.492943999999999960e+03
-2.485518999999999778e+03
-2.518559999999999945e+03
-2.545289999999999964e+03
-2.507050999999999931e+03
-2.539721000000000004e+03
-2.533409999999999854e+03
-2.520416000000000167e+03
-2.550115999999999985e+03
-2.542320000000000164e+03
-2.549373999999999796e+03
-2.551230000000000018e+03
-2.537494000000000142e+03
-2.543434000000000196e+03
-2.563481000000000222e+03
-2.523385999999999967e+03
-2.564965999999999894e+03
-2.567565000000000055e+03
-2.569420999999999822e+03
-2.563110000000000127e+03
-2.566451000000000022e+03
-2.577960000000000036e+03
-2.574989999999999782e+03
-2.561996000000000095e+03
-2.611744000000000142e+03
-2.564965999999999894e+03
-2.587240999999999985e+03
-2.601349000000000160e+03
-2.593181000000000040e+03
-2.577217999999999847e+03
-2.583528999999999996e+03
-2.582786000000000058e+03
-2.585385000000000218e+03
-2.604690000000000055e+03
-2.589469000000000051e+03
-2.597635999999999967e+03
-2.598378999999999905e+03
-2.619911000000000058e+03
-2.619539999999999964e+03
-2.616570000000000164e+03
-2.634760999999999967e+03
-2.645527999999999793e+03
-2.664833000000000084e+03
-2.668545000000000073e+03
-2.684509000000000015e+03
-2.665574999999999818e+03
-2.645155999999999949e+03
-2.638474000000000160e+03
-2.663719000000000051e+03
-2.660376999999999953e+03
-2.658893000000000029e+03
-2.684137000000000171e+03
-2.664090000000000146e+03
-2.681909999999999854e+03
-2.664090000000000146e+03
-2.677826000000000022e+03
-2.689706000000000131e+03
-2.675969999999999800e+03
-2.674485000000000127e+03
-2.697873999999999796e+03
-2.689335000000000036e+03
-2.689335000000000036e+03
-2.706413000000000011e+03
-2.723860999999999876e+03
-2.700844000000000051e+03
-2.715693999999999960e+03
-2.759501000000000204e+03
-2.726088999999999942e+03
-2.713465999999999894e+03
-2.752818999999999960e+03
-2.737226000000000113e+03
-2.753190000000000055e+03
-2.795512000000000171e+03
-2.771380999999999858e+03
-2.771380999999999858e+03
-2.767668999999999869e+03
-2.781775999999999840e+03
-2.790315000000000055e+03
-2.777693000000000211e+03
-2.775465000000000146e+03
-2.762471000000000004e+03
-2.819643999999999778e+03
-2.807393000000000029e+03
-2.781034000000000106e+03
-2.795884000000000015e+03
-2.768411000000000058e+03
-2.737226000000000113e+03
-2.770268000000000029e+03
-2.799224999999999909e+03
-2.747250000000000000e+03
-2.739454000000000178e+03
-2.752076000000000022e+03
-2.718291999999999916e+03
-2.716807999999999993e+03
-2.727574000000000069e+03
-2.727202999999999975e+03
-2.706413000000000011e+03
-2.744650999999999840e+03
-2.701585999999999785e+03
-2.683766000000000076e+03
-2.691190999999999804e+03
-2.679311000000000149e+03
-2.650724999999999909e+03
-2.665945999999999913e+03
-2.654809000000000196e+03
-2.655179999999999836e+03
-2.673000000000000000e+03
-2.655550999999999931e+03
-2.655550999999999931e+03
-2.678940000000000055e+03
-2.646641000000000076e+03
-2.673371000000000095e+03
-2.704556000000000040e+03
-2.687478999999999814e+03
-2.679682999999999993e+03
-2.706784000000000106e+03
-2.696389000000000124e+03
-2.699358999999999924e+03
-2.721262000000000171e+03
-2.694903999999999996e+03
-2.698615999999999985e+03
-2.727574000000000069e+03
-2.734255999999999858e+03
-2.727574000000000069e+03
-2.711610000000000127e+03
-2.715322999999999865e+03
-2.728315999999999804e+03
-2.741681000000000040e+03
-2.754304000000000087e+03
-2.766554999999999836e+03
-2.757273999999999887e+03
-2.766925999999999931e+03
-2.771380999999999858e+03
-2.789572999999999865e+03
-2.784375000000000000e+03
-2.780291000000000167e+03
-2.793284999999999854e+03
-2.791800000000000182e+03
-2.795884000000000015e+03
-2.805536000000000058e+03
-2.786603000000000065e+03
-2.793284999999999854e+03
-2.801452999999999975e+03
-2.800710000000000036e+03
-2.786974000000000160e+03
-2.812219000000000051e+03
-2.812219000000000051e+03
-2.820014999999999873e+03
-2.815931000000000040e+03
-2.817045000000000073e+03
-2.824099000000000160e+03
-2.824469999999999800e+03
-2.819271999999999935e+03
-2.817416000000000167e+03
-2.842289999999999964e+03
-2.842661000000000058e+03
-2.833380000000000109e+03
-2.867534999999999854e+03
-2.829295999999999822e+03
-2.827811000000000149e+03
-2.887210999999999785e+03
-2.858253999999999905e+03
-2.849344000000000051e+03
-2.869762000000000171e+03
-2.848230000000000018e+03
-2.833751000000000204e+03
-2.870505000000000109e+03
-2.854170000000000073e+03
-2.856768999999999778e+03
-2.874588999999999942e+03
-2.877559000000000196e+03
-2.887583000000000084e+03
-2.892780000000000200e+03
-2.897606000000000222e+03
-2.863079999999999927e+03
-2.860481000000000222e+03
-2.854541000000000167e+03
-2.845260000000000218e+03
-2.862708999999999833e+03
-2.850829000000000178e+03
-2.796998000000000047e+03
-2.803679999999999836e+03
-2.770268000000000029e+03
-2.753190000000000055e+03
-2.778806000000000040e+03
-2.776949999999999818e+03
-2.756530999999999949e+03
-2.764699000000000069e+03
-2.770639000000000124e+03
-2.776579000000000178e+03
-2.778063999999999851e+03
-2.787344999999999800e+03
-2.798110999999999876e+03
-2.798853999999999814e+03
-2.794398999999999887e+03
-2.768411000000000058e+03
-2.787344999999999800e+03
-2.785117000000000189e+03
-2.776949999999999818e+03
-2.776208000000000084e+03
-2.793655999999999949e+03
-2.791057999999999993e+03
-2.794398999999999887e+03
-2.813333000000000084e+03
-2.784375000000000000e+03
-2.773980000000000018e+03
-2.778806000000000040e+03
-2.780663000000000011e+03
-2.794398999999999887e+03
-2.802195000000000164e+03
-2.812219000000000051e+03
-2.811847000000000207e+03
-2.831523999999999887e+03
-2.803309000000000196e+03
-2.805164999999999964e+03
-2.833009000000000015e+03
-2.835606999999999971e+03
-2.819271999999999935e+03
-2.857139999999999873e+03
-2.839320000000000164e+03
-2.848972000000000207e+03
-2.825213000000000193e+03
-2.827440000000000055e+03
-2.827811000000000149e+03
-2.841918999999999869e+03
-2.835235999999999876e+03
-2.833009000000000015e+03
-2.842289999999999964e+03
-2.844146000000000186e+03
-2.863451000000000022e+03
-2.870134000000000015e+03
-2.880528999999999996e+03
-2.864565000000000055e+03
-2.884983999999999924e+03
-2.902432999999999993e+03
-2.898719999999999800e+03
-2.895750000000000000e+03
-2.908744000000000142e+03
-2.896864000000000033e+03
-2.905030999999999949e+03
-2.917653999999999996e+03
-2.912085000000000036e+03
-2.912085000000000036e+03
-2.935103000000000065e+03
-2.918025000000000091e+03
-2.928791000000000167e+03
-2.924708000000000084e+03
-2.915797999999999774e+03
-2.933246000000000095e+03
-2.923222000000000207e+03
-2.924708000000000084e+03
-2.957748999999999796e+03
-2.950324000000000069e+03
-2.942898999999999887e+03
-2.979280999999999949e+03
-2.920251999999999953e+03
-2.917282000000000153e+03
-2.920623999999999796e+03
-2.916911000000000058e+03
-2.898719999999999800e+03
-2.924708000000000084e+03
-2.942898999999999887e+03
-2.924708000000000084e+03
-2.935474000000000160e+03
-2.955521000000000186e+03
-2.927306000000000040e+03
-2.949952999999999975e+03
-2.963318000000000211e+03
-2.937701000000000022e+03
-2.954778999999999996e+03
-2.967771999999999935e+03
-2.956635000000000218e+03
-2.985592999999999847e+03
-2.993018000000000029e+03
-2.968143999999999778e+03
-2.959605000000000018e+03
-2.964059999999999945e+03
-2.957005999999999858e+03
-2.952179999999999836e+03
-2.987449000000000069e+03
-2.957748999999999796e+03
-2.989304999999999836e+03
-2.998585999999999785e+03
-2.987820000000000164e+03
-3.003041000000000167e+03
-3.020860999999999876e+03
-3.010465999999999894e+03
-3.015291999999999916e+03
-3.029400000000000091e+03
-3.005639999999999873e+03
-3.019748000000000047e+03
-3.035710999999999785e+03
-3.006382999999999811e+03
-3.027172999999999774e+03
-3.043507999999999811e+03
-3.037568000000000211e+03
-3.030143000000000029e+03
-3.066896000000000186e+03
-3.051304000000000087e+03
-3.064668999999999869e+03
-3.088429000000000087e+03
-3.080260999999999967e+03
-3.063925999999999931e+03
-3.083231000000000222e+03
-3.082117000000000189e+03
-3.083231000000000222e+03
-3.107733999999999924e+03
-3.091027999999999793e+03
-3.089170999999999822e+03
-3.127039000000000215e+03
-3.124068999999999960e+03
-3.109590000000000146e+03
-3.132235999999999876e+03
-3.108847000000000207e+03
-3.084344999999999800e+03
-3.104393000000000029e+03
-3.104021000000000186e+03
-3.066153999999999996e+03
-3.056873000000000047e+03
