-4.281626000000000204e+03
-4.271974000000000160e+03
-4.306500000000000000e+03
-4.289051000000000386e+03
-4.242274000000000342e+03
-4.328404000000000451e+03
-4.283854000000000269e+03
-4.275686999999999898e+03
-4.303529999999999745e+03
-4.336199999999999818e+03
-4.278284999999999854e+03
-4.312069000000000415e+03
-4.322463999999999942e+03
-4.315409999999999854e+03
-4.357360999999999876e+03
-4.332859000000000378e+03
-4.335086000000000240e+03
-4.348823000000000320e+03
-4.379636000000000422e+03
-4.347337000000000444e+03
-4.360703000000000429e+03
-4.390402000000000044e+03
-4.345109999999999673e+03
-4.373695999999999913e+03
-4.405252000000000407e+03
-4.415646999999999935e+03
-4.408965000000000146e+03
-4.436438000000000102e+03
-4.405623999999999796e+03
-4.376295000000000073e+03
-4.416761000000000422e+03
-4.422329999999999927e+03
-4.423814999999999600e+03
-4.391887999999999920e+03
-4.425300000000000182e+03
-4.444975999999999658e+03
-4.461682999999999993e+03
-4.411935000000000400e+03
-4.462796000000000276e+03
-4.490269000000000233e+03
-4.467993999999999687e+03
-4.493980999999999767e+03
-4.495466000000000349e+03
-4.510315999999999804e+03
-4.480615999999999985e+03
-4.459826000000000022e+03
-4.505860999999999876e+03
-4.519597999999999956e+03
-4.528506999999999607e+03
-4.499550000000000182e+03
-4.545213999999999942e+03
-4.515143000000000029e+03
-4.501034999999999854e+03
-4.522567000000000007e+03
-4.506975000000000364e+03
-4.527021999999999935e+03
-4.509573999999999614e+03
-4.565631999999999607e+03
-4.496951000000000022e+03
-4.557836000000000240e+03
-4.544470999999999549e+03
-4.577140999999999622e+03
-4.506975000000000364e+03
-4.570458999999999833e+03
-4.554123999999999796e+03
-4.572314999999999600e+03
-4.569716000000000349e+03
-4.567859999999999673e+03
-4.577140999999999622e+03
-4.571573000000000320e+03
-4.572686999999999898e+03
-4.590135000000000218e+03
-4.611667000000000371e+03
-4.548184000000000196e+03
-4.565261000000000422e+03
-4.591990999999999985e+03
-4.593475999999999658e+03
-4.566375000000000000e+03
-4.621319999999999709e+03
-4.609439999999999600e+03
-4.580481999999999971e+03
-4.632457999999999629e+03
-4.630972999999999956e+03
-4.624289999999999964e+03
-4.640996000000000095e+03
-4.636912999999999556e+03
-4.598673999999999978e+03
-4.663270999999999731e+03
-4.644337000000000444e+03
-4.653618999999999687e+03
-4.677006999999999607e+03
-4.652505000000000109e+03
-4.623546999999999571e+03
-4.639881999999999607e+03
-4.666240999999999985e+03
-4.636542000000000371e+03
-4.632086000000000240e+03
-4.648421000000000276e+03
-4.591619999999999891e+03
-4.632457999999999629e+03
-4.624289999999999964e+03
-4.619835000000000036e+03
-4.620206000000000131e+03
-4.626145999999999731e+03
-4.561177999999999884e+03
-4.566003999999999905e+03
-4.615380000000000109e+03
-4.564890000000000327e+03
-4.582338999999999942e+03
-4.587164999999999964e+03
-4.531849000000000160e+03
-4.533704999999999927e+03
-4.553010000000000218e+03
-4.547440999999999804e+03
-4.538159999999999854e+03
-4.554865999999999985e+03
-4.578626000000000204e+03
-4.516998999999999796e+03
-4.571944000000000415e+03
-4.564146999999999935e+03
-4.516998999999999796e+03
-4.577884000000000015e+03
-4.519969000000000051e+03
-4.540015999999999622e+03
-4.519969000000000051e+03
-4.502890999999999622e+03
-4.515885000000000218e+03
-4.520711000000000240e+03
-4.486927999999999884e+03
-4.489525999999999840e+03
-4.526650999999999840e+03
-4.540387999999999920e+03
-4.487670000000000073e+03
-4.548555000000000291e+03
-4.484699999999999818e+03
-4.532962000000000444e+03
-4.523680999999999585e+03
-4.532591000000000349e+03
-4.513658000000000357e+03
-4.536675000000000182e+03
-4.534076000000000022e+03
-4.493609999999999673e+03
-4.480987000000000080e+03
-4.498436999999999898e+03
-4.488412999999999556e+03
-4.527394000000000233e+03
-4.507345999999999549e+03
-4.508088999999999942e+03
-4.519225999999999658e+03
-4.507717999999999847e+03
-4.538530999999999949e+03
-4.537046000000000276e+03
-4.508088999999999942e+03
-4.528506999999999607e+03
-4.532220000000000255e+03
-4.565631999999999607e+03
-4.517740999999999985e+03
-4.541501000000000204e+03
-4.554865999999999985e+03
-4.515143000000000029e+03
-4.577512999999999920e+03
-4.505489999999999782e+03
-4.541872999999999593e+03
-4.573429000000000087e+03
-4.559692000000000007e+03
-4.533704999999999927e+03
-4.532220000000000255e+03
-4.580481999999999971e+03
-4.557094000000000051e+03
-4.602015000000000327e+03
-4.588279000000000451e+03
-4.577884000000000015e+03
-4.596074999999999818e+03
-4.560805999999999585e+03
-4.574542000000000371e+03
-4.578255000000000109e+03
-4.626889000000000124e+03
-4.574913999999999760e+03
-4.596817000000000007e+03
-4.635427999999999884e+03
-4.577140999999999622e+03
-4.626889000000000124e+03
-4.655845999999999549e+03
-4.601271999999999935e+03
-4.638396999999999935e+03
-4.665869999999999891e+03
-4.612780999999999949e+03
-4.668840000000000146e+03
-4.655845999999999549e+03
-4.607583999999999833e+03
-4.654360999999999876e+03
-4.651762999999999920e+03
-4.619835000000000036e+03
-4.644708999999999833e+03
-4.648421000000000276e+03
-4.636542000000000371e+03
-4.668840000000000146e+03
-4.651390999999999622e+03
-4.669582999999999629e+03
-4.691485999999999876e+03
-4.673295000000000073e+03
-4.686659999999999854e+03
-4.684432999999999993e+03
-4.612780999999999949e+03
-4.591248999999999796e+03
-4.602756999999999607e+03
-4.648792000000000371e+03
-4.623918999999999869e+03
-4.606099000000000160e+03
-4.639881999999999607e+03
-4.620948999999999614e+03
-4.625033000000000357e+03
-4.653247999999999593e+03
-4.661414999999999964e+03
-4.652505000000000109e+03
-4.699283000000000357e+03
-4.644337000000000444e+03
-4.626889000000000124e+03
-4.676636000000000422e+03
-4.676265000000000327e+03
-4.664385000000000218e+03
-4.724155999999999949e+03
-4.688515999999999622e+03
-4.659930000000000291e+03
-4.672180999999999585e+03
-4.701881000000000313e+03
-4.692600000000000364e+03
-4.708192000000000007e+03
-4.739006000000000313e+03
-4.704109000000000378e+03
-4.718958999999999833e+03
-4.713761000000000422e+03
-4.695940999999999804e+03
-4.763509000000000015e+03
-4.708564000000000306e+03
-4.691856999999999971e+03
-4.733438000000000102e+03
-4.706336000000000240e+03
-4.718216000000000349e+03
-4.739748999999999796e+03
-4.724155999999999949e+03
-4.709305999999999585e+03
-4.750144000000000233e+03
-4.752371000000000095e+03
-4.743832999999999629e+03
-4.754970000000000255e+03
-4.738264000000000124e+03
-4.772789999999999964e+03
-4.734551000000000386e+03
-4.747545000000000073e+03
-4.744203999999999724e+03
-4.778729999999999563e+03
-4.764622999999999593e+03
-4.730467999999999847e+03
-4.767220999999999549e+03
-4.763509000000000015e+03
-4.747917000000000371e+03
-4.761652000000000044e+03
-4.787269000000000233e+03
-4.740862000000000080e+03
-4.769448999999999614e+03
-4.780215000000000146e+03
-4.744574999999999818e+03
-4.799149000000000342e+03
-4.781699999999999818e+03
-4.760538999999999760e+03
-4.737893000000000029e+03
-4.797663999999999760e+03
-4.765735999999999876e+03
-4.769078000000000429e+03
-4.780215000000000146e+03
-4.785042000000000371e+03
-4.791353000000000065e+03
-4.803975000000000364e+03
-4.770934000000000196e+03
-4.783927999999999884e+03
-4.808801000000000386e+03
-4.777244999999999891e+03
-4.803604000000000269e+03
-4.827734999999999673e+03
-4.795436999999999898e+03
-4.793579999999999927e+03
-4.867829999999999927e+03
-4.777615999999999985e+03
-4.843328000000000429e+03
-4.839243999999999687e+03
-4.815484000000000378e+03
-4.813627000000000407e+03
-4.877854000000000269e+03
-4.819939000000000306e+03
-4.836274000000000342e+03
-4.867829999999999927e+03
-4.834417000000000371e+03
-4.823650999999999840e+03
-4.880081000000000131e+03
-4.832932999999999993e+03
-4.868201000000000022e+03
-4.861519000000000233e+03
-4.869314999999999600e+03
-4.854836000000000240e+03
-4.855949999999999818e+03
-4.873770000000000437e+03
-4.880081000000000131e+03
-4.881194999999999709e+03
-4.872655999999999949e+03
-4.870057999999999993e+03
-4.875255000000000109e+03
-4.872655999999999949e+03
-4.896417000000000371e+03
-4.899756999999999607e+03
-4.914235999999999876e+03
-4.881194999999999709e+03
-4.890104999999999563e+03
-4.870429000000000087e+03
-4.890847999999999956e+03
-4.889362000000000080e+03
-4.919434000000000196e+03
-4.875255000000000109e+03
-4.917948999999999614e+03
-4.885279000000000451e+03
-4.891219000000000051e+03
-4.895673999999999978e+03
-4.925373999999999796e+03
-4.907182999999999993e+03
-4.930199999999999818e+03
-4.924631000000000313e+03
-4.881938000000000102e+03
-4.898644000000000233e+03
-4.904954999999999927e+03
-4.906069000000000415e+03
-4.925744999999999891e+03
-4.908667000000000371e+03
-4.939109999999999673e+03
-4.926115999999999985e+03
-4.962498999999999796e+03
-4.919063000000000102e+03
-4.930199999999999818e+03
-4.956930000000000291e+03
-4.939109999999999673e+03
-4.955444999999999709e+03
-4.944307999999999993e+03
-4.967695999999999913e+03
-4.957671999999999571e+03
-4.977720000000000255e+03
-4.975121000000000095e+03
-4.995168999999999869e+03
-4.978091000000000349e+03
-4.988114999999999782e+03
-5.012618000000000393e+03
-4.987372999999999593e+03
-4.969923999999999978e+03
-4.984402000000000044e+03
-5.006305999999999585e+03
-4.996283000000000357e+03
-4.981432999999999993e+03
-4.999994999999999891e+03
-4.995168999999999869e+03
-4.992198999999999614e+03
-4.999623999999999796e+03
-4.978462000000000444e+03
-4.979948000000000320e+03
-5.020413999999999760e+03
-5.010019000000000233e+03
-4.992569999999999709e+03
-5.034520999999999731e+03
-4.987743999999999687e+03
-4.998139000000000124e+03
-5.012618000000000393e+03
-4.985145000000000437e+03
-5.018186999999999898e+03
-5.029694999999999709e+03
-4.993684000000000196e+03
-5.011875000000000000e+03
-5.037862000000000080e+03
-5.005564000000000306e+03
-5.038234000000000378e+03
-5.034893000000000029e+03
-5.051599000000000160e+03
-5.028953000000000429e+03
-5.047515000000000327e+03
-5.023012999999999920e+03
-5.019300000000000182e+03
-5.070904000000000451e+03
-5.036377000000000407e+03
-5.062735999999999876e+03
-5.063850000000000364e+03
-5.052341000000000349e+03
-5.031180000000000291e+03
-5.077215000000000146e+03
-5.044917000000000371e+03
-5.029323999999999614e+03
-5.093179000000000087e+03
-5.061622999999999593e+03
-5.051599000000000160e+03
-5.090951000000000022e+03
-5.099118999999999687e+03
-5.082042000000000371e+03
-5.122506999999999607e+03
-5.079814000000000306e+03
-5.082412999999999556e+03
-5.094292000000000371e+03
-5.101345999999999549e+03
-5.071645999999999731e+03
-5.142184000000000196e+03
-5.098005000000000109e+03
-5.106171999999999571e+03
-5.126962000000000444e+03
-5.133645000000000437e+03
-5.149609000000000378e+03
-5.134759000000000015e+03
-5.145895999999999731e+03
-5.143296999999999571e+03
