-5.839763000000000375e+02
-6.058799999999999955e+02
-6.110774999999999864e+02
-6.177599999999999909e+02
-6.418912000000000262e+02
-6.545136999999999716e+02
-6.760462999999999738e+02
-6.972074999999999818e+02
-7.217100000000000364e+02
-7.127999999999999545e+02
-7.428713000000000193e+02
-7.413862000000000307e+02
-7.347037000000000262e+02
-7.929900000000000091e+02
-7.532662000000000262e+02
-8.204624999999999773e+02
-8.282586999999999762e+02
-8.018999999999999773e+02
-8.119238000000000284e+02
-8.568450000000000273e+02
-8.583300000000000409e+02
-8.587011999999999716e+02
-8.913713000000000193e+02
-8.683537999999999784e+02
-8.902575000000000500e+02
-8.694674999999999727e+02
-8.858025000000000091e+02
-9.236699999999999591e+02
-9.414900000000000091e+02
-9.481725000000000136e+02
-9.455737000000000307e+02
-9.622799999999999727e+02
-9.511425000000000409e+02
-9.945787000000000262e+02
-1.013140999999999963e+03
-9.960638000000000147e+02
-1.020566000000000031e+03
-1.037644000000000005e+03
-1.047666999999999916e+03
-1.038758000000000038e+03
-1.016854000000000042e+03
-1.022793999999999983e+03
-1.035787000000000035e+03
-1.059175999999999931e+03
-1.051750999999999976e+03
-1.068086000000000013e+03
-1.098528999999999996e+03
-1.071798999999999978e+03
-1.097414999999999964e+03
-1.128229000000000042e+03
-1.133055000000000064e+03
-1.118576000000000022e+03
-1.156443999999999960e+03
-1.174263999999999896e+03
-1.134169000000000096e+03
-1.182801999999999907e+03
-1.216214999999999918e+03
-1.201736000000000104e+03
-1.234405999999999949e+03
-1.273016000000000076e+03
-1.230323000000000093e+03
-1.255195999999999913e+03
-1.277099999999999909e+03
-1.277843000000000075e+03
-1.303829999999999927e+03
-1.280069999999999936e+03
-1.315338999999999942e+03
-1.306799999999999955e+03
-1.323134999999999991e+03
-1.280813000000000102e+03
-1.348750999999999976e+03
-1.365828999999999951e+03
-1.337984999999999900e+03
-1.384762999999999920e+03
-1.363972999999999956e+03
-1.367314000000000078e+03
-1.377709000000000060e+03
-1.393300999999999931e+03
-1.383277000000000044e+03
-1.389960000000000036e+03
-1.457898999999999887e+03
-1.430055000000000064e+03
-1.407409000000000106e+03
-1.500963999999999942e+03
-1.450845000000000027e+03
-1.477203999999999951e+03
-1.506531999999999925e+03
-1.521383000000000038e+03
-1.498365000000000009e+03
-1.491310999999999922e+03
-1.508017000000000053e+03
-1.518412000000000035e+03
-1.515814000000000078e+03
-1.549226000000000113e+03
-1.552195999999999913e+03
-1.559621000000000095e+03
-1.557394000000000005e+03
-1.567046000000000049e+03
-1.577069999999999936e+03
-1.565190000000000055e+03
-1.569644999999999982e+03
-1.580039999999999964e+03
-1.575955999999999904e+03
-1.563704999999999927e+03
-1.569644999999999982e+03
-1.591548999999999978e+03
-1.585608999999999924e+03
-1.620506000000000085e+03
-1.601943999999999960e+03
-1.618650000000000091e+03
-1.603057000000000016e+03
-1.635355999999999995e+03
-1.638698000000000093e+03
-1.615308999999999969e+03
-1.674337999999999965e+03
-1.585980000000000018e+03
-1.606398999999999887e+03
-1.661344000000000051e+03
-1.643894999999999982e+03
-1.646493999999999915e+03
-1.653175999999999931e+03
-1.651691000000000031e+03
-1.663200000000000045e+03
-1.683618999999999915e+03
-1.636098999999999933e+03
-1.682134000000000015e+03
-1.713690000000000055e+03
-1.716660000000000082e+03
-1.668396999999999935e+03
-1.689558999999999969e+03
-1.688444999999999936e+03
-1.693642000000000053e+03
-1.702551999999999907e+03
-1.744133000000000038e+03
-1.743390000000000100e+03
-1.718144999999999982e+03
-1.747845000000000027e+03
-1.751929000000000087e+03
-1.758611000000000104e+03
-1.758240000000000009e+03
-1.767520999999999958e+03
-1.798705999999999904e+03
-1.791652000000000044e+03
-1.777173999999999978e+03
-1.817269000000000005e+03
-1.839172000000000025e+03
-1.831748000000000047e+03
-1.853279999999999973e+03
-1.832118999999999915e+03
-1.849567999999999984e+03
-1.905255000000000109e+03
-1.875183999999999969e+03
-1.940894999999999982e+03
-1.929758000000000038e+03
-1.911938000000000102e+03
-1.931984999999999900e+03
-1.883722999999999956e+03
-1.895973999999999933e+03
-1.828777000000000044e+03
-1.854021999999999935e+03
-1.871471000000000004e+03
-1.891890000000000100e+03
-1.885208000000000084e+03
-1.894859999999999900e+03
-1.885208000000000084e+03
-1.924559999999999945e+03
-1.902285000000000082e+03
-1.916763999999999896e+03
-1.939410000000000082e+03
-1.929758000000000038e+03
-1.946463999999999942e+03
-1.963912000000000035e+03
-1.970595000000000027e+03
-1.974307000000000016e+03
-1.998067999999999984e+03
-2.004008000000000038e+03
-1.990270999999999958e+03
-1.995469000000000051e+03
-1.964654999999999973e+03
-1.982104000000000042e+03
-2.016259000000000015e+03
-2.007720000000000027e+03
-1.972079999999999927e+03
-2.046701000000000022e+03
-2.056353999999999814e+03
-2.024797000000000025e+03
-2.065264000000000124e+03
-2.084197999999999865e+03
-2.044103000000000065e+03
-2.059695000000000164e+03
-2.045215999999999894e+03
-2.031480000000000018e+03
-2.008462999999999965e+03
-2.035934999999999945e+03
-2.042246000000000095e+03
-2.068976000000000113e+03
-2.060809000000000196e+03
-2.040019000000000005e+03
-2.048186000000000149e+03
-2.062293999999999869e+03
-2.054126000000000204e+03
-2.064521000000000186e+03
-2.062664999999999964e+03
-2.059324000000000069e+03
-2.072318000000000211e+03
-2.106844000000000051e+03
-2.121322999999999865e+03
-2.062293999999999869e+03
-2.068605000000000018e+03
-2.063036000000000058e+03
-2.064150000000000091e+03
-2.102389000000000124e+03
-2.054869000000000142e+03
-2.091623000000000047e+03
-2.116496000000000095e+03
-2.106101000000000113e+03
-2.115010999999999967e+03
-2.133945000000000164e+03
-2.111298999999999978e+03
-2.102018000000000029e+03
-2.137286000000000058e+03
-2.137286000000000058e+03
-2.126891000000000076e+03
-2.162159999999999854e+03
-2.181465000000000146e+03
-2.156590999999999894e+03
-2.145454000000000178e+03
-2.191489000000000033e+03
-2.160675000000000182e+03
-2.153992000000000189e+03
-2.165130000000000109e+03
-2.159932999999999993e+03
-2.113525999999999840e+03
-2.130603999999999814e+03
-2.098675999999999931e+03
-2.093849999999999909e+03
-2.072318000000000211e+03
-2.037790999999999940e+03
-2.058210000000000036e+03
-2.054869000000000142e+03
-2.096077999999999975e+03
-2.099047999999999774e+03
-2.088280999999999949e+03
-2.130231999999999971e+03
-2.122065000000000055e+03
-2.107215000000000146e+03
-2.140998999999999796e+03
-2.122436000000000149e+03
-2.142483999999999924e+03
-2.158818999999999960e+03
-2.147681000000000040e+03
-2.168471000000000004e+03
-2.153992000000000189e+03
-2.164759000000000015e+03
-2.170699000000000069e+03
-2.167356999999999971e+03
-2.152135999999999967e+03
-2.158076000000000022e+03
-2.152135999999999967e+03
-2.146938999999999851e+03
-2.173297999999999774e+03
-2.158447999999999865e+03
-2.173668999999999869e+03
-2.197429000000000087e+03
-2.199655999999999949e+03
-2.207081000000000131e+03
-2.198541999999999916e+03
-2.228242000000000189e+03
-2.219704000000000178e+03
-2.212278999999999996e+03
-2.186663000000000011e+03
-2.214135000000000218e+03
-2.212278999999999996e+03
-2.194829999999999927e+03
-2.196315000000000055e+03
-2.138028999999999996e+03
-2.103873999999999796e+03
-2.134688000000000102e+03
-2.143226000000000113e+03
-2.092364999999999782e+03
-2.125034999999999854e+03
-2.108699999999999818e+03
-2.129489999999999782e+03
-2.109070999999999913e+03
-2.107585999999999785e+03
-2.104244999999999891e+03
-2.115753999999999905e+03
-2.114639999999999873e+03
-2.156961999999999989e+03
-2.141740999999999985e+03
-2.164759000000000015e+03
-2.163644999999999982e+03
-2.148423999999999978e+03
-2.148423999999999978e+03
-2.129489999999999782e+03
-2.117610000000000127e+03
-2.149166000000000167e+03
-2.151021999999999935e+03
-2.134688000000000102e+03
-2.148052000000000135e+03
-2.136914999999999964e+03
-2.168471000000000004e+03
-2.164387000000000171e+03
-2.137286000000000058e+03
-2.148423999999999978e+03
-2.152878999999999905e+03
-2.147681000000000040e+03
-2.145824999999999818e+03
-2.147309999999999945e+03
-2.161416999999999916e+03
-2.142483999999999924e+03
-2.168471000000000004e+03
-2.166985999999999876e+03
-2.160304000000000087e+03
-2.174411000000000058e+03
-2.178123999999999796e+03
-2.177751999999999953e+03
-2.198541999999999916e+03
-2.199655999999999949e+03
-2.222673999999999978e+03
-2.191117000000000189e+03
-2.239009000000000015e+03
-2.191117000000000189e+03
-2.162530999999999949e+03
-2.158818999999999960e+03
-2.149166000000000167e+03
-2.138400000000000091e+03
-2.164387000000000171e+03
-2.173297999999999774e+03
-2.180351000000000113e+03
-2.212278999999999996e+03
-2.178494999999999891e+03
-2.188146999999999935e+03
-2.205596000000000004e+03
-2.204481999999999971e+03
-2.155106000000000222e+03
-2.181465000000000146e+03
-2.183693000000000211e+03
-2.173668999999999869e+03
-2.187405000000000200e+03
-2.113896999999999935e+03
-2.099789999999999964e+03
-2.116125000000000000e+03
-2.091251000000000204e+03
-2.109443000000000211e+03
-2.137286000000000058e+03
-2.132460000000000036e+03
-2.131717999999999847e+03
-2.140998999999999796e+03
-2.147309999999999945e+03
-2.118724000000000160e+03
-2.135059000000000196e+03
-2.158076000000000022e+03
-2.144710999999999785e+03
-2.172184000000000196e+03
-2.146938999999999851e+03
-2.134315999999999804e+03
-2.125405999999999949e+03
-2.137657000000000153e+03
-2.130231999999999971e+03
-2.122807999999999993e+03
-2.172554999999999836e+03
-2.134688000000000102e+03
-2.137286000000000058e+03
-2.146568000000000211e+03
-2.153621000000000095e+03
-2.157333999999999833e+03
-2.163644999999999982e+03
-2.175153999999999996e+03
-2.167356999999999971e+03
-2.178865999999999985e+03
-2.172554999999999836e+03
-2.189260999999999967e+03
-2.200769999999999982e+03
-2.178123999999999796e+03
-2.213764000000000124e+03
-2.200027999999999793e+03
-2.202255000000000109e+03
-2.212278999999999996e+03
-2.227500000000000000e+03
-2.192231000000000222e+03
-2.200027999999999793e+03
-2.223416000000000167e+03
-2.194458999999999833e+03
-2.200027999999999793e+03
-2.227500000000000000e+03
-2.215990999999999985e+03
-2.200769999999999982e+03
-2.224530000000000200e+03
-2.239751000000000204e+03
-2.230469999999999800e+03
-2.227128999999999905e+03
-2.239751000000000204e+03
-2.245690999999999804e+03
-2.244949000000000069e+03
-2.246804999999999836e+03
-2.267224000000000160e+03
-2.262025999999999840e+03
-2.252744999999999891e+03
-2.267965999999999894e+03
-2.300264999999999873e+03
-2.286900000000000091e+03
-2.255715000000000146e+03
-2.279474999999999909e+03
-2.279474999999999909e+03
-2.280588999999999942e+03
-2.302492000000000189e+03
-2.275019999999999982e+03
-2.292469000000000051e+03
-2.313630000000000109e+03
-2.306204999999999927e+03
-2.311773999999999887e+03
