-3.675374999999999659e+01
-1.054350000000000023e+02
-9.355500000000000682e+01
-1.098900000000000006e+02
-1.510988000000000113e+02
-1.403325000000000102e+02
-1.165725000000000051e+02
-1.369912999999999954e+02
-1.778288000000000011e+02
-1.503562000000000012e+02
-1.752299999999999898e+02
-2.220074999999999932e+02
-1.785713000000000079e+02
-1.767150000000000034e+02
-2.465099999999999909e+02
-2.301750000000000114e+02
-2.186662000000000035e+02
-2.673000000000000114e+02
-2.776949999999999932e+02
-2.617312999999999761e+02
-2.825212000000000216e+02
-3.047962999999999738e+02
-3.344961999999999875e+02
-3.051675000000000182e+02
-3.545437999999999761e+02
-3.861000000000000227e+02
-3.705074999999999932e+02
-3.820163000000000011e+02
-3.827588000000000079e+02
-3.968661999999999921e+02
-4.187699999999999818e+02
-4.128299999999999841e+02
-4.399311999999999898e+02
-4.247099999999999795e+02
-4.555237000000000194e+02
-4.622062999999999988e+02
-4.499549999999999841e+02
-4.792837999999999852e+02
-5.149238000000000284e+02
-4.874513000000000034e+02
-4.904212999999999738e+02
-5.290312999999999874e+02
-5.156662999999999784e+02
-5.156662999999999784e+02
-5.349713000000000420e+02
-5.665275000000000318e+02
-5.591024999999999636e+02
-5.557612000000000307e+02
-5.906588000000000420e+02
-6.344661999999999580e+02
-5.843474999999999682e+02
-6.051375000000000455e+02
-6.121912999999999556e+02
-6.196163000000000238e+02
-6.415199999999999818e+02
-6.611961999999999762e+02
-6.355800000000000409e+02
-6.378075000000000045e+02
-6.656512000000000171e+02
-6.727050000000000409e+02
-6.697350000000000136e+02
-6.741900000000000546e+02
-7.179974999999999454e+02
-6.634238000000000284e+02
-7.109438000000000102e+02
-7.369312999999999647e+02
-6.805013000000000147e+02
-7.369312999999999647e+02
-7.254225000000000136e+02
-7.194824999999999591e+02
-7.053750000000000000e+02
-7.528949999999999818e+02
-7.369312999999999647e+02
-7.610625000000000000e+02
-7.696013000000000375e+02
-7.840800000000000409e+02
-7.885349999999999682e+02
-8.007862999999999829e+02
-8.297437999999999647e+02
-8.212050000000000409e+02
-8.427374999999999545e+02
-8.568450000000000273e+02
-8.271449999999999818e+02
-8.434800000000000182e+02
-8.278875000000000455e+02
-8.312287999999999784e+02
-8.612999999999999545e+02
-8.405099999999999909e+02
-8.275162000000000262e+02
-8.568450000000000273e+02
-8.371688000000000329e+02
-8.683537999999999784e+02
-8.802337999999999738e+02
-8.627849999999999682e+02
-8.780063000000000102e+02
-9.151313000000000102e+02
-8.839461999999999762e+02
-9.047363000000000284e+02
-9.284963000000000193e+02
-9.132749999999999773e+02
-9.021375000000000455e+02
-9.492862999999999829e+02
-9.596812999999999647e+02
-9.051074999999999591e+02
-9.466875000000000000e+02
-9.229275000000000091e+02
-9.199574999999999818e+02
-9.348075000000000045e+02
-9.604238000000000284e+02
-9.526275000000000546e+02
-9.485438000000000329e+02
-9.626512000000000171e+02
-9.511425000000000409e+02
-9.741599999999999682e+02
-9.949500000000000455e+02
-9.737888000000000375e+02
-9.659924999999999500e+02
-1.004602999999999952e+03
-1.008686000000000035e+03
-1.002745999999999981e+03
-1.036529999999999973e+03
-9.786150000000000091e+02
-9.596812999999999647e+02
-1.008315000000000055e+03
-9.734175000000000182e+02
-9.745312999999999874e+02
-9.930937999999999874e+02
-1.004230999999999995e+03
-1.017596000000000004e+03
-1.019823999999999955e+03
-1.022422000000000025e+03
-1.049523999999999887e+03
-1.033559999999999945e+03
-1.068828999999999951e+03
-1.060289999999999964e+03
-1.044698000000000093e+03
-1.044326000000000022e+03
-1.061403999999999996e+03
-1.086277000000000044e+03
-1.068828999999999951e+03
-1.067714999999999918e+03
-1.087019999999999982e+03
-1.117090999999999894e+03
-1.066601000000000113e+03
-1.112635999999999967e+03
-1.108551999999999907e+03
-1.085163999999999987e+03
-1.129343000000000075e+03
-1.124886999999999944e+03
-1.096672000000000025e+03
-1.135653999999999996e+03
-1.111151000000000067e+03
-1.162384000000000015e+03
-1.172036000000000058e+03
-1.160527000000000044e+03
-1.189484999999999900e+03
-1.181317999999999984e+03
-1.164611000000000104e+03
-1.151246000000000095e+03
-1.155329999999999927e+03
-1.172036000000000058e+03
-1.164611000000000104e+03
-1.165354000000000042e+03
-1.160898999999999887e+03
-1.172778999999999996e+03
-1.194310999999999922e+03
-1.166838999999999942e+03
-1.176863000000000056e+03
-1.174263999999999896e+03
-1.134911000000000058e+03
-1.125630000000000109e+03
-1.130455999999999904e+03
-1.115234999999999900e+03
-1.095558999999999969e+03
-1.108181000000000040e+03
-1.123030999999999949e+03
-1.111151000000000067e+03
-1.138994999999999891e+03
-1.143820999999999913e+03
-1.135653999999999996e+03
-1.143450000000000045e+03
-1.179461000000000013e+03
-1.143450000000000045e+03
-1.120060999999999922e+03
-1.169438000000000102e+03
-1.168694999999999936e+03
-1.148646999999999935e+03
-1.134911000000000058e+03
-1.144192999999999984e+03
-1.186885999999999967e+03
-1.145676999999999907e+03
-1.176490999999999985e+03
-1.190228000000000065e+03
-1.169808999999999969e+03
-1.173520999999999958e+03
-1.232921000000000049e+03
-1.192084000000000060e+03
-1.154215999999999894e+03
-1.230323000000000093e+03
-1.196910000000000082e+03
-1.159785000000000082e+03
-1.188000000000000000e+03
-1.196538999999999987e+03
-1.168324000000000069e+03
-1.181317999999999984e+03
-1.226609999999999900e+03
-1.190228000000000065e+03
-1.188371000000000095e+03
-1.221040999999999940e+03
-1.205449000000000069e+03
-1.215844000000000051e+03
-1.216214999999999918e+03
-1.227723999999999933e+03
-1.225496000000000095e+03
-1.241088999999999942e+03
-1.199136999999999944e+03
-1.221784000000000106e+03
-1.237748000000000047e+03
-1.238118999999999915e+03
-1.221040999999999940e+03
-1.239232999999999947e+03
-1.255939000000000078e+03
-1.239232999999999947e+03
-1.254083000000000084e+03
-1.214730000000000018e+03
-1.244430000000000064e+03
-1.271160000000000082e+03
-1.224010999999999967e+03
-1.238861000000000104e+03
-1.248884999999999991e+03
-1.190228000000000065e+03
-1.203593000000000075e+03
-1.226980999999999995e+03
-1.198394999999999982e+03
-1.206563000000000102e+03
-1.199880000000000109e+03
-1.218814000000000078e+03
-1.225125000000000000e+03
-1.247400000000000091e+03
-1.215101000000000113e+03
-1.222896999999999935e+03
-1.241830999999999904e+03
-1.257795000000000073e+03
-1.242944999999999936e+03
-1.240346000000000004e+03
-1.246286000000000058e+03
-1.222896999999999935e+03
-1.255939000000000078e+03
-1.247770999999999958e+03
-1.260021999999999935e+03
-1.252597999999999956e+03
-1.222154999999999973e+03
-1.236634000000000015e+03
-1.274500999999999976e+03
-1.253711000000000013e+03
-1.251113000000000056e+03
-1.283781999999999925e+03
-1.251855000000000018e+03
-1.280813000000000102e+03
-1.309027000000000044e+03
-1.270416999999999916e+03
-1.270788999999999987e+03
-1.303829999999999927e+03
-1.285267000000000053e+03
-1.303087999999999965e+03
-1.319422000000000025e+03
-1.302345000000000027e+03
-1.323134999999999991e+03
-1.321650000000000091e+03
-1.304201000000000022e+03
-1.319050999999999931e+03
-1.327589999999999918e+03
-1.328703999999999951e+03
-1.334644000000000005e+03
-1.351721000000000004e+03
-1.348380000000000109e+03
-1.292692999999999984e+03
-1.313854000000000042e+03
-1.308285000000000082e+03
-1.293806000000000040e+03
-1.319422000000000025e+03
-1.307541999999999916e+03
-1.297890000000000100e+03
-1.352463999999999942e+03
-1.346523999999999887e+03
-1.329445999999999913e+03
-1.359145999999999958e+03
-1.343182000000000016e+03
-1.295662000000000035e+03
-1.326105000000000018e+03
-1.310884000000000015e+03
-1.316080999999999904e+03
-1.323134999999999991e+03
-1.324990999999999985e+03
-1.310512999999999920e+03
-1.251483999999999924e+03
-1.279327999999999975e+03
-1.278955999999999904e+03
-1.282669000000000096e+03
-1.295290999999999940e+03
-1.290094000000000051e+03
-1.284895999999999958e+03
-1.283781999999999925e+03
-1.283781999999999925e+03
-1.286752999999999929e+03
-1.300859999999999900e+03
-1.284895999999999958e+03
-1.318680000000000064e+03
-1.315710000000000036e+03
-1.310141000000000076e+03
-1.328703999999999951e+03
-1.335015000000000100e+03
-1.297146999999999935e+03
-1.315338999999999942e+03
-1.329445999999999913e+03
-1.291578999999999951e+03
-1.306057000000000016e+03
-1.343182000000000016e+03
-1.314596000000000004e+03
-1.314596000000000004e+03
-1.332415999999999940e+03
-1.348750999999999976e+03
-1.325733999999999924e+03
-1.344296000000000049e+03
-1.337984999999999900e+03
-1.351349999999999909e+03
-1.347266000000000076e+03
-1.352093000000000075e+03
-1.346523999999999887e+03
-1.339840999999999894e+03
-1.357661000000000058e+03
-1.344296000000000049e+03
-1.343924999999999955e+03
-1.356919000000000096e+03
-1.334644000000000005e+03
-1.343182000000000016e+03
-1.346894999999999982e+03
-1.337614000000000033e+03
-1.342440000000000055e+03
-1.311255000000000109e+03
-1.325733999999999924e+03
-1.328703999999999951e+03
-1.324619999999999891e+03
-1.333159000000000106e+03
-1.352463999999999942e+03
-1.336128999999999905e+03
-1.336871000000000095e+03
-1.361744999999999891e+03
-1.355063000000000102e+03
-1.318308999999999969e+03
-1.349123000000000047e+03
-1.360259999999999991e+03
-1.361744999999999891e+03
-1.385134000000000015e+03
-1.375109999999999900e+03
-1.382535000000000082e+03
-1.380307000000000016e+03
-1.364344000000000051e+03
-1.368798999999999978e+03
-1.367314000000000078e+03
-1.365458000000000084e+03
-1.393672000000000025e+03
-1.374739000000000033e+03
-1.362858999999999924e+03
-1.376223999999999933e+03
-1.373253999999999905e+03
-1.371769000000000005e+03
-1.371769000000000005e+03
-1.399613000000000056e+03
-1.378823000000000093e+03
-1.413348999999999933e+03
-1.401469000000000051e+03
-1.405923999999999978e+03
-1.395900000000000091e+03
-1.415204999999999927e+03
-1.400726000000000113e+03
-1.397756000000000085e+03
-1.430797000000000025e+03
-1.415576000000000022e+03
-1.416690000000000055e+03
-1.420030999999999949e+03
-1.428569999999999936e+03
-1.430055000000000064e+03
-1.448246000000000095e+03
-1.430425999999999931e+03
-1.437851000000000113e+03
-1.470150000000000091e+03
-1.454185999999999922e+03
-1.448617999999999938e+03
-1.462354000000000042e+03
-1.428199000000000069e+03
-1.432281999999999925e+03
-1.450103000000000065e+03
-1.443420000000000073e+03
-1.437480000000000018e+03
-1.450845000000000027e+03
-1.467180000000000064e+03
-1.476833000000000084e+03
-1.474976000000000113e+03
-1.485000000000000000e+03
-1.469036000000000058e+03
-1.482029999999999973e+03
-1.473490999999999985e+03
-1.463468000000000075e+03
-1.492424999999999955e+03
-1.452701000000000022e+03
-1.440078999999999951e+03
-1.451587999999999965e+03
-1.462724999999999909e+03
-1.449359999999999900e+03
-1.472006000000000085e+03
-1.477575000000000045e+03
