1.065520000000000067e+02
5.977308000000000021e+01
9.170154999999999745e+01
6.571326000000000533e+01
7.425226999999999578e+01
6.608451999999999771e+01
4.529388000000000147e+01
4.380883999999999645e+01
6.237189999999999657e+01
5.160531999999999897e+01
4.046748000000000189e+01
5.123405999999999949e+01
4.603640000000000043e+01
1.707801999999999865e+01
1.447918999999999912e+01
1.485045000000000037e+01
-1.559249999999999936e+01
1.002406000000000041e+01
-4.455000000000000071e+00
-6.682500000000000107e+00
-2.227500000000000036e+00
1.559298000000000073e+01
-2.970000000000000195e+00
-1.336500000000000021e+01
-1.559249999999999936e+01
-5.940000000000000391e+00
-3.192749999999999844e+01
-4.120875000000000199e+01
-1.484999999999999964e+01
-4.677750000000000341e+01
-3.192749999999999844e+01
-2.487375000000000114e+01
-5.680125000000000313e+01
-4.083749999999999858e+01
-4.937624999999999886e+01
-7.202249999999999375e+01
-8.390250000000000341e+01
-7.128000000000000114e+01
-8.018999999999999773e+01
-6.831000000000000227e+01
-9.949500000000000455e+01
-9.615375000000000227e+01
-9.949500000000000455e+01
-1.084050000000000011e+02
-1.065488000000000000e+02
-9.281250000000000000e+01
-1.340212999999999965e+02
-1.054350000000000023e+02
-1.117463000000000051e+02
-1.373625000000000114e+02
-1.228837999999999937e+02
-1.191711999999999989e+02
-1.559250000000000114e+02
-1.440449999999999875e+02
-1.462725000000000080e+02
-1.622363000000000000e+02
-1.689187000000000012e+02
-1.585237999999999943e+02
-1.410749999999999886e+02
-1.577812999999999874e+02
-1.826550000000000011e+02
-1.859961999999999875e+02
-2.004749999999999943e+02
-1.967624999999999886e+02
-1.993613000000000000e+02
-2.175525000000000091e+02
-2.049300000000000068e+02
-2.227500000000000000e+02
-2.283188000000000102e+02
-2.049300000000000068e+02
-2.246062000000000012e+02
-2.149538000000000011e+02
-2.316599999999999966e+02
-2.420550000000000068e+02
-2.238637999999999977e+02
-1.826550000000000011e+02
-2.301750000000000114e+02
-2.253488000000000113e+02
-2.142112999999999943e+02
-1.874812000000000012e+02
-2.142112999999999943e+02
-2.104987000000000137e+02
-1.596374999999999886e+02
-2.053012999999999977e+02
-2.001037000000000035e+02
-1.897087999999999965e+02
-1.852538000000000125e+02
-2.004749999999999943e+02
-1.997324999999999875e+02
-1.956487999999999943e+02
-1.960200000000000102e+02
-1.904512000000000000e+02
-2.067863000000000113e+02
-1.963913000000000011e+02
-1.666913000000000125e+02
-1.640925000000000011e+02
-1.648350000000000080e+02
-1.696613000000000113e+02
-1.815412000000000035e+02
-1.659487000000000023e+02
-1.663199999999999932e+02
-1.663199999999999932e+02
-1.752299999999999898e+02
-1.781999999999999886e+02
-1.900800000000000125e+02
-2.108700000000000045e+02
-1.819124999999999943e+02
-2.075286999999999864e+02
-2.071574999999999989e+02
-1.949062999999999874e+02
-2.090137000000000000e+02
-2.053012999999999977e+02
-2.156963000000000079e+02
-2.067863000000000113e+02
-2.242350000000000136e+02
-2.075286999999999864e+02
-2.164387999999999863e+02
-2.145825000000000102e+02
-2.175525000000000091e+02
-2.123549999999999898e+02
-2.123549999999999898e+02
-2.279474999999999909e+02
-2.149538000000000011e+02
-2.201511999999999887e+02
-2.086425000000000125e+02
-2.153249999999999886e+02
-2.153249999999999886e+02
-1.952775000000000034e+02
-2.097563000000000102e+02
-1.945349999999999966e+02
-2.175525000000000091e+02
-1.949062999999999874e+02
-2.045586999999999875e+02
-1.923075000000000045e+02
-2.179238000000000000e+02
-1.993613000000000000e+02
-1.574099999999999966e+02
-1.937924999999999898e+02
-1.986187999999999931e+02
-2.038163000000000125e+02
-1.926787999999999954e+02
-2.112412999999999954e+02
-2.064149999999999920e+02
-2.075286999999999864e+02
-2.079000000000000057e+02
-2.145825000000000102e+02
-2.320312999999999874e+02
-2.253488000000000113e+02
-2.156963000000000079e+02
-2.097563000000000102e+02
-2.316599999999999966e+02
-2.342588000000000079e+02
-2.249774999999999920e+02
-2.246062000000000012e+02
-2.357437999999999931e+02
-2.368574999999999875e+02
-2.168100000000000023e+02
-2.234925000000000068e+02
-2.569049999999999727e+02
-2.390850000000000080e+02
-2.264625000000000057e+02
-2.338874999999999886e+02
-2.476237000000000137e+02
-2.294325000000000045e+02
-2.524499999999999886e+02
-2.416836999999999875e+02
-2.539350000000000023e+02
-2.591324999999999932e+02
-2.650724999999999909e+02
-2.476237000000000137e+02
-2.799225000000000136e+02
-2.713838000000000079e+02
-2.758387000000000171e+02
-2.828924999999999841e+02
-2.713838000000000079e+02
-2.784375000000000000e+02
-2.301750000000000114e+02
-2.305461999999999989e+02
-2.320312999999999874e+02
-2.698987000000000194e+02
-2.531924999999999955e+02
-2.324025000000000034e+02
-2.502224999999999966e+02
-2.628450000000000273e+02
-2.509650000000000034e+02
-2.368574999999999875e+02
-2.724975000000000023e+02
-2.695274999999999750e+02
-2.680425000000000182e+02
-2.580187000000000239e+02
-2.550488000000000000e+02
-2.710124999999999886e+02
-2.695274999999999750e+02
-2.509650000000000034e+02
-2.609886999999999944e+02
-2.643299999999999841e+02
-2.624737999999999829e+02
-2.724975000000000023e+02
-2.673000000000000114e+02
-2.647013000000000034e+02
-2.528213000000000079e+02
-2.580187000000000239e+02
-2.576474999999999795e+02
-2.539350000000000023e+02
-2.487375000000000114e+02
-2.361150000000000091e+02
-2.695274999999999750e+02
-2.624737999999999829e+02
-2.435399999999999920e+02
-2.654438000000000102e+02
-2.866050000000000182e+02
-2.832638000000000034e+02
-2.762099999999999795e+02
-2.754674999999999727e+02
-2.773238000000000056e+02
-2.914311999999999898e+02
-2.747250000000000227e+02
-2.925450000000000159e+02
-2.929162999999999784e+02
-3.021974999999999909e+02
-2.918025000000000091e+02
-2.932875000000000227e+02
-2.773238000000000056e+02
-2.595038000000000125e+02
-2.706413000000000011e+02
-2.724975000000000023e+02
-2.654438000000000102e+02
-2.784375000000000000e+02
-2.758387000000000171e+02
-2.554199999999999875e+02
-2.676712999999999738e+02
-2.613600000000000136e+02
-2.442824999999999989e+02
-2.673000000000000114e+02
-2.606175000000000068e+02
-2.528213000000000079e+02
-2.509650000000000034e+02
-2.554199999999999875e+02
-2.539350000000000023e+02
-2.684137999999999806e+02
-2.153249999999999886e+02
-2.112412999999999954e+02
-2.223788000000000125e+02
-2.327737999999999943e+02
-1.911938000000000102e+02
-2.015886999999999887e+02
-2.361150000000000091e+02
-2.108700000000000045e+02
-2.171812999999999931e+02
-2.398274999999999864e+02
-2.208937999999999988e+02
-2.298037999999999954e+02
-2.338874999999999886e+02
-2.212649999999999864e+02
-2.082712999999999965e+02
-2.320312999999999874e+02
-2.079000000000000057e+02
-2.060437000000000012e+02
-2.257199999999999989e+02
-2.030737000000000023e+02
-2.357437999999999931e+02
-2.208937999999999988e+02
-2.138400000000000034e+02
-2.168100000000000023e+02
-2.116125000000000114e+02
-2.249774999999999920e+02
-2.375999999999999943e+02
-2.160674999999999955e+02
-2.401987000000000023e+02
-2.342588000000000079e+02
-2.316599999999999966e+02
-2.275762000000000000e+02
-1.856250000000000000e+02
-1.963913000000000011e+02
-2.123549999999999898e+02
-1.837687999999999988e+02
-1.952775000000000034e+02
-1.848824999999999932e+02
-1.960200000000000102e+02
-2.019600000000000080e+02
-2.027024999999999864e+02
-2.119836999999999989e+02
-2.134687999999999874e+02
-2.056725000000000136e+02
-2.060437000000000012e+02
-2.142112999999999943e+02
-2.067863000000000113e+02
-2.142112999999999943e+02
-2.257199999999999989e+02
-2.138400000000000034e+02
-2.160674999999999955e+02
-2.116125000000000114e+02
-2.246062000000000012e+02
-2.175525000000000091e+02
-2.227500000000000000e+02
-2.067863000000000113e+02
-2.350012999999999863e+02
-2.227500000000000000e+02
-1.993613000000000000e+02
-2.071574999999999989e+02
-2.186662000000000035e+02
-2.156963000000000079e+02
-2.156963000000000079e+02
-2.182949999999999875e+02
-2.186662000000000035e+02
-2.034449999999999932e+02
-2.205225000000000080e+02
-2.142112999999999943e+02
-2.342588000000000079e+02
-2.220074999999999932e+02
-2.316599999999999966e+02
-2.249774999999999920e+02
-2.190374999999999943e+02
-2.134687999999999874e+02
-2.101274999999999977e+02
-2.231211999999999875e+02
-2.208937999999999988e+02
-2.134687999999999874e+02
-2.197800000000000011e+02
-2.201511999999999887e+02
-2.071574999999999989e+02
-2.153249999999999886e+02
-2.138400000000000034e+02
-2.223788000000000125e+02
-2.175525000000000091e+02
-2.223788000000000125e+02
-2.034449999999999932e+02
-2.249774999999999920e+02
-2.231211999999999875e+02
-2.116125000000000114e+02
-2.138400000000000034e+02
-2.208937999999999988e+02
-2.001037000000000035e+02
-2.338874999999999886e+02
-2.234925000000000068e+02
-2.171812999999999931e+02
-2.260911999999999864e+02
-2.238637999999999977e+02
-2.179238000000000000e+02
-2.290612000000000137e+02
-2.465099999999999909e+02
-2.216362000000000023e+02
-2.327737999999999943e+02
-2.294325000000000045e+02
-2.242350000000000136e+02
-2.301750000000000114e+02
-2.309174999999999898e+02
-2.413125000000000000e+02
-2.238637999999999977e+02
-2.331450000000000102e+02
-2.197800000000000011e+02
-2.275762000000000000e+02
-2.268337999999999965e+02
-2.283188000000000102e+02
-2.179238000000000000e+02
-2.275762000000000000e+02
-2.093849999999999909e+02
-2.272050000000000125e+02
-2.305461999999999989e+02
-2.108700000000000045e+02
-2.212649999999999864e+02
-2.030737000000000023e+02
-2.075286999999999864e+02
-2.119836999999999989e+02
-2.079000000000000057e+02
-2.134687999999999874e+02
-1.967624999999999886e+02
-2.086425000000000125e+02
-2.127263000000000090e+02
-2.008463000000000136e+02
-2.019600000000000080e+02
-1.997324999999999875e+02
-1.971338000000000079e+02
-2.272050000000000125e+02
-2.090137000000000000e+02
-2.097563000000000102e+02
-2.067863000000000113e+02
-2.194088000000000136e+02
-2.190374999999999943e+02
-2.123549999999999898e+02
-1.945349999999999966e+02
-1.945349999999999966e+02
-1.904512000000000000e+02
-2.053012999999999977e+02
-1.956487999999999943e+02
-2.053012999999999977e+02
-2.220074999999999932e+02
-2.045586999999999875e+02
-2.038163000000000125e+02
-2.145825000000000102e+02
-1.975049999999999955e+02
-2.238637999999999977e+02
-2.019600000000000080e+02
-1.934211999999999989e+02
-2.164387999999999863e+02
-1.949062999999999874e+02
-1.863675000000000068e+02
-2.012175000000000011e+02
-1.733737000000000137e+02
-1.882238000000000113e+02
-2.027024999999999864e+02
-1.774575000000000102e+02
-2.012175000000000011e+02
-2.097563000000000102e+02
-2.030737000000000023e+02
-1.923075000000000045e+02
-2.001037000000000035e+02
-2.053012999999999977e+02
-2.064149999999999920e+02
-2.108700000000000045e+02
-2.027024999999999864e+02
-2.097563000000000102e+02
