1.763490999999999929e+02
1.949122000000000128e+02
1.822892999999999972e+02
1.637262000000000057e+02
1.373667000000000087e+02
1.518459000000000003e+02
1.273426000000000045e+02
1.169472999999999985e+02
9.392911999999999750e+01
8.316254000000000701e+01
1.013542999999999950e+02
9.578542000000000201e+01
8.539011000000000706e+01
5.494668000000000063e+01
7.796487999999999374e+01
1.930558999999999870e+01
1.150910000000000011e+01
1.150910000000000011e+01
1.485044999999999948e+00
1.633549999999999969e+01
-4.083750000000000213e+00
-3.860999999999999943e+01
-4.046625000000000227e+01
-2.784375000000000000e+01
-7.721999999999999886e+01
-5.049000000000000199e+01
-5.531624999999999659e+01
-6.868125000000000568e+01
-6.979500000000000171e+01
-7.610625000000000284e+01
-9.355500000000000682e+01
-9.652500000000000568e+01
-8.835750000000000171e+01
-1.262249999999999943e+02
-1.407038000000000011e+02
-1.588950000000000102e+02
-1.418174999999999955e+02
-1.481288000000000125e+02
-1.767150000000000034e+02
-1.485000000000000000e+02
-1.826550000000000011e+02
-1.934211999999999989e+02
-1.989900000000000091e+02
-2.034449999999999932e+02
-2.279474999999999909e+02
-2.197800000000000011e+02
-2.320312999999999874e+02
-2.424262999999999977e+02
-2.554199999999999875e+02
-2.472524999999999977e+02
-2.442824999999999989e+02
-2.439113000000000113e+02
-2.442824999999999989e+02
-2.435399999999999920e+02
-3.021974999999999909e+02
-2.650724999999999909e+02
-2.754674999999999727e+02
-3.077663000000000011e+02
-2.866050000000000182e+02
-2.758387000000000171e+02
-2.903174999999999955e+02
-3.467475000000000023e+02
-3.274424999999999955e+02
-3.278138000000000147e+02
-3.333824999999999932e+02
-3.229875000000000114e+02
-3.552862999999999829e+02
-3.363525000000000205e+02
-3.478613000000000284e+02
-3.760763000000000034e+02
-3.809024999999999750e+02
-3.790462999999999738e+02
-3.753337000000000216e+02
-3.883274999999999864e+02
-3.942674999999999841e+02
-4.176562999999999874e+02
-3.972375000000000114e+02
-4.013213000000000079e+02
-4.224825000000000159e+02
-4.183987000000000194e+02
-4.039200000000000159e+02
-4.128299999999999841e+02
-4.558949999999999818e+02
-4.395600000000000023e+02
-4.317638000000000034e+02
-4.692599999999999909e+02
-4.462425000000000068e+02
-4.354762999999999806e+02
-4.893075000000000045e+02
-4.707450000000000045e+02
-4.685174999999999841e+02
-4.818824999999999932e+02
-4.744574999999999818e+02
-4.640625000000000000e+02
-4.967325000000000159e+02
-4.922774999999999750e+02
-4.785412999999999784e+02
-4.989599999999999795e+02
-5.238337000000000216e+02
-5.141812999999999647e+02
-5.130674999999999955e+02
-5.104687999999999874e+02
-5.097262999999999806e+02
-4.885649999999999977e+02
-4.789125000000000227e+02
-4.789125000000000227e+02
-4.974750000000000227e+02
-4.711161999999999921e+02
-4.603500000000000227e+02
-4.852237999999999829e+02
-4.726012999999999806e+02
-4.711161999999999921e+02
-5.011875000000000000e+02
-4.922774999999999750e+02
-4.692599999999999909e+02
-5.089837999999999738e+02
-5.242050000000000409e+02
-4.870799999999999841e+02
-5.178936999999999671e+02
-5.271749999999999545e+02
-5.197500000000000000e+02
-5.152949999999999591e+02
-5.427675000000000409e+02
-5.353424999999999727e+02
-5.371987000000000307e+02
-5.672699999999999818e+02
-5.379412999999999556e+02
-5.657849999999999682e+02
-5.680125000000000455e+02
-5.546475000000000364e+02
-5.843474999999999682e+02
-5.798925000000000409e+02
-5.891738000000000284e+02
-5.873174999999999955e+02
-5.784075000000000273e+02
-6.099637000000000171e+02
-6.177599999999999909e+02
-6.121912999999999556e+02
-6.040236999999999625e+02
-6.329813000000000329e+02
-6.314963000000000193e+02
-6.322387999999999693e+02
-6.244424999999999955e+02
-6.262988000000000284e+02
-6.396638000000000375e+02
-6.303825000000000500e+02
-6.411486999999999625e+02
-6.381788000000000238e+02
-6.040236999999999625e+02
-6.233287000000000262e+02
-6.103350000000000364e+02
-6.188737999999999602e+02
-6.311250000000000000e+02
-6.344661999999999580e+02
-6.456037999999999784e+02
-6.218437999999999874e+02
-6.196163000000000238e+02
-6.099637000000000171e+02
-5.962274999999999636e+02
-6.095924999999999727e+02
-6.344661999999999580e+02
-6.203587999999999738e+02
-6.029099999999999682e+02
-6.092213000000000420e+02
-6.248138000000000147e+02
-6.192450000000000045e+02
-6.014249999999999545e+02
-5.479650000000000318e+02
-5.386838000000000193e+02
-5.646712999999999738e+02
-5.598450000000000273e+02
-5.416536999999999580e+02
-5.743237000000000307e+02
-5.906588000000000420e+02
-5.624437000000000353e+02
-5.951137999999999693e+02
-6.084787999999999784e+02
-5.769225000000000136e+02
-5.665275000000000318e+02
-5.888025000000000091e+02
-5.594737999999999829e+02
-5.832337999999999738e+02
-5.824913000000000238e+02
-5.546475000000000364e+02
-5.761799999999999500e+02
-5.932575000000000500e+02
-5.494500000000000455e+02
-5.832337999999999738e+02
-5.995687000000000353e+02
-5.914012000000000171e+02
-5.739524999999999864e+02
-5.902875000000000227e+02
-5.999400000000000546e+02
-5.758088000000000193e+02
-6.043949999999999818e+02
-6.144188000000000329e+02
-5.884312999999999647e+02
-6.225861999999999625e+02
-6.036525000000000318e+02
-6.211013000000000375e+02
-6.337237999999999829e+02
-6.326100000000000136e+02
-6.173886999999999716e+02
-6.107061999999999671e+02
-5.732100000000000364e+02
-5.888025000000000091e+02
-5.832337999999999738e+02
-5.873174999999999955e+02
-5.308875000000000455e+02
-5.698687999999999647e+02
-5.635575000000000045e+02
-5.371987000000000307e+02
-5.732100000000000364e+02
-5.806349999999999909e+02
-5.594737999999999829e+02
-5.991974999999999909e+02
-6.118200000000000500e+02
-5.787786999999999580e+02
-5.891738000000000284e+02
-6.092213000000000420e+02
-5.698687999999999647e+02
-5.895449999999999591e+02
-5.891738000000000284e+02
-5.720963000000000420e+02
-5.691263000000000147e+02
-5.802636999999999716e+02
-5.594737999999999829e+02
-5.513062999999999647e+02
-5.613300000000000409e+02
-5.542762000000000171e+02
-5.546475000000000364e+02
-5.624437000000000353e+02
-5.409112999999999829e+02
-5.383125000000000000e+02
-5.364561999999999671e+02
-5.516775000000000091e+02
-5.654138000000000375e+02
-5.368274999999999864e+02
-5.316299999999999955e+02
-5.509349999999999454e+02
-5.464800000000000182e+02
-5.364561999999999671e+02
-5.524199999999999591e+02
-5.527912999999999784e+02
-5.416536999999999580e+02
-5.342287999999999784e+02
-5.364561999999999671e+02
-5.390549999999999500e+02
-5.334863000000000284e+02
-5.390549999999999500e+02
-5.312586999999999762e+02
-5.546475000000000364e+02
-5.297736999999999625e+02
-5.342287999999999784e+02
-5.609587000000000216e+02
-5.349713000000000420e+02
-5.212350000000000136e+02
-5.320013000000000147e+02
-5.501924999999999955e+02
-5.613300000000000409e+02
-5.542762000000000171e+02
-5.680125000000000455e+02
-5.546475000000000364e+02
-5.943713000000000193e+02
-5.524199999999999591e+02
-5.605874999999999773e+02
-5.598450000000000273e+02
-5.754375000000000000e+02
-5.561325000000000500e+02
-5.769225000000000136e+02
-5.676412000000000262e+02
-5.709824999999999591e+02
-5.940000000000000000e+02
-5.850900000000000318e+02
-5.605874999999999773e+02
-5.806349999999999909e+02
-5.576174999999999500e+02
-5.375700000000000500e+02
-5.442525000000000546e+02
-5.308875000000000455e+02
-5.268038000000000238e+02
-5.397975000000000136e+02
-5.464800000000000182e+02
-5.305162000000000262e+02
-5.420249999999999773e+02
-5.602161999999999580e+02
-5.401688000000000329e+02
-5.472224999999999682e+02
-5.364561999999999671e+02
-5.104687999999999874e+02
-5.431386999999999716e+02
-5.305162000000000262e+02
-5.256900000000000546e+02
-5.238337000000000216e+02
-5.253187000000000353e+02
-5.286599999999999682e+02
-5.260612999999999602e+02
-5.427675000000000409e+02
-5.449950000000000045e+02
-5.420249999999999773e+02
-5.416536999999999580e+02
-5.520488000000000284e+02
-5.308875000000000455e+02
-5.520488000000000284e+02
-5.494500000000000455e+02
-5.423962000000000216e+02
-5.572463000000000193e+02
-5.654138000000000375e+02
-5.617011999999999716e+02
-5.668986999999999625e+02
-5.850900000000000318e+02
-5.353424999999999727e+02
-5.602161999999999580e+02
-5.438812000000000353e+02
-5.364561999999999671e+02
-5.539049999999999727e+02
-5.505638000000000147e+02
-5.334863000000000284e+02
-5.583600000000000136e+02
-5.646712999999999738e+02
-5.487074999999999818e+02
-5.461087999999999738e+02
-5.620724999999999909e+02
-5.672699999999999818e+02
-5.583600000000000136e+02
-5.479650000000000318e+02
-5.446237999999999602e+02
-5.375700000000000500e+02
-5.605874999999999773e+02
-5.758088000000000193e+02
-5.735811999999999671e+02
-5.657849999999999682e+02
-5.628150000000000546e+02
-5.639288000000000238e+02
-5.709824999999999591e+02
-5.806349999999999909e+02
-5.694974999999999454e+02
-5.758088000000000193e+02
-5.531625000000000227e+02
-5.535338000000000420e+02
-5.494500000000000455e+02
-5.553899999999999864e+02
-5.490787000000000262e+02
-5.498211999999999762e+02
-5.568750000000000000e+02
-5.524199999999999591e+02
-5.594737999999999829e+02
-5.691263000000000147e+02
-5.746950000000000500e+02
-5.743237000000000307e+02
-5.546475000000000364e+02
-5.576174999999999500e+02
-5.416536999999999580e+02
-5.349713000000000420e+02
-5.475937999999999874e+02
-5.383125000000000000e+02
-5.401688000000000329e+02
-5.479650000000000318e+02
-5.631862999999999602e+02
-5.527912999999999784e+02
-5.130674999999999955e+02
-5.164088000000000420e+02
-5.186362000000000307e+02
-5.130674999999999955e+02
-5.023013000000000261e+02
-4.651763000000000261e+02
-5.008163000000000125e+02
-4.974750000000000227e+02
-4.900500000000000114e+02
-5.074986999999999853e+02
-5.026725000000000136e+02
-4.878224999999999909e+02
-5.052712000000000216e+02
-5.149238000000000284e+02
-5.063849999999999909e+02
-5.086125000000000114e+02
-5.164088000000000420e+02
-5.253187000000000353e+02
-5.297736999999999625e+02
-5.271749999999999545e+02
-5.190075000000000500e+02
-5.164088000000000420e+02
-5.141812999999999647e+02
-4.919062999999999874e+02
-5.045287000000000148e+02
-5.271749999999999545e+02
-5.186362000000000307e+02
-5.004449999999999932e+02
-5.164088000000000420e+02
-4.941338000000000079e+02
-4.900500000000000114e+02
-5.026725000000000136e+02
-4.829961999999999875e+02
-5.000738000000000056e+02
-4.867087000000000216e+02
-4.789125000000000227e+02
-4.803974999999999795e+02
-4.855950000000000273e+02
-4.722300000000000182e+02
-4.622062999999999988e+02
-5.037862999999999829e+02
-4.900500000000000114e+02
-4.789125000000000227e+02
-4.945049999999999955e+02
-4.982174999999999727e+02
-4.703736999999999853e+02
-4.959900000000000091e+02
-4.692599999999999909e+02
-4.837388000000000261e+02
-5.060138000000000034e+02
-4.967325000000000159e+02
-4.959900000000000091e+02
