-7.016625000000000512e+01
-8.909999999999999432e+01
-1.147162000000000006e+02
-1.206563000000000017e+02
-1.277099999999999937e+02
-1.213987999999999943e+02
-1.514699999999999989e+02
-1.544399999999999977e+02
-1.833975000000000080e+02
-1.807988000000000000e+02
-1.989900000000000091e+02
-2.004749999999999943e+02
-2.053012999999999977e+02
-1.874812000000000012e+02
-2.182949999999999875e+02
-2.431687000000000012e+02
-2.145825000000000102e+02
-2.350012999999999863e+02
-2.487375000000000114e+02
-2.383425000000000011e+02
-2.669286999999999921e+02
-2.702699999999999818e+02
-2.854911999999999921e+02
-2.513362999999999943e+02
-2.955149999999999864e+02
-2.981136999999999944e+02
-3.051675000000000182e+02
-3.307837999999999852e+02
-3.200174999999999841e+02
-3.018263000000000034e+02
-3.263288000000000011e+02
-3.486037999999999784e+02
-3.333824999999999932e+02
-3.515738000000000056e+02
-3.315262000000000171e+02
-3.705074999999999932e+02
-3.927825000000000273e+02
-3.697649999999999864e+02
-3.623399999999999750e+02
-3.920400000000000205e+02
-3.593700000000000045e+02
-3.771899999999999977e+02
-3.909261999999999944e+02
-3.931537000000000148e+02
-3.615975000000000250e+02
-3.957524999999999977e+02
-3.912975000000000136e+02
-3.979800000000000182e+02
-4.002074999999999818e+02
-4.180274999999999750e+02
-3.886988000000000056e+02
-4.224825000000000159e+02
-4.124587000000000216e+02
-4.102312999999999761e+02
-4.388174999999999955e+02
-4.072613000000000056e+02
-3.942674999999999841e+02
-4.028061999999999898e+02
-4.072613000000000056e+02
-4.128299999999999841e+02
-4.195124999999999886e+02
-4.202549999999999955e+02
-4.061474999999999795e+02
-4.128299999999999841e+02
-4.429012000000000171e+02
-4.250812999999999988e+02
-4.362187999999999874e+02
-4.514399999999999977e+02
-4.469850000000000136e+02
-4.640625000000000000e+02
-4.703736999999999853e+02
-4.614637000000000171e+02
-4.521825000000000045e+02
-4.959900000000000091e+02
-4.655475000000000136e+02
-4.666612999999999829e+02
-5.071274999999999977e+02
-4.841100000000000136e+02
-4.870799999999999841e+02
-4.863374999999999773e+02
-5.093550000000000182e+02
-5.152949999999999591e+02
-4.989599999999999795e+02
-5.004449999999999932e+02
-4.859662000000000148e+02
-5.097262999999999806e+02
-5.067563000000000102e+02
-4.807687999999999988e+02
-5.082411999999999921e+02
-5.190075000000000500e+02
-4.993312999999999988e+02
-5.000738000000000056e+02
-5.152949999999999591e+02
-5.193787999999999556e+02
-5.130674999999999955e+02
-5.186362000000000307e+02
-5.242050000000000409e+02
-5.275462999999999738e+02
-5.264325000000000045e+02
-5.197500000000000000e+02
-5.557612000000000307e+02
-5.546475000000000364e+02
-5.475937999999999874e+02
-5.542762000000000171e+02
-5.416536999999999580e+02
-5.446237999999999602e+02
-5.539049999999999727e+02
-5.576174999999999500e+02
-5.527912999999999784e+02
-5.665275000000000318e+02
-5.583600000000000136e+02
-5.401688000000000329e+02
-5.060138000000000034e+02
-5.078700000000000045e+02
-5.190075000000000500e+02
-5.286599999999999682e+02
-5.086125000000000114e+02
-5.067563000000000102e+02
-5.379412999999999556e+02
-5.323724999999999454e+02
-5.349713000000000420e+02
-5.397975000000000136e+02
-5.297736999999999625e+02
-5.605874999999999773e+02
-5.487074999999999818e+02
-5.683836999999999762e+02
-5.431386999999999716e+02
-5.646712999999999738e+02
-5.416536999999999580e+02
-5.706113000000000284e+02
-5.535338000000000420e+02
-5.642999999999999545e+02
-5.713537999999999784e+02
-5.802636999999999716e+02
-5.739524999999999864e+02
-5.813775000000000546e+02
-6.006825000000000045e+02
-6.006825000000000045e+02
-5.958563000000000329e+02
-6.021675000000000182e+02
-6.173886999999999716e+02
-6.151612999999999829e+02
-6.415199999999999818e+02
-6.159036999999999580e+02
-6.240711999999999762e+02
-6.589687999999999874e+02
-6.396638000000000375e+02
-6.207300000000000182e+02
-6.032812999999999874e+02
-5.984550000000000409e+02
-5.895449999999999591e+02
-6.103350000000000364e+02
-6.225861999999999625e+02
-6.077363000000000284e+02
-6.196163000000000238e+02
-6.062513000000000147e+02
-5.895449999999999591e+02
-5.858324999999999818e+02
-6.017962999999999738e+02
-5.888025000000000091e+02
-5.958563000000000329e+02
-6.077363000000000284e+02
-6.125625000000000000e+02
-6.225861999999999625e+02
-6.151612999999999829e+02
-6.081074999999999591e+02
-6.181312000000000353e+02
-6.285262000000000171e+02
-6.378075000000000045e+02
-6.374362999999999602e+02
-6.422625000000000455e+02
-6.448613000000000284e+02
-6.333524999999999636e+02
-6.281549999999999727e+02
-6.415199999999999818e+02
-6.329813000000000329e+02
-6.441187999999999647e+02
-6.348374999999999773e+02
-6.314963000000000193e+02
-6.463463000000000420e+02
-6.448613000000000284e+02
-6.162749999999999773e+02
-6.066224999999999454e+02
-6.058799999999999955e+02
-6.036525000000000318e+02
-6.055086999999999762e+02
-5.813775000000000546e+02
-5.862037000000000262e+02
-5.824913000000000238e+02
-5.902875000000000227e+02
-5.743237000000000307e+02
-5.772938000000000329e+02
-6.095924999999999727e+02
-5.817487999999999602e+02
-5.824913000000000238e+02
-5.787786999999999580e+02
-5.709824999999999591e+02
-5.791499999999999773e+02
-5.928862000000000307e+02
-5.821200000000000045e+02
-5.921436999999999671e+02
-5.813775000000000546e+02
-5.917725000000000364e+02
-5.876888000000000147e+02
-5.951137999999999693e+02
-6.003112999999999602e+02
-5.925149999999999864e+02
-5.906588000000000420e+02
-5.824913000000000238e+02
-5.954850000000000136e+02
-6.017962999999999738e+02
-6.110774999999999864e+02
-6.162749999999999773e+02
-6.055086999999999762e+02
-5.765512999999999693e+02
-5.806349999999999909e+02
-5.869461999999999762e+02
-5.661562999999999874e+02
-5.943713000000000193e+02
-5.899162999999999784e+02
-5.817487999999999602e+02
-5.806349999999999909e+02
-5.628150000000000546e+02
-5.928862000000000307e+02
-5.862037000000000262e+02
-5.305162000000000262e+02
-5.331150000000000091e+02
-5.383125000000000000e+02
-5.193787999999999556e+02
-5.412825000000000273e+02
-5.483361999999999625e+02
-5.305162000000000262e+02
-5.349713000000000420e+02
-5.620724999999999909e+02
-5.483361999999999625e+02
-5.301449999999999818e+02
-5.472224999999999682e+02
-5.461087999999999738e+02
-5.242050000000000409e+02
-5.438812000000000353e+02
-5.379412999999999556e+02
-5.223487999999999829e+02
-5.613300000000000409e+02
-5.472224999999999682e+02
-5.349713000000000420e+02
-5.694974999999999454e+02
-5.553899999999999864e+02
-5.401688000000000329e+02
-5.847187999999999874e+02
-5.605874999999999773e+02
-5.401688000000000329e+02
-5.732100000000000364e+02
-5.672699999999999818e+02
-5.420249999999999773e+02
-5.620724999999999909e+02
-5.854611999999999625e+02
-5.542762000000000171e+02
-5.713537999999999784e+02
-5.750662999999999556e+02
-5.728387000000000171e+02
-5.784075000000000273e+02
-5.917725000000000364e+02
-5.479650000000000318e+02
-5.739524999999999864e+02
-5.869461999999999762e+02
-5.795212000000000216e+02
-5.758088000000000193e+02
-5.720963000000000420e+02
-5.746950000000000500e+02
-5.672699999999999818e+02
-5.795212000000000216e+02
-5.657849999999999682e+02
-5.453663000000000238e+02
-5.264325000000000045e+02
-5.286599999999999682e+02
-5.275462999999999738e+02
-5.397975000000000136e+02
-5.331150000000000091e+02
-5.409112999999999829e+02
-5.487074999999999818e+02
-5.264325000000000045e+02
-5.546475000000000364e+02
-5.668986999999999625e+02
-5.368274999999999864e+02
-5.635575000000000045e+02
-5.613300000000000409e+02
-5.308875000000000455e+02
-5.583600000000000136e+02
-5.631862999999999602e+02
-5.576174999999999500e+02
-5.602161999999999580e+02
-5.668986999999999625e+02
-5.591024999999999636e+02
-5.557612000000000307e+02
-5.657849999999999682e+02
-5.654138000000000375e+02
-5.620724999999999909e+02
-5.836050000000000182e+02
-5.617011999999999716e+02
-5.758088000000000193e+02
-5.665275000000000318e+02
-5.687549999999999955e+02
-5.617011999999999716e+02
-5.546475000000000364e+02
-5.735811999999999671e+02
-5.813775000000000546e+02
-5.758088000000000193e+02
-5.620724999999999909e+02
-5.665275000000000318e+02
-5.902875000000000227e+02
-5.843474999999999682e+02
-5.940000000000000000e+02
-5.928862000000000307e+02
-5.795212000000000216e+02
-5.921436999999999671e+02
-5.750662999999999556e+02
-5.873174999999999955e+02
-6.173886999999999716e+02
-5.891738000000000284e+02
-5.728387000000000171e+02
-5.921436999999999671e+02
-5.784075000000000273e+02
-5.836050000000000182e+02
-5.917725000000000364e+02
-5.902875000000000227e+02
-5.746950000000000500e+02
-5.854611999999999625e+02
-5.854611999999999625e+02
-5.832337999999999738e+02
-5.917725000000000364e+02
-5.906588000000000420e+02
-5.795212000000000216e+02
-6.040236999999999625e+02
-6.025388000000000375e+02
-5.865750000000000455e+02
-5.917725000000000364e+02
-6.055086999999999762e+02
-6.029099999999999682e+02
-6.017962999999999738e+02
-5.991974999999999909e+02
-5.895449999999999591e+02
-6.021675000000000182e+02
-5.984550000000000409e+02
-6.159036999999999580e+02
-6.155325000000000273e+02
-6.092213000000000420e+02
-6.095924999999999727e+02
-5.928862000000000307e+02
-6.125625000000000000e+02
-5.947424999999999500e+02
-5.965987999999999829e+02
-6.155325000000000273e+02
-6.151612999999999829e+02
-6.225861999999999625e+02
-6.259275000000000091e+02
-5.947424999999999500e+02
-5.980837000000000216e+02
-6.051375000000000455e+02
-5.995687000000000353e+02
-6.151612999999999829e+02
-6.207300000000000182e+02
-6.095924999999999727e+02
-6.099637000000000171e+02
-6.340950000000000273e+02
-6.307537999999999556e+02
-6.303825000000000500e+02
-6.240711999999999762e+02
-6.381788000000000238e+02
-6.133049999999999500e+02
-6.129338000000000193e+02
-6.203587999999999738e+02
-6.058799999999999955e+02
-5.914012000000000171e+02
-5.698687999999999647e+02
-5.743237000000000307e+02
-5.884312999999999647e+02
-5.876888000000000147e+02
-5.784075000000000273e+02
-5.754375000000000000e+02
-5.862037000000000262e+02
-5.795212000000000216e+02
-5.713537999999999784e+02
-5.665275000000000318e+02
-5.839763000000000375e+02
-5.769225000000000136e+02
-5.650425000000000182e+02
-5.880599999999999454e+02
-5.795212000000000216e+02
-5.776649999999999636e+02
-5.791499999999999773e+02
-5.787786999999999580e+02
-5.758088000000000193e+02
-5.802636999999999716e+02
-5.758088000000000193e+02
-5.876888000000000147e+02
-5.821200000000000045e+02
-5.709824999999999591e+02
-6.043949999999999818e+02
-5.702400000000000091e+02
-5.798925000000000409e+02
-5.821200000000000045e+02
-5.899162999999999784e+02
-5.832337999999999738e+02
-5.754375000000000000e+02
-5.620724999999999909e+02
-5.847187999999999874e+02
-5.880599999999999454e+02
-5.888025000000000091e+02
-5.995687000000000353e+02
-5.902875000000000227e+02
-6.043949999999999818e+02
-6.225861999999999625e+02
