-4.195496000000000095e+03
-4.245614999999999782e+03
-4.207376000000000204e+03
-4.241159999999999854e+03
-4.225195999999999913e+03
-4.261949999999999818e+03
-4.263805999999999585e+03
-4.293877000000000407e+03
-4.310583999999999833e+03
-4.323578000000000429e+03
-4.338427999999999884e+03
-4.336199999999999818e+03
-4.323578000000000429e+03
-4.320606999999999971e+03
-4.376667000000000371e+03
-4.345109999999999673e+03
-4.354390999999999622e+03
-4.376295000000000073e+03
-4.382978000000000065e+03
-4.347708999999999833e+03
-4.384462000000000444e+03
-4.374439000000000306e+03
-4.377779999999999745e+03
-4.395600000000000364e+03
-4.446461000000000240e+03
-4.394485999999999876e+03
-4.454628999999999905e+03
-4.418246000000000095e+03
-4.429012999999999920e+03
-4.417875000000000000e+03
-4.443862000000000080e+03
-4.388917000000000371e+03
-4.425671000000000276e+03
-4.460569000000000415e+03
-4.431239999999999782e+03
-4.459826000000000022e+03
-4.463167000000000371e+03
-4.454628999999999905e+03
-4.473190999999999804e+03
-4.501777000000000044e+03
-4.463167000000000371e+03
-4.466509000000000015e+03
-4.466880000000000109e+03
-4.502520000000000437e+03
-4.470592999999999847e+03
-4.496579999999999927e+03
-4.500292000000000371e+03
-4.493980999999999767e+03
-4.567859999999999673e+03
-4.519225999999999658e+03
-4.516998999999999796e+03
-4.561920000000000073e+03
-4.528136000000000422e+03
-4.537788999999999760e+03
-4.544100000000000364e+03
-4.553010000000000218e+03
-4.528136000000000422e+03
-4.573429000000000087e+03
-4.559692000000000007e+03
-4.562292000000000371e+03
-4.539645000000000437e+03
-4.566746000000000095e+03
-4.570087000000000444e+03
-4.571573000000000320e+03
-4.615009000000000015e+03
-4.543729000000000269e+03
-4.587164999999999964e+03
-4.578997999999999593e+03
-4.586421999999999571e+03
-4.612409999999999854e+03
-4.589764000000000124e+03
-4.619092999999999847e+03
-4.602015000000000327e+03
-4.630972999999999956e+03
-4.597560000000000400e+03
-4.663270999999999731e+03
-4.625774999999999636e+03
-4.597189000000000306e+03
-4.623546999999999571e+03
-4.611667000000000371e+03
-4.615751000000000204e+03
-4.616864999999999782e+03
-4.632457999999999629e+03
-4.599417000000000371e+03
-4.619463999999999942e+03
-4.570458999999999833e+03
-4.590877000000000407e+03
-4.570087000000000444e+03
-4.589393000000000029e+03
-4.588649999999999636e+03
-4.617979000000000269e+03
-4.596817000000000007e+03
-4.556722999999999956e+03
-4.605728000000000065e+03
-4.569716000000000349e+03
-4.578997999999999593e+03
-4.610554000000000087e+03
-4.617979000000000269e+03
-4.638396999999999935e+03
-4.607954999999999927e+03
-4.658444999999999709e+03
-4.610182999999999993e+03
-4.657331000000000131e+03
-4.629115999999999985e+03
-4.619835000000000036e+03
-4.636170000000000073e+03
-4.630229999999999563e+03
-4.645451000000000022e+03
-4.640625000000000000e+03
-4.635427999999999884e+03
-4.648421000000000276e+03
-4.672923999999999978e+03
-4.670695999999999913e+03
-4.665498999999999796e+03
-4.653618999999999687e+03
-4.656960000000000036e+03
-4.667725999999999658e+03
-4.694456000000000131e+03
-4.667725999999999658e+03
-4.643224000000000160e+03
-4.664385000000000218e+03
-4.661414999999999964e+03
-4.642480999999999767e+03
-4.656960000000000036e+03
-4.702252000000000407e+03
-4.646936999999999898e+03
-4.646194000000000415e+03
-4.688145000000000437e+03
-4.657331000000000131e+03
-4.660301000000000386e+03
-4.688887999999999920e+03
-4.697055000000000291e+03
-4.672923999999999978e+03
-4.697426000000000386e+03
-4.694456000000000131e+03
-4.653247999999999593e+03
-4.698168999999999869e+03
-4.695940999999999804e+03
-4.686659999999999854e+03
-4.705594000000000051e+03
-4.702623999999999796e+03
-4.678121000000000095e+03
-4.707078999999999724e+03
-4.687402000000000044e+03
-4.690001000000000204e+03
-4.752371000000000095e+03
-4.708935000000000400e+03
-4.692970999999999549e+03
-4.759425000000000182e+03
-4.749771999999999935e+03
-4.698168999999999869e+03
-4.722671000000000276e+03
-4.739377000000000407e+03
-4.748287999999999556e+03
-4.768706000000000131e+03
-4.760167000000000371e+03
-4.760909999999999854e+03
-4.754970000000000255e+03
-4.787640000000000327e+03
-4.746802999999999884e+03
-4.774274999999999636e+03
-4.749400999999999840e+03
-4.786896999999999935e+03
-4.780215000000000146e+03
-4.782442000000000007e+03
-4.779472999999999956e+03
-4.794323000000000320e+03
-4.806573999999999614e+03
-4.777615999999999985e+03
-4.782814000000000306e+03
-4.799520000000000437e+03
-4.786896999999999935e+03
-4.808801000000000386e+03
-4.787640000000000327e+03
-4.845555000000000291e+03
-4.803231999999999971e+03
-4.838501000000000204e+03
-4.805460000000000036e+03
-4.802860999999999876e+03
-4.796921000000000276e+03
-4.778729999999999563e+03
-4.776502000000000407e+03
-4.787640000000000327e+03
-4.794694000000000415e+03
-4.779844000000000051e+03
-4.789868000000000393e+03
-4.789125000000000000e+03
-4.768706000000000131e+03
-4.784670000000000073e+03
-4.759796000000000276e+03
-4.737893000000000029e+03
-4.720814999999999600e+03
-4.765364999999999782e+03
-4.734551000000000386e+03
-4.764622999999999593e+03
-4.763509000000000015e+03
-4.767963999999999942e+03
-4.791353000000000065e+03
-4.762024000000000342e+03
-4.741234000000000378e+03
-4.723413999999999760e+03
-4.755712000000000444e+03
-4.743832999999999629e+03
-4.777244999999999891e+03
-4.733809000000000196e+03
-4.720444000000000415e+03
-4.768706000000000131e+03
-4.726755000000000109e+03
-4.746060000000000400e+03
-4.772789999999999964e+03
-4.787640000000000327e+03
-4.773533000000000357e+03
-4.769819999999999709e+03
-4.812143000000000029e+03
-4.784670000000000073e+03
-4.809171999999999571e+03
-4.791724000000000160e+03
-4.793579999999999927e+03
-4.800634000000000015e+03
-4.806203000000000429e+03
-4.770563000000000102e+03
-4.778729999999999563e+03
-4.809171999999999571e+03
-4.793208999999999833e+03
-4.811029000000000451e+03
-4.800262999999999920e+03
-4.803604000000000269e+03
-4.824765000000000327e+03
-4.830704999999999927e+03
-4.809914999999999964e+03
-4.834046000000000276e+03
-4.842213999999999942e+03
-4.817711000000000240e+03
-4.855207999999999629e+03
-4.861519000000000233e+03
-4.823279999999999745e+03
-4.903470000000000255e+03
-4.867087000000000444e+03
-4.848524999999999636e+03
-4.845184000000000196e+03
-4.830704999999999927e+03
-4.811399999999999636e+03
-4.792837000000000444e+03
-4.802118999999999687e+03
-4.828478000000000065e+03
-4.827363999999999578e+03
-4.850752000000000407e+03
-4.810286000000000058e+03
-4.820310000000000400e+03
-4.860404999999999745e+03
-4.850381000000000313e+03
-4.844813000000000102e+03
-4.860033999999999651e+03
-4.842213999999999942e+03
-4.864859999999999673e+03
-4.877854000000000269e+03
-4.874884000000000015e+03
-4.873770000000000437e+03
-4.905326000000000022e+03
-4.920918999999999869e+03
-4.896417000000000371e+03
-4.918319999999999709e+03
-4.918690999999999804e+03
-4.873027000000000044e+03
-4.910152000000000044e+03
-4.908667000000000371e+03
-4.903099000000000160e+03
-4.914606999999999971e+03
-4.940966000000000349e+03
-4.878225000000000364e+03
-4.920918999999999869e+03
-4.933542000000000371e+03
-4.864118000000000393e+03
-4.896045000000000073e+03
-4.870429000000000087e+03
-4.900500000000000000e+03
-4.926487000000000080e+03
-4.940595000000000255e+03
-4.891961000000000240e+03
-4.914235999999999876e+03
-4.908296000000000276e+03
-4.879710000000000036e+03
-4.879710000000000036e+03
-4.884164999999999964e+03
-4.845555000000000291e+03
-4.862631999999999607e+03
-4.903841000000000349e+03
-4.869686999999999898e+03
-4.889734000000000378e+03
-4.896787999999999556e+03
-4.871171000000000276e+03
-4.910895000000000437e+03
-4.862631999999999607e+03
-4.924631000000000313e+03
-4.897529999999999745e+03
-4.929828999999999724e+03
-4.911637999999999920e+03
-4.940595000000000255e+03
-4.925373999999999796e+03
-4.895302999999999884e+03
-4.938738999999999578e+03
-4.920918999999999869e+03
-4.922774999999999636e+03
-4.920918999999999869e+03
-4.947277000000000044e+03
-4.944307999999999993e+03
-4.947277000000000044e+03
-4.952104000000000269e+03
-4.922404000000000451e+03
-4.927229999999999563e+03
-4.956930000000000291e+03
-4.948390999999999622e+03
-4.929828999999999724e+03
-4.980319000000000415e+03
-4.953960000000000036e+03
-4.966211000000000240e+03
-4.940224000000000160e+03
-4.946534999999999854e+03
-4.958414999999999964e+03
-4.951360999999999876e+03
-4.958043999999999869e+03
-4.955815999999999804e+03
-4.965097999999999956e+03
-4.997024999999999636e+03
-4.992569999999999709e+03
-5.020784999999999854e+03
-4.981804000000000087e+03
-4.965840000000000146e+03
-4.981061999999999898e+03
-4.974750000000000000e+03
-4.952104000000000269e+03
-5.005192000000000007e+03
-4.987001000000000204e+03
-4.971037999999999556e+03
-5.005935000000000400e+03
-4.961385000000000218e+03
-4.984030999999999949e+03
-5.019300000000000182e+03
-4.997768000000000029e+03
-4.968439000000000306e+03
-4.999252000000000407e+03
-5.009275999999999840e+03
-4.972894000000000233e+03
-4.979948000000000320e+03
-5.012988999999999578e+03
-4.970295000000000073e+03
-5.018929000000000087e+03
-4.995911000000000058e+03
-4.998881000000000313e+03
-5.011131999999999607e+03
-5.024126000000000204e+03
-5.029323999999999614e+03
-5.006677999999999884e+03
-5.041945999999999913e+03
-5.032664999999999964e+03
-4.991828000000000429e+03
-5.038604999999999563e+03
-4.999252000000000407e+03
-5.022270000000000437e+03
-5.029694999999999709e+03
-5.014103000000000065e+03
-5.018557999999999993e+03
-5.049743000000000393e+03
-5.024868999999999687e+03
-5.009275999999999840e+03
-5.060880000000000109e+03
-5.025610999999999876e+03
-5.033036000000000058e+03
-5.027467999999999847e+03
-5.016329999999999927e+03
-5.022270000000000437e+03
-5.038604999999999563e+03
-5.042317000000000007e+03
-5.028953000000000429e+03
-5.061251000000000204e+03
-5.039719000000000051e+03
-5.015587000000000444e+03
-5.050113999999999578e+03
-5.029323999999999614e+03
-5.043060000000000400e+03
-5.014103000000000065e+03
-5.037119999999999891e+03
-5.059395000000000437e+03
-5.046771999999999935e+03
-5.078328999999999724e+03
-5.070904000000000451e+03
-5.041945999999999913e+03
-5.068676000000000386e+03
-5.057909999999999854e+03
-5.070533000000000357e+03
-5.072760000000000218e+03
-5.050113999999999578e+03
-5.076472999999999956e+03
-5.075359000000000378e+03
-5.044173999999999978e+03
-5.070161000000000058e+03
-5.081298999999999978e+03
-5.054569000000000415e+03
-5.116195999999999913e+03
-5.096890999999999622e+03
-5.104688000000000102e+03
-5.089466000000000349e+03
-5.131046000000000276e+03
-5.124363999999999578e+03
-5.115082999999999629e+03
-5.126962000000000444e+03
-5.106543999999999869e+03
-5.117680999999999585e+03
-5.102832000000000335e+03
-5.103944999999999709e+03
-5.104688000000000102e+03
-5.120279999999999745e+03
