-7.053749999999999432e+01
-5.086124999999999829e+01
-6.756749999999999545e+01
-7.202249999999999375e+01
-7.239374999999999716e+01
-1.046924999999999955e+02
-9.206999999999999318e+01
-9.504000000000000625e+01
-1.403325000000000102e+02
-1.466437999999999988e+02
-1.466437999999999988e+02
-1.336500000000000057e+02
-1.236263000000000005e+02
-1.611225000000000023e+02
-1.503562000000000012e+02
-1.581525000000000034e+02
-1.444162000000000035e+02
-1.366200000000000045e+02
-1.949062999999999874e+02
-1.540688000000000102e+02
-1.611225000000000023e+02
-1.952775000000000034e+02
-1.937924999999999898e+02
-1.789424999999999955e+02
-2.238637999999999977e+02
-1.982475000000000023e+02
-2.001037000000000035e+02
-1.711462999999999965e+02
-1.978762999999999863e+02
-2.364863000000000000e+02
-2.004749999999999943e+02
-2.153249999999999886e+02
-2.171812999999999931e+02
-2.019600000000000080e+02
-2.234925000000000068e+02
-2.186662000000000035e+02
-2.101274999999999977e+02
-2.357437999999999931e+02
-2.413125000000000000e+02
-2.520788000000000011e+02
-2.346299999999999955e+02
-2.368574999999999875e+02
-2.517075000000000102e+02
-2.702699999999999818e+02
-2.780663000000000125e+02
-2.866050000000000182e+02
-2.416836999999999875e+02
-2.873475000000000250e+02
-2.958863000000000056e+02
-2.710124999999999886e+02
-2.899463000000000079e+02
-3.070237000000000194e+02
-3.073949999999999818e+02
-3.203888000000000034e+02
-3.111075000000000159e+02
-3.266999999999999886e+02
-3.292988000000000284e+02
-3.200174999999999841e+02
-3.289275000000000091e+02
-3.237300000000000182e+02
-3.534300000000000068e+02
-3.099936999999999898e+02
-3.133349999999999795e+02
-3.352386999999999944e+02
-3.326399999999999864e+02
-3.304125000000000227e+02
-3.441487000000000194e+02
-3.508312999999999988e+02
-3.456338000000000079e+02
-3.441487000000000194e+02
-3.426637999999999806e+02
-3.434062999999999874e+02
-3.552862999999999829e+02
-3.582563000000000102e+02
-3.497174999999999727e+02
-3.426637999999999806e+02
-3.519449999999999932e+02
-3.589986999999999853e+02
-3.760763000000000034e+02
-3.567712000000000216e+02
-3.541725000000000136e+02
-3.816449999999999818e+02
-3.452624999999999886e+02
-3.326399999999999864e+02
-3.749624999999999773e+02
-3.608550000000000182e+02
-3.289275000000000091e+02
-3.482325000000000159e+02
-3.471186999999999898e+02
-3.396938000000000102e+02
-3.649388000000000147e+02
-3.727350000000000136e+02
-3.530586999999999875e+02
-3.549150000000000205e+02
-3.582563000000000102e+02
-3.653100000000000023e+02
-3.745912000000000148e+02
-3.627112000000000194e+02
-3.634538000000000011e+02
-3.560287000000000148e+02
-3.753337000000000216e+02
-3.627112000000000194e+02
-3.879562999999999988e+02
-3.872137000000000171e+02
-3.853575000000000159e+02
-3.757049999999999841e+02
-3.686512000000000171e+02
-3.604837999999999738e+02
-3.530586999999999875e+02
-3.549150000000000205e+02
-3.597411999999999921e+02
-3.415500000000000114e+02
-3.508312999999999988e+02
-3.523163000000000125e+02
-3.716211999999999875e+02
-3.526875000000000000e+02
-3.266999999999999886e+02
-3.367237999999999829e+02
-3.697649999999999864e+02
-3.538011999999999944e+02
-3.719925000000000068e+02
-3.656811999999999898e+02
-3.504599999999999795e+02
-3.716211999999999875e+02
-3.615975000000000250e+02
-3.408075000000000045e+02
-3.690224999999999795e+02
-3.771899999999999977e+02
-3.508312999999999988e+02
-3.849863000000000284e+02
-3.953813000000000102e+02
-3.864712999999999852e+02
-3.764474999999999909e+02
-4.169137999999999806e+02
-3.783036999999999921e+02
-3.586274999999999977e+02
-3.794175000000000182e+02
-3.775611999999999853e+02
-3.649388000000000147e+02
-3.589986999999999853e+02
-3.489750000000000227e+02
-3.508312999999999988e+02
-3.586274999999999977e+02
-3.690224999999999795e+02
-3.641963000000000079e+02
-3.701363000000000056e+02
-3.467475000000000023e+02
-3.749624999999999773e+02
-3.586274999999999977e+02
-3.352386999999999944e+02
-3.578849999999999909e+02
-3.641963000000000079e+02
-3.400649999999999977e+02
-3.586274999999999977e+02
-3.630824999999999818e+02
-3.500887000000000171e+02
-3.430350000000000250e+02
-3.467475000000000023e+02
-3.861000000000000227e+02
-3.671662999999999784e+02
-3.608550000000000182e+02
-3.690224999999999795e+02
-3.493462999999999852e+02
-3.601125000000000114e+02
-3.504599999999999795e+02
-3.693937999999999988e+02
-3.619687999999999874e+02
-3.586274999999999977e+02
-3.656811999999999898e+02
-3.890699999999999932e+02
-3.898125000000000000e+02
-4.076324999999999932e+02
-3.786750000000000114e+02
-3.549150000000000205e+02
-3.886988000000000056e+02
-3.835013000000000147e+02
-3.716211999999999875e+02
-3.664238000000000284e+02
-3.976087999999999738e+02
-3.964950000000000045e+02
-3.731062999999999761e+02
-4.020638000000000147e+02
-4.031775000000000091e+02
-3.864712999999999852e+02
-4.009499999999999886e+02
-3.909261999999999944e+02
-3.938962000000000216e+02
-4.117162000000000148e+02
-3.905550000000000068e+02
-3.757049999999999841e+02
-3.734775000000000205e+02
-3.905550000000000068e+02
-3.905550000000000068e+02
-3.994649999999999750e+02
-3.950099999999999909e+02
-4.031775000000000091e+02
-4.080038000000000125e+02
-3.879562999999999988e+02
-4.254524999999999864e+02
-4.054049999999999727e+02
-4.042912999999999784e+02
-3.924112999999999829e+02
-4.080038000000000125e+02
-4.054049999999999727e+02
-4.154286999999999921e+02
-4.373324999999999818e+02
-4.146861999999999853e+02
-4.209975000000000023e+02
-4.317638000000000034e+02
-4.395600000000000023e+02
-4.217400000000000091e+02
-4.209975000000000023e+02
-4.291650000000000205e+02
-4.202549999999999955e+02
-4.261949999999999932e+02
-4.243387000000000171e+02
-4.265663000000000125e+02
-4.291650000000000205e+02
-4.436437999999999988e+02
-4.295362999999999829e+02
-4.558949999999999818e+02
-4.477275000000000205e+02
-4.406738000000000284e+02
-4.336200000000000045e+02
-4.521825000000000045e+02
-4.313924999999999841e+02
-4.380749999999999886e+02
-4.328774999999999977e+02
-4.506974999999999909e+02
-4.666612999999999829e+02
-4.466138000000000261e+02
-4.440149999999999864e+02
-4.792837999999999852e+02
-4.696313000000000102e+02
-4.362187999999999874e+02
-4.674037000000000148e+02
-4.759424999999999955e+02
-4.558949999999999818e+02
-4.692599999999999909e+02
-4.863374999999999773e+02
-4.610924999999999727e+02
-4.766850000000000023e+02
-4.733437999999999874e+02
-4.633199999999999932e+02
-4.518111999999999853e+02
-4.573799999999999955e+02
-4.440149999999999864e+02
-4.302787000000000148e+02
-4.198838000000000079e+02
-4.287937999999999761e+02
-4.466138000000000261e+02
-4.321349999999999909e+02
-4.273086999999999875e+02
-4.358475000000000250e+02
-4.365899999999999750e+02
-4.146861999999999853e+02
-4.221113000000000284e+02
-4.209975000000000023e+02
-4.247099999999999795e+02
-4.161712999999999738e+02
-4.365899999999999750e+02
-4.198838000000000079e+02
-4.243387000000000171e+02
-4.209975000000000023e+02
-4.057762000000000171e+02
-4.362187999999999874e+02
-4.596075000000000159e+02
-4.176562999999999874e+02
-4.165425000000000182e+02
-4.484700000000000273e+02
-4.380749999999999886e+02
-4.425299999999999727e+02
-4.258238000000000056e+02
-4.221113000000000284e+02
-4.273086999999999875e+02
-4.295362999999999829e+02
-4.165425000000000182e+02
-4.362187999999999874e+02
-4.584936999999999898e+02
-4.120874999999999773e+02
-4.339911999999999921e+02
-4.532962999999999738e+02
-4.217400000000000091e+02
-4.306499999999999773e+02
-4.480987999999999829e+02
-4.425299999999999727e+02
-4.187699999999999818e+02
-4.406738000000000284e+02
-4.213686999999999898e+02
-4.276800000000000068e+02
-4.558949999999999818e+02
-4.224825000000000159e+02
-4.317638000000000034e+02
-4.325063000000000102e+02
-4.269375000000000000e+02
-4.284225000000000136e+02
-4.295362999999999829e+02
-4.506974999999999909e+02
-4.310212000000000216e+02
-4.176562999999999874e+02
-4.280511999999999944e+02
-4.455000000000000000e+02
-4.377038000000000011e+02
-4.299075000000000273e+02
-4.299075000000000273e+02
-4.544100000000000250e+02
-4.429012000000000171e+02
-4.325063000000000102e+02
-4.577513000000000147e+02
-4.373324999999999818e+02
-4.365899999999999750e+02
-4.458711999999999875e+02
-4.425299999999999727e+02
-4.343625000000000114e+02
-4.313924999999999841e+02
-4.299075000000000273e+02
-4.332486999999999853e+02
-4.124587000000000216e+02
-4.009499999999999886e+02
-3.786750000000000114e+02
-4.028061999999999898e+02
-4.206263000000000147e+02
-4.068899999999999864e+02
-3.968661999999999921e+02
-4.042912999999999784e+02
-4.002074999999999818e+02
-3.990937999999999874e+02
-3.990937999999999874e+02
-4.046625000000000227e+02
-4.325063000000000102e+02
-3.898125000000000000e+02
-3.979800000000000182e+02
-4.098600000000000136e+02
-3.820163000000000011e+02
-3.950099999999999909e+02
-3.983512999999999806e+02
-4.172850000000000250e+02
-4.039200000000000159e+02
-4.020638000000000147e+02
-4.139438000000000102e+02
-4.135724999999999909e+02
-4.061474999999999795e+02
-4.143149999999999977e+02
-4.028061999999999898e+02
-4.247099999999999795e+02
-4.158000000000000114e+02
-4.024350000000000023e+02
-4.209975000000000023e+02
-4.076324999999999932e+02
-4.002074999999999818e+02
-4.154286999999999921e+02
-4.113450000000000273e+02
-4.239674999999999727e+02
-4.191413000000000011e+02
-4.028061999999999898e+02
-4.061474999999999795e+02
-4.158000000000000114e+02
-4.243387000000000171e+02
-4.083750000000000000e+02
-4.120874999999999773e+02
-4.146861999999999853e+02
-4.102312999999999761e+02
-4.013213000000000079e+02
-4.213686999999999898e+02
-4.139438000000000102e+02
-4.054049999999999727e+02
-4.198838000000000079e+02
-4.028061999999999898e+02
-4.273086999999999875e+02
-4.224825000000000159e+02
-4.117162000000000148e+02
-4.250812999999999988e+02
-4.365899999999999750e+02
-4.102312999999999761e+02
-4.158000000000000114e+02
-4.321349999999999909e+02
-4.317638000000000034e+02
-4.362187999999999874e+02
-4.154286999999999921e+02
-4.191413000000000011e+02
-4.477275000000000205e+02
-4.187699999999999818e+02
-4.117162000000000148e+02
-4.102312999999999761e+02
-4.172850000000000250e+02
-3.916687999999999761e+02
-3.864712999999999852e+02
-3.953813000000000102e+02
-3.979800000000000182e+02
-4.113450000000000273e+02
-3.964950000000000045e+02
-4.146861999999999853e+02
-3.987225000000000250e+02
-4.232250000000000227e+02
-4.176562999999999874e+02
-4.035488000000000284e+02
-4.195124999999999886e+02
-4.213686999999999898e+02
-4.202549999999999955e+02
-4.195124999999999886e+02
-4.388174999999999955e+02
-4.321349999999999909e+02
-4.202549999999999955e+02
-4.187699999999999818e+02
-4.273086999999999875e+02
-4.183987000000000194e+02
-4.243387000000000171e+02
-4.235962999999999852e+02
-4.221113000000000284e+02
-4.172850000000000250e+02
-3.961236999999999853e+02
-4.377038000000000011e+02
