-1.865902000000000044e+03
-1.829891000000000076e+03
-1.856621000000000095e+03
-1.891146999999999935e+03
-1.872585000000000036e+03
-1.877411000000000058e+03
-1.931242999999999938e+03
-1.920847999999999956e+03
-1.943493999999999915e+03
-1.993613000000000056e+03
-1.965026000000000067e+03
-1.983960000000000036e+03
-1.956858999999999924e+03
-1.985444999999999936e+03
-2.039646999999999935e+03
-2.019229000000000042e+03
-1.985074000000000069e+03
-2.057096000000000004e+03
-2.047815000000000055e+03
-2.042617999999999938e+03
-2.097190999999999804e+03
-2.083454999999999927e+03
-2.102018000000000029e+03
-2.128005000000000109e+03
-2.108329000000000178e+03
-2.091623000000000047e+03
-2.161789000000000215e+03
-2.145824999999999818e+03
-2.134688000000000102e+03
-2.197800000000000182e+03
-2.175525000000000091e+03
-2.177751999999999953e+03
-2.194829999999999927e+03
-2.229356000000000222e+03
-2.208195000000000164e+03
-2.249403999999999996e+03
-2.255715000000000146e+03
-2.220818000000000211e+03
-2.214876999999999953e+03
-2.225271999999999935e+03
-2.214135000000000218e+03
-2.279103999999999814e+03
-2.263139999999999873e+03
-2.233811000000000149e+03
-2.306576000000000022e+03
-2.298780000000000200e+03
-2.238637000000000171e+03
-2.331449999999999818e+03
-2.335905000000000200e+03
-2.280960000000000036e+03
-2.341844999999999800e+03
-2.332563999999999851e+03
-2.299150999999999840e+03
-2.358179999999999836e+03
-2.370431000000000040e+03
-2.334791000000000167e+03
-2.364490999999999985e+03
-2.357065999999999804e+03
-2.330708000000000084e+03
-2.338132999999999811e+03
-2.413496000000000095e+03
-2.350384000000000015e+03
-2.343329999999999927e+03
-2.391592999999999847e+03
-2.377485000000000127e+03
-2.410896999999999935e+03
-2.414981000000000222e+03
-2.421664000000000215e+03
-2.398646000000000186e+03
-2.425005000000000109e+03
-2.406813999999999851e+03
-2.426860999999999876e+03
-2.443938999999999851e+03
-2.427231999999999971e+03
-2.440597000000000207e+03
-2.447280000000000200e+03
-2.450992000000000189e+03
-2.428717999999999847e+03
-2.455076000000000022e+03
-2.429460000000000036e+03
-2.413496000000000095e+03
-2.481434999999999945e+03
-2.458416999999999916e+03
-2.455447999999999865e+03
-2.500369000000000142e+03
-2.492943999999999960e+03
-2.473268000000000029e+03
-2.489231000000000222e+03
-2.484405000000000200e+03
-2.468440999999999804e+03
-2.483291000000000167e+03
-2.503710000000000036e+03
-2.502224999999999909e+03
-2.517074999999999818e+03
-2.510021000000000186e+03
-2.488489000000000033e+03
-2.544918999999999869e+03
-2.529697999999999865e+03
-2.525242000000000189e+03
-2.548260000000000218e+03
-2.563110000000000127e+03
-2.548260000000000218e+03
-2.533780999999999949e+03
-2.552344000000000051e+03
-2.583157000000000153e+03
-2.566822999999999865e+03
-2.556427000000000135e+03
-2.614342999999999847e+03
-2.608030999999999949e+03
-2.593552000000000135e+03
-2.615085000000000036e+03
-2.632534000000000106e+03
-2.631420000000000073e+03
-2.632905000000000200e+03
-2.657778999999999996e+03
-2.655922999999999774e+03
-2.653695000000000164e+03
-2.650724999999999909e+03
-2.671885999999999967e+03
-2.627335999999999785e+03
-2.643670999999999822e+03
-2.632905000000000200e+03
-2.641815000000000055e+03
-2.674114000000000033e+03
-2.646269999999999982e+03
-2.648869000000000142e+03
-2.671514999999999873e+03
-2.668545000000000073e+03
-2.680054000000000087e+03
-2.656664999999999964e+03
-2.609516000000000076e+03
-2.594666000000000167e+03
-2.626965000000000146e+03
-2.604318999999999960e+03
-2.635132999999999811e+03
-2.651096000000000004e+03
-2.620282000000000153e+03
-2.625851000000000113e+03
-2.635503999999999905e+03
-2.650724999999999909e+03
-2.613599999999999909e+03
-2.660748999999999796e+03
-2.629934999999999945e+03
-2.620282000000000153e+03
-2.661119999999999891e+03
-2.665204000000000178e+03
-2.622880999999999858e+03
-2.642929000000000087e+03
-2.639215999999999894e+03
-2.600235000000000127e+03
-2.622139000000000124e+03
-2.641072999999999865e+03
-2.629934999999999945e+03
-2.635503999999999905e+03
-2.661862999999999829e+03
-2.623994999999999891e+03
-2.641815000000000055e+03
-2.657778999999999996e+03
-2.640701000000000022e+03
-2.645898999999999887e+03
-2.642186000000000149e+03
-2.652581000000000131e+03
-2.641443999999999960e+03
-2.651467999999999847e+03
-2.661862999999999829e+03
-2.676340999999999894e+03
-2.675969999999999800e+03
-2.696389000000000124e+03
-2.691934000000000196e+03
-2.669288000000000011e+03
-2.696760000000000218e+03
-2.706041000000000167e+03
-2.697873999999999796e+03
-2.697130999999999858e+03
-2.684509000000000015e+03
-2.714208999999999833e+03
-2.721634000000000015e+03
-2.706784000000000106e+03
-2.682280999999999949e+03
-2.675599000000000160e+03
-2.690449000000000069e+03
-2.723119000000000142e+03
-2.683023999999999887e+03
-2.684509000000000015e+03
-2.716065000000000055e+03
-2.720891000000000076e+03
-2.710867000000000189e+03
-2.738710999999999785e+03
-2.734255999999999858e+03
-2.733514000000000124e+03
-2.733143000000000029e+03
-2.743538000000000011e+03
-2.739083000000000084e+03
-2.734255999999999858e+03
-2.736112999999999829e+03
-2.747250000000000000e+03
-2.725346000000000004e+03
-2.738340000000000146e+03
-2.758387000000000171e+03
-2.741681000000000040e+03
-2.729429999999999836e+03
-2.764699000000000069e+03
-2.756902999999999793e+03
-2.752076000000000022e+03
-2.760985999999999876e+03
-2.759501000000000204e+03
-2.749478000000000065e+03
-2.742052000000000135e+03
-2.773608999999999924e+03
-2.762471000000000004e+03
-2.754675000000000182e+03
-2.787344999999999800e+03
-2.783260999999999967e+03
-2.748364000000000033e+03
-2.814074999999999818e+03
-2.807393000000000029e+03
-2.749106000000000222e+03
-2.797739999999999782e+03
-2.787344999999999800e+03
-2.770268000000000029e+03
-2.800338999999999942e+03
-2.810733999999999924e+03
-2.791800000000000182e+03
-2.783260999999999967e+03
-2.812590000000000146e+03
-2.804793999999999869e+03
-2.795141000000000076e+03
-2.776208000000000084e+03
-2.794027999999999793e+03
-2.796998000000000047e+03
-2.807393000000000029e+03
-2.807764000000000124e+03
-2.827811000000000149e+03
-2.835606999999999971e+03
-2.818159000000000106e+03
-2.844518000000000029e+03
-2.862338000000000193e+03
-2.820757999999999811e+03
-2.834864999999999782e+03
-2.856025999999999840e+03
-2.819643999999999778e+03
-2.838577999999999975e+03
-2.850829000000000178e+03
-2.830039000000000215e+03
-2.843032000000000153e+03
-2.853056000000000040e+03
-2.859367000000000189e+03
-2.857139999999999873e+03
-2.871989999999999782e+03
-2.866791999999999916e+03
-2.835606999999999971e+03
-2.825954999999999927e+03
-2.831152999999999793e+03
-2.833009000000000015e+03
-2.832637000000000171e+03
-2.838206000000000131e+03
-2.848601000000000113e+03
-2.854913000000000011e+03
-2.827068999999999960e+03
-2.845630999999999858e+03
-2.860853000000000065e+03
-2.853427000000000135e+03
-2.845630999999999858e+03
-2.881271000000000186e+03
-2.887583000000000084e+03
-2.856768999999999778e+03
-2.884612999999999829e+03
-2.857139999999999873e+03
-2.859367000000000189e+03
-2.891666000000000167e+03
-2.889438999999999851e+03
-2.884240999999999985e+03
-2.916539999999999964e+03
-2.893893999999999778e+03
-2.853798999999999978e+03
-2.870505000000000109e+03
-2.854170000000000073e+03
-2.878672999999999774e+03
-2.843775000000000091e+03
-2.847487999999999829e+03
-2.838577999999999975e+03
-2.844518000000000029e+03
-2.864193999999999960e+03
-2.850085999999999785e+03
-2.862338000000000193e+03
-2.856025999999999840e+03
-2.863451000000000022e+03
-2.866791999999999916e+03
-2.884240999999999985e+03
-2.867534999999999854e+03
-2.866791999999999916e+03
-2.866420999999999822e+03
-2.869019999999999982e+03
-2.883126999999999953e+03
-2.871248000000000047e+03
-2.867164000000000215e+03
-2.882014000000000124e+03
-2.870134000000000015e+03
-2.880157000000000153e+03
-2.889438999999999851e+03
-2.878672999999999774e+03
-2.897606000000000222e+03
-2.913570000000000164e+03
-2.887210999999999785e+03
-2.888695999999999913e+03
-2.917282000000000153e+03
-2.901690000000000055e+03
-2.888324999999999818e+03
-2.910599999999999909e+03
-2.930646999999999935e+03
-2.920623999999999796e+03
-2.951065999999999804e+03
-2.939186000000000149e+03
-2.937701000000000022e+03
-2.962945999999999913e+03
-2.959976000000000113e+03
-2.955521000000000186e+03
-2.972969999999999800e+03
-2.975568999999999960e+03
-2.964431000000000040e+03
-2.988563000000000102e+03
-3.000813999999999851e+03
-2.999699999999999818e+03
-3.013065000000000055e+03
-3.012322999999999865e+03
-3.020119000000000142e+03
-2.984478999999999814e+03
-2.989304999999999836e+03
-2.975568999999999960e+03
-2.985592999999999847e+03
-2.988934000000000196e+03
-2.978166999999999916e+03
-2.995244999999999891e+03
-2.994501999999999953e+03
-2.967400999999999840e+03
-2.920251999999999953e+03
-2.933246000000000095e+03
-2.941414000000000215e+03
-2.938072999999999865e+03
-2.942527999999999793e+03
-2.929905000000000200e+03
-2.931760999999999967e+03
-2.961460999999999785e+03
-2.963318000000000211e+03
-2.959605000000000018e+03
-2.968143999999999778e+03
-2.953664999999999964e+03
-2.977795999999999822e+03
-2.980394999999999982e+03
-2.978909999999999854e+03
-3.001556000000000040e+03
-3.006010999999999967e+03
-2.999699999999999818e+03
-3.012322999999999865e+03
-3.006382999999999811e+03
-3.003784000000000106e+03
-3.036083000000000084e+03
-2.995987999999999829e+03
-3.002298999999999978e+03
-3.028286000000000058e+03
-3.019748000000000047e+03
-3.024202999999999975e+03
-3.023088999999999942e+03
-3.028286000000000058e+03
-3.004896999999999935e+03
-3.026800999999999931e+03
-3.043507999999999811e+03
-3.006753999999999905e+03
-3.020119000000000142e+03
-3.047963000000000193e+03
-3.035710999999999785e+03
-3.048333999999999833e+03
-3.052416999999999916e+03
-3.041280000000000200e+03
-3.051675000000000182e+03
-3.076548999999999978e+03
-3.048704999999999927e+03
-3.028657000000000153e+03
-3.048704999999999927e+03
-3.036454000000000178e+03
-3.037568000000000211e+03
-3.074693000000000211e+03
-3.036454000000000178e+03
-3.060956000000000131e+03
-3.088057999999999993e+03
-3.076177000000000135e+03
-3.092512000000000171e+03
-3.069494999999999891e+03
-3.044621000000000095e+03
-3.041650999999999840e+03
-3.050190000000000055e+03
-3.034969000000000051e+03
-3.047219999999999800e+03
-3.053902999999999793e+03
-3.059471000000000004e+03
-3.044250000000000000e+03
-3.048704999999999927e+03
-3.047590999999999894e+03
-3.047963000000000193e+03
-3.045364000000000033e+03
-2.992646000000000186e+03
-2.995987999999999829e+03
-3.013436000000000149e+03
-3.021231999999999971e+03
-3.002298999999999978e+03
-3.010838000000000193e+03
-3.007496000000000095e+03
-2.998958000000000084e+03
-3.003041000000000167e+03
-3.025688000000000102e+03
-3.010465999999999894e+03
-3.016034999999999854e+03
