-4.433467999999999847e+03
-4.508831000000000131e+03
-4.544842999999999847e+03
-4.513286000000000058e+03
-4.498064999999999600e+03
-4.558578999999999724e+03
-4.497323000000000320e+03
-4.537046000000000276e+03
-4.521453999999999724e+03
-4.539645000000000437e+03
-4.522567000000000007e+03
-4.543356999999999971e+03
-4.511430000000000291e+03
-4.525537999999999556e+03
-4.524052999999999884e+03
-4.550411000000000058e+03
-4.570829999999999927e+03
-4.554123999999999796e+03
-4.559320999999999913e+03
-4.529993000000000393e+03
-4.569345000000000255e+03
-4.562662999999999556e+03
-4.584565999999999804e+03
-4.613895000000000437e+03
-4.601271999999999935e+03
-4.589393000000000029e+03
-4.652876000000000204e+03
-4.655104000000000269e+03
-4.644708999999999833e+03
-4.683689999999999600e+03
-4.614265999999999622e+03
-4.620948999999999614e+03
-4.690743999999999687e+03
-4.665498999999999796e+03
-4.652134000000000015e+03
-4.664014000000000124e+03
-4.694085000000000036e+03
-4.652505000000000109e+03
-4.672923999999999978e+03
-4.741234000000000378e+03
-4.667354999999999563e+03
-4.681833999999999833e+03
-4.713019000000000233e+03
-4.708935000000000400e+03
-4.690001000000000204e+03
-4.707449999999999818e+03
-4.726755000000000109e+03
-4.735293999999999869e+03
-4.748658999999999651e+03
-4.695569999999999709e+03
-4.721186999999999898e+03
-4.719701000000000022e+03
-4.737520999999999731e+03
-4.729725000000000364e+03
-4.738264000000000124e+03
-4.718958999999999833e+03
-4.790238999999999578e+03
-4.763509000000000015e+03
-4.754970000000000255e+03
-4.771305000000000291e+03
-4.731953000000000429e+03
-4.790238999999999578e+03
-4.781699999999999818e+03
-4.782814000000000306e+03
-4.739006000000000313e+03
-4.736779000000000451e+03
-4.750144000000000233e+03
-4.735293999999999869e+03
-4.710048999999999978e+03
-4.718587000000000444e+03
-4.738635000000000218e+03
-4.675521999999999935e+03
-4.681462000000000444e+03
-4.739377000000000407e+03
-4.670695999999999913e+03
-4.692970999999999549e+03
-4.686288999999999760e+03
-4.729725000000000364e+03
-4.689630000000000109e+03
-4.746430999999999585e+03
-4.698168999999999869e+03
-4.730838999999999942e+03
-4.735293999999999869e+03
-4.700768000000000029e+03
-4.727126000000000204e+03
-4.738264000000000124e+03
-4.729354000000000269e+03
-4.750886000000000422e+03
-4.744574999999999818e+03
-4.740862000000000080e+03
-4.715988999999999578e+03
-4.730467999999999847e+03
-4.714131999999999607e+03
-4.737149999999999636e+03
-4.728239999999999782e+03
-4.708564000000000306e+03
-4.748287999999999556e+03
-4.738264000000000124e+03
-4.712275999999999840e+03
-4.740490999999999985e+03
-4.760538999999999760e+03
-4.719701000000000022e+03
-4.722300000000000182e+03
-4.733065999999999804e+03
-4.696313000000000102e+03
-4.710792000000000371e+03
-4.739006000000000313e+03
-4.695940999999999804e+03
-4.742719000000000051e+03
-4.728239999999999782e+03
-4.713390000000000327e+03
-4.755712000000000444e+03
-4.749400999999999840e+03
-4.727868999999999687e+03
-4.736779000000000451e+03
-4.723784999999999854e+03
-4.761280999999999949e+03
-4.752743000000000393e+03
-4.746802999999999884e+03
-4.707078999999999724e+03
-4.767220999999999549e+03
-4.730838999999999942e+03
-4.728981999999999971e+03
-4.747917000000000371e+03
-4.756826000000000022e+03
-4.700768000000000029e+03
-4.772418999999999869e+03
-4.776502000000000407e+03
-4.761280999999999949e+03
-4.771305000000000291e+03
-4.773904000000000451e+03
-4.764251000000000204e+03
-4.740119999999999891e+03
-4.787269000000000233e+03
-4.732694999999999709e+03
-4.722671000000000276e+03
-4.782442000000000007e+03
-4.731953000000000429e+03
-4.758311999999999898e+03
-4.804345999999999549e+03
-4.766106999999999971e+03
-4.750886000000000422e+03
-4.787640000000000327e+03
-4.772418999999999869e+03
-4.734551000000000386e+03
-4.799520000000000437e+03
-4.786896999999999935e+03
-4.755341000000000349e+03
-4.788011000000000422e+03
-4.802118999999999687e+03
-4.756083999999999833e+03
-4.821423999999999978e+03
-4.812143000000000029e+03
-4.818824999999999818e+03
-4.825878999999999905e+03
-4.836274000000000342e+03
-4.822537999999999556e+03
-4.826250000000000000e+03
-4.842213999999999942e+03
-4.790980999999999767e+03
-4.886393000000000029e+03
-4.839243999999999687e+03
-4.850752000000000407e+03
-4.892332999999999629e+03
-4.857805999999999585e+03
-4.828105999999999767e+03
-4.868944000000000415e+03
-4.865603000000000065e+03
-4.860033999999999651e+03
-4.894189000000000306e+03
-4.868944000000000415e+03
-4.849268000000000029e+03
-4.824021999999999935e+03
-4.858548999999999978e+03
-4.823650999999999840e+03
-4.856320999999999913e+03
-4.875997999999999593e+03
-4.838501000000000204e+03
-4.850752000000000407e+03
-4.865230999999999767e+03
-4.856692000000000007e+03
-4.856320999999999913e+03
-4.878225000000000364e+03
-4.832932999999999993e+03
-4.816597999999999956e+03
-4.816225999999999658e+03
-4.782070999999999913e+03
-4.787640000000000327e+03
-4.799520000000000437e+03
-4.831076000000000022e+03
-4.812885000000000218e+03
-4.807688000000000102e+03
-4.832932999999999993e+03
-4.800634000000000015e+03
-4.805460000000000036e+03
-4.789868000000000393e+03
-4.795436999999999898e+03
-4.781699999999999818e+03
-4.807315999999999804e+03
-4.767592999999999847e+03
-4.804345999999999549e+03
-4.794694000000000415e+03
-4.784298999999999978e+03
-4.810286000000000058e+03
-4.757198000000000320e+03
-4.779472999999999956e+03
-4.819939000000000306e+03
-4.831076000000000022e+03
-4.789496000000000095e+03
-4.844813000000000102e+03
-4.806203000000000429e+03
-4.816969000000000051e+03
-4.851865999999999985e+03
-4.818082999999999629e+03
-4.848895999999999731e+03
-4.841100000000000364e+03
-4.844069999999999709e+03
-4.841100000000000364e+03
-4.854836000000000240e+03
-4.855949999999999818e+03
-4.840356999999999971e+03
-4.873399000000000342e+03
-4.835159999999999854e+03
-4.844069999999999709e+03
-4.889734000000000378e+03
-4.819939000000000306e+03
-4.832932999999999993e+03
-4.860033999999999651e+03
-4.834417000000000371e+03
-4.813998999999999796e+03
-4.856320999999999913e+03
-4.798777000000000044e+03
-4.825878999999999905e+03
-4.865603000000000065e+03
-4.822908999999999651e+03
-4.839985999999999876e+03
-4.872655999999999949e+03
-4.867829999999999927e+03
-4.869686999999999898e+03
-4.878595999999999549e+03
-4.868944000000000415e+03
-4.859292000000000371e+03
-4.892703999999999724e+03
-4.901243000000000393e+03
-4.873399000000000342e+03
-4.909409999999999854e+03
-4.904212000000000444e+03
-4.877854000000000269e+03
-4.943936999999999898e+03
-4.916835000000000036e+03
-4.891590000000000146e+03
-4.936881999999999607e+03
-4.936881999999999607e+03
-4.913493999999999687e+03
-4.948020000000000437e+03
-4.923889000000000124e+03
-4.940966000000000349e+03
-4.929828999999999724e+03
-4.966953999999999724e+03
-4.944679000000000087e+03
-4.957671999999999571e+03
-4.964725999999999658e+03
-4.975121000000000095e+03
-4.967695999999999913e+03
-4.988114999999999782e+03
-4.953217999999999847e+03
-4.998881000000000313e+03
-5.026725000000000364e+03
-5.016701000000000022e+03
-5.014474000000000160e+03
-5.040090000000000146e+03
-4.989600000000000364e+03
-5.035264000000000124e+03
-4.998139000000000124e+03
-5.023384000000000015e+03
-5.024868999999999687e+03
-5.033036000000000058e+03
-5.053826000000000022e+03
-5.050855999999999767e+03
-5.047886000000000422e+03
-5.046029999999999745e+03
-5.040461000000000240e+03
-5.058652000000000044e+03
-5.042689000000000306e+03
-5.007048999999999978e+03
-5.059024000000000342e+03
-5.062364999999999782e+03
-5.010761000000000422e+03
-5.067934000000000196e+03
-5.047144000000000233e+03
-5.053083999999999833e+03
-5.057909999999999854e+03
-5.087238999999999578e+03
-5.056425000000000182e+03
-5.106914999999999964e+03
-5.070161000000000058e+03
-5.085381999999999607e+03
-5.099860999999999876e+03
-5.098747999999999593e+03
-5.098005000000000109e+03
-5.106914999999999964e+03
-5.102088999999999942e+03
-5.138842999999999847e+03
-5.130675000000000182e+03
-5.105430000000000291e+03
-5.132902000000000044e+03
-5.166314999999999600e+03
-5.103944999999999709e+03
-5.136614999999999782e+03
-5.140328000000000429e+03
-5.141440999999999804e+03
-5.147010000000000218e+03
-5.175595999999999549e+03
-5.144783000000000357e+03
-5.133274000000000342e+03
-5.180051000000000386e+03
-5.161488999999999578e+03
-5.198984999999999673e+03
-5.192302999999999884e+03
-5.203069000000000415e+03
-5.184877000000000407e+03
-5.193417000000000371e+03
-5.198613999999999578e+03
-5.194900999999999840e+03
-5.186363000000000284e+03
-5.199728000000000065e+03
-5.223859000000000378e+03
-5.214578000000000429e+03
-5.254301000000000386e+03
-5.240564999999999600e+03
-5.226457999999999629e+03
-5.266923999999999978e+03
-5.253188000000000102e+03
-5.272863999999999578e+03
-5.261354999999999563e+03
-5.259869999999999891e+03
-5.286600000000000364e+03
-5.265439000000000306e+03
-5.269521999999999935e+03
-5.262469000000000051e+03
-5.263953999999999724e+03
-5.208265999999999622e+03
-5.226086000000000240e+03
-5.206038999999999760e+03
-5.186363000000000284e+03
-5.204182999999999993e+03
-5.223488000000000284e+03
-5.213463999999999942e+03
-5.213463999999999942e+03
-5.219774999999999636e+03
-5.185619999999999891e+03
-5.210864999999999782e+03
-5.263953999999999724e+03
-5.213835000000000036e+03
-5.214948999999999614e+03
-5.253559000000000196e+03
-5.208637999999999920e+03
-5.200841000000000349e+03
-5.244277000000000044e+03
-5.186734000000000378e+03
-5.249104000000000269e+03
-5.270265000000000327e+03
-5.241679000000000087e+03
-5.234625000000000000e+03
-5.271006999999999607e+03
-5.240936999999999898e+03
-5.265810000000000400e+03
-5.262469000000000051e+03
-5.291055000000000291e+03
-5.265067000000000007e+03
-5.286970999999999549e+03
-5.279175000000000182e+03
-5.234625000000000000e+03
-5.281030999999999949e+03
-5.280659999999999854e+03
-5.279917000000000371e+03
-5.284372999999999593e+03
-5.315186999999999898e+03
-5.292911000000000058e+03
-5.315557999999999993e+03
-5.299965000000000146e+03
-5.293283000000000357e+03
-5.330036000000000058e+03
-5.317413999999999760e+03
-5.317042000000000371e+03
-5.302564000000000306e+03
-5.321126000000000204e+03
-5.310359999999999673e+03
-5.343029999999999745e+03
-5.349341000000000349e+03
-5.286600000000000364e+03
-5.312958999999999833e+03
-5.334119999999999891e+03
-5.298479999999999563e+03
-5.358993999999999687e+03
-5.358993999999999687e+03
-5.315557999999999993e+03
-5.328921999999999571e+03
-5.343029999999999745e+03
-5.334119999999999891e+03
-5.325582000000000335e+03
-5.364190999999999804e+03
-5.387579999999999927e+03
-5.386095000000000255e+03
-5.411340000000000146e+03
-5.361220999999999549e+03
-5.388694000000000415e+03
-5.379783999999999651e+03
-5.402430000000000291e+03
-5.411340000000000146e+03
-5.401315999999999804e+03
-5.433985999999999876e+03
