-3.379489000000000033e+03
-3.386170999999999822e+03
-3.421811000000000149e+03
-3.402135000000000218e+03
-3.418840999999999894e+03
-3.460791999999999916e+03
-3.423295999999999822e+03
-3.466731999999999971e+03
-3.418840999999999894e+03
-3.407704000000000178e+03
-3.451139999999999873e+03
-3.455594999999999800e+03
-3.429978999999999814e+03
-3.465619000000000142e+03
-3.479726000000000113e+03
-3.454110000000000127e+03
-3.507570000000000164e+03
-3.495690000000000055e+03
-3.497175000000000182e+03
-3.504599999999999909e+03
-3.529474000000000160e+03
-3.506456000000000131e+03
-3.529474000000000160e+03
-3.558431000000000040e+03
-3.530215999999999894e+03
-3.495690000000000055e+03
-3.544324000000000069e+03
-3.543952999999999975e+03
-3.566228000000000065e+03
-3.561400999999999840e+03
-3.575880000000000109e+03
-3.574394999999999982e+03
-3.601125000000000000e+03
-3.543952999999999975e+03
-3.583304999999999836e+03
-3.610777999999999793e+03
-3.550635000000000218e+03
-3.611148999999999887e+03
-3.594813999999999851e+03
-3.609664000000000215e+03
-3.591101000000000113e+03
-3.635280000000000200e+03
-3.670548999999999978e+03
-3.643818999999999960e+03
-3.631568000000000211e+03
-3.703960999999999785e+03
-3.610405999999999949e+03
-3.687626000000000204e+03
-3.705074999999999818e+03
-3.667579000000000178e+03
-3.696907000000000153e+03
-3.720295999999999822e+03
-3.691710000000000036e+03
-3.762989999999999782e+03
-3.767445000000000164e+03
-3.739230000000000018e+03
-3.755936000000000149e+03
-3.777097999999999956e+03
-3.772643000000000029e+03
-3.839096000000000004e+03
-3.839096000000000004e+03
-3.829815000000000055e+03
-3.861742000000000189e+03
-3.868054000000000087e+03
-3.846521000000000186e+03
-3.888101000000000113e+03
-3.862114000000000033e+03
-3.847635000000000218e+03
-3.931166000000000167e+03
-3.910748000000000047e+03
-3.880675999999999931e+03
-3.858030000000000200e+03
-3.910748000000000047e+03
-3.873251000000000204e+03
-3.885130999999999858e+03
-3.913346000000000004e+03
-3.935992000000000189e+03
-3.963465000000000146e+03
-3.938590999999999894e+03
-3.937106000000000222e+03
-3.916688000000000102e+03
-3.985369000000000142e+03
-3.947130000000000109e+03
-3.963835999999999785e+03
-3.989452999999999975e+03
-3.987224999999999909e+03
-3.993536000000000058e+03
-4.019523999999999887e+03
-3.993164999999999964e+03
-4.027690999999999804e+03
-3.999476000000000113e+03
-4.005045000000000073e+03
-4.005045000000000073e+03
-3.990195000000000164e+03
-3.960865999999999985e+03
-4.038829000000000178e+03
-3.974231000000000222e+03
-4.013583999999999833e+03
-4.007643999999999778e+03
-4.030661000000000058e+03
-4.023235999999999876e+03
-3.996135000000000218e+03
-4.012469999999999800e+03
-4.031403999999999996e+03
-3.993536000000000058e+03
-4.012840999999999894e+03
-4.049224000000000160e+03
-4.048481000000000222e+03
-4.040684999999999945e+03
-4.068900000000000091e+03
-4.092659999999999854e+03
-4.067043999999999869e+03
-4.077068000000000211e+03
-4.067414999999999964e+03
-4.113078999999999724e+03
-4.092289000000000215e+03
-4.084492000000000189e+03
-4.077809999999999945e+03
-4.094516000000000076e+03
-4.103796999999999571e+03
-4.112336000000000240e+03
-4.096372999999999593e+03
-4.109365999999999985e+03
-4.145377000000000407e+03
-4.141293999999999869e+03
-4.135354000000000269e+03
-4.106024999999999636e+03
-4.118275999999999840e+03
-4.103055000000000291e+03
-4.120131999999999607e+03
-4.147975999999999658e+03
-4.150945999999999913e+03
-4.127186999999999898e+03
-4.181760000000000218e+03
-4.091545999999999822e+03
-4.165796000000000276e+03
-4.198095000000000255e+03
-4.166538999999999760e+03
-4.150203999999999724e+03
-4.130527000000000044e+03
-4.120875000000000000e+03
-4.122359999999999673e+03
-4.158371000000000095e+03
-4.150203999999999724e+03
-4.120503999999999905e+03
-4.181018000000000029e+03
-4.120503999999999905e+03
-4.133126000000000204e+03
-4.137210000000000036e+03
-4.151317000000000007e+03
-4.159113999999999578e+03
-4.193269000000000233e+03
-4.144264000000000124e+03
-4.127929000000000087e+03
-4.175819999999999709e+03
-4.178046999999999571e+03
-4.170251000000000204e+03
-4.178418999999999869e+03
-4.168024000000000342e+03
-4.170622999999999593e+03
-4.202921000000000276e+03
-4.148719000000000051e+03
-4.166909999999999854e+03
-4.204777000000000044e+03
-4.188070999999999913e+03
-4.192525999999999840e+03
-4.234849000000000160e+03
-4.215543999999999869e+03
-4.205149000000000342e+03
-4.228167000000000371e+03
-4.215543999999999869e+03
-4.218514000000000124e+03
-4.255268000000000029e+03
-4.239304000000000087e+03
-4.237076000000000022e+03
-4.231136000000000422e+03
-4.218143000000000029e+03
-4.227052999999999884e+03
-4.265662999999999556e+03
-4.241159999999999854e+03
-4.262692000000000007e+03
-4.267146999999999935e+03
-4.254895999999999731e+03
-4.265292000000000371e+03
-4.258237000000000080e+03
-4.272716000000000349e+03
-4.278284999999999854e+03
-4.287938000000000102e+03
-4.297961000000000240e+03
-4.287565999999999804e+03
-4.294990999999999985e+03
-4.311326000000000022e+03
-4.200694000000000415e+03
-4.170993999999999687e+03
-4.218885000000000218e+03
-4.172850000000000364e+03
-4.232993000000000393e+03
-4.239675000000000182e+03
-4.228537999999999556e+03
-4.214801000000000386e+03
-4.239304000000000087e+03
-4.254524999999999636e+03
-4.255268000000000029e+03
-4.256010000000000218e+03
-4.267519000000000233e+03
-4.281255000000000109e+03
-4.229650999999999840e+03
-4.235220000000000255e+03
-4.245243999999999687e+03
-4.269746000000000095e+03
-4.261207999999999629e+03
-4.276800000000000182e+03
-4.301302999999999884e+03
-4.263064000000000306e+03
-4.325434000000000196e+03
-4.297590000000000146e+03
-4.308355999999999767e+03
-4.295734000000000378e+03
-4.308355999999999767e+03
-4.338055999999999585e+03
-4.318751000000000204e+03
-4.373695999999999913e+03
-4.323206000000000131e+03
-4.353649000000000342e+03
-4.357731999999999971e+03
-4.312069000000000415e+03
-4.297590000000000146e+03
-4.346966000000000349e+03
-4.359588999999999942e+03
-4.326546999999999571e+03
-4.382234999999999673e+03
-4.341396999999999935e+03
-4.362559000000000196e+03
-4.377779999999999745e+03
-4.413792000000000371e+03
-4.382605999999999767e+03
-4.379265000000000327e+03
-4.414533999999999651e+03
-4.385948000000000320e+03
-4.435694999999999709e+03
-4.423073000000000320e+03
-4.424186999999999898e+03
-4.449802999999999884e+03
-4.447203999999999724e+03
-4.431239999999999782e+03
-4.466509000000000015e+03
-4.450173999999999978e+03
-4.432354000000000269e+03
-4.497323000000000320e+03
-4.456113999999999578e+03
-4.449430999999999585e+03
-4.491381999999999607e+03
-4.523310000000000400e+03
-4.449802999999999884e+03
-4.509203000000000429e+03
-4.497323000000000320e+03
-4.491753999999999905e+03
-4.514399999999999636e+03
-4.514399999999999636e+03
-4.523680999999999585e+03
-4.548555000000000291e+03
-4.577140999999999622e+03
-4.555609000000000378e+03
-4.525537999999999556e+03
-4.533704999999999927e+03
-4.524795000000000073e+03
-4.548184000000000196e+03
-4.509203000000000429e+03
-4.528136000000000422e+03
-4.519969000000000051e+03
-4.519597999999999956e+03
-4.476904000000000451e+03
-4.415275999999999840e+03
-4.419359999999999673e+03
-4.403768000000000029e+03
-4.423444000000000415e+03
-4.423073000000000320e+03
-4.384462000000000444e+03
-4.356618999999999687e+03
-4.394485999999999876e+03
-4.375552999999999884e+03
-4.366270999999999731e+03
-4.407109000000000378e+03
-4.394114999999999782e+03
-4.386689999999999600e+03
-4.441635000000000218e+03
-4.401539999999999964e+03
-4.406737000000000080e+03
-4.415646999999999935e+03
-4.424929000000000087e+03
-4.376295000000000073e+03
-4.367385000000000218e+03
-4.400055000000000291e+03
-4.378894000000000233e+03
-4.401539999999999964e+03
-4.392630000000000109e+03
-4.404139000000000124e+03
-4.423814999999999600e+03
-4.421587000000000444e+03
-4.426042000000000371e+03
-4.431239999999999782e+03
-4.443119999999999891e+03
-4.406365999999999985e+03
-4.455371000000000095e+03
-4.439408000000000357e+03
-4.411564000000000306e+03
-4.445719000000000051e+03
-4.413420000000000073e+03
-4.453515000000000327e+03
-4.450545000000000073e+03
-4.461311999999999898e+03
-4.442377000000000407e+03
-4.463538999999999760e+03
-4.480615999999999985e+03
-4.461311999999999898e+03
-4.482100999999999658e+03
-4.492496000000000095e+03
-4.492868000000000393e+03
-4.491381999999999607e+03
-4.515885000000000218e+03
-4.505860999999999876e+03
-4.493980999999999767e+03
-4.566375000000000000e+03
-4.498436999999999898e+03
-4.570458999999999833e+03
-4.555237000000000080e+03
-4.549668999999999869e+03
-4.566003999999999905e+03
-4.557836000000000240e+03
-4.569345000000000255e+03
-4.581967999999999847e+03
-4.588649999999999636e+03
-4.569345000000000255e+03
-4.599045000000000073e+03
-4.579368999999999687e+03
-4.615380000000000109e+03
-4.603871000000000095e+03
-4.613524000000000342e+03
-4.610554000000000087e+03
-4.638396999999999935e+03
-4.647679000000000087e+03
-4.613895000000000437e+03
-4.672180999999999585e+03
-4.648050000000000182e+03
-4.658073999999999614e+03
-4.666984000000000378e+03
-4.693342999999999847e+03
-4.678493000000000393e+03
-4.612409999999999854e+03
-4.677006999999999607e+03
-4.622063000000000102e+03
-4.642109999999999673e+03
-4.646194000000000415e+03
-4.640996000000000095e+03
-4.618350000000000364e+03
-4.652876000000000204e+03
-4.633942000000000007e+03
-4.641368000000000393e+03
-4.670324999999999818e+03
-4.658815999999999804e+03
-4.630600999999999658e+03
-4.633570999999999913e+03
-4.588279000000000451e+03
-4.549296999999999571e+03
-4.553752000000000407e+03
-4.540015999999999622e+03
-4.522195999999999913e+03
-4.553381000000000313e+03
-4.542985999999999876e+03
-4.577512999999999920e+03
-4.539645000000000437e+03
-4.546698999999999614e+03
-4.537046000000000276e+03
-4.556722999999999956e+03
-4.561920000000000073e+03
-4.558578999999999724e+03
-4.606841000000000349e+03
-4.578626000000000204e+03
-4.594590000000000146e+03
-4.584938000000000102e+03
-4.606470000000000255e+03
-4.551524999999999636e+03
-4.603128999999999905e+03
-4.599417000000000371e+03
-4.574542000000000371e+03
-4.585680000000000291e+03
-4.613895000000000437e+03
-4.584938000000000102e+03
-4.589764000000000124e+03
-4.600900999999999840e+03
-4.566746000000000095e+03
-4.600900999999999840e+03
-4.584194999999999709e+03
-4.607583999999999833e+03
-4.574913999999999760e+03
-4.586421999999999571e+03
-4.596817000000000007e+03
-4.570829999999999927e+03
-4.589764000000000124e+03
-4.590506000000000313e+03
-4.584938000000000102e+03
-4.596817000000000007e+03
-4.598302999999999884e+03
-4.593104999999999563e+03
-4.607583999999999833e+03
-4.571944000000000415e+03
-4.617235999999999876e+03
-4.565631999999999607e+03
-4.567859999999999673e+03
-4.616122999999999593e+03
-4.609811999999999898e+03
-4.587164999999999964e+03
