-2.899090999999999894e+03
-2.958119999999999891e+03
-2.878300999999999931e+03
-2.941414000000000215e+03
-2.937701000000000022e+03
-2.970742000000000189e+03
-3.001184999999999945e+03
-2.991161000000000058e+03
-2.987077999999999975e+03
-2.992275000000000091e+03
-3.034226000000000113e+03
-3.061699000000000069e+03
-3.015664000000000215e+03
-3.042393999999999778e+03
-3.066525000000000091e+03
-3.027543999999999869e+03
-3.066525000000000091e+03
-3.109590000000000146e+03
-3.091398999999999887e+03
-3.144487999999999829e+03
-3.137434000000000196e+03
-3.117757999999999811e+03
-3.146344000000000051e+03
-3.137434000000000196e+03
-3.130009000000000015e+03
-3.150798999999999978e+03
-3.165648999999999887e+03
-3.170474999999999909e+03
-3.233958999999999833e+03
-3.260318000000000211e+03
-3.223193000000000211e+03
-3.287418999999999869e+03
-3.243981999999999971e+03
-3.269228000000000065e+03
-3.299670000000000073e+03
-3.254376999999999953e+03
-3.288903999999999996e+03
-3.304867000000000189e+03
-3.271826000000000022e+03
-3.304125000000000000e+03
-3.347561000000000149e+03
-3.336423999999999978e+03
-3.288903999999999996e+03
-3.331226000000000113e+03
-3.344590999999999894e+03
-3.297443000000000211e+03
-3.326028999999999996e+03
-3.339764999999999873e+03
-3.352759000000000015e+03
-3.379117000000000189e+03
-3.391739999999999782e+03
-3.378375000000000000e+03
-3.420697999999999865e+03
-3.372806000000000040e+03
-3.419213000000000193e+03
-3.402505999999999858e+03
-3.406590000000000146e+03
-3.416242000000000189e+03
-3.442972000000000207e+03
-3.460050000000000182e+03
-3.465989999999999782e+03
-3.463762000000000171e+03
-3.513139000000000124e+03
-3.466360999999999876e+03
-3.451510999999999967e+03
-3.401021000000000186e+03
-3.361668999999999869e+03
-3.391369000000000142e+03
-3.404362999999999829e+03
-3.354614999999999782e+03
-3.350902999999999793e+03
-3.411788000000000011e+03
-3.353501000000000204e+03
-3.343478000000000065e+03
-3.392110999999999876e+03
-3.324543999999999869e+03
-3.409931000000000040e+03
-3.412900999999999840e+03
-3.357213999999999942e+03
-3.378746000000000095e+03
-3.401021000000000186e+03
-3.328255999999999858e+03
-3.351273999999999887e+03
-3.368722000000000207e+03
-3.383201000000000022e+03
-3.384686000000000149e+03
-3.385429000000000087e+03
-3.372806000000000040e+03
-3.371693000000000211e+03
-3.395452999999999975e+03
-3.385057999999999993e+03
-3.373548999999999978e+03
-3.369094000000000051e+03
-3.403990999999999985e+03
-3.353873000000000047e+03
-3.417728000000000065e+03
-3.394710000000000036e+03
-3.429235999999999876e+03
-3.395452999999999975e+03
-3.408074999999999818e+03
-3.385057999999999993e+03
-3.409188999999999851e+03
-3.402135000000000218e+03
-3.378746000000000095e+03
-3.433320000000000164e+03
-3.424409999999999854e+03
-3.403619999999999891e+03
-3.430349999999999909e+03
-3.439630999999999858e+03
-3.405105000000000018e+03
-3.453367000000000189e+03
-3.434804999999999836e+03
-3.417356000000000222e+03
-3.417728000000000065e+03
-3.428123000000000047e+03
-3.391739999999999782e+03
-3.441858999999999924e+03
-3.463391000000000076e+03
-3.421440000000000055e+03
-3.450025999999999840e+03
-3.470074000000000069e+03
-3.428864999999999782e+03
-3.466731999999999971e+03
-3.487150999999999840e+03
-3.466731999999999971e+03
-3.465989999999999782e+03
-3.491235000000000127e+03
-3.481954000000000178e+03
-3.476755999999999858e+03
-3.487150999999999840e+03
-3.453739000000000033e+03
-3.493463000000000193e+03
-3.447427000000000135e+03
-3.499402999999999793e+03
-3.479726000000000113e+03
-3.503856999999999971e+03
-3.512025000000000091e+03
-3.507199000000000069e+03
-3.508313000000000102e+03
-3.506456000000000131e+03
-3.495690000000000055e+03
-3.496061000000000149e+03
-3.525760999999999967e+03
-3.518708000000000084e+03
-3.524275999999999840e+03
-3.503114999999999782e+03
-3.514251999999999953e+03
-3.543581000000000131e+03
-3.521306000000000040e+03
-3.522048999999999978e+03
-3.514994999999999891e+03
-3.552862999999999829e+03
-3.568826000000000022e+03
-3.572539000000000215e+03
-3.585161000000000058e+03
-3.520193000000000211e+03
-3.577364999999999782e+03
-3.581077999999999975e+03
-3.566599000000000160e+03
-3.572166999999999916e+03
-3.564742000000000189e+03
-3.575880000000000109e+03
-3.593699999999999818e+03
-3.601125000000000000e+03
-3.575880000000000109e+03
-3.628969000000000051e+03
-3.604094999999999800e+03
-3.622286000000000058e+03
-3.613376000000000204e+03
-3.635650999999999840e+03
-3.616717999999999847e+03
-3.634538000000000011e+03
-3.643447999999999865e+03
-3.651244000000000142e+03
-3.637507999999999811e+03
-3.630824999999999818e+03
-3.658297999999999774e+03
-3.637507999999999811e+03
-3.649759000000000015e+03
-3.622286000000000058e+03
-3.684655999999999949e+03
-3.658297999999999774e+03
-3.626369999999999891e+03
-3.698021000000000186e+03
-3.695050999999999931e+03
-3.643447999999999865e+03
-3.653099999999999909e+03
-3.655327999999999975e+03
-3.617088999999999942e+03
-3.649387000000000171e+03
-3.673146999999999935e+03
-3.663123999999999796e+03
-3.645304000000000087e+03
-3.673889999999999873e+03
-3.656070000000000164e+03
-3.687998000000000047e+03
-3.681686000000000149e+03
-3.663865999999999985e+03
-3.666465000000000146e+03
-3.673146999999999935e+03
-3.641219999999999800e+03
-3.636764999999999873e+03
-3.631938999999999851e+03
-3.624885000000000218e+03
-3.601867000000000189e+03
-3.641219999999999800e+03
-3.636393999999999778e+03
-3.645304000000000087e+03
-3.660153999999999996e+03
-3.656070000000000164e+03
-3.664237999999999829e+03
-3.661639000000000124e+03
-3.679829999999999927e+03
-3.651244000000000142e+03
-3.684284999999999854e+03
-3.686141000000000076e+03
-3.658297999999999774e+03
-3.687998000000000047e+03
-3.702105000000000018e+03
-3.678344999999999800e+03
-3.660153999999999996e+03
-3.652356999999999971e+03
-3.648644999999999982e+03
-3.691338999999999942e+03
-3.656813000000000102e+03
-3.662751999999999953e+03
-3.691710000000000036e+03
-3.678344999999999800e+03
-3.709900999999999840e+03
-3.719554000000000087e+03
-3.704704000000000178e+03
-3.696164999999999964e+03
-3.709900999999999840e+03
-3.683914000000000215e+03
-3.690596000000000004e+03
-3.691710000000000036e+03
-3.711014999999999873e+03
-3.710271999999999935e+03
-3.738115999999999985e+03
-3.718440000000000055e+03
-3.724009000000000015e+03
-3.743684999999999945e+03
-3.739601000000000113e+03
-3.771900000000000091e+03
-3.759277999999999793e+03
-3.768929999999999836e+03
-3.749253999999999905e+03
-3.786750000000000000e+03
-3.766702999999999975e+03
-3.787121000000000095e+03
-3.819420000000000073e+03
-3.780068000000000211e+03
-3.794545999999999822e+03
-3.801228999999999814e+03
-3.805313000000000102e+03
-3.787864000000000033e+03
-3.823503999999999905e+03
-3.802713999999999942e+03
-3.794916999999999916e+03
-3.799744000000000142e+03
-3.740715000000000146e+03
-3.738115999999999985e+03
-3.774498999999999796e+03
-3.787492000000000189e+03
-3.749625000000000000e+03
-3.755193999999999960e+03
-3.803827999999999975e+03
-3.777840000000000146e+03
-3.775983999999999924e+03
-3.798259000000000015e+03
-3.776355000000000018e+03
-3.832784999999999854e+03
-3.822760999999999967e+03
-3.792690000000000055e+03
-3.798259000000000015e+03
-3.841324000000000069e+03
-3.806425999999999931e+03
-3.840210000000000036e+03
-3.840581000000000131e+03
-3.857659000000000106e+03
-3.839838999999999942e+03
-3.833898999999999887e+03
-3.809396000000000186e+03
-3.834269999999999982e+03
-3.856916000000000167e+03
-3.843922999999999774e+03
-3.870652999999999793e+03
-3.896268999999999778e+03
-3.873994000000000142e+03
-3.869539000000000215e+03
-3.891813999999999851e+03
-3.869909999999999854e+03
-3.884018000000000029e+03
-3.915202999999999975e+03
-3.899610000000000127e+03
-3.873623000000000047e+03
-3.954184000000000196e+03
-3.931538000000000011e+03
-3.925597999999999956e+03
-3.979800000000000182e+03
-3.917800999999999931e+03
-3.916688000000000102e+03
-3.942675000000000182e+03
-3.929309999999999945e+03
-3.913717999999999847e+03
-3.969405000000000200e+03
-3.948985999999999876e+03
-3.931166000000000167e+03
-3.994650000000000091e+03
-3.983884000000000015e+03
-3.957896000000000186e+03
-3.973489000000000033e+03
-3.992793999999999869e+03
-3.949728999999999814e+03
-3.966063999999999851e+03
-3.983141000000000076e+03
-3.979057999999999993e+03
-3.998362999999999829e+03
-4.005788000000000011e+03
-3.999847999999999956e+03
-4.029175999999999931e+03
-4.032518000000000029e+03
-4.047367000000000189e+03
-4.072983999999999924e+03
-4.052936000000000149e+03
-4.034373999999999796e+03
-4.085235000000000127e+03
-4.015068999999999960e+03
-3.961608999999999924e+03
-3.986481999999999971e+03
-3.997619999999999891e+03
-3.982769999999999982e+03
-4.015440000000000055e+03
-4.042913000000000011e+03
-4.015068999999999960e+03
-4.050338000000000193e+03
-4.041798999999999978e+03
-4.022864999999999782e+03
-4.058876000000000204e+03
-4.058876000000000204e+03
-4.050338000000000193e+03
-4.072612999999999829e+03
-4.096743999999999687e+03
-4.073726000000000113e+03
-4.117162999999999556e+03
-4.108252000000000407e+03
-4.094516000000000076e+03
-4.098229000000000269e+03
-4.094144999999999982e+03
-4.077438999999999851e+03
-4.132012999999999920e+03
-4.163569000000000415e+03
-4.148347999999999956e+03
-4.126073000000000320e+03
-4.152802999999999884e+03
-4.170251000000000204e+03
-4.155029999999999745e+03
-4.154287999999999556e+03
-4.188070999999999913e+03
-4.174706000000000131e+03
-4.177305000000000291e+03
-4.206262999999999920e+03
-4.188070999999999913e+03
-4.156886000000000422e+03
-4.170993999999999687e+03
-4.147604999999999563e+03
-4.160970000000000255e+03
-4.173963999999999942e+03
-4.189185000000000400e+03
-4.199579999999999927e+03
-4.176563000000000102e+03
-4.189927999999999884e+03
-4.197724000000000160e+03
-4.207376000000000204e+03
-4.184359000000000378e+03
-4.250440999999999804e+03
-4.211460000000000036e+03
-4.242274000000000342e+03
-4.279027000000000044e+03
-4.243759000000000015e+03
-4.285338999999999942e+03
-4.281997999999999593e+03
-4.301673999999999978e+03
-4.250069999999999709e+03
-4.315780999999999949e+03
-4.284967999999999847e+03
-4.292393000000000029e+03
-4.309841000000000349e+03
-4.273829999999999927e+03
-4.325805000000000291e+03
-4.284225000000000364e+03
-4.272345000000000255e+03
-4.282739999999999782e+03
-4.321350000000000364e+03
-4.243387999999999920e+03
-4.300189000000000306e+03
-4.314667000000000371e+03
-4.308728000000000065e+03
-4.325805000000000291e+03
-4.351421000000000276e+03
-4.337685000000000400e+03
-4.348079999999999927e+03
-4.412677999999999884e+03
-4.340283999999999651e+03
-4.346595000000000255e+03
-4.338055999999999585e+03
-4.389659999999999854e+03
-4.361444999999999709e+03
-4.354020000000000437e+03
-4.363671999999999571e+03
-4.313925000000000182e+03
-4.375923999999999978e+03
