-3.065039999999999964e+03
-3.085458999999999833e+03
-3.056501000000000204e+03
-3.058356999999999971e+03
-3.101050999999999931e+03
-3.125554000000000087e+03
-3.102907000000000153e+03
-3.174188000000000102e+03
-3.137063000000000102e+03
-3.179014000000000124e+03
-3.187181000000000040e+03
-3.160822999999999865e+03
-3.174188000000000102e+03
-3.216139000000000124e+03
-3.198690000000000055e+03
-3.224677000000000135e+03
-3.243610999999999876e+03
-3.255119999999999891e+03
-3.265514999999999873e+03
-3.288903999999999996e+03
-3.280735999999999876e+03
-3.273682999999999993e+03
-3.279623000000000047e+03
-3.351273999999999887e+03
-3.322315999999999804e+03
-3.350902999999999793e+03
-3.337909000000000106e+03
-3.344963000000000193e+03
-3.344590999999999894e+03
-3.369094000000000051e+03
-3.356842999999999847e+03
-3.328626999999999953e+03
-3.420326000000000022e+03
-3.380603000000000065e+03
-3.367237999999999829e+03
-3.432949000000000069e+03
-3.390626000000000204e+03
-3.385800000000000182e+03
-3.442972000000000207e+03
-3.478240999999999985e+03
-3.414385999999999967e+03
-3.478983999999999924e+03
-3.470815999999999804e+03
-3.451139999999999873e+03
-3.477498999999999796e+03
-3.473414999999999964e+03
-3.461164000000000215e+03
-3.539126000000000204e+03
-3.516480000000000018e+03
-3.471559000000000196e+03
-3.513510000000000218e+03
-3.510168999999999869e+03
-3.529103000000000065e+03
-3.509797999999999774e+03
-3.572166999999999916e+03
-3.538012000000000171e+03
-3.561030000000000200e+03
-3.581449000000000069e+03
-3.536155999999999949e+03
-3.572539000000000215e+03
-3.552490999999999985e+03
-3.591472999999999956e+03
-3.632309999999999945e+03
-3.615974999999999909e+03
-3.571425000000000182e+03
-3.600010999999999967e+03
-3.641590999999999894e+03
-3.601867000000000189e+03
-3.627483999999999924e+03
-3.643447999999999865e+03
-3.628597999999999956e+03
-3.654585000000000036e+03
-3.637135999999999967e+03
-3.607807999999999993e+03
-3.634166000000000167e+03
-3.660153999999999996e+03
-3.625255999999999858e+03
-3.655699000000000069e+03
-3.643447999999999865e+03
-3.642704999999999927e+03
-3.643447999999999865e+03
-3.640478000000000065e+03
-3.634166000000000167e+03
-3.641219999999999800e+03
-3.672405000000000200e+03
-3.646789000000000215e+03
-3.638621000000000095e+03
-3.630824999999999818e+03
-3.678344999999999800e+03
-3.687998000000000047e+03
-3.667949999999999818e+03
-3.672775999999999840e+03
-3.672405000000000200e+03
-3.689481999999999971e+03
-3.677231000000000222e+03
-3.698021000000000186e+03
-3.706931000000000040e+03
-3.711385999999999967e+03
-3.719554000000000087e+03
-3.741829000000000178e+03
-3.702476000000000113e+03
-3.767445000000000164e+03
-3.764846000000000004e+03
-3.709159000000000106e+03
-3.750367000000000189e+03
-3.758164000000000215e+03
-3.772271000000000186e+03
-3.744056000000000040e+03
-3.774869999999999891e+03
-3.777097999999999956e+03
-3.759648999999999887e+03
-3.813851000000000113e+03
-3.768559000000000196e+03
-3.765588999999999942e+03
-3.785635999999999967e+03
-3.842809000000000196e+03
-3.793061000000000149e+03
-3.833155999999999949e+03
-3.801971000000000004e+03
-3.771157000000000153e+03
-3.849862999999999829e+03
-3.789349000000000160e+03
-3.804199000000000069e+03
-3.835755000000000109e+03
-3.833898999999999887e+03
-3.820905000000000200e+03
-3.813480000000000018e+03
-3.819048999999999978e+03
-3.797516000000000076e+03
-3.778210999999999785e+03
-3.786378999999999905e+03
-3.758164000000000215e+03
-3.814222999999999956e+03
-3.822760999999999967e+03
-3.783038000000000011e+03
-3.791204999999999927e+03
-3.783409000000000106e+03
-3.810139000000000124e+03
-3.823503999999999905e+03
-3.813480000000000018e+03
-3.762619000000000142e+03
-3.764846000000000004e+03
-3.809768000000000029e+03
-3.743313999999999851e+03
-3.811623999999999796e+03
-3.776726000000000113e+03
-3.812737999999999829e+03
-3.816449999999999818e+03
-3.807911000000000058e+03
-3.822018999999999778e+03
-3.795289000000000215e+03
-3.833527999999999793e+03
-3.811994999999999891e+03
-3.804199000000000069e+03
-3.824989000000000033e+03
-3.775612999999999829e+03
-3.794175000000000182e+03
-3.813108999999999924e+03
-3.809025000000000091e+03
-3.790090999999999894e+03
-3.822018999999999778e+03
-3.820163000000000011e+03
-3.837981999999999971e+03
-3.827215999999999894e+03
-3.848748999999999796e+03
-3.832414000000000215e+03
-3.850233999999999924e+03
-3.817193000000000211e+03
-3.854688999999999851e+03
-3.848376999999999953e+03
-3.831670999999999822e+03
-3.853945999999999913e+03
-3.844293999999999869e+03
-3.868054000000000087e+03
-3.876221000000000004e+03
-3.902951000000000022e+03
-3.898867000000000189e+03
-3.891070999999999913e+03
-3.919286000000000058e+03
-3.911119000000000142e+03
-3.862114000000000033e+03
-3.882532000000000153e+03
-3.928568000000000211e+03
-3.882903999999999996e+03
-3.916315999999999804e+03
-3.932280000000000200e+03
-3.910376000000000204e+03
-3.937478000000000065e+03
-3.920771000000000186e+03
-3.944902999999999793e+03
-3.948985999999999876e+03
-3.951956000000000131e+03
-3.931166000000000167e+03
-3.937106000000000222e+03
-3.944902999999999793e+03
-3.936735000000000127e+03
-4.001333000000000084e+03
-3.953440999999999804e+03
-3.962351000000000113e+03
-3.958268000000000029e+03
-4.000219000000000051e+03
-3.979800000000000182e+03
-4.009871000000000095e+03
-4.000590000000000146e+03
-3.986853999999999814e+03
-3.980170999999999822e+03
-3.910005000000000109e+03
-3.862114000000000033e+03
-3.902208999999999833e+03
-3.884018000000000029e+03
-3.865454999999999927e+03
-3.897382999999999811e+03
-3.884389000000000124e+03
-3.886615999999999985e+03
-3.901838000000000193e+03
-3.895896999999999935e+03
-3.899610000000000127e+03
-3.904436000000000149e+03
-3.910748000000000047e+03
-3.884389000000000124e+03
-3.899239000000000033e+03
-3.929309999999999945e+03
-3.892184999999999945e+03
-3.907034999999999854e+03
-3.909634000000000015e+03
-3.914088999999999942e+03
-3.914460000000000036e+03
-3.935621000000000095e+03
-3.891813999999999851e+03
-3.884389000000000124e+03
-3.868795999999999822e+03
-3.843922999999999774e+03
-3.881047999999999774e+03
-3.905179000000000087e+03
-3.885501999999999953e+03
-3.869539000000000215e+03
-3.888472999999999956e+03
-3.854318000000000211e+03
-3.831300000000000182e+03
-3.889958000000000084e+03
-3.844664999999999964e+03
-3.837239999999999782e+03
-3.871394999999999982e+03
-3.862856000000000222e+03
-3.807911000000000058e+03
-3.847264000000000124e+03
-3.841324000000000069e+03
-3.811251999999999953e+03
-3.839467999999999847e+03
-3.803085000000000036e+03
-3.832784999999999854e+03
-3.862114000000000033e+03
-3.851719000000000051e+03
-3.847635000000000218e+03
-3.854688999999999851e+03
-3.856545000000000073e+03
-3.846521000000000186e+03
-3.848748999999999796e+03
-3.855431000000000040e+03
-3.811251999999999953e+03
-3.854318000000000211e+03
-3.851719000000000051e+03
-3.830557999999999993e+03
-3.854318000000000211e+03
-3.852460999999999785e+03
-3.837981999999999971e+03
-3.862485000000000127e+03
-3.863969999999999800e+03
-3.856545000000000073e+03
-3.859143999999999778e+03
-3.844664999999999964e+03
-3.822389999999999873e+03
-3.870652999999999793e+03
-3.846893000000000029e+03
-3.871394999999999982e+03
-3.842065999999999804e+03
-3.876592999999999847e+03
-3.839838999999999942e+03
-3.850605000000000018e+03
-3.828329999999999927e+03
-3.820905000000000200e+03
-3.854688999999999851e+03
-3.841695000000000164e+03
-3.863599000000000160e+03
-3.853204000000000178e+03
-3.855431000000000040e+03
-3.850233999999999924e+03
-3.827215999999999894e+03
-3.861371000000000095e+03
-3.843550999999999931e+03
-3.841695000000000164e+03
-3.849119999999999891e+03
-3.850233999999999924e+03
-3.874735999999999876e+03
-3.834641000000000076e+03
-3.849862999999999829e+03
-3.861371000000000095e+03
-3.881789999999999964e+03
-3.868425000000000182e+03
-3.863969999999999800e+03
-3.888472999999999956e+03
-3.891070999999999913e+03
-3.885873999999999796e+03
-3.899610000000000127e+03
-3.892927000000000135e+03
-3.876963999999999942e+03
-3.920400000000000091e+03
-3.910748000000000047e+03
-3.904436000000000149e+03
-3.902951000000000022e+03
-3.878449000000000069e+03
-3.895525999999999840e+03
-3.927454000000000178e+03
-3.887358999999999924e+03
-3.905550000000000182e+03
-3.910005000000000109e+03
-3.889585999999999785e+03
-3.934878999999999905e+03
-3.937849000000000160e+03
-3.941561000000000149e+03
-3.968291000000000167e+03
-3.929681000000000040e+03
-3.934507999999999811e+03
-3.954925999999999931e+03
-3.970146999999999935e+03
-3.959751999999999953e+03
-3.998362999999999829e+03
-4.012099000000000160e+03
-3.980914000000000215e+03
-3.935621000000000095e+03
-3.970889999999999873e+03
-3.967920000000000073e+03
-3.928938999999999851e+03
-3.962351000000000113e+03
-3.955297999999999774e+03
-3.935621000000000095e+03
-3.960123999999999796e+03
-3.955297999999999774e+03
-3.917429999999999836e+03
-3.938219999999999800e+03
-3.928938999999999851e+03
-3.877335000000000036e+03
-3.929681000000000040e+03
-3.931538000000000011e+03
-3.899239000000000033e+03
-3.895155000000000200e+03
-3.940818999999999960e+03
-3.892556000000000040e+03
-3.945644999999999982e+03
-3.918543999999999869e+03
-3.903693999999999960e+03
-3.933764999999999873e+03
-3.937106000000000222e+03
-3.875849999999999909e+03
-3.916688000000000102e+03
-3.920400000000000091e+03
-3.889215000000000146e+03
-3.922626999999999953e+03
-3.891813999999999851e+03
-3.899981000000000222e+03
-3.921885000000000218e+03
-3.929681000000000040e+03
-3.916688000000000102e+03
-3.907777999999999793e+03
-3.931166000000000167e+03
-3.918172999999999774e+03
-3.945273999999999887e+03
-3.935250000000000000e+03
-3.922998999999999796e+03
-3.938963000000000193e+03
-3.977943999999999960e+03
-3.951585000000000036e+03
-3.946387000000000171e+03
-4.009871000000000095e+03
-3.969775999999999840e+03
-3.989081000000000131e+03
-4.001333000000000084e+03
-3.973860000000000127e+03
-3.972375000000000000e+03
-3.977572999999999865e+03
-4.008014999999999873e+03
-3.974974000000000160e+03
-4.014697999999999865e+03
-3.992050999999999931e+03
-4.004302000000000135e+03
-4.008014999999999873e+03
-4.012840999999999894e+03
-4.000590000000000146e+03
-4.040684999999999945e+03
-4.039570999999999913e+03
-4.005788000000000011e+03
-4.035487999999999829e+03
-4.046996000000000095e+03
-4.017666999999999916e+03
-4.002445999999999913e+03
-4.003188999999999851e+03
-3.996135000000000218e+03
-3.989081000000000131e+03
-4.031032000000000153e+03
-4.010242000000000189e+03
-4.022494000000000142e+03
-4.013213000000000193e+03
-4.027320000000000164e+03
-4.054050000000000182e+03
-4.023606999999999971e+03
-4.064815999999999804e+03
-4.061846000000000004e+03
-4.093402999999999793e+03
-4.069643000000000029e+03
-4.085606000000000222e+03
-4.087833999999999833e+03
-4.049965999999999894e+03
