-3.594813999999999851e+03
-3.549893000000000029e+03
-3.563628999999999905e+03
-3.564371000000000095e+03
-3.612634000000000015e+03
-3.578849999999999909e+03
-3.630824999999999818e+03
-3.619688000000000102e+03
-3.645304000000000087e+03
-3.608179000000000087e+03
-3.657184000000000196e+03
-3.675746000000000095e+03
-3.642704999999999927e+03
-3.685769999999999982e+03
-3.700619999999999891e+03
-3.718440000000000055e+03
-3.703590000000000146e+03
-3.738115999999999985e+03
-3.750739000000000033e+03
-3.755193999999999960e+03
-3.778583000000000084e+03
-3.737373999999999796e+03
-3.777469000000000051e+03
-3.767445000000000164e+03
-3.812365999999999985e+03
-3.798630000000000109e+03
-3.800485999999999876e+03
-3.837610999999999876e+03
-3.801971000000000004e+03
-3.843550999999999931e+03
-3.822389999999999873e+03
-3.843550999999999931e+03
-3.800114999999999782e+03
-3.809025000000000091e+03
-3.797887000000000171e+03
-3.823132999999999811e+03
-3.862485000000000127e+03
-3.858771999999999935e+03
-3.843550999999999931e+03
-3.885873999999999796e+03
-3.885501999999999953e+03
-3.848748999999999796e+03
-3.929681000000000040e+03
-3.902579999999999927e+03
-3.915574000000000069e+03
-3.952699000000000069e+03
-3.931538000000000011e+03
-3.902951000000000022e+03
-3.976458999999999833e+03
-3.961237999999999829e+03
-3.969775999999999840e+03
-3.967920000000000073e+03
-3.982027999999999793e+03
-4.009128999999999905e+03
-4.003559999999999945e+03
-4.013213000000000193e+03
-3.960494999999999891e+03
-4.019523999999999887e+03
-3.990938000000000102e+03
-4.018039000000000215e+03
-4.042170000000000073e+03
-4.035858999999999924e+03
-4.010985000000000127e+03
-4.036972999999999956e+03
-4.047367000000000189e+03
-4.019894999999999982e+03
-4.037344000000000051e+03
-4.088576000000000022e+03
-4.063702999999999975e+03
-4.103796999999999571e+03
-4.096372999999999593e+03
-4.111594000000000051e+03
-4.104911000000000058e+03
-4.169509000000000015e+03
-4.120875000000000000e+03
-4.133868999999999687e+03
-4.133868999999999687e+03
-4.110479999999999563e+03
-4.115305999999999585e+03
-4.161341000000000349e+03
-4.144635000000000218e+03
-4.126073000000000320e+03
-4.156144000000000233e+03
-4.180645999999999731e+03
-4.172479000000000269e+03
-4.226680999999999585e+03
-4.188070999999999913e+03
-4.238932999999999993e+03
-4.232250000000000000e+03
-4.229279999999999745e+03
-4.252296999999999571e+03
-4.258979999999999563e+03
-4.260094000000000051e+03
-4.252296999999999571e+03
-4.314667000000000371e+03
-4.231878999999999905e+03
-4.243759000000000015e+03
-4.271974000000000160e+03
-4.307984999999999673e+03
-4.298703999999999724e+03
-4.328774999999999636e+03
-4.334344000000000051e+03
-4.302045000000000073e+03
-4.352534999999999854e+03
-4.359588999999999942e+03
-4.306871000000000095e+03
-4.330631000000000313e+03
-4.353649000000000342e+03
-4.339170000000000073e+03
-4.338055999999999585e+03
-4.354390999999999622e+03
-4.345853000000000065e+03
-4.368869999999999891e+03
-4.379265000000000327e+03
-4.377037999999999556e+03
-4.344738999999999578e+03
-4.363671999999999571e+03
-4.367014000000000124e+03
-4.373324999999999818e+03
-4.340654999999999745e+03
-4.350679000000000087e+03
-4.352163999999999760e+03
-4.316152000000000044e+03
-4.312069000000000415e+03
-4.328033000000000357e+03
-4.321350000000000364e+03
-4.338055999999999585e+03
-4.367756000000000313e+03
-4.364414999999999964e+03
-4.369984000000000378e+03
-4.362188000000000102e+03
-4.347337000000000444e+03
-4.356247999999999593e+03
-4.366643000000000029e+03
-4.382234999999999673e+03
-4.390030999999999949e+03
-4.364043999999999869e+03
-4.377779999999999745e+03
-4.376295000000000073e+03
-4.395970999999999549e+03
-4.369984000000000378e+03
-4.397828000000000429e+03
-4.379265000000000327e+03
-4.381121000000000095e+03
-4.403024999999999636e+03
-4.431610999999999876e+03
-4.426042000000000371e+03
-4.382234999999999673e+03
-4.426413999999999760e+03
-4.396342999999999847e+03
-4.437180000000000291e+03
-4.421216000000000349e+03
-4.440893000000000029e+03
-4.437180000000000291e+03
-4.448689000000000306e+03
-4.440520999999999731e+03
-4.409707999999999629e+03
-4.453515000000000327e+03
-4.482844000000000051e+03
-4.440893000000000029e+03
-4.434581000000000131e+03
-4.443490999999999985e+03
-4.448317000000000007e+03
-4.446461000000000240e+03
-4.467251000000000204e+03
-4.474305000000000291e+03
-4.473190999999999804e+03
-4.496951000000000022e+03
-4.464652000000000044e+03
-4.489896999999999935e+03
-4.507717999999999847e+03
-4.481359000000000378e+03
-4.512543999999999869e+03
-4.456855999999999767e+03
-4.401168999999999869e+03
-4.382978000000000065e+03
-4.421958999999999833e+03
-4.407479999999999563e+03
-4.410820999999999913e+03
-4.441264000000000124e+03
-4.393001000000000204e+03
-4.428640999999999622e+03
-4.414904999999999745e+03
-4.412305999999999585e+03
-4.403024999999999636e+03
-4.429384000000000015e+03
-4.438293999999999869e+03
-4.408594000000000051e+03
-4.443490999999999985e+03
-4.410449999999999818e+03
-4.336199999999999818e+03
-4.395229000000000269e+03
-4.374439000000000306e+03
-4.384091000000000349e+03
-4.346595000000000255e+03
-4.370354999999999563e+03
-4.365899999999999636e+03
-4.447945999999999913e+03
-4.387432999999999993e+03
-4.386319000000000415e+03
-4.385948000000000320e+03
-4.382978000000000065e+03
-4.385576000000000022e+03
-4.395600000000000364e+03
-4.439036000000000058e+03
-4.363301000000000386e+03
-4.422329999999999927e+03
-4.401911000000000058e+03
-4.375923999999999978e+03
-4.376295000000000073e+03
-4.422329999999999927e+03
-4.404881000000000313e+03
-4.397456000000000131e+03
-4.414533999999999651e+03
-4.417875000000000000e+03
-4.423444000000000415e+03
-4.426784999999999854e+03
-4.437921999999999571e+03
-4.437180000000000291e+03
-4.486555999999999585e+03
-4.484699999999999818e+03
-4.451287999999999556e+03
-4.501034999999999854e+03
-4.489154999999999745e+03
-4.489896999999999935e+03
-4.502149000000000342e+03
-4.504005000000000109e+03
-4.459826000000000022e+03
-4.537417000000000371e+03
-4.484699999999999818e+03
-4.512543999999999869e+03
-4.487670000000000073e+03
-4.499550000000000182e+03
-4.532591000000000349e+03
-4.492868000000000393e+03
-4.518854999999999563e+03
-4.495837000000000444e+03
-4.552268000000000029e+03
-4.512543999999999869e+03
-4.552639000000000124e+03
-4.547813000000000102e+03
-4.496579999999999927e+03
-4.534819000000000415e+03
-4.524795000000000073e+03
-4.501405999999999949e+03
-4.541501000000000204e+03
-4.550039999999999964e+03
-4.509573999999999614e+03
-4.499921000000000276e+03
-4.505489999999999782e+03
-4.453144000000000233e+03
-4.460198000000000320e+03
-4.493980999999999767e+03
-4.462054000000000087e+03
-4.429384000000000015e+03
-4.460569000000000415e+03
-4.478760000000000218e+03
-4.474676000000000386e+03
-4.514770999999999731e+03
-4.463909999999999854e+03
-4.480987000000000080e+03
-4.500292000000000371e+03
-4.492496000000000095e+03
-4.468735999999999876e+03
-4.512171999999999571e+03
-4.473190999999999804e+03
-4.504376000000000204e+03
-4.530363999999999578e+03
-4.506604000000000269e+03
-4.534076000000000022e+03
-4.533704999999999927e+03
-4.526279999999999745e+03
-4.489525999999999840e+03
-4.493980999999999767e+03
-4.505489999999999782e+03
-4.520340000000000146e+03
-4.524795000000000073e+03
-4.539645000000000437e+03
-4.511801000000000386e+03
-4.514399999999999636e+03
-4.499550000000000182e+03
-4.505118999999999687e+03
-4.502520000000000437e+03
-4.510688000000000102e+03
-4.506975000000000364e+03
-4.529250000000000000e+03
-4.502149000000000342e+03
-4.527021999999999935e+03
-4.544100000000000364e+03
-4.554865999999999985e+03
-4.534819000000000415e+03
-4.547069999999999709e+03
-4.548184000000000196e+03
-4.531105999999999767e+03
-4.548926000000000386e+03
-4.544100000000000364e+03
-4.544100000000000364e+03
-4.549296999999999571e+03
-4.581225000000000364e+03
-4.547813000000000102e+03
-4.574171000000000276e+03
-4.556722999999999956e+03
-4.548184000000000196e+03
-4.562292000000000371e+03
-4.593847999999999956e+03
-4.567488999999999578e+03
-4.564146999999999935e+03
-4.573429000000000087e+03
-4.573429000000000087e+03
-4.579368999999999687e+03
-4.570458999999999833e+03
-4.593104999999999563e+03
-4.599787999999999556e+03
-4.628744999999999891e+03
-4.574171000000000276e+03
-4.645079999999999927e+03
-4.628002000000000407e+03
-4.602015000000000327e+03
-4.621319999999999709e+03
-4.633942000000000007e+03
-4.632457999999999629e+03
-4.628744999999999891e+03
-4.637283999999999651e+03
-4.609069000000000415e+03
-4.632086000000000240e+03
-4.644337000000000444e+03
-4.629859000000000378e+03
-4.646194000000000415e+03
-4.622805000000000291e+03
-4.643966000000000349e+03
-4.636542000000000371e+03
-4.683689999999999600e+03
-4.686659999999999854e+03
-4.692970999999999549e+03
-4.682204999999999927e+03
-4.658815999999999804e+03
-4.688145000000000437e+03
-4.661786000000000058e+03
-4.669582999999999629e+03
-4.681833999999999833e+03
-4.679978000000000065e+03
-4.663270999999999731e+03
-4.662899999999999636e+03
-4.646194000000000415e+03
-4.660671999999999571e+03
-4.668840000000000146e+03
-4.678863999999999578e+03
-4.652505000000000109e+03
-4.644708999999999833e+03
-4.638769000000000233e+03
-4.635798999999999978e+03
-4.641738999999999578e+03
-4.683689999999999600e+03
-4.652134000000000015e+03
-4.671067000000000007e+03
-4.697796999999999571e+03
-4.639881999999999607e+03
-4.673295000000000073e+03
-4.666984000000000378e+03
-4.676265000000000327e+03
-4.651762999999999920e+03
-4.688887999999999920e+03
-4.674779999999999745e+03
-4.671067000000000007e+03
-4.700024999999999636e+03
-4.681462000000000444e+03
-4.677378999999999905e+03
-4.717845000000000255e+03
-4.682576000000000022e+03
-4.636912999999999556e+03
-4.680349000000000160e+03
-4.675894000000000233e+03
-4.646564999999999600e+03
-4.690001000000000204e+03
-4.707449999999999818e+03
-4.674779999999999745e+03
-4.724899000000000342e+03
-4.713390000000000327e+03
-4.679978000000000065e+03
-4.733438000000000102e+03
-4.712275999999999840e+03
-4.701510000000000218e+03
-4.715618000000000393e+03
-4.735293999999999869e+03
-4.671810000000000400e+03
-4.741975999999999658e+03
-4.737520999999999731e+03
-4.724527000000000044e+03
-4.748287999999999556e+03
-4.779844000000000051e+03
-4.733065999999999804e+03
-4.759054000000000087e+03
-4.753484999999999673e+03
-4.726755000000000109e+03
-4.785412999999999556e+03
-4.806203000000000429e+03
-4.768335000000000036e+03
-4.772789999999999964e+03
-4.795436999999999898e+03
-4.778359000000000378e+03
-4.793579999999999927e+03
-4.819567000000000007e+03
-4.786525999999999840e+03
-4.787640000000000327e+03
-4.819567000000000007e+03
-4.815484000000000378e+03
-4.767220999999999549e+03
-4.819567000000000007e+03
-4.785783999999999651e+03
-4.776131000000000313e+03
-4.810658000000000357e+03
-4.797292000000000371e+03
