-2.481434999999999945e+03
-2.463244000000000142e+03
-2.550858999999999924e+03
-2.486632999999999811e+03
-2.558284000000000106e+03
-2.568307999999999993e+03
-2.574248000000000047e+03
-2.573505000000000109e+03
-2.593552000000000135e+03
-2.608402999999999793e+03
-2.556056000000000040e+03
-2.636246000000000095e+03
-2.603947999999999865e+03
-2.628820999999999913e+03
-2.691934000000000196e+03
-2.639958999999999833e+03
-2.646269999999999982e+03
-2.663719000000000051e+03
-2.726088999999999942e+03
-2.685994000000000142e+03
-2.722748000000000047e+03
-2.729059000000000196e+03
-2.759130000000000109e+03
-2.773608999999999924e+03
-2.726831000000000131e+03
-2.773237999999999829e+03
-2.791057999999999993e+03
-2.775835999999999785e+03
-2.814818000000000211e+03
-2.799596000000000004e+03
-2.805536000000000058e+03
-2.809248999999999796e+03
-2.790686000000000149e+03
-2.846744999999999891e+03
-2.818530000000000200e+03
-2.829295999999999822e+03
-2.898719999999999800e+03
-2.801081000000000131e+03
-2.843032000000000153e+03
-2.861594999999999800e+03
-2.880528999999999996e+03
-2.874588999999999942e+03
-2.914313000000000102e+03
-2.894635999999999967e+03
-2.948838999999999942e+03
-2.914684000000000196e+03
-2.903545999999999822e+03
-2.980766000000000076e+03
-2.951809000000000196e+03
-2.990789999999999964e+03
-2.919880999999999858e+03
-3.031998999999999796e+03
-2.958490999999999985e+03
-3.029400000000000091e+03
-2.988563000000000102e+03
-3.007867000000000189e+03
-3.023460000000000036e+03
-3.035340000000000146e+03
-3.034226000000000113e+03
-3.044992000000000189e+03
-3.042021999999999935e+03
-2.999699999999999818e+03
-3.011579999999999927e+03
-3.053530999999999949e+03
-3.019376000000000204e+03
-3.041650999999999840e+03
-3.073579000000000178e+03
-3.057614999999999782e+03
-3.055759000000000015e+03
-3.107733999999999924e+03
-3.072465000000000146e+03
-3.073949999999999818e+03
-3.113302000000000135e+03
-3.094369000000000142e+03
-3.115530000000000200e+03
-3.056873000000000047e+03
-3.121469999999999800e+03
-3.111445999999999913e+03
-3.134463999999999942e+03
-3.079146999999999935e+03
-3.128152999999999793e+03
-3.140403999999999996e+03
-3.099565999999999804e+03
-3.150427000000000135e+03
-3.161565000000000055e+03
-3.136320000000000164e+03
-3.148943000000000211e+03
-3.135206000000000131e+03
-3.156739000000000033e+03
-3.195349000000000160e+03
-3.170846000000000004e+03
-3.197576000000000022e+03
-3.183469000000000051e+03
-3.220965000000000146e+03
-3.200545999999999822e+03
-3.198690000000000055e+03
-3.220594000000000051e+03
-3.222449999999999818e+03
-3.195719999999999800e+03
-3.247695000000000164e+03
-3.228389999999999873e+03
-3.231731000000000222e+03
-3.266628999999999905e+03
-3.229132999999999811e+03
-3.260688999999999851e+03
-3.279623000000000047e+03
-3.244724999999999909e+03
-3.225791000000000167e+03
-3.245096000000000004e+03
-3.219480000000000018e+03
-3.205744000000000142e+03
-3.231731000000000222e+03
-3.232103000000000065e+03
-3.220222000000000207e+03
-3.259945999999999913e+03
-3.259204000000000178e+03
-3.257719000000000051e+03
-3.266628999999999905e+03
-3.265885999999999967e+03
-3.265514999999999873e+03
-3.234329999999999927e+03
-3.266628999999999905e+03
-3.286675999999999931e+03
-3.269599000000000160e+03
-3.322315999999999804e+03
-3.281849999999999909e+03
-3.262173999999999978e+03
-3.333824999999999818e+03
-3.309322999999999865e+03
-3.303753999999999905e+03
-3.333454000000000178e+03
-3.309322999999999865e+03
-3.340507999999999811e+03
-3.362039999999999964e+03
-3.294101000000000113e+03
-3.326771000000000186e+03
-3.336795000000000073e+03
-3.311550000000000182e+03
-3.326400000000000091e+03
-3.354614999999999782e+03
-3.362411000000000058e+03
-3.366865999999999985e+03
-3.356842999999999847e+03
-3.315262000000000171e+03
-3.305981000000000222e+03
-3.327143000000000029e+03
-3.350902999999999793e+03
-3.349789000000000215e+03
-3.376889999999999873e+03
-3.352016000000000076e+03
-3.339021999999999935e+03
-3.293730000000000018e+03
-3.317119000000000142e+03
-3.350902999999999793e+03
-3.335681000000000040e+03
-3.324914999999999964e+03
-3.313034999999999854e+03
-3.347932999999999993e+03
-3.264030000000000200e+03
-3.259945999999999913e+03
-3.327885000000000218e+03
-3.286675999999999931e+03
-3.315262000000000171e+03
-3.320460000000000036e+03
-3.320460000000000036e+03
-3.290760000000000218e+03
-3.295958000000000084e+03
-3.335681000000000040e+03
-3.265885999999999967e+03
-3.304867000000000189e+03
-3.327143000000000029e+03
-3.300784000000000106e+03
-3.344219999999999800e+03
-3.322688000000000102e+03
-3.302639999999999873e+03
-3.303753999999999905e+03
-3.318603999999999814e+03
-3.333083000000000084e+03
-3.283335000000000036e+03
-3.322688000000000102e+03
-3.322688000000000102e+03
-3.266628999999999905e+03
-3.352387000000000171e+03
-3.293730000000000018e+03
-3.307465999999999894e+03
-3.258090000000000146e+03
-3.293730000000000018e+03
-3.283706000000000131e+03
-3.239527999999999793e+03
-3.268114000000000033e+03
-3.289646000000000186e+03
-3.251407000000000153e+03
-3.272568999999999960e+03
-3.267000000000000000e+03
-3.261059999999999945e+03
-3.292615999999999985e+03
-3.265885999999999967e+03
-3.275909999999999854e+03
-3.233215999999999894e+03
-3.261059999999999945e+03
-3.244724999999999909e+03
-3.225048999999999978e+03
-3.236186000000000149e+03
-3.219480000000000018e+03
-3.183097000000000207e+03
-3.192750000000000000e+03
-3.216510000000000218e+03
-3.239155999999999949e+03
-3.228760999999999967e+03
-3.246210000000000036e+03
-3.226534000000000106e+03
-3.285190999999999804e+03
-3.234701000000000022e+03
-3.253264000000000124e+03
-3.283706000000000131e+03
-3.249179999999999836e+03
-3.261802000000000135e+03
-3.282221000000000004e+03
-3.278880000000000109e+03
-3.283706000000000131e+03
-3.255862999999999829e+03
-3.305981000000000222e+03
-3.282592999999999847e+03
-3.241755000000000109e+03
-3.291873999999999796e+03
-3.284449000000000069e+03
-3.294472000000000207e+03
-3.295585999999999785e+03
-3.290018000000000029e+03
-3.279251000000000204e+03
-3.324543999999999869e+03
-3.272568999999999960e+03
-3.317860999999999876e+03
-3.318603999999999814e+03
-3.323429999999999836e+03
-3.309693999999999960e+03
-3.349416999999999916e+03
-3.346076000000000022e+03
-3.318974999999999909e+03
-3.363525000000000091e+03
-3.334195999999999913e+03
-3.287047999999999774e+03
-3.314148999999999887e+03
-3.354985999999999876e+03
-3.327143000000000029e+03
-3.335309999999999945e+03
-3.336795000000000073e+03
-3.369835999999999785e+03
-3.362411000000000058e+03
-3.351644999999999982e+03
-3.380974000000000160e+03
-3.346818999999999960e+03
-3.393967999999999847e+03
-3.364639000000000124e+03
-3.408445999999999913e+03
-3.378746000000000095e+03
-3.407704000000000178e+03
-3.394710000000000036e+03
-3.405476000000000113e+03
-3.369465000000000146e+03
-3.354985999999999876e+03
-3.380603000000000065e+03
-3.349416999999999916e+03
-3.349416999999999916e+03
-3.347561000000000149e+03
-3.344590999999999894e+03
-3.337166000000000167e+03
-3.379860000000000127e+03
-3.327514000000000124e+03
-3.328998999999999796e+03
-3.344219999999999800e+03
-3.354244000000000142e+03
-3.348304000000000087e+03
-3.373177000000000135e+03
-3.346818999999999960e+03
-3.317489999999999782e+03
-3.350159999999999854e+03
-3.330855000000000018e+03
-3.362039999999999964e+03
-3.346818999999999960e+03
-3.365010000000000218e+03
-3.328626999999999953e+03
-3.345333999999999833e+03
-3.380603000000000065e+03
-3.335681000000000040e+03
-3.353501000000000204e+03
-3.344963000000000193e+03
-3.347561000000000149e+03
-3.365380999999999858e+03
-3.389884000000000015e+03
-3.372434999999999945e+03
-3.359070000000000164e+03
-3.379860000000000127e+03
-3.337538000000000011e+03
-3.385429000000000087e+03
-3.383201000000000022e+03
-3.371320999999999913e+03
-3.350159999999999854e+03
-3.366865999999999985e+03
-3.344590999999999894e+03
-3.363896000000000186e+03
-3.342364000000000033e+03
-3.350530999999999949e+03
-3.348304000000000087e+03
-3.376518999999999778e+03
-3.325657000000000153e+03
-3.350530999999999949e+03
-3.350159999999999854e+03
-3.346447999999999865e+03
-3.339021999999999935e+03
-3.355356999999999971e+03
-3.351644999999999982e+03
-3.346818999999999960e+03
-3.367237999999999829e+03
-3.381344999999999800e+03
-3.386914000000000215e+03
-3.347561000000000149e+03
-3.361668999999999869e+03
-3.348304000000000087e+03
-3.356842999999999847e+03
-3.350530999999999949e+03
-3.386541999999999916e+03
-3.360184000000000196e+03
-3.374663000000000011e+03
-3.385429000000000087e+03
-3.382829999999999927e+03
-3.394710000000000036e+03
-3.354244000000000142e+03
-3.385057999999999993e+03
-3.376146999999999935e+03
-3.402135000000000218e+03
-3.402505999999999858e+03
-3.369465000000000146e+03
-3.308579999999999927e+03
-3.333824999999999818e+03
-3.327885000000000218e+03
-3.308579999999999927e+03
-3.317860999999999876e+03
-3.304496000000000095e+03
-3.316376000000000204e+03
-3.334195999999999913e+03
-3.327143000000000029e+03
-3.316748000000000047e+03
-3.337538000000000011e+03
-3.331226000000000113e+03
-3.305610000000000127e+03
-3.343478000000000065e+03
-3.320460000000000036e+03
-3.317489999999999782e+03
-3.335309999999999945e+03
-3.328255999999999858e+03
-3.333454000000000178e+03
-3.342364000000000033e+03
-3.329369999999999891e+03
-3.312664000000000215e+03
-3.350530999999999949e+03
-3.330112999999999829e+03
-3.305610000000000127e+03
-3.367980000000000018e+03
-3.315634000000000015e+03
-3.357213999999999942e+03
-3.367237999999999829e+03
-3.359440999999999804e+03
-3.346447999999999865e+03
-3.384315000000000055e+03
-3.369835999999999785e+03
-3.324172999999999774e+03
-3.356471000000000004e+03
-3.347190000000000055e+03
-3.348304000000000087e+03
-3.365751999999999953e+03
-3.388027999999999793e+03
-3.333824999999999818e+03
-3.379117000000000189e+03
-3.379117000000000189e+03
-3.366494999999999891e+03
-3.338650999999999840e+03
-3.365380999999999858e+03
-3.357585000000000036e+03
-3.335309999999999945e+03
-3.362411000000000058e+03
-3.346447999999999865e+03
-3.368722000000000207e+03
-3.382829999999999927e+03
-3.345333999999999833e+03
-3.356099999999999909e+03
-3.355728999999999814e+03
-3.365751999999999953e+03
-3.353130000000000109e+03
-3.388769999999999982e+03
-3.364639000000000124e+03
-3.357213999999999942e+03
-3.369465000000000146e+03
-3.350530999999999949e+03
-3.345333999999999833e+03
-3.387655999999999949e+03
-3.366865999999999985e+03
-3.403619999999999891e+03
-3.412530000000000200e+03
-3.351644999999999982e+03
-3.396565999999999804e+03
-3.414385999999999967e+03
-3.388769999999999982e+03
-3.366494999999999891e+03
-3.381715999999999894e+03
-3.405847000000000207e+03
-3.376518999999999778e+03
-3.409188999999999851e+03
-3.376146999999999935e+03
-3.396938000000000102e+03
-3.369835999999999785e+03
-3.424780999999999949e+03
