-2.859367000000000189e+03
-2.882755999999999858e+03
-2.908744000000000142e+03
-2.895007999999999811e+03
-2.908001000000000204e+03
-2.937329999999999927e+03
-2.972969999999999800e+03
-2.959976000000000113e+03
-2.973713000000000193e+03
-3.008610000000000127e+03
-2.982251000000000204e+03
-3.007867000000000189e+03
-3.021603999999999814e+03
-3.059471000000000004e+03
-3.044621000000000095e+03
-3.076548999999999978e+03
-3.039795000000000073e+03
-3.030143000000000029e+03
-3.059099999999999909e+03
-3.072094000000000051e+03
-3.049447999999999865e+03
-3.112559999999999945e+03
-3.125554000000000087e+03
-3.095481999999999971e+03
-3.131123000000000047e+03
-3.125925000000000182e+03
-3.081375000000000000e+03
-3.105505999999999858e+03
-3.153025999999999840e+03
-3.144487999999999829e+03
-3.155253999999999905e+03
-3.163420999999999822e+03
-3.172331000000000131e+03
-3.190521999999999935e+03
-3.179385000000000218e+03
-3.179385000000000218e+03
-3.190893999999999778e+03
-3.196090999999999894e+03
-3.217623999999999796e+03
-3.206485999999999876e+03
-3.237300000000000182e+03
-3.256976000000000113e+03
-3.245096000000000004e+03
-3.245838999999999942e+03
-3.244724999999999909e+03
-3.256976000000000113e+03
-3.291501999999999953e+03
-3.237670999999999822e+03
-3.282963999999999942e+03
-3.301155000000000200e+03
-3.245838999999999942e+03
-3.327143000000000029e+03
-3.336423999999999978e+03
-3.313034999999999854e+03
-3.324914999999999964e+03
-3.355728999999999814e+03
-3.321574000000000069e+03
-3.325657000000000153e+03
-3.385800000000000182e+03
-3.344590999999999894e+03
-3.339764999999999873e+03
-3.363896000000000186e+03
-3.367608999999999924e+03
-3.343478000000000065e+03
-3.380603000000000065e+03
-3.396938000000000102e+03
-3.392481999999999971e+03
-3.461534999999999854e+03
-3.429235999999999876e+03
-3.435547999999999774e+03
-3.432577999999999975e+03
-3.425523999999999887e+03
-3.451882999999999811e+03
-3.490121000000000095e+03
-3.479726000000000113e+03
-3.505342999999999847e+03
-3.496432999999999993e+03
-3.504228999999999814e+03
-3.504599999999999909e+03
-3.516851000000000113e+03
-3.531701000000000022e+03
-3.494947999999999865e+03
-3.527989000000000033e+03
-3.523534000000000106e+03
-3.513880999999999858e+03
-3.557318000000000211e+03
-3.535414000000000215e+03
-3.543210000000000036e+03
-3.545809000000000196e+03
-3.536527999999999793e+03
-3.494947999999999865e+03
-3.535784999999999854e+03
-3.517965000000000146e+03
-3.529474000000000160e+03
-3.562143999999999778e+03
-3.548407000000000153e+03
-3.576994000000000142e+03
-3.543952999999999975e+03
-3.577735999999999876e+03
-3.584789999999999964e+03
-3.590730000000000018e+03
-3.580335000000000036e+03
-3.597784000000000106e+03
-3.562514999999999873e+03
-3.560659000000000106e+03
-3.581449000000000069e+03
-3.571795999999999822e+03
-3.568454999999999927e+03
-3.604094999999999800e+03
-3.614119000000000142e+03
-3.611148999999999887e+03
-3.621914999999999964e+03
-3.649759000000000015e+03
-3.658668999999999869e+03
-3.646789000000000215e+03
-3.656440999999999804e+03
-3.668320999999999913e+03
-3.634166000000000167e+03
-3.614489999999999782e+03
-3.633795000000000073e+03
-3.586275000000000091e+03
-3.577735999999999876e+03
-3.579963999999999942e+03
-3.600753999999999905e+03
-3.593329000000000178e+03
-3.602610000000000127e+03
-3.597041000000000167e+03
-3.581820000000000164e+03
-3.598896999999999935e+03
-3.604838000000000193e+03
-3.666094000000000051e+03
-3.604094999999999800e+03
-3.649387000000000171e+03
-3.607436000000000149e+03
-3.618574000000000069e+03
-3.600010999999999967e+03
-3.589615999999999985e+03
-3.662010000000000218e+03
-3.605579999999999927e+03
-3.599639999999999873e+03
-3.621914999999999964e+03
-3.581820000000000164e+03
-3.621543999999999869e+03
-3.627855000000000018e+03
-3.649387000000000171e+03
-3.607807999999999993e+03
-3.665351000000000113e+03
-3.639735000000000127e+03
-3.638621000000000095e+03
-3.692824000000000069e+03
-3.693565999999999804e+03
-3.656440999999999804e+03
-3.688369000000000142e+03
-3.690596000000000004e+03
-3.649387000000000171e+03
-3.716583999999999833e+03
-3.699876999999999953e+03
-3.737001999999999953e+03
-3.720295999999999822e+03
-3.713242000000000189e+03
-3.700990999999999985e+03
-3.715099000000000160e+03
-3.700990999999999985e+03
-3.719182999999999993e+03
-3.738858999999999924e+03
-3.741829000000000178e+03
-3.756307999999999993e+03
-3.761505000000000109e+03
-3.724380000000000109e+03
-3.697278999999999996e+03
-3.720666999999999916e+03
-3.732547999999999774e+03
-3.709530000000000200e+03
-3.689110999999999876e+03
-3.713985000000000127e+03
-3.670920000000000073e+03
-3.710643999999999778e+03
-3.698393000000000029e+03
-3.707302000000000135e+03
-3.715099000000000160e+03
-3.705818000000000211e+03
-3.713614000000000033e+03
-3.701733999999999924e+03
-3.770043999999999869e+03
-3.758164000000000215e+03
-3.755193999999999960e+03
-3.787492000000000189e+03
-3.756679000000000087e+03
-3.758534999999999854e+03
-3.780438999999999851e+03
-3.738858999999999924e+03
-3.755936000000000149e+03
-3.757420999999999822e+03
-3.784150999999999840e+03
-3.752965999999999894e+03
-3.798259000000000015e+03
-3.794175000000000182e+03
-3.816820999999999913e+03
-3.789719999999999800e+03
-3.826474000000000160e+03
-3.819420000000000073e+03
-3.812365999999999985e+03
-3.818677000000000135e+03
-3.814594000000000051e+03
-3.812365999999999985e+03
-3.816449999999999818e+03
-3.816079000000000178e+03
-3.799744000000000142e+03
-3.810510000000000218e+03
-3.829815000000000055e+03
-3.816449999999999818e+03
-3.816449999999999818e+03
-3.791576000000000022e+03
-3.855059999999999945e+03
-3.817193000000000211e+03
-3.874735999999999876e+03
-3.833155999999999949e+03
-3.875849999999999909e+03
-3.857288000000000011e+03
-3.862485000000000127e+03
-3.898496000000000095e+03
-3.833155999999999949e+03
-3.898496000000000095e+03
-3.865826000000000022e+03
-3.898867000000000189e+03
-3.877706000000000131e+03
-3.904436000000000149e+03
-3.916688000000000102e+03
-3.898867000000000189e+03
-3.914460000000000036e+03
-3.870652999999999793e+03
-3.917429999999999836e+03
-3.895155000000000200e+03
-3.913717999999999847e+03
-3.928938999999999851e+03
-3.942675000000000182e+03
-3.953440999999999804e+03
-3.959380999999999858e+03
-3.977572999999999865e+03
-3.954184000000000196e+03
-3.999105000000000018e+03
-3.935992000000000189e+03
-3.966063999999999851e+03
-3.952327999999999975e+03
-3.974231000000000222e+03
-3.990938000000000102e+03
-3.982398999999999887e+03
-3.993164999999999964e+03
-3.983512000000000171e+03
-4.000590000000000146e+03
-4.033260000000000218e+03
-3.973860000000000127e+03
-4.022864999999999782e+03
-4.067043999999999869e+03
-4.026577999999999975e+03
-4.006900999999999840e+03
-4.057391000000000076e+03
-4.000219000000000051e+03
-3.977943999999999960e+03
-4.052565000000000055e+03
-4.024721000000000004e+03
-4.007643999999999778e+03
-4.051079999999999927e+03
-4.005788000000000011e+03
-4.018039000000000215e+03
-4.048110000000000127e+03
-4.036230000000000018e+03
-4.025092999999999847e+03
-4.041427000000000135e+03
-4.031775000000000091e+03
-4.021009000000000015e+03
-4.061474999999999909e+03
-4.075210999999999785e+03
-4.089318999999999960e+03
-4.083750000000000000e+03
-4.079295000000000073e+03
-4.092659999999999854e+03
-4.057391000000000076e+03
-4.085978000000000065e+03
-4.040313999999999851e+03
-4.081150999999999840e+03
-4.107510000000000218e+03
-4.043284000000000106e+03
-4.114935000000000400e+03
-4.129784999999999854e+03
-4.098970999999999549e+03
-4.110479999999999563e+03
-4.155771999999999935e+03
-4.097485999999999876e+03
-4.138323999999999614e+03
-4.157628999999999905e+03
-4.159113999999999578e+03
-4.150574999999999818e+03
-4.147234000000000378e+03
-4.149090000000000146e+03
-4.126073000000000320e+03
-4.183615999999999985e+03
-4.146490999999999985e+03
-4.154287999999999556e+03
-4.169509000000000015e+03
-4.145377000000000407e+03
-4.163569000000000415e+03
-4.179161000000000058e+03
-4.202550000000000182e+03
-4.166167000000000371e+03
-4.163569000000000415e+03
-4.174706000000000131e+03
-4.205520000000000437e+03
-4.224453999999999724e+03
-4.185844000000000051e+03
-4.179904000000000451e+03
-4.222225999999999658e+03
-4.191783999999999651e+03
-4.157256999999999607e+03
-4.230394000000000233e+03
-4.179904000000000451e+03
-4.217399999999999636e+03
-4.221484000000000378e+03
-4.211831000000000131e+03
-4.207747999999999593e+03
-4.243015999999999622e+03
-4.237448000000000320e+03
-4.211460000000000036e+03
-4.222969000000000051e+03
-4.280884000000000015e+03
-4.269003999999999905e+03
-4.279399000000000342e+03
-4.277171000000000276e+03
-4.266775999999999840e+03
-4.260836000000000240e+03
-4.277913999999999760e+03
-4.244872999999999593e+03
-4.285338999999999942e+03
-4.268261000000000422e+03
-4.238932999999999993e+03
-4.276429000000000087e+03
-4.258237000000000080e+03
-4.260836000000000240e+03
-4.243759000000000015e+03
-4.258237000000000080e+03
-4.240417000000000371e+03
-4.267890000000000327e+03
-4.241902000000000044e+03
-4.301673999999999978e+03
-4.273087000000000444e+03
-4.248585000000000036e+03
-4.267146999999999935e+03
-4.254895999999999731e+03
-4.295362000000000080e+03
-4.249328000000000429e+03
-4.272345000000000255e+03
-4.270859999999999673e+03
-4.277171000000000276e+03
-4.296104999999999563e+03
-4.301302999999999884e+03
-4.279027000000000044e+03
-4.303158999999999651e+03
-4.303529999999999745e+03
-4.297961000000000240e+03
-4.312811999999999898e+03
-4.316895000000000437e+03
-4.307984999999999673e+03
-4.340283999999999651e+03
-4.281255000000000109e+03
-4.264920000000000073e+03
-4.312439999999999600e+03
-4.320235999999999876e+03
-4.283854000000000269e+03
-4.276800000000000182e+03
-4.283481999999999971e+03
-4.292393000000000029e+03
-4.267890000000000327e+03
-4.281255000000000109e+03
-4.263064000000000306e+03
-4.233734999999999673e+03
-4.288309000000000196e+03
-4.264920000000000073e+03
-4.265662999999999556e+03
-4.280512999999999920e+03
-4.256752000000000407e+03
-4.266404999999999745e+03
-4.294990999999999985e+03
-4.260836000000000240e+03
-4.280512999999999920e+03
-4.297961000000000240e+03
-4.266404999999999745e+03
-4.309099000000000160e+03
-4.285338999999999942e+03
-4.307984999999999673e+03
-4.284225000000000364e+03
-4.322092999999999847e+03
-4.282739999999999782e+03
-4.300560000000000400e+03
-4.339912999999999556e+03
-4.325063000000000102e+03
-4.301302999999999884e+03
-4.333229999999999563e+03
-4.322835000000000036e+03
-4.284967999999999847e+03
-4.339912999999999556e+03
-4.293506000000000313e+03
-4.249328000000000429e+03
-4.233734999999999673e+03
-4.184359000000000378e+03
-4.151689000000000306e+03
-4.153545000000000073e+03
-4.163198000000000320e+03
-4.126073000000000320e+03
-4.115305999999999585e+03
-4.150945999999999913e+03
-4.078923999999999978e+03
-4.101198999999999614e+03
