-8.765212000000000216e+02
-8.553600000000000136e+02
-8.995388000000000375e+02
-9.251549999999999727e+02
-8.542463000000000193e+02
-9.507712000000000216e+02
-9.619088000000000420e+02
-9.155025000000000546e+02
-9.916087999999999738e+02
-9.860399999999999636e+02
-1.016854000000000042e+03
-1.055463999999999942e+03
-1.021679999999999950e+03
-1.033189000000000078e+03
-1.099270999999999958e+03
-1.077367999999999938e+03
-1.059919000000000096e+03
-1.106695999999999913e+03
-1.140108999999999924e+03
-1.133055000000000064e+03
-1.105583000000000084e+03
-1.194310999999999922e+03
-1.165354000000000042e+03
-1.144564000000000078e+03
-1.214730000000000018e+03
-1.202849999999999909e+03
-1.217328999999999951e+03
-1.288980000000000018e+03
-1.257423999999999978e+03
-1.298260999999999967e+03
-1.298260999999999967e+03
-1.241830999999999904e+03
-1.316452999999999975e+03
-1.322392000000000053e+03
-1.238118999999999915e+03
-1.281555000000000064e+03
-1.374367999999999938e+03
-1.305685999999999922e+03
-1.362858999999999924e+03
-1.422630000000000109e+03
-1.378079999999999927e+03
-1.406295000000000073e+03
-1.432653999999999996e+03
-1.423743999999999915e+03
-1.420773999999999887e+03
-1.428569999999999936e+03
-1.451587999999999965e+03
-1.443420000000000073e+03
-1.461611000000000104e+03
-1.502819999999999936e+03
-1.499479000000000042e+03
-1.511358999999999924e+03
-1.517298999999999978e+03
-1.506903999999999996e+03
-1.555909000000000106e+03
-1.554051999999999907e+03
-1.524353000000000065e+03
-1.572615000000000009e+03
-1.587464999999999918e+03
-1.550711000000000013e+03
-1.594890000000000100e+03
-1.590064000000000078e+03
-1.522867999999999938e+03
-1.568160000000000082e+03
-1.565932000000000016e+03
-1.551083000000000084e+03
-1.610482999999999947e+03
-1.575955999999999904e+03
-1.596746000000000095e+03
-1.631644000000000005e+03
-1.605285000000000082e+03
-1.616422000000000025e+03
-1.642780999999999949e+03
-1.671367999999999938e+03
-1.647607999999999947e+03
-1.666540999999999940e+03
-1.689930000000000064e+03
-1.700695999999999913e+03
-1.692900000000000091e+03
-1.697355000000000018e+03
-1.712204999999999927e+03
-1.755641000000000076e+03
-1.738192999999999984e+03
-1.762324000000000069e+03
-1.825435999999999922e+03
-1.808358999999999924e+03
-1.779401000000000067e+03
-1.844369999999999891e+03
-1.848083000000000084e+03
-1.807244999999999891e+03
-1.829148999999999887e+03
-1.855135999999999967e+03
-1.831748000000000047e+03
-1.829519999999999982e+03
-1.866644999999999982e+03
-1.860704999999999927e+03
-1.901541999999999916e+03
-1.927159000000000106e+03
-1.860704999999999927e+03
-1.930128999999999905e+03
-1.939780999999999949e+03
-1.893003999999999905e+03
-1.931984999999999900e+03
-1.973935999999999922e+03
-1.886320999999999913e+03
-1.936068999999999960e+03
-2.000295000000000073e+03
-1.979875999999999976e+03
-1.998439000000000078e+03
-1.991013999999999896e+03
-1.984702999999999975e+03
-1.983588999999999942e+03
-2.021085000000000036e+03
-2.008090999999999894e+03
-1.993613000000000056e+03
-2.041133000000000038e+03
-2.036306000000000040e+03
-2.065264000000000124e+03
-2.078628999999999905e+03
-2.077143999999999778e+03
-2.073059999999999945e+03
-2.086795999999999822e+03
-2.114268999999999778e+03
-2.097190999999999804e+03
-2.156590999999999894e+03
-2.133945000000000164e+03
-2.102018000000000029e+03
-2.152135999999999967e+03
-2.133945000000000164e+03
-2.120208999999999833e+03
-2.136172999999999774e+03
-2.157333999999999833e+03
-2.133945000000000164e+03
-2.182579000000000178e+03
-2.162159999999999854e+03
-2.159561000000000149e+03
-2.230840999999999894e+03
-2.201884000000000015e+03
-2.181094000000000051e+03
-2.225271999999999935e+03
-2.221931000000000040e+03
-2.213393000000000029e+03
-2.276134000000000015e+03
-2.290240999999999985e+03
-2.262768999999999778e+03
-2.274648999999999887e+03
-2.308432999999999993e+03
-2.298780000000000200e+03
-2.324396000000000186e+03
-2.343701000000000022e+03
-2.316228999999999814e+03
-2.284300999999999931e+03
-2.318827999999999975e+03
-2.301007999999999811e+03
-2.307318999999999960e+03
-2.324396000000000186e+03
-2.289869999999999891e+03
-2.308804000000000087e+03
-2.319199000000000069e+03
-2.302492000000000189e+03
-2.347414000000000215e+03
-2.310659999999999854e+03
-2.282815999999999804e+03
-2.314001000000000204e+03
-2.374514999999999873e+03
-2.367460999999999785e+03
-2.363005999999999858e+03
-2.399018000000000029e+03
-2.367090000000000146e+03
-2.360036000000000058e+03
-2.409413000000000011e+03
-2.384166999999999916e+03
-2.408298999999999978e+03
-2.437626999999999953e+03
-2.393449000000000069e+03
-2.430574000000000069e+03
-2.449878999999999905e+03
-2.416836999999999989e+03
-2.455076000000000022e+03
-2.441710999999999785e+03
-2.377485000000000127e+03
-2.377114000000000033e+03
-2.398646000000000186e+03
-2.390478999999999814e+03
-2.380083999999999833e+03
-2.396789999999999964e+03
-2.397161000000000058e+03
-2.411268999999999778e+03
-2.383425000000000182e+03
-2.373771999999999935e+03
-2.377485000000000127e+03
-2.407184999999999945e+03
-2.410155000000000200e+03
-2.424634000000000015e+03
-2.438369999999999891e+03
-2.422034999999999854e+03
-2.387880000000000109e+03
-2.397532000000000153e+03
-2.383795999999999822e+03
-2.396789999999999964e+03
-2.421664000000000215e+03
-2.421291999999999916e+03
-2.440969000000000051e+03
-2.455818999999999960e+03
-2.473268000000000029e+03
-2.444681000000000040e+03
-2.461387000000000171e+03
-2.431688000000000102e+03
-2.416094999999999800e+03
-2.461387000000000171e+03
-2.456561000000000149e+03
-2.406443000000000211e+03
-2.496655999999999949e+03
-2.489603000000000065e+03
-2.469554999999999836e+03
-2.507422999999999774e+03
-2.499998000000000047e+03
-2.502224999999999909e+03
-2.546032000000000153e+03
-2.544918999999999869e+03
-2.551230000000000018e+03
-2.565338000000000193e+03
-2.579815999999999804e+03
-2.557170000000000073e+03
-2.599492000000000189e+03
-2.579445000000000164e+03
-2.574619000000000142e+03
-2.608773999999999887e+03
-2.582786000000000058e+03
-2.568307999999999993e+03
-2.623623999999999796e+03
-2.619911000000000058e+03
-2.605061000000000149e+03
-2.606545999999999822e+03
-2.630306000000000040e+03
-2.623994999999999891e+03
-2.645155999999999949e+03
-2.682280999999999949e+03
-2.620282000000000153e+03
-2.652210000000000036e+03
-2.668173999999999978e+03
-2.685251000000000204e+03
-2.673742000000000189e+03
-2.691190999999999804e+03
-2.673742000000000189e+03
-2.644414000000000215e+03
-2.667431000000000040e+03
-2.651467999999999847e+03
-2.645527999999999793e+03
-2.672257999999999811e+03
-2.674114000000000033e+03
-2.681166999999999916e+03
-2.676340999999999894e+03
-2.688963999999999942e+03
-2.683766000000000076e+03
-2.684880000000000109e+03
-2.664833000000000084e+03
-2.666688999999999851e+03
-2.711610000000000127e+03
-2.699730000000000018e+03
-2.678940000000000055e+03
-2.680795999999999822e+03
-2.690449000000000069e+03
-2.687849999999999909e+03
-2.695275000000000091e+03
-2.705298999999999978e+03
-2.673000000000000000e+03
-2.694161000000000058e+03
-2.709010999999999967e+03
-2.674485000000000127e+03
-2.677083999999999833e+03
-2.694903999999999996e+03
-2.686735999999999876e+03
-2.704927000000000135e+03
-2.683766000000000076e+03
-2.662605000000000018e+03
-2.698615999999999985e+03
-2.682652999999999793e+03
-2.626965000000000146e+03
-2.660376999999999953e+03
-2.632905000000000200e+03
-2.616199000000000069e+03
-2.631048999999999978e+03
-2.593923999999999978e+03
-2.594295000000000073e+03
-2.602090999999999894e+03
-2.615827999999999975e+03
-2.611373000000000047e+03
-2.637360000000000127e+03
-2.619539999999999964e+03
-2.587612999999999829e+03
-2.610630000000000109e+03
-2.605432999999999993e+03
-2.574248000000000047e+03
-2.611744000000000142e+03
-2.598007999999999811e+03
-2.589840000000000146e+03
-2.623251999999999953e+03
-2.637360000000000127e+03
-2.611744000000000142e+03
-2.632163000000000011e+03
-2.639958999999999833e+03
-2.651838999999999942e+03
-2.642557999999999993e+03
-2.622139000000000124e+03
-2.610259000000000015e+03
-2.622510000000000218e+03
-2.601719999999999800e+03
-2.589840000000000146e+03
-2.609516000000000076e+03
-2.606175000000000182e+03
-2.581300999999999931e+03
-2.607659999999999854e+03
-2.615456000000000131e+03
-2.586498999999999796e+03
-2.612485999999999876e+03
-2.609144999999999982e+03
-2.555313999999999851e+03
-2.570534999999999854e+03
-2.588355000000000018e+03
-2.579445000000000164e+03
-2.590583000000000084e+03
-2.586126999999999953e+03
-2.576103999999999814e+03
-2.616940999999999804e+03
-2.623623999999999796e+03
-2.616940999999999804e+03
-2.612114999999999782e+03
-2.616199000000000069e+03
-2.598007999999999811e+03
-2.597264999999999873e+03
-2.607659999999999854e+03
-2.608402999999999793e+03
-2.628079000000000178e+03
-2.641815000000000055e+03
-2.618425999999999931e+03
-2.636246000000000095e+03
-2.660748999999999796e+03
-2.633275999999999840e+03
-2.640701000000000022e+03
-2.680425000000000182e+03
-2.642929000000000087e+03
-2.668916000000000167e+03
-2.657036000000000058e+03
-2.608773999999999887e+03
-2.616570000000000164e+03
-2.642557999999999993e+03
-2.619911000000000058e+03
-2.642929000000000087e+03
-2.669659000000000106e+03
-2.653324000000000069e+03
-2.603204999999999927e+03
-2.632534000000000106e+03
-2.598750000000000000e+03
-2.590210999999999785e+03
-2.542690999999999804e+03
-2.555313999999999851e+03
-2.536009000000000015e+03
-2.548630999999999858e+03
-2.562367000000000189e+03
-2.532666999999999916e+03
-2.537123000000000047e+03
-2.508536000000000058e+03
-2.520788000000000011e+03
-2.518559999999999945e+03
-2.509650000000000091e+03
-2.518188999999999851e+03
-2.557170000000000073e+03
-2.544918999999999869e+03
-2.532666999999999916e+03
-2.555684999999999945e+03
-2.552344000000000051e+03
-2.547146000000000186e+03
-2.558655000000000200e+03
-2.587240999999999985e+03
-2.536009000000000015e+03
-2.522271999999999935e+03
-2.524871000000000095e+03
-2.480320999999999913e+03
-2.480320999999999913e+03
-2.458045999999999822e+03
-2.433172999999999774e+03
-2.447650999999999840e+03
-2.470297999999999774e+03
-2.459902999999999793e+03
-2.460273999999999887e+03
-2.478094000000000051e+03
-2.464356999999999971e+03
-2.445052000000000135e+03
-2.464356999999999971e+03
-2.457304000000000087e+03
-2.463985999999999876e+03
-2.468070000000000164e+03
-2.449507999999999811e+03
-2.448393999999999778e+03
-2.439855000000000018e+03
-2.445052000000000135e+03
-2.448393999999999778e+03
-2.451364000000000033e+03
-2.458416999999999916e+03
-2.470297999999999774e+03
-2.458789000000000215e+03
-2.477351000000000113e+03
-2.485889999999999873e+03
-2.486260999999999967e+03
-2.471039999999999964e+03
-2.494429000000000087e+03
-2.516333000000000084e+03
-2.506309000000000196e+03
-2.490715999999999894e+03
-2.531925000000000182e+03
-2.519302000000000135e+03
