-2.966288000000000125e+02
-3.396938000000000102e+02
-3.356100000000000136e+02
-3.092513000000000147e+02
-3.667950000000000159e+02
-3.842436999999999898e+02
-3.452624999999999886e+02
-3.905550000000000068e+02
-3.983512999999999806e+02
-4.057762000000000171e+02
-4.380749999999999886e+02
-4.421587999999999852e+02
-4.707450000000000045e+02
-4.993312999999999988e+02
-4.841100000000000136e+02
-5.093550000000000182e+02
-5.390549999999999500e+02
-5.791499999999999773e+02
-5.256900000000000546e+02
-5.583600000000000136e+02
-6.326100000000000136e+02
-5.720963000000000420e+02
-6.107061999999999671e+02
-6.121912999999999556e+02
-5.914012000000000171e+02
-6.482024999999999864e+02
-6.352087000000000216e+02
-6.084787999999999784e+02
-7.105724999999999909e+02
-6.552563000000000102e+02
-6.701063000000000329e+02
-7.272786999999999580e+02
-7.202250000000000227e+02
-7.187400000000000091e+02
-7.317337999999999738e+02
-8.085824999999999818e+02
-7.892775000000000318e+02
-7.566074999999999591e+02
-8.375399999999999636e+02
-8.204624999999999773e+02
-8.126662999999999784e+02
-8.286299999999999955e+02
-8.122949999999999591e+02
-8.356838000000000193e+02
-8.828324999999999818e+02
-8.256599999999999682e+02
-8.464500000000000455e+02
-9.091912999999999556e+02
-8.887725000000000364e+02
-9.103049999999999500e+02
-8.932274999999999636e+02
-9.010236999999999625e+02
-9.541124999999999545e+02
-9.463162999999999556e+02
-9.374062999999999874e+02
-9.555974999999999682e+02
-9.945787000000000262e+02
-1.010171000000000049e+03
-9.492862999999999829e+02
-1.058805000000000064e+03
-1.021679999999999950e+03
-9.856688000000000329e+02
-1.061403999999999996e+03
-1.036159000000000106e+03
-1.020566000000000031e+03
-1.039871000000000095e+03
-1.019452999999999975e+03
-1.058433999999999969e+03
-1.133797000000000025e+03
-1.053979000000000042e+03
-1.074769000000000005e+03
-1.136395999999999958e+03
-1.092218000000000075e+03
-1.085163999999999987e+03
-1.142708000000000084e+03
-1.156443999999999960e+03
-1.116348999999999933e+03
-1.139365999999999985e+03
-1.197652000000000044e+03
-1.143078999999999951e+03
-1.133055000000000064e+03
-1.193198000000000093e+03
-1.196538999999999987e+03
-1.196910000000000082e+03
-1.227353000000000065e+03
-1.223269000000000005e+03
-1.239232999999999947e+03
-1.276357999999999947e+03
-1.262992999999999938e+03
-1.289722999999999956e+03
-1.266334000000000060e+03
-1.314968000000000075e+03
-1.327961000000000013e+03
-1.304201000000000022e+03
-1.315338999999999942e+03
-1.358031999999999925e+03
-1.327961000000000013e+03
-1.322020999999999958e+03
-1.359888999999999896e+03
-1.377337999999999965e+03
-1.356175999999999931e+03
-1.335385999999999967e+03
-1.427827999999999975e+03
-1.422630000000000109e+03
-1.406295000000000073e+03
-1.438222999999999956e+03
-1.408151000000000067e+03
-1.437108999999999924e+03
-1.449730999999999995e+03
-1.448617999999999938e+03
-1.480915999999999940e+03
-1.466066000000000031e+03
-1.477203999999999951e+03
-1.508388999999999896e+03
-1.490198000000000093e+03
-1.456785000000000082e+03
-1.524723999999999933e+03
-1.489826000000000022e+03
-1.496137999999999920e+03
-1.558135999999999967e+03
-1.531777000000000044e+03
-1.523980999999999995e+03
-1.572243999999999915e+03
-1.600087999999999965e+03
-1.584865999999999985e+03
-1.603057000000000016e+03
-1.624589999999999918e+03
-1.617164999999999964e+03
-1.634242999999999938e+03
-1.658744999999999891e+03
-1.670253999999999905e+03
-1.663942999999999984e+03
-1.689188000000000102e+03
-1.650577999999999975e+03
-1.643894999999999982e+03
-1.679905999999999949e+03
-1.671739000000000033e+03
-1.642780999999999949e+03
-1.676565000000000055e+03
-1.670996000000000095e+03
-1.657631000000000085e+03
-1.693642000000000053e+03
-1.701439000000000078e+03
-1.681391000000000076e+03
-1.704037000000000035e+03
-1.639440000000000055e+03
-1.647607999999999947e+03
-1.699211000000000013e+03
-1.688444999999999936e+03
-1.667284000000000106e+03
-1.705894000000000005e+03
-1.673965999999999894e+03
-1.679163999999999987e+03
-1.700325000000000045e+03
-1.676935999999999922e+03
-1.652063000000000102e+03
-1.694013999999999896e+03
-1.651319999999999936e+03
-1.676193999999999960e+03
-1.685846000000000004e+03
-1.656888999999999896e+03
-1.693642000000000053e+03
-1.707378999999999905e+03
-1.686218000000000075e+03
-1.679905999999999949e+03
-1.679535000000000082e+03
-1.696240999999999985e+03
-1.672480999999999995e+03
-1.686588999999999942e+03
-1.736708000000000084e+03
-1.690672000000000025e+03
-1.685846000000000004e+03
-1.731881000000000085e+03
-1.701067999999999984e+03
-1.721857999999999947e+03
-1.743019000000000005e+03
-1.697726000000000113e+03
-1.717030999999999949e+03
-1.704409000000000106e+03
-1.681019999999999982e+03
-1.695499000000000024e+03
-1.695127999999999929e+03
-1.707008000000000038e+03
-1.707008000000000038e+03
-1.742276000000000067e+03
-1.741534000000000106e+03
-1.741534000000000106e+03
-1.757498000000000047e+03
-1.739306000000000040e+03
-1.727797000000000025e+03
-1.730767000000000053e+03
-1.715546000000000049e+03
-1.709234999999999900e+03
-1.705894000000000005e+03
-1.722971000000000004e+03
-1.726683999999999969e+03
-1.715174999999999955e+03
-1.743019000000000005e+03
-1.709234999999999900e+03
-1.718516000000000076e+03
-1.701067999999999984e+03
-1.748959000000000060e+03
-1.750443999999999960e+03
-1.751185999999999922e+03
-1.741162000000000035e+03
-1.782000000000000000e+03
-1.748215999999999894e+03
-1.776431000000000040e+03
-1.798335000000000036e+03
-1.764922000000000025e+03
-1.790538999999999987e+03
-1.801305000000000064e+03
-1.793509000000000015e+03
-1.765294000000000096e+03
-1.786826000000000022e+03
-1.768263999999999896e+03
-1.792766000000000076e+03
-1.812070999999999913e+03
-1.783855999999999995e+03
-1.790910000000000082e+03
-1.824323000000000093e+03
-1.790166999999999916e+03
-1.800191000000000031e+03
-1.813184999999999945e+03
-1.805759999999999991e+03
-1.825435999999999922e+03
-1.825807000000000016e+03
-1.843999000000000024e+03
-1.849939000000000078e+03
-1.853279999999999973e+03
-1.831005000000000109e+03
-1.855508000000000038e+03
-1.882238000000000056e+03
-1.859590999999999894e+03
-1.851795000000000073e+03
-1.882980000000000018e+03
-1.842143000000000029e+03
-1.833604000000000042e+03
-1.883722999999999956e+03
-1.859220000000000027e+03
-1.849567999999999984e+03
-1.888920000000000073e+03
-1.890776000000000067e+03
-1.863304000000000087e+03
-1.905998000000000047e+03
-1.901541999999999916e+03
-1.908596000000000004e+03
-1.890404999999999973e+03
-1.923075000000000045e+03
-1.894859999999999900e+03
-1.854394000000000005e+03
-1.869986000000000104e+03
-1.845483999999999924e+03
-1.879268000000000029e+03
-1.894489000000000033e+03
-1.847711000000000013e+03
-1.842513999999999896e+03
-1.847339999999999918e+03
-1.842884999999999991e+03
-1.854394000000000005e+03
-1.864788999999999987e+03
-1.859962999999999965e+03
-1.885578999999999951e+03
-1.884094000000000051e+03
-1.860704999999999927e+03
-1.895973999999999933e+03
-1.895230999999999995e+03
-1.872213999999999942e+03
-1.887806000000000040e+03
-1.923075000000000045e+03
-1.892633000000000038e+03
-1.905625999999999976e+03
-1.940894999999999982e+03
-1.937924999999999955e+03
-1.924559999999999945e+03
-1.935326000000000022e+03
-1.939410000000000082e+03
-1.885208000000000084e+03
-1.894117999999999938e+03
-1.920847999999999956e+03
-1.867387999999999920e+03
-1.881865999999999985e+03
-1.906740000000000009e+03
-1.891890000000000100e+03
-1.901171000000000049e+03
-1.922333000000000084e+03
-1.899315000000000055e+03
-1.897459000000000060e+03
-1.888920000000000073e+03
-1.912680000000000064e+03
-1.929015000000000100e+03
-1.909338999999999942e+03
-1.920105000000000018e+03
-1.930128999999999905e+03
-1.938296000000000049e+03
-1.938296000000000049e+03
-1.926045000000000073e+03
-1.938296000000000049e+03
-1.941637999999999920e+03
-1.963170000000000073e+03
-1.976535000000000082e+03
-1.927529999999999973e+03
-1.929385999999999967e+03
-1.954631000000000085e+03
-1.909338999999999942e+03
-1.932728000000000065e+03
-1.964284000000000106e+03
-1.927529999999999973e+03
-1.949063000000000102e+03
-1.979134000000000015e+03
-1.959086000000000013e+03
-1.921961000000000013e+03
-1.960200000000000045e+03
-1.956488000000000056e+03
-1.952403999999999996e+03
-1.960570999999999913e+03
-1.975421000000000049e+03
-1.960570999999999913e+03
-1.960200000000000045e+03
-1.997695999999999913e+03
-1.993613000000000056e+03
-1.998067999999999984e+03
-2.016630000000000109e+03
-1.999181000000000040e+03
-1.985816000000000031e+03
-1.993983999999999924e+03
-2.013288999999999987e+03
-2.012916999999999916e+03
-1.946463999999999942e+03
-1.975049999999999955e+03
-1.965026000000000067e+03
-1.954631000000000085e+03
-1.963170000000000073e+03
-1.995469000000000051e+03
-1.968739000000000033e+03
-1.974679000000000087e+03
-1.994726000000000113e+03
-1.963912000000000035e+03
-1.978391000000000076e+03
-1.987300999999999931e+03
-1.987300999999999931e+03
-1.983960000000000036e+03
-1.968367999999999938e+03
-1.966883000000000038e+03
-1.980990000000000009e+03
-1.981361000000000104e+03
-1.960200000000000045e+03
-1.946093000000000075e+03
-1.989900000000000091e+03
-1.965396999999999935e+03
-1.938296000000000049e+03
-1.977648999999999887e+03
-1.960200000000000045e+03
-1.977648999999999887e+03
-1.999923999999999978e+03
-1.975049999999999955e+03
-2.001409000000000106e+03
-1.996211000000000013e+03
-1.994726000000000113e+03
-2.001037000000000035e+03
-2.027395999999999958e+03
-2.029252999999999929e+03
-1.999923999999999978e+03
-2.036676999999999907e+03
-2.047443999999999960e+03
-2.032222999999999956e+03
-2.041133000000000038e+03
-2.046701000000000022e+03
-2.018486000000000104e+03
-2.064893000000000029e+03
-2.061550999999999931e+03
-2.023683999999999969e+03
-2.044473999999999933e+03
-2.068233999999999924e+03
-2.051527999999999793e+03
-2.018115000000000009e+03
-2.049300000000000182e+03
-2.041875000000000000e+03
-2.017743999999999915e+03
-2.053384000000000015e+03
-2.042617999999999938e+03
-2.023683999999999969e+03
-2.034450000000000045e+03
-2.041875000000000000e+03
-2.045587999999999965e+03
-2.047073000000000093e+03
-2.028881000000000085e+03
-2.063407000000000153e+03
-2.054498000000000047e+03
-2.043730999999999995e+03
-2.060438000000000102e+03
-2.071204000000000178e+03
-2.070833000000000084e+03
-2.045587999999999965e+03
-2.071204000000000178e+03
-2.084197999999999865e+03
-2.074173999999999978e+03
-2.103873999999999796e+03
-2.083454999999999927e+03
-2.089766000000000076e+03
-2.100532000000000153e+03
-2.091623000000000047e+03
-2.068233999999999924e+03
-2.041133000000000038e+03
-2.039646999999999935e+03
-2.020713999999999942e+03
-2.037420000000000073e+03
-2.048929000000000087e+03
-2.043359999999999900e+03
-2.038904999999999973e+03
-2.029994999999999891e+03
-2.040760999999999967e+03
