-1.251113000000000000e+02
-1.459011999999999887e+02
-1.455300000000000011e+02
-1.440449999999999875e+02
-1.941638000000000090e+02
-2.030737000000000023e+02
-1.874812000000000012e+02
-2.097563000000000102e+02
-2.505937999999999874e+02
-2.283188000000000102e+02
-2.595038000000000125e+02
-2.776949999999999932e+02
-2.866050000000000182e+02
-2.914311999999999898e+02
-3.415500000000000114e+02
-3.237300000000000182e+02
-3.292988000000000284e+02
-3.679087999999999852e+02
-3.560287000000000148e+02
-3.534300000000000068e+02
-3.656811999999999898e+02
-3.549150000000000205e+02
-3.905550000000000068e+02
-4.198838000000000079e+02
-3.968661999999999921e+02
-4.068899999999999864e+02
-4.584936999999999898e+02
-4.373324999999999818e+02
-4.659187999999999761e+02
-4.874513000000000034e+02
-4.926487000000000194e+02
-4.959900000000000091e+02
-5.427675000000000409e+02
-5.349713000000000420e+02
-4.974750000000000227e+02
-5.594737999999999829e+02
-5.739524999999999864e+02
-5.661562999999999874e+02
-5.876888000000000147e+02
-6.340950000000000273e+02
-5.943713000000000193e+02
-6.355800000000000409e+02
-6.589687999999999874e+02
-6.593400000000000318e+02
-6.934950000000000045e+02
-6.953513000000000375e+02
-7.124288000000000238e+02
-7.098300000000000409e+02
-7.454700000000000273e+02
-7.202250000000000227e+02
-7.417575000000000500e+02
-7.803674999999999500e+02
-7.528949999999999818e+02
-7.918763000000000147e+02
-8.096961999999999762e+02
-7.863075000000000045e+02
-8.067263000000000375e+02
-8.293724999999999454e+02
-7.952174999999999727e+02
-8.390249999999999773e+02
-8.884012000000000171e+02
-8.327137000000000171e+02
-8.876588000000000420e+02
-8.906287999999999556e+02
-8.798624999999999545e+02
-9.492862999999999829e+02
-9.336938000000000102e+02
-9.273825000000000500e+02
-9.723038000000000238e+02
-9.704474999999999909e+02
-9.637649999999999864e+02
-9.986625000000000227e+02
-9.849262999999999693e+02
-9.986625000000000227e+02
-1.009057000000000016e+03
-1.048780999999999949e+03
-1.043584000000000060e+03
-1.035415999999999940e+03
-1.065488000000000056e+03
-1.040242999999999938e+03
-1.023164999999999964e+03
-1.054349999999999909e+03
-1.019823999999999955e+03
-1.049523999999999887e+03
-1.027990999999999985e+03
-1.035045000000000073e+03
-1.059919000000000096e+03
-1.056577999999999975e+03
-1.024650000000000091e+03
-1.044698000000000093e+03
-1.069200000000000045e+03
-1.054721000000000004e+03
-1.058805000000000064e+03
-1.104839999999999918e+03
-1.087761999999999944e+03
-1.094074000000000069e+03
-1.104469000000000051e+03
-1.120804000000000087e+03
-1.100756000000000085e+03
-1.111151000000000067e+03
-1.099642000000000053e+03
-1.086277000000000044e+03
-1.110779999999999973e+03
-1.123773999999999887e+03
-1.143078999999999951e+03
-1.172036000000000058e+03
-1.174634999999999991e+03
-1.137138999999999896e+03
-1.172778999999999996e+03
-1.158671000000000049e+03
-1.126373000000000047e+03
-1.180203999999999951e+03
-1.172036000000000058e+03
-1.164240000000000009e+03
-1.185029999999999973e+03
-1.231807000000000016e+03
-1.204335000000000036e+03
-1.252226000000000113e+03
-1.224010999999999967e+03
-1.215101000000000113e+03
-1.259651000000000067e+03
-1.245544000000000096e+03
-1.252969000000000051e+03
-1.273387999999999920e+03
-1.281183999999999969e+03
-1.276357999999999947e+03
-1.307171000000000049e+03
-1.293434999999999945e+03
-1.316824000000000069e+03
-1.345410000000000082e+03
-1.355433999999999969e+03
-1.287865999999999985e+03
-1.320906999999999925e+03
-1.340584000000000060e+03
-1.355063000000000102e+03
-1.385505000000000109e+03
-1.385505000000000109e+03
-1.361374000000000024e+03
-1.384019999999999982e+03
-1.394414999999999964e+03
-1.357661000000000058e+03
-1.407779999999999973e+03
-1.433767000000000053e+03
-1.373996000000000095e+03
-1.370284000000000106e+03
-1.420402000000000044e+03
-1.401839999999999918e+03
-1.397384999999999991e+03
-1.460868999999999915e+03
-1.448617999999999938e+03
-1.401839999999999918e+03
-1.443048999999999978e+03
-1.405551999999999907e+03
-1.442676999999999907e+03
-1.460498000000000047e+03
-1.448246000000000095e+03
-1.485000000000000000e+03
-1.472749000000000024e+03
-1.469778999999999996e+03
-1.453443999999999960e+03
-1.464952999999999975e+03
-1.477203999999999951e+03
-1.465694999999999936e+03
-1.492796000000000049e+03
-1.530663999999999987e+03
-1.512101000000000113e+03
-1.537346000000000004e+03
-1.531405999999999949e+03
-1.518784000000000106e+03
-1.566674999999999955e+03
-1.536974999999999909e+03
-1.504675999999999931e+03
-1.543286000000000058e+03
-1.535490000000000009e+03
-1.521010999999999967e+03
-1.570759000000000015e+03
-1.587094000000000051e+03
-1.573357999999999947e+03
-1.595260999999999967e+03
-1.618650000000000091e+03
-1.597859999999999900e+03
-1.577069999999999936e+03
-1.590064000000000078e+03
-1.614938000000000102e+03
-1.581525000000000091e+03
-1.578183999999999969e+03
-1.617164999999999964e+03
-1.615680000000000064e+03
-1.616794000000000096e+03
-1.601943999999999960e+03
-1.590064000000000078e+03
-1.607512999999999920e+03
-1.601943999999999960e+03
-1.590064000000000078e+03
-1.639068999999999960e+03
-1.616050999999999931e+03
-1.636470000000000027e+03
-1.605285000000000082e+03
-1.610482999999999947e+03
-1.646123000000000047e+03
-1.630529999999999973e+03
-1.604541999999999916e+03
-1.599345000000000027e+03
-1.564818999999999960e+03
-1.552567999999999984e+03
-1.546999000000000024e+03
-1.566304000000000087e+03
-1.547740999999999985e+03
-1.555165999999999940e+03
-1.540316000000000031e+03
-1.526579999999999927e+03
-1.566674999999999955e+03
-1.550711000000000013e+03
-1.562220000000000027e+03
-1.562962999999999965e+03
-1.573357999999999947e+03
-1.581525000000000091e+03
-1.575213999999999942e+03
-1.581525000000000091e+03
-1.584124000000000024e+03
-1.599715999999999894e+03
-1.617906999999999925e+03
-1.598230999999999995e+03
-1.621249000000000024e+03
-1.631644000000000005e+03
-1.615680000000000064e+03
-1.629045000000000073e+03
-1.661714999999999918e+03
-1.652063000000000102e+03
-1.653175999999999931e+03
-1.691414999999999964e+03
-1.650205999999999904e+03
-1.672853000000000065e+03
-1.706265000000000100e+03
-1.658002999999999929e+03
-1.622363000000000056e+03
-1.629045000000000073e+03
-1.626075000000000045e+03
-1.635728000000000065e+03
-1.645009000000000015e+03
-1.616794000000000096e+03
-1.642780999999999949e+03
-1.658002999999999929e+03
-1.657259999999999991e+03
-1.649835000000000036e+03
-1.667654999999999973e+03
-1.653175999999999931e+03
-1.664314000000000078e+03
-1.683248000000000047e+03
-1.639810999999999922e+03
-1.624219000000000051e+03
-1.640554000000000087e+03
-1.639068999999999960e+03
-1.621990999999999985e+03
-1.634614000000000033e+03
-1.590806000000000040e+03
-1.575585000000000036e+03
-1.602685999999999922e+03
-1.604913999999999987e+03
-1.594890000000000100e+03
-1.576699000000000069e+03
-1.597117999999999938e+03
-1.562962999999999965e+03
-1.614566000000000031e+03
-1.598230999999999995e+03
-1.594519000000000005e+03
-1.600459000000000060e+03
-1.587094000000000051e+03
-1.568902000000000044e+03
-1.594519000000000005e+03
-1.591920000000000073e+03
-1.576327999999999975e+03
-1.590064000000000078e+03
-1.599715999999999894e+03
-1.583009999999999991e+03
-1.587464999999999918e+03
-1.601573000000000093e+03
-1.569273999999999887e+03
-1.564448000000000093e+03
-1.599345000000000027e+03
-1.581895999999999958e+03
-1.601943999999999960e+03
-1.632385999999999967e+03
-1.603429000000000087e+03
-1.609368999999999915e+03
-1.638698000000000093e+03
-1.632758000000000038e+03
-1.622733999999999924e+03
-1.657259999999999991e+03
-1.613824000000000069e+03
-1.598230999999999995e+03
-1.627931000000000040e+03
-1.610854000000000042e+03
-1.585238000000000056e+03
-1.587836000000000013e+03
-1.574471000000000004e+03
-1.573357999999999947e+03
-1.591920000000000073e+03
-1.574471000000000004e+03
-1.593404999999999973e+03
-1.604171000000000049e+03
-1.608998000000000047e+03
-1.608625999999999976e+03
-1.614194999999999936e+03
-1.621249000000000024e+03
-1.595633000000000038e+03
-1.609368999999999915e+03
-1.608625999999999976e+03
-1.601201000000000022e+03
-1.614566000000000031e+03
-1.606769999999999982e+03
-1.596375000000000000e+03
-1.526579999999999927e+03
-1.531405999999999949e+03
-1.529549999999999955e+03
-1.532519999999999982e+03
-1.511358999999999924e+03
-1.529921000000000049e+03
-1.539202999999999975e+03
-1.521383000000000038e+03
-1.534748000000000047e+03
-1.545142000000000053e+03
-1.516556000000000040e+03
-1.444162000000000035e+03
-1.444904999999999973e+03
-1.449730999999999995e+03
-1.448989000000000033e+03
-1.437851000000000113e+03
-1.425971000000000004e+03
-1.426713999999999942e+03
-1.433395999999999958e+03
-1.444534000000000106e+03
-1.443790999999999940e+03
-1.446390000000000100e+03
-1.440820999999999913e+03
-1.437108999999999924e+03
-1.443790999999999940e+03
-1.469778999999999996e+03
-1.457898999999999887e+03
-1.469406999999999925e+03
-1.470892000000000053e+03
-1.452329999999999927e+03
-1.485371000000000095e+03
-1.464952999999999975e+03
-1.465694999999999936e+03
-1.472377999999999929e+03
-1.482029999999999973e+03
-1.496880000000000109e+03
-1.498365000000000009e+03
-1.503933999999999969e+03
-1.484258000000000038e+03
-1.499479000000000042e+03
-1.496509000000000015e+03
-1.497623000000000047e+03
-1.498365000000000009e+03
-1.511730000000000018e+03
-1.525095000000000027e+03
-1.529921000000000049e+03
-1.541430000000000064e+03
-1.512472999999999956e+03
-1.531405999999999949e+03
-1.549969000000000051e+03
-1.544028999999999996e+03
-1.536232999999999947e+03
-1.546256000000000085e+03
-1.554051999999999907e+03
-1.552195999999999913e+03
-1.545513999999999896e+03
-1.537718000000000075e+03
-1.533262999999999920e+03
-1.543656999999999925e+03
-1.520269000000000005e+03
-1.529549999999999955e+03
-1.547369999999999891e+03
-1.531777000000000044e+03
-1.568160000000000082e+03
-1.556651000000000067e+03
-1.548855000000000018e+03
-1.554795000000000073e+03
-1.558135999999999967e+03
-1.558878999999999905e+03
-1.571873000000000047e+03
-1.563334000000000060e+03
-1.557765000000000100e+03
-1.566304000000000087e+03
-1.575213999999999942e+03
-1.590434999999999945e+03
-1.588950000000000045e+03
-1.594890000000000100e+03
-1.596375000000000000e+03
-1.585238000000000056e+03
-1.604541999999999916e+03
-1.614566000000000031e+03
-1.584865999999999985e+03
-1.614194999999999936e+03
-1.599715999999999894e+03
-1.583752999999999929e+03
-1.625703999999999951e+03
-1.614938000000000102e+03
-1.609740000000000009e+03
-1.618278999999999996e+03
-1.601573000000000093e+03
-1.594890000000000100e+03
-1.595260999999999967e+03
-1.595260999999999967e+03
-1.601201000000000022e+03
-1.597117999999999938e+03
-1.584494999999999891e+03
-1.593034000000000106e+03
-1.600087999999999965e+03
-1.600087999999999965e+03
-1.604913999999999987e+03
