-7.432424999999999500e+02
-7.194824999999999591e+02
-7.116862999999999602e+02
-7.599487000000000307e+02
-7.317337999999999738e+02
-7.647749999999999773e+02
-7.907625000000000455e+02
-7.651462000000000216e+02
-8.223188000000000102e+02
-8.041275000000000546e+02
-7.889062999999999874e+02
-8.367975000000000136e+02
-8.538750000000000000e+02
-8.308574999999999591e+02
-8.438513000000000375e+02
-9.132749999999999773e+02
-8.872875000000000227e+02
-9.125325000000000273e+02
-9.500286999999999580e+02
-9.151313000000000102e+02
-9.262686999999999671e+02
-1.003489000000000033e+03
-9.663637999999999693e+02
-9.778724999999999454e+02
-1.042840999999999894e+03
-1.017967999999999961e+03
-1.007572999999999979e+03
-1.040242999999999938e+03
-1.026877999999999929e+03
-1.049523999999999887e+03
-1.066972999999999956e+03
-1.056577999999999975e+03
-1.053236000000000104e+03
-1.110779999999999973e+03
-1.103726000000000113e+03
-1.135281999999999925e+03
-1.164982999999999947e+03
-1.156815000000000055e+03
-1.130085000000000036e+03
-1.201736000000000104e+03
-1.179833000000000084e+03
-1.163868999999999915e+03
-1.228095000000000027e+03
-1.195796000000000049e+03
-1.215101000000000113e+03
-1.239604000000000042e+03
-1.246656999999999925e+03
-1.231065000000000055e+03
-1.265962999999999965e+03
-1.262621000000000095e+03
-1.249627999999999929e+03
-1.291578999999999951e+03
-1.288238000000000056e+03
-1.293064000000000078e+03
-1.330189000000000078e+03
-1.299003999999999905e+03
-1.320164999999999964e+03
-1.348380000000000109e+03
-1.330931000000000040e+03
-1.304573000000000093e+03
-1.376595000000000027e+03
-1.413348999999999933e+03
-1.342810999999999922e+03
-1.401839999999999918e+03
-1.435252999999999929e+03
-1.390330999999999904e+03
-1.401469000000000051e+03
-1.428941000000000031e+03
-1.404439000000000078e+03
-1.450473999999999933e+03
-1.459012999999999920e+03
-1.453815000000000055e+03
-1.474605000000000018e+03
-1.485000000000000000e+03
-1.486114000000000033e+03
-1.493166999999999916e+03
-1.477203999999999951e+03
-1.478689000000000078e+03
-1.485000000000000000e+03
-1.532891000000000076e+03
-1.507275000000000091e+03
-1.536974999999999909e+03
-1.562590999999999894e+03
-1.553309999999999945e+03
-1.566674999999999955e+03
-1.595260999999999967e+03
-1.587464999999999918e+03
-1.582638999999999896e+03
-1.627559999999999945e+03
-1.597117999999999938e+03
-1.626817999999999984e+03
-1.676193999999999960e+03
-1.641296000000000049e+03
-1.630901000000000067e+03
-1.694384999999999991e+03
-1.652063000000000102e+03
-1.655775000000000091e+03
-1.716660000000000082e+03
-1.680648999999999887e+03
-1.659115999999999985e+03
-1.725199000000000069e+03
-1.681762999999999920e+03
-1.698839999999999918e+03
-1.746359999999999900e+03
-1.705894000000000005e+03
-1.739676999999999907e+03
-1.752671000000000049e+03
-1.754898999999999887e+03
-1.752299999999999955e+03
-1.777173999999999978e+03
-1.738564000000000078e+03
-1.751557000000000016e+03
-1.787568999999999960e+03
-1.778287000000000035e+03
-1.782371000000000095e+03
-1.809101000000000113e+03
-1.793880000000000109e+03
-1.776801999999999907e+03
-1.816526000000000067e+03
-1.797593000000000075e+03
-1.751557000000000016e+03
-1.807244999999999891e+03
-1.808358999999999924e+03
-1.816154999999999973e+03
-1.834718000000000075e+03
-1.847711000000000013e+03
-1.831375999999999976e+03
-1.866644999999999982e+03
-1.865530999999999949e+03
-1.823579999999999927e+03
-1.856992999999999938e+03
-1.871471000000000004e+03
-1.872955999999999904e+03
-1.886692999999999984e+03
-1.887434999999999945e+03
-1.829519999999999982e+03
-1.862190000000000055e+03
-1.882238000000000056e+03
-1.861076000000000022e+03
-1.880752999999999929e+03
-1.887064000000000078e+03
-1.869243999999999915e+03
-1.907111000000000104e+03
-1.925673999999999978e+03
-1.920847999999999956e+03
-1.942750999999999976e+03
-1.911938000000000102e+03
-1.885208000000000084e+03
-1.911938000000000102e+03
-1.882980000000000018e+03
-1.913050999999999931e+03
-1.938296000000000049e+03
-1.945721000000000004e+03
-1.947577999999999975e+03
-1.971709000000000060e+03
-1.979875999999999976e+03
-1.947949000000000069e+03
-1.993613000000000056e+03
-1.973565000000000055e+03
-1.976905999999999949e+03
-2.004008000000000038e+03
-2.031108999999999924e+03
-2.003635999999999967e+03
-2.032964999999999918e+03
-2.037790999999999940e+03
-1.999181000000000040e+03
-2.029624000000000024e+03
-2.067490999999999985e+03
-2.043359999999999900e+03
-2.036306000000000040e+03
-2.067490999999999985e+03
-2.055239999999999782e+03
-2.057467999999999847e+03
-2.054126000000000204e+03
-2.062664999999999964e+03
-2.092364999999999782e+03
-2.099047999999999774e+03
-2.097190999999999804e+03
-2.107215000000000146e+03
-2.117981000000000222e+03
-2.094592999999999847e+03
-2.146568000000000211e+03
-2.080114000000000033e+03
-2.028509999999999991e+03
-2.060809000000000196e+03
-2.089766000000000076e+03
-2.038162000000000035e+03
-2.045959000000000060e+03
-2.057467999999999847e+03
-2.023313000000000102e+03
-2.050414000000000215e+03
-2.073059999999999945e+03
-2.055981999999999971e+03
-2.043730999999999995e+03
-2.067862999999999829e+03
-2.060438000000000102e+03
-2.056353999999999814e+03
-2.070090000000000146e+03
-2.056724999999999909e+03
-2.058581000000000131e+03
-2.074916000000000167e+03
-2.088280999999999949e+03
-2.103130999999999858e+03
-2.105730000000000018e+03
-2.057096000000000004e+03
-2.085311000000000149e+03
-2.099789999999999964e+03
-2.070090000000000146e+03
-2.086425000000000182e+03
-2.084197999999999865e+03
-2.061550999999999931e+03
-2.042617999999999938e+03
-2.104615999999999985e+03
-2.087909999999999854e+03
-2.090137000000000171e+03
-2.092735999999999876e+03
-2.094592999999999847e+03
-2.089766000000000076e+03
-2.073802000000000135e+03
-2.061550999999999931e+03
-2.048929000000000087e+03
-2.049670999999999822e+03
-2.073059999999999945e+03
-2.042617999999999938e+03
-2.069719000000000051e+03
-2.058581000000000131e+03
-2.060438000000000102e+03
-2.053755000000000109e+03
-2.045959000000000060e+03
-2.030365999999999985e+03
-2.034450000000000045e+03
-2.078628999999999905e+03
-2.057838999999999942e+03
-2.048557999999999993e+03
-2.064893000000000029e+03
-2.078257999999999811e+03
-2.058581000000000131e+03
-2.073802000000000135e+03
-2.033708000000000084e+03
-2.058952999999999975e+03
-2.078257999999999811e+03
-2.010690000000000055e+03
-2.060809000000000196e+03
-2.062664999999999964e+03
-2.055610999999999876e+03
-2.091623000000000047e+03
-2.080856000000000222e+03
-2.045959000000000060e+03
-2.109070999999999913e+03
-2.105730000000000018e+03
-2.071945999999999913e+03
-2.096449000000000069e+03
-2.142855000000000018e+03
-2.108699999999999818e+03
-2.090880000000000109e+03
-2.125034999999999854e+03
-2.132460000000000036e+03
-2.126891000000000076e+03
-2.136543999999999869e+03
-2.121322999999999865e+03
-2.123550000000000182e+03
-2.068605000000000018e+03
-2.070833000000000084e+03
-2.090509000000000015e+03
-2.112784000000000106e+03
-2.105358999999999924e+03
-2.106101000000000113e+03
-2.117239000000000033e+03
-2.118353000000000065e+03
-2.095335000000000036e+03
-2.097563000000000102e+03
-2.080114000000000033e+03
-2.080485000000000127e+03
-2.084197999999999865e+03
-2.080485000000000127e+03
-2.067119999999999891e+03
-2.082340999999999894e+03
-2.100532000000000153e+03
-2.034078999999999951e+03
-2.067862999999999829e+03
-2.061179999999999836e+03
-2.039646999999999935e+03
-2.077885999999999967e+03
-2.043730999999999995e+03
-2.047443999999999960e+03
-2.075288000000000011e+03
-2.077885999999999967e+03
-2.056353999999999814e+03
-2.092735999999999876e+03
-2.087539000000000215e+03
-2.091994000000000142e+03
-2.108699999999999818e+03
-2.087909999999999854e+03
-2.096449000000000069e+03
-2.120579999999999927e+03
-2.081599000000000160e+03
-2.076030000000000200e+03
-2.093849999999999909e+03
-2.096077999999999975e+03
-2.080485000000000127e+03
-2.128005000000000109e+03
-2.121693999999999960e+03
-2.091994000000000142e+03
-2.105358999999999924e+03
-2.122065000000000055e+03
-2.076771999999999935e+03
-2.111670000000000073e+03
-2.105730000000000018e+03
-2.084568999999999960e+03
-2.115010999999999967e+03
-2.118724000000000160e+03
-2.086054000000000087e+03
-2.135800999999999931e+03
-2.128748000000000047e+03
-2.104987999999999829e+03
-2.128005000000000109e+03
-2.151393999999999778e+03
-2.122065000000000055e+03
-2.113525999999999840e+03
-2.150650999999999840e+03
-2.135800999999999931e+03
-2.140255999999999858e+03
-2.145824999999999818e+03
-2.126519999999999982e+03
-2.148795000000000073e+03
-2.156590999999999894e+03
-2.141369999999999891e+03
-2.171813000000000102e+03
-2.177751999999999953e+03
-2.157333999999999833e+03
-2.168099999999999909e+03
-2.214876999999999953e+03
-2.165873000000000047e+03
-2.191117000000000189e+03
-2.226014999999999873e+03
-2.186663000000000011e+03
-2.200398999999999887e+03
-2.243463999999999942e+03
-2.219333000000000084e+03
-2.224530000000000200e+03
-2.271679000000000087e+03
-2.248289999999999964e+03
-2.228985000000000127e+03
-2.275391000000000076e+03
-2.224159000000000106e+03
-2.226757999999999811e+03
-2.269079999999999927e+03
-2.254230000000000018e+03
-2.252373999999999796e+03
-2.277619000000000142e+03
-2.254601000000000113e+03
-2.235295999999999822e+03
-2.245320000000000164e+03
-2.244949000000000069e+03
-2.225643999999999778e+03
-2.246434000000000196e+03
-2.248289999999999964e+03
-2.249032000000000153e+03
-2.259427000000000135e+03
-2.259427000000000135e+03
-2.261655000000000200e+03
-2.263139999999999873e+03
-2.291726000000000113e+03
-2.286900000000000091e+03
-2.288755999999999858e+03
-2.293210999999999785e+03
-2.302121000000000095e+03
-2.284300999999999931e+03
-2.293210999999999785e+03
-2.292469000000000051e+03
-2.293210999999999785e+03
-2.298038000000000011e+03
-2.284300999999999931e+03
-2.293954000000000178e+03
-2.279103999999999814e+03
-2.293583000000000084e+03
-2.306204999999999927e+03
-2.287271000000000186e+03
-2.282445000000000164e+03
-2.302864000000000033e+03
-2.321054999999999836e+03
-2.291355000000000018e+03
-2.320313000000000102e+03
-2.311030999999999949e+03
-2.313630000000000109e+03
-2.333306000000000040e+03
-2.308061000000000149e+03
-2.314001000000000204e+03
-2.321797999999999774e+03
-2.311773999999999887e+03
-2.309545999999999822e+03
-2.292469000000000051e+03
-2.298780000000000200e+03
-2.292469000000000051e+03
-2.310289000000000215e+03
-2.288755999999999858e+03
-2.313630000000000109e+03
-2.306576000000000022e+03
-2.301750000000000000e+03
-2.309916999999999916e+03
-2.331079000000000178e+03
-2.321425999999999931e+03
-2.311030999999999949e+03
-2.311030999999999949e+03
-2.299150999999999840e+03
-2.270193999999999960e+03
-2.283929999999999836e+03
-2.291355000000000018e+03
-2.274277999999999793e+03
-2.283929999999999836e+03
-2.312144999999999982e+03
-2.280588999999999942e+03
