-4.191413000000000011e+02
-4.726012999999999806e+02
-5.175225000000000364e+02
-4.952475000000000023e+02
-4.837388000000000261e+02
-5.468513000000000375e+02
-5.171512000000000171e+02
-5.472224999999999682e+02
-5.635575000000000045e+02
-5.761799999999999500e+02
-6.188737999999999602e+02
-5.839763000000000375e+02
-6.047662000000000262e+02
-6.274125000000000227e+02
-6.834713000000000420e+02
-6.738188000000000102e+02
-6.771599999999999682e+02
-7.020338000000000420e+02
-7.198537999999999784e+02
-7.005488000000000284e+02
-7.139138000000000375e+02
-7.499249999999999545e+02
-7.283925000000000409e+02
-7.655175000000000409e+02
-7.918763000000000147e+02
-7.918763000000000147e+02
-8.341987000000000307e+02
-8.353125000000000000e+02
-8.386536999999999580e+02
-8.865449999999999591e+02
-8.431087999999999738e+02
-8.876588000000000420e+02
-9.028799999999999955e+02
-9.236699999999999591e+02
-9.270112000000000307e+02
-9.388912000000000262e+02
-9.088200000000000500e+02
-9.236699999999999591e+02
-9.801000000000000227e+02
-9.526275000000000546e+02
-9.633936999999999671e+02
-1.004974000000000046e+03
-1.008686000000000035e+03
-9.912374999999999545e+02
-1.025392000000000053e+03
-1.042840999999999894e+03
-1.055093000000000075e+03
-1.028363000000000056e+03
-1.053979000000000042e+03
-1.065488000000000056e+03
-1.077367999999999938e+03
-1.115978000000000065e+03
-1.074396999999999935e+03
-1.118948000000000093e+03
-1.169438000000000102e+03
-1.167952999999999975e+03
-1.176119999999999891e+03
-1.216586000000000013e+03
-1.185029999999999973e+03
-1.182059999999999945e+03
-1.197652000000000044e+03
-1.193568999999999960e+03
-1.244800999999999931e+03
-1.220298999999999978e+03
-1.212502999999999929e+03
-1.250369999999999891e+03
-1.266704999999999927e+03
-1.271902000000000044e+03
-1.296404999999999973e+03
-1.248513999999999896e+03
-1.260021999999999935e+03
-1.252969000000000051e+03
-1.273016000000000076e+03
-1.293064000000000078e+03
-1.292320999999999913e+03
-1.316452999999999975e+03
-1.277471000000000004e+03
-1.283411000000000058e+03
-1.335015000000000100e+03
-1.312740000000000009e+03
-1.311998000000000047e+03
-1.362858999999999924e+03
-1.349493999999999915e+03
-1.316824000000000069e+03
-1.368056000000000040e+03
-1.385134000000000015e+03
-1.383648999999999887e+03
-1.402211000000000013e+03
-1.418546000000000049e+03
-1.419288999999999987e+03
-1.381049999999999955e+03
-1.423000999999999976e+03
-1.439708000000000084e+03
-1.425971000000000004e+03
-1.400726000000000113e+03
-1.441564000000000078e+03
-1.435994999999999891e+03
-1.420402000000000044e+03
-1.430797000000000025e+03
-1.448617999999999938e+03
-1.410750000000000000e+03
-1.407037000000000035e+03
-1.474605000000000018e+03
-1.473490999999999985e+03
-1.440450000000000045e+03
-1.512844000000000051e+03
-1.521753999999999905e+03
-1.494652000000000044e+03
-1.523609999999999900e+03
-1.549226000000000113e+03
-1.524723999999999933e+03
-1.539944999999999936e+03
-1.547369999999999891e+03
-1.536974999999999909e+03
-1.577813000000000102e+03
-1.560364000000000033e+03
-1.528435999999999922e+03
-1.590064000000000078e+03
-1.591920000000000073e+03
-1.581153999999999996e+03
-1.611224999999999909e+03
-1.597859999999999900e+03
-1.630901000000000067e+03
-1.634614000000000033e+03
-1.625703999999999951e+03
-1.626075000000000045e+03
-1.671367999999999938e+03
-1.675079999999999927e+03
-1.637584000000000060e+03
-1.712948000000000093e+03
-1.698839999999999918e+03
-1.696983999999999924e+03
-1.719630000000000109e+03
-1.707378999999999905e+03
-1.689930000000000064e+03
-1.739306000000000040e+03
-1.741904999999999973e+03
-1.714804000000000087e+03
-1.739306000000000040e+03
-1.798705999999999904e+03
-1.750815000000000055e+03
-1.747845000000000027e+03
-1.793137999999999920e+03
-1.776801999999999907e+03
-1.782742999999999938e+03
-1.781628999999999905e+03
-1.761952999999999975e+03
-1.776059999999999945e+03
-1.794993999999999915e+03
-1.792023999999999887e+03
-1.773833000000000084e+03
-1.797963999999999942e+03
-1.803903999999999996e+03
-1.809101000000000113e+03
-1.820239000000000033e+03
-1.796107999999999947e+03
-1.836574000000000069e+03
-1.815040999999999940e+03
-1.810214999999999918e+03
-1.847711000000000013e+03
-1.849567999999999984e+03
-1.793509000000000015e+03
-1.808730000000000018e+03
-1.821353000000000065e+03
-1.830634000000000015e+03
-1.816526000000000067e+03
-1.777915999999999940e+03
-1.778659000000000106e+03
-1.757868999999999915e+03
-1.796849999999999909e+03
-1.793137999999999920e+03
-1.795736000000000104e+03
-1.808730000000000018e+03
-1.815040999999999940e+03
-1.798705999999999904e+03
-1.791652000000000044e+03
-1.825435999999999922e+03
-1.807615999999999985e+03
-1.831005000000000109e+03
-1.814670000000000073e+03
-1.862932000000000016e+03
-1.882608999999999924e+03
-1.868500999999999976e+03
-1.869615000000000009e+03
-1.862560999999999922e+03
-1.860704999999999927e+03
-1.877411000000000058e+03
-1.820239000000000033e+03
-1.784228000000000065e+03
-1.808358999999999924e+03
-1.793880000000000109e+03
-1.790166999999999916e+03
-1.762324000000000069e+03
-1.753785000000000082e+03
-1.781628999999999905e+03
-1.774945999999999913e+03
-1.771605000000000018e+03
-1.754527000000000044e+03
-1.742646999999999935e+03
-1.759354000000000042e+03
-1.768634999999999991e+03
-1.770863000000000056e+03
-1.768263999999999896e+03
-1.763808999999999969e+03
-1.757498000000000047e+03
-1.783114000000000033e+03
-1.754155999999999949e+03
-1.748959000000000060e+03
-1.803161000000000058e+03
-1.776059999999999945e+03
-1.772719000000000051e+03
-1.804645999999999958e+03
-1.769006000000000085e+03
-1.724827999999999975e+03
-1.755641000000000076e+03
-1.725569999999999936e+03
-1.712576000000000022e+03
-1.740048999999999978e+03
-1.712948000000000093e+03
-1.735594000000000051e+03
-1.705894000000000005e+03
-1.727797000000000025e+03
-1.693270999999999958e+03
-1.720373000000000047e+03
-1.740790999999999940e+03
-1.724455999999999904e+03
-1.744503999999999905e+03
-1.757125999999999976e+03
-1.702181000000000040e+03
-1.735222999999999956e+03
-1.760096000000000004e+03
-1.727425999999999931e+03
-1.743019000000000005e+03
-1.736708000000000084e+03
-1.692528999999999996e+03
-1.693642000000000053e+03
-1.711834000000000060e+03
-1.690300999999999931e+03
-1.689930000000000064e+03
-1.717773999999999887e+03
-1.691786000000000058e+03
-1.710348999999999933e+03
-1.722971000000000004e+03
-1.719259000000000015e+03
-1.709234999999999900e+03
-1.736336000000000013e+03
-1.708121000000000095e+03
-1.680648999999999887e+03
-1.708864000000000033e+03
-1.708864000000000033e+03
-1.717402000000000044e+03
-1.723343000000000075e+03
-1.717773999999999887e+03
-1.711462999999999965e+03
-1.696613000000000056e+03
-1.683618999999999915e+03
-1.681019999999999982e+03
-1.700695999999999913e+03
-1.711834000000000060e+03
-1.699953999999999951e+03
-1.727425999999999931e+03
-1.727055000000000064e+03
-1.695869999999999891e+03
-1.752299999999999955e+03
-1.747845000000000027e+03
-1.751185999999999922e+03
-1.750073000000000093e+03
-1.766406999999999925e+03
-1.766778999999999996e+03
-1.775689000000000078e+03
-1.778287000000000035e+03
-1.771976000000000113e+03
-1.781258000000000038e+03
-1.789796000000000049e+03
-1.802419000000000096e+03
-1.823579999999999927e+03
-1.824323000000000093e+03
-1.848083000000000084e+03
-1.859962999999999965e+03
-1.844740999999999985e+03
-1.820239000000000033e+03
-1.817640000000000100e+03
-1.814670000000000073e+03
-1.816154999999999973e+03
-1.832118999999999915e+03
-1.843999000000000024e+03
-1.829148999999999887e+03
-1.852537000000000035e+03
-1.856250000000000000e+03
-1.850309999999999945e+03
-1.861076000000000022e+03
-1.859962999999999965e+03
-1.834346000000000004e+03
-1.867016000000000076e+03
-1.874813000000000102e+03
-1.876297000000000025e+03
-1.874441000000000031e+03
-1.907854000000000042e+03
-1.913050999999999931e+03
-1.906740000000000009e+03
-1.898573000000000093e+03
-1.905625999999999976e+03
-1.914536000000000058e+03
-1.921589999999999918e+03
-1.925301999999999907e+03
-1.924931000000000040e+03
-1.948319999999999936e+03
-1.895230999999999995e+03
-1.855878999999999905e+03
-1.874813000000000102e+03
-1.883722999999999956e+03
-1.887434999999999945e+03
-1.898573000000000093e+03
-1.884836000000000013e+03
-1.918990999999999985e+03
-1.892633000000000038e+03
-1.874813000000000102e+03
-1.899685999999999922e+03
-1.919733999999999924e+03
-1.880381000000000085e+03
-1.898201000000000022e+03
-1.955374000000000024e+03
-1.921961000000000013e+03
-1.905998000000000047e+03
-1.951661000000000058e+03
-1.924931000000000040e+03
-1.917134999999999991e+03
-1.929385999999999967e+03
-1.947577999999999975e+03
-1.953888999999999896e+03
-1.933470000000000027e+03
-1.951661000000000058e+03
-1.975421000000000049e+03
-1.987300999999999931e+03
-1.973935999999999922e+03
-2.009948000000000093e+03
-2.024797000000000025e+03
-1.973193999999999960e+03
-1.972079999999999927e+03
-2.043730999999999995e+03
-2.010318999999999960e+03
-1.983960000000000036e+03
-2.030365999999999985e+03
-2.042246000000000095e+03
-2.000665999999999940e+03
-2.046329999999999927e+03
-2.030738000000000056e+03
-2.012916999999999916e+03
-2.034450000000000045e+03
-2.019229000000000042e+03
-2.022569999999999936e+03
-2.039646999999999935e+03
-2.043730999999999995e+03
-2.032222999999999956e+03
-2.060809000000000196e+03
-2.068605000000000018e+03
-2.058952999999999975e+03
-2.022199000000000069e+03
-2.009204999999999927e+03
-1.978391000000000076e+03
-1.998439000000000078e+03
-2.025911000000000058e+03
-1.985816000000000031e+03
-1.978762999999999920e+03
-2.005492999999999938e+03
-2.019599999999999909e+03
-1.986930000000000064e+03
-2.022569999999999936e+03
-2.044473999999999933e+03
-1.997325000000000045e+03
-2.037048999999999978e+03
-2.018486000000000104e+03
-2.017373000000000047e+03
-2.011804000000000087e+03
-1.999181000000000040e+03
-1.991384999999999991e+03
-2.025169000000000096e+03
-1.979134000000000015e+03
-2.004378999999999905e+03
-2.017373000000000047e+03
-2.003265000000000100e+03
-2.008090999999999894e+03
-2.033336000000000013e+03
-2.023683999999999969e+03
-2.032964999999999918e+03
-2.037790999999999940e+03
-2.038162000000000035e+03
-2.036306000000000040e+03
-2.011804000000000087e+03
-1.981361000000000104e+03
-1.999923999999999978e+03
-2.002151000000000067e+03
-1.987300999999999931e+03
-2.013288999999999987e+03
-2.017743999999999915e+03
-1.987672000000000025e+03
-2.015887999999999920e+03
-2.029994999999999891e+03
-2.020713999999999942e+03
-2.009948000000000093e+03
-1.995469000000000051e+03
-1.984330999999999904e+03
-1.997325000000000045e+03
-2.001037000000000035e+03
-1.948691000000000031e+03
-1.953518000000000029e+03
-1.974679000000000087e+03
-1.981732999999999947e+03
-1.966140000000000100e+03
-1.940152000000000044e+03
-1.931242999999999938e+03
-1.947949000000000069e+03
