-7.707150000000000318e+02
-7.644036999999999580e+02
-7.944750000000000227e+02
-8.148936999999999671e+02
-7.948463000000000420e+02
-8.282586999999999762e+02
-8.702100000000000364e+02
-8.783775000000000546e+02
-8.694674999999999727e+02
-9.121612999999999829e+02
-9.099338000000000193e+02
-9.051074999999999591e+02
-9.325800000000000409e+02
-9.158737999999999602e+02
-9.381486999999999625e+02
-9.433463000000000420e+02
-1.004974000000000046e+03
-9.826987000000000307e+02
-1.000148000000000025e+03
-1.043584000000000060e+03
-1.010542000000000030e+03
-1.046924999999999955e+03
-1.075510999999999967e+03
-1.080709000000000060e+03
-1.095558999999999969e+03
-1.128229000000000042e+03
-1.110037000000000035e+03
-1.082935999999999922e+03
-1.134169000000000096e+03
-1.130455999999999904e+03
-1.148646999999999935e+03
-1.151246000000000095e+03
-1.140851000000000113e+03
-1.169808999999999969e+03
-1.163868999999999915e+03
-1.184287000000000035e+03
-1.217328999999999951e+03
-1.215472999999999956e+03
-1.240718000000000075e+03
-1.242574000000000069e+03
-1.263734999999999900e+03
-1.260765000000000100e+03
-1.257423999999999978e+03
-1.298633000000000038e+03
-1.291208000000000084e+03
-1.316452999999999975e+03
-1.297519000000000005e+03
-1.302345000000000027e+03
-1.331673999999999978e+03
-1.345038999999999987e+03
-1.314596000000000004e+03
-1.359517000000000053e+03
-1.368798999999999978e+03
-1.363972999999999956e+03
-1.367314000000000078e+03
-1.397013999999999896e+03
-1.412234999999999900e+03
-1.401097999999999956e+03
-1.436365999999999985e+03
-1.439336000000000013e+03
-1.448617999999999938e+03
-1.499479000000000042e+03
-1.428569999999999936e+03
-1.443420000000000073e+03
-1.469036000000000058e+03
-1.421144999999999982e+03
-1.430425999999999931e+03
-1.467180000000000064e+03
-1.425599999999999909e+03
-1.448989000000000033e+03
-1.437480000000000018e+03
-1.428569999999999936e+03
-1.457898999999999887e+03
-1.463468000000000075e+03
-1.443420000000000073e+03
-1.447133000000000038e+03
-1.466808999999999969e+03
-1.466066000000000031e+03
-1.430055000000000064e+03
-1.469778999999999996e+03
-1.506531999999999925e+03
-1.428941000000000031e+03
-1.499107999999999947e+03
-1.498736000000000104e+03
-1.478317999999999984e+03
-1.535861000000000104e+03
-1.544400000000000091e+03
-1.514328999999999951e+03
-1.565190000000000055e+03
-1.546627999999999929e+03
-1.532891000000000076e+03
-1.584494999999999891e+03
-1.549969000000000051e+03
-1.568160000000000082e+03
-1.616794000000000096e+03
-1.618650000000000091e+03
-1.589692999999999984e+03
-1.640182000000000016e+03
-1.632758000000000038e+03
-1.599715999999999894e+03
-1.629415999999999940e+03
-1.652063000000000102e+03
-1.614566000000000031e+03
-1.639810999999999922e+03
-1.636840999999999894e+03
-1.621249000000000024e+03
-1.623476000000000113e+03
-1.656517000000000053e+03
-1.637212999999999965e+03
-1.640554000000000087e+03
-1.646123000000000047e+03
-1.617536000000000058e+03
-1.607884000000000015e+03
-1.631271999999999935e+03
-1.601943999999999960e+03
-1.628673999999999978e+03
-1.623476000000000113e+03
-1.641296000000000049e+03
-1.673965999999999894e+03
-1.646865000000000009e+03
-1.672853000000000065e+03
-1.700695999999999913e+03
-1.692528999999999996e+03
-1.709605999999999995e+03
-1.681391000000000076e+03
-1.670253999999999905e+03
-1.689188000000000102e+03
-1.717773999999999887e+03
-1.710348999999999933e+03
-1.708864000000000033e+03
-1.723713999999999942e+03
-1.766036000000000058e+03
-1.705521999999999935e+03
-1.714804000000000087e+03
-1.758982999999999947e+03
-1.729281999999999925e+03
-1.700695999999999913e+03
-1.723713999999999942e+03
-1.719630000000000109e+03
-1.720373000000000047e+03
-1.749701000000000022e+03
-1.772719000000000051e+03
-1.757125999999999976e+03
-1.768263999999999896e+03
-1.765664999999999964e+03
-1.770490999999999985e+03
-1.789796000000000049e+03
-1.794250999999999976e+03
-1.817269000000000005e+03
-1.832118999999999915e+03
-1.811700000000000045e+03
-1.832118999999999915e+03
-1.844740999999999985e+03
-1.815040999999999940e+03
-1.788310999999999922e+03
-1.775689000000000078e+03
-1.747845000000000027e+03
-1.789796000000000049e+03
-1.828405999999999949e+03
-1.782000000000000000e+03
-1.808730000000000018e+03
-1.846226000000000113e+03
-1.810586000000000013e+03
-1.745617999999999938e+03
-1.777545000000000073e+03
-1.787198000000000093e+03
-1.753785000000000082e+03
-1.784970000000000027e+03
-1.802419000000000096e+03
-1.787568999999999960e+03
-1.794623000000000047e+03
-1.836202999999999975e+03
-1.812814000000000078e+03
-1.813556000000000040e+03
-1.846969000000000051e+03
-1.821353000000000065e+03
-1.829148999999999887e+03
-1.833974999999999909e+03
-1.812442999999999984e+03
-1.809844000000000051e+03
-1.804645999999999958e+03
-1.796849999999999909e+03
-1.800933999999999969e+03
-1.759724999999999909e+03
-1.769006000000000085e+03
-1.778287000000000035e+03
-1.758240000000000009e+03
-1.775689000000000078e+03
-1.779401000000000067e+03
-1.763808999999999969e+03
-1.779771999999999935e+03
-1.783484999999999900e+03
-1.829148999999999887e+03
-1.767892000000000053e+03
-1.784598999999999933e+03
-1.800191000000000031e+03
-1.791652000000000044e+03
-1.752299999999999955e+03
-1.799077999999999975e+03
-1.788310999999999922e+03
-1.784228000000000065e+03
-1.811700000000000045e+03
-1.773833000000000084e+03
-1.784598999999999933e+03
-1.796849999999999909e+03
-1.800563000000000102e+03
-1.806874000000000024e+03
-1.787940000000000055e+03
-1.820609999999999900e+03
-1.815784000000000106e+03
-1.782371000000000095e+03
-1.809101000000000113e+03
-1.805759999999999991e+03
-1.813926999999999907e+03
-1.807244999999999891e+03
-1.805018000000000029e+03
-1.809844000000000051e+03
-1.810586000000000013e+03
-1.829519999999999982e+03
-1.823951000000000022e+03
-1.795365000000000009e+03
-1.811700000000000045e+03
-1.822837999999999965e+03
-1.827291999999999916e+03
-1.820239000000000033e+03
-1.861818999999999960e+03
-1.833974999999999909e+03
-1.822465999999999894e+03
-1.836574000000000069e+03
-1.856992999999999938e+03
-1.839544000000000096e+03
-1.843627999999999929e+03
-1.844369999999999891e+03
-1.840656999999999925e+03
-1.832861000000000104e+03
-1.823209000000000060e+03
-1.828035000000000082e+03
-1.833974999999999909e+03
-1.834718000000000075e+03
-1.803903999999999996e+03
-1.825435999999999922e+03
-1.834718000000000075e+03
-1.825065000000000055e+03
-1.860334000000000060e+03
-1.850681000000000040e+03
-1.837688000000000102e+03
-1.854021999999999935e+03
-1.875925999999999931e+03
-1.878525000000000091e+03
-1.867387999999999920e+03
-1.883351000000000113e+03
-1.885950000000000045e+03
-1.886692999999999984e+03
-1.879638999999999896e+03
-1.836944999999999936e+03
-1.858848999999999933e+03
-1.907111000000000104e+03
-1.840286000000000058e+03
-1.894859999999999900e+03
-1.916020999999999958e+03
-1.872585000000000036e+03
-1.896715999999999894e+03
-1.888920000000000073e+03
-1.877411000000000058e+03
-1.898943999999999960e+03
-1.913422000000000025e+03
-1.904141000000000076e+03
-1.904512999999999920e+03
-1.880381000000000085e+03
-1.859590999999999894e+03
-1.895973999999999933e+03
-1.891146999999999935e+03
-1.888920000000000073e+03
-1.894489000000000033e+03
-1.909710000000000036e+03
-1.916763999999999896e+03
-1.923445999999999913e+03
-1.918619999999999891e+03
-1.927159000000000106e+03
-1.922703999999999951e+03
-1.972823000000000093e+03
-1.946835000000000036e+03
-1.949805000000000064e+03
-1.967996000000000095e+03
-1.937182000000000016e+03
-1.959828999999999951e+03
-1.982104000000000042e+03
-1.947949000000000069e+03
-1.952775000000000091e+03
-1.947577999999999975e+03
-1.897459000000000060e+03
-1.906740000000000009e+03
-1.930871000000000095e+03
-1.927529999999999973e+03
-1.917877999999999929e+03
-1.933470000000000027e+03
-1.925673999999999978e+03
-1.932728000000000065e+03
-1.905625999999999976e+03
-1.902655999999999949e+03
-1.910824000000000069e+03
-1.929015000000000100e+03
-1.943865000000000009e+03
-1.944979000000000042e+03
-1.946463999999999942e+03
-1.953145999999999958e+03
-1.963912000000000035e+03
-1.964654999999999973e+03
-1.968367999999999938e+03
-1.968367999999999938e+03
-1.977277000000000044e+03
-1.972079999999999927e+03
-1.962798999999999978e+03
-1.980618999999999915e+03
-2.001409000000000106e+03
-1.964654999999999973e+03
-2.002151000000000067e+03
-1.976905999999999949e+03
-1.966883000000000038e+03
-2.011432000000000016e+03
-1.988786000000000058e+03
-1.983960000000000036e+03
-1.988786000000000058e+03
-1.995097999999999956e+03
-1.982104000000000042e+03
-1.999551999999999907e+03
-2.024797000000000025e+03
-2.010318999999999960e+03
-1.979875999999999976e+03
-2.008090999999999894e+03
-2.014402000000000044e+03
-2.005864000000000033e+03
-2.020713999999999942e+03
-2.015887999999999920e+03
-2.040019000000000005e+03
-2.027025000000000091e+03
-2.024055000000000064e+03
-2.032222999999999956e+03
-2.054498000000000047e+03
-2.044473999999999933e+03
-2.068605000000000018e+03
-2.061179999999999836e+03
-2.057096000000000004e+03
-2.062293999999999869e+03
-2.081228000000000065e+03
-2.062664999999999964e+03
-2.077143999999999778e+03
-2.101646000000000186e+03
-2.085311000000000149e+03
-2.105358999999999924e+03
-2.117981000000000222e+03
-2.109443000000000211e+03
-2.094963999999999942e+03
-2.118724000000000160e+03
-2.121693999999999960e+03
-2.129489999999999782e+03
-2.150650999999999840e+03
-2.143597000000000207e+03
-2.148423999999999978e+03
-2.160304000000000087e+03
-2.164387000000000171e+03
-2.166244000000000142e+03
-2.169956000000000131e+03
-2.190003999999999905e+03
-2.179608999999999924e+03
-2.179608999999999924e+03
-2.190375000000000000e+03
-2.187034000000000106e+03
-2.181094000000000051e+03
-2.211164999999999964e+03
-2.159561000000000149e+03
-2.134688000000000102e+03
-2.146195999999999913e+03
-2.182208000000000084e+03
-2.157704999999999927e+03
-2.112413000000000011e+03
-2.139514000000000124e+03
-2.149166000000000167e+03
-2.131717999999999847e+03
-2.152135999999999967e+03
-2.140998999999999796e+03
-2.134315999999999804e+03
-2.158076000000000022e+03
-2.165130000000000109e+03
-2.132831000000000131e+03
-2.122436000000000149e+03
-2.155849000000000160e+03
-2.133574000000000069e+03
-2.132088999999999942e+03
-2.152507999999999811e+03
-2.137286000000000058e+03
-2.106844000000000051e+03
-2.090137000000000171e+03
-2.094963999999999942e+03
-2.078257999999999811e+03
-2.096077999999999975e+03
-2.066376999999999953e+03
-2.058210000000000036e+03
-2.077885999999999967e+03
-2.066376999999999953e+03
-2.077143999999999778e+03
-2.086425000000000182e+03
-2.063778999999999996e+03
-2.096077999999999975e+03
-2.101646000000000186e+03
-2.100532000000000153e+03
-2.104244999999999891e+03
-2.123179000000000087e+03
-2.112041000000000167e+03
-2.111670000000000073e+03
-2.135059000000000196e+03
-2.124291999999999916e+03
