-3.538384000000000015e+03
-3.523534000000000106e+03
-3.514623999999999796e+03
-3.596298999999999978e+03
-3.583304999999999836e+03
-3.576994000000000142e+03
-3.610034999999999854e+03
-3.587760000000000218e+03
-3.596670000000000073e+03
-3.637507999999999811e+03
-3.621914999999999964e+03
-3.640478000000000065e+03
-3.631195999999999913e+03
-3.660153999999999996e+03
-3.637135999999999967e+03
-3.660525000000000091e+03
-3.684655999999999949e+03
-3.656813000000000102e+03
-3.699876999999999953e+03
-3.722894999999999982e+03
-3.687626000000000204e+03
-3.705074999999999818e+03
-3.750739000000000033e+03
-3.738487999999999829e+03
-3.743313999999999851e+03
-3.769672999999999774e+03
-3.739230000000000018e+03
-3.745541000000000167e+03
-3.776726000000000113e+03
-3.777469000000000051e+03
-3.780438999999999851e+03
-3.819791000000000167e+03
-3.780438999999999851e+03
-3.793804000000000087e+03
-3.816079000000000178e+03
-3.812737999999999829e+03
-3.832041999999999916e+03
-3.806797999999999774e+03
-3.841324000000000069e+03
-3.852833000000000084e+03
-3.884389000000000124e+03
-3.843550999999999931e+03
-3.887358999999999924e+03
-3.904807999999999993e+03
-3.859143999999999778e+03
-3.862856000000000222e+03
-3.912974999999999909e+03
-3.900724000000000160e+03
-3.885873999999999796e+03
-3.912231999999999971e+03
-3.919657000000000153e+03
-3.902208999999999833e+03
-3.950842999999999847e+03
-3.968663000000000011e+03
-3.940447999999999865e+03
-3.960865999999999985e+03
-3.989452999999999975e+03
-3.967177000000000135e+03
-3.982027999999999793e+03
-3.971632999999999811e+03
-3.944159999999999854e+03
-4.019523999999999887e+03
-4.000590000000000146e+03
-3.945273999999999887e+03
-3.999105000000000018e+03
-4.041427000000000135e+03
-4.022123000000000047e+03
-4.067786000000000058e+03
-4.022494000000000142e+03
-4.036601000000000113e+03
-4.093030999999999949e+03
-4.117533999999999651e+03
-4.090432999999999993e+03
-4.073355000000000018e+03
-4.100456000000000131e+03
-4.083007999999999811e+03
-4.098229000000000269e+03
-4.116048999999999978e+03
-4.093773999999999887e+03
-4.117904999999999745e+03
-4.133868999999999687e+03
-4.107139000000000124e+03
-4.132012999999999920e+03
-4.166538999999999760e+03
-4.151317000000000007e+03
-4.165796000000000276e+03
-4.184729999999999563e+03
-4.166538999999999760e+03
-4.234849000000000160e+03
-4.201807999999999993e+03
-4.193640000000000327e+03
-4.223711000000000240e+03
-4.240417000000000371e+03
-4.241159999999999854e+03
-4.232993000000000393e+03
-4.274573000000000320e+03
-4.224082999999999629e+03
-4.271230999999999767e+03
-4.253039999999999964e+03
-4.242274000000000342e+03
-4.234849000000000160e+03
-4.294619999999999891e+03
-4.210345999999999549e+03
-4.273829999999999927e+03
-4.283854000000000269e+03
-4.257865999999999985e+03
-4.306500000000000000e+03
-4.320235999999999876e+03
-4.244501000000000204e+03
-4.316895000000000437e+03
-4.311326000000000022e+03
-4.300560000000000400e+03
-4.336199999999999818e+03
-4.215914999999999964e+03
-4.191783999999999651e+03
-4.209231999999999971e+03
-4.224082999999999629e+03
-4.191783999999999651e+03
-4.242274000000000342e+03
-4.240046000000000276e+03
-4.221112000000000080e+03
-4.266033999999999651e+03
-4.262320999999999913e+03
-4.246356999999999971e+03
-4.243015999999999622e+03
-4.268261000000000422e+03
-4.243759000000000015e+03
-4.254524999999999636e+03
-4.303900999999999840e+03
-4.283481999999999971e+03
-4.269746000000000095e+03
-4.281255000000000109e+03
-4.230021999999999935e+03
-4.258979999999999563e+03
-4.277542000000000371e+03
-4.263064000000000306e+03
-4.269003999999999905e+03
-4.312811999999999898e+03
-4.237076000000000022e+03
-4.264177999999999884e+03
-4.280140999999999622e+03
-4.236333999999999833e+03
-4.253783000000000357e+03
-4.261578999999999724e+03
-4.248213999999999942e+03
-4.274573000000000320e+03
-4.350679000000000087e+03
-4.309099000000000160e+03
-4.214801000000000386e+03
-4.250069999999999709e+03
-4.236704999999999927e+03
-4.226310000000000400e+03
-4.224453999999999724e+03
-4.257123999999999796e+03
-4.226680999999999585e+03
-4.250813000000000102e+03
-4.238561999999999898e+03
-4.236704999999999927e+03
-4.281997999999999593e+03
-4.252296999999999571e+03
-4.230394000000000233e+03
-4.252668999999999869e+03
-4.239675000000000182e+03
-4.204034999999999854e+03
-4.265662999999999556e+03
-4.245985999999999876e+03
-4.247470999999999549e+03
-4.257865999999999985e+03
-4.271230999999999767e+03
-4.217770999999999731e+03
-4.273458999999999833e+03
-4.274944000000000415e+03
-4.250440999999999804e+03
-4.282739999999999782e+03
-4.258237000000000080e+03
-4.236704999999999927e+03
-4.217029000000000451e+03
-4.237819000000000415e+03
-4.200323000000000320e+03
-4.235220000000000255e+03
-4.225939000000000306e+03
-4.204777000000000044e+03
-4.224453999999999724e+03
-4.212944999999999709e+03
-4.200694000000000415e+03
-4.205520000000000437e+03
-4.231506999999999607e+03
-4.222969000000000051e+03
-4.210717999999999847e+03
-4.230021999999999935e+03
-4.197724000000000160e+03
-4.242645000000000437e+03
-4.198837000000000444e+03
-4.204034999999999854e+03
-4.196238999999999578e+03
-4.238932999999999993e+03
-4.214801000000000386e+03
-4.239304000000000087e+03
-4.269746000000000095e+03
-4.250440999999999804e+03
-4.220369999999999891e+03
-4.260836000000000240e+03
-4.241159999999999854e+03
-4.231878999999999905e+03
-4.275314999999999600e+03
-4.281997999999999593e+03
-4.252668999999999869e+03
-4.242274000000000342e+03
-4.251926000000000386e+03
-4.268261000000000422e+03
-4.277542000000000371e+03
-4.239304000000000087e+03
-4.287565999999999804e+03
-4.290536000000000058e+03
-4.280140999999999622e+03
-4.286453000000000429e+03
-4.304271999999999935e+03
-4.292393000000000029e+03
-4.315038999999999760e+03
-4.325805000000000291e+03
-4.331002000000000407e+03
-4.330260000000000218e+03
-4.324319999999999709e+03
-4.286823999999999614e+03
-4.320235999999999876e+03
-4.356989999999999782e+03
-4.310212000000000444e+03
-4.328033000000000357e+03
-4.356618999999999687e+03
-4.323948999999999614e+03
-4.350307999999999993e+03
-4.359960000000000036e+03
-4.351050000000000182e+03
-4.376667000000000371e+03
-4.348823000000000320e+03
-4.346224000000000160e+03
-4.340654999999999745e+03
-4.341025999999999840e+03
-4.384462000000000444e+03
-4.351421000000000276e+03
-4.389659999999999854e+03
-4.382605999999999767e+03
-4.387804000000000087e+03
-4.370354999999999563e+03
-4.390030999999999949e+03
-4.350679000000000087e+03
-4.388175000000000182e+03
-4.384833999999999833e+03
-4.396342999999999847e+03
-4.405994999999999891e+03
-4.398198999999999614e+03
-4.392630000000000109e+03
-4.433095999999999549e+03
-4.415275999999999840e+03
-4.424557999999999993e+03
-4.452771999999999935e+03
-4.437180000000000291e+03
-4.410449999999999818e+03
-4.448317000000000007e+03
-4.420474000000000160e+03
-4.389288999999999760e+03
-4.437551000000000386e+03
-4.444975999999999658e+03
-4.408965000000000146e+03
-4.450173999999999978e+03
-4.479131000000000313e+03
-4.452400999999999840e+03
-4.464652000000000044e+03
-4.483215000000000146e+03
-4.440520999999999731e+03
-4.490640000000000327e+03
-4.499550000000000182e+03
-4.455371000000000095e+03
-4.509203000000000429e+03
-4.500663999999999760e+03
-4.475418999999999869e+03
-4.510688000000000102e+03
-4.540387999999999920e+03
-4.495837000000000444e+03
-4.493980999999999767e+03
-4.540759000000000015e+03
-4.525167000000000371e+03
-4.544842999999999847e+03
-4.548184000000000196e+03
-4.511430000000000291e+03
-4.556722999999999956e+03
-4.551895999999999731e+03
-4.535932999999999993e+03
-4.565631999999999607e+03
-4.604243000000000393e+03
-4.558578999999999724e+03
-4.586421999999999571e+03
-4.594590000000000146e+03
-4.570087000000000444e+03
-4.567118000000000393e+03
-4.631715000000000146e+03
-4.578255000000000109e+03
-4.629859000000000378e+03
-4.683689999999999600e+03
-4.618350000000000364e+03
-4.630600999999999658e+03
-4.618350000000000364e+03
-4.614265999999999622e+03
-4.635055999999999585e+03
-4.637654999999999745e+03
-4.613895000000000437e+03
-4.621690999999999804e+03
-4.609439999999999600e+03
-4.600529999999999745e+03
-4.597930999999999585e+03
-4.619835000000000036e+03
-4.656960000000000036e+03
-4.613524000000000342e+03
-4.658815999999999804e+03
-4.638025999999999840e+03
-4.612780999999999949e+03
-4.609069000000000415e+03
-4.602386000000000422e+03
-4.599787999999999556e+03
-4.609439999999999600e+03
-4.630229999999999563e+03
-4.607212000000000444e+03
-4.622434000000000196e+03
-4.607212000000000444e+03
-4.613895000000000437e+03
-4.640625000000000000e+03
-4.605355999999999767e+03
-4.637283999999999651e+03
-4.609811999999999898e+03
-4.619092999999999847e+03
-4.671439000000000306e+03
-4.639140000000000327e+03
-4.648050000000000182e+03
-4.617979000000000269e+03
-4.654360999999999876e+03
-4.632828999999999724e+03
-4.618720999999999549e+03
-4.660301000000000386e+03
-4.636542000000000371e+03
-4.613524000000000342e+03
-4.626145999999999731e+03
-4.649163999999999760e+03
-4.620578000000000429e+03
-4.660671999999999571e+03
-4.645451000000000022e+03
-4.639511000000000422e+03
-4.636170000000000073e+03
-4.664756000000000313e+03
-4.610182999999999993e+03
-4.659559000000000196e+03
-4.666612000000000080e+03
-4.632828999999999724e+03
-4.678121000000000095e+03
-4.665498999999999796e+03
-4.661043999999999869e+03
-4.703365999999999985e+03
-4.670324999999999818e+03
-4.671810000000000400e+03
-4.715988999999999578e+03
-4.651020000000000437e+03
-4.649905999999999949e+03
-4.638396999999999935e+03
-4.658073999999999614e+03
-4.606841000000000349e+03
-4.661414999999999964e+03
-4.651390999999999622e+03
-4.645823000000000320e+03
-4.637283999999999651e+03
-4.659930000000000291e+03
-4.649905999999999949e+03
-4.685917000000000371e+03
-4.659559000000000196e+03
-4.628744999999999891e+03
-4.648421000000000276e+03
-4.647307999999999993e+03
-4.592734000000000378e+03
-4.611667000000000371e+03
-4.625033000000000357e+03
-4.610554000000000087e+03
-4.629859000000000378e+03
-4.628744999999999891e+03
-4.636542000000000371e+03
-4.629115999999999985e+03
-4.654360999999999876e+03
-4.606099000000000160e+03
-4.644337000000000444e+03
-4.656960000000000036e+03
-4.631715000000000146e+03
-4.644337000000000444e+03
-4.675521999999999935e+03
-4.649534999999999854e+03
-4.655104000000000269e+03
-4.638396999999999935e+03
-4.653247999999999593e+03
-4.656217999999999847e+03
-4.690743999999999687e+03
-4.672552999999999884e+03
-4.646194000000000415e+03
-4.696313000000000102e+03
-4.669211000000000240e+03
-4.672552999999999884e+03
-4.696313000000000102e+03
-4.664756000000000313e+03
-4.628002000000000407e+03
-4.680720000000000255e+03
-4.688887999999999920e+03
-4.652876000000000204e+03
-4.689259000000000015e+03
-4.669211000000000240e+03
-4.660301000000000386e+03
-4.726012999999999920e+03
-4.674779999999999745e+03
