-4.959900000000000091e+02
-5.238337000000000216e+02
-5.342287999999999784e+02
-5.327437999999999647e+02
-5.746950000000000500e+02
-5.490787000000000262e+02
-5.787786999999999580e+02
-6.051375000000000455e+02
-6.159036999999999580e+02
-6.519149999999999636e+02
-6.456037999999999784e+02
-6.548849999999999909e+02
-6.727050000000000409e+02
-6.519149999999999636e+02
-6.411486999999999625e+02
-6.927525000000000546e+02
-7.105724999999999909e+02
-6.916386999999999716e+02
-7.436137999999999693e+02
-7.476974999999999909e+02
-7.495538000000000238e+02
-7.877925000000000182e+02
-7.929900000000000091e+02
-7.922474999999999454e+02
-8.212050000000000409e+02
-8.616712999999999738e+02
-8.033849999999999909e+02
-8.267736999999999625e+02
-8.627849999999999682e+02
-8.360549999999999500e+02
-8.323424999999999727e+02
-8.783775000000000546e+02
-8.583300000000000409e+02
-8.702100000000000364e+02
-8.943411999999999580e+02
-8.969400000000000546e+02
-9.522563000000000102e+02
-9.548550000000000182e+02
-9.277537999999999556e+02
-9.507712000000000216e+02
-1.000519000000000005e+03
-9.273825000000000500e+02
-9.700761999999999716e+02
-1.012399000000000001e+03
-9.997762000000000171e+02
-9.871536999999999580e+02
-1.026877999999999929e+03
-1.024650000000000091e+03
-1.051009000000000015e+03
-1.074026000000000067e+03
-1.058063000000000102e+03
-1.047666999999999916e+03
-1.096300999999999931e+03
-1.093702999999999975e+03
-1.057319999999999936e+03
-1.104097999999999956e+03
-1.124144999999999982e+03
-1.111894000000000005e+03
-1.134169000000000096e+03
-1.139365999999999985e+03
-1.119318999999999960e+03
-1.156443999999999960e+03
-1.141594000000000051e+03
-1.167580999999999904e+03
-1.182059999999999945e+03
-1.174263999999999896e+03
-1.180945999999999913e+03
-1.203963999999999942e+03
-1.203963999999999942e+03
-1.223640000000000100e+03
-1.261508000000000038e+03
-1.261878999999999905e+03
-1.229951000000000022e+03
-1.260021999999999935e+03
-1.283411000000000058e+03
-1.262992999999999938e+03
-1.300859999999999900e+03
-1.306799999999999955e+03
-1.297519000000000005e+03
-1.303459000000000060e+03
-1.310512999999999920e+03
-1.300117999999999938e+03
-1.313111000000000104e+03
-1.308285000000000082e+03
-1.314596000000000004e+03
-1.363601000000000113e+03
-1.342068999999999960e+03
-1.340954999999999927e+03
-1.379193999999999960e+03
-1.372510999999999967e+03
-1.354319999999999936e+03
-1.391074000000000069e+03
-1.399240999999999985e+03
-1.387732999999999947e+03
-1.395900000000000091e+03
-1.361744999999999891e+03
-1.367314000000000078e+03
-1.367314000000000078e+03
-1.364714999999999918e+03
-1.361374000000000024e+03
-1.400726000000000113e+03
-1.365828999999999951e+03
-1.369170000000000073e+03
-1.399240999999999985e+03
-1.340584000000000060e+03
-1.389960000000000036e+03
-1.382905999999999949e+03
-1.337614000000000033e+03
-1.378451000000000022e+03
-1.396642000000000053e+03
-1.370654999999999973e+03
-1.387361000000000104e+03
-1.397384999999999991e+03
-1.357289999999999964e+03
-1.420773999999999887e+03
-1.392188000000000102e+03
-1.388474999999999909e+03
-1.429683999999999969e+03
-1.401469000000000051e+03
-1.423373000000000047e+03
-1.420773999999999887e+03
-1.422259000000000015e+03
-1.427455999999999904e+03
-1.430425999999999931e+03
-1.451587999999999965e+03
-1.426343000000000075e+03
-1.461611000000000104e+03
-1.444534000000000106e+03
-1.452329999999999927e+03
-1.442676999999999907e+03
-1.428199000000000069e+03
-1.448989000000000033e+03
-1.465324000000000069e+03
-1.438222999999999956e+03
-1.456041999999999916e+03
-1.434881000000000085e+03
-1.446390000000000100e+03
-1.472749000000000024e+03
-1.445646999999999935e+03
-1.474233999999999924e+03
-1.453443999999999960e+03
-1.441564000000000078e+03
-1.475719000000000051e+03
-1.478689000000000078e+03
-1.467922000000000025e+03
-1.470520999999999958e+03
-1.464580999999999904e+03
-1.443048999999999978e+03
-1.448617999999999938e+03
-1.476089999999999918e+03
-1.460498000000000047e+03
-1.441934999999999945e+03
-1.456041999999999916e+03
-1.444534000000000106e+03
-1.427827999999999975e+03
-1.477575000000000045e+03
-1.460498000000000047e+03
-1.432653999999999996e+03
-1.432281999999999925e+03
-1.429313000000000102e+03
-1.415948000000000093e+03
-1.435624000000000024e+03
-1.451587999999999965e+03
-1.421887999999999920e+03
-1.439336000000000013e+03
-1.462354000000000042e+03
-1.462354000000000042e+03
-1.483885999999999967e+03
-1.462354000000000042e+03
-1.459755000000000109e+03
-1.482401000000000067e+03
-1.492424999999999955e+03
-1.456041999999999916e+03
-1.495023999999999887e+03
-1.483515000000000100e+03
-1.472006000000000085e+03
-1.463096000000000004e+03
-1.483515000000000100e+03
-1.496880000000000109e+03
-1.490940000000000055e+03
-1.525837999999999965e+03
-1.510244999999999891e+03
-1.516184999999999945e+03
-1.552567999999999984e+03
-1.539944999999999936e+03
-1.541800999999999931e+03
-1.565190000000000055e+03
-1.544400000000000091e+03
-1.539202999999999975e+03
-1.581895999999999958e+03
-1.551453999999999951e+03
-1.571500999999999976e+03
-1.572243999999999915e+03
-1.552939000000000078e+03
-1.572986000000000104e+03
-1.605655999999999949e+03
-1.569273999999999887e+03
-1.560364000000000033e+03
-1.569273999999999887e+03
-1.553681000000000040e+03
-1.540316000000000031e+03
-1.534005000000000109e+03
-1.543656999999999925e+03
-1.545513999999999896e+03
-1.540316000000000031e+03
-1.527323000000000093e+03
-1.552567999999999984e+03
-1.557394000000000005e+03
-1.542544000000000096e+03
-1.543286000000000058e+03
-1.569273999999999887e+03
-1.557394000000000005e+03
-1.544400000000000091e+03
-1.588950000000000045e+03
-1.563704999999999927e+03
-1.568902000000000044e+03
-1.572243999999999915e+03
-1.542544000000000096e+03
-1.532891000000000076e+03
-1.565560999999999922e+03
-1.557394000000000005e+03
-1.588578999999999951e+03
-1.585608999999999924e+03
-1.588950000000000045e+03
-1.593404999999999973e+03
-1.607512999999999920e+03
-1.598603000000000065e+03
-1.577069999999999936e+03
-1.597859999999999900e+03
-1.588208000000000084e+03
-1.593404999999999973e+03
-1.605285000000000082e+03
-1.587464999999999918e+03
-1.607884000000000015e+03
-1.616050999999999931e+03
-1.608625999999999976e+03
-1.583752999999999929e+03
-1.590434999999999945e+03
-1.626075000000000045e+03
-1.620877999999999929e+03
-1.631271999999999935e+03
-1.636840999999999894e+03
-1.636470000000000027e+03
-1.657259999999999991e+03
-1.646865000000000009e+03
-1.641666999999999916e+03
-1.637584000000000060e+03
-1.640182000000000016e+03
-1.643894999999999982e+03
-1.657631000000000085e+03
-1.672109999999999900e+03
-1.667654999999999973e+03
-1.664684999999999945e+03
-1.679163999999999987e+03
-1.670996000000000095e+03
-1.687702999999999975e+03
-1.694756000000000085e+03
-1.682505000000000109e+03
-1.693270999999999958e+03
-1.712948000000000093e+03
-1.680277000000000044e+03
-1.696240999999999985e+03
-1.719630000000000109e+03
-1.708492999999999938e+03
-1.738564000000000078e+03
-1.765664999999999964e+03
-1.721115000000000009e+03
-1.739676999999999907e+03
-1.723713999999999942e+03
-1.727425999999999931e+03
-1.736708000000000084e+03
-1.744503999999999905e+03
-1.714432000000000016e+03
-1.755641000000000076e+03
-1.747473999999999933e+03
-1.729653999999999996e+03
-1.781628999999999905e+03
-1.764550999999999931e+03
-1.764180000000000064e+03
-1.767150000000000091e+03
-1.782742999999999938e+03
-1.764550999999999931e+03
-1.802789999999999964e+03
-1.812814000000000078e+03
-1.757125999999999976e+03
-1.749329999999999927e+03
-1.782000000000000000e+03
-1.747103000000000065e+03
-1.754898999999999887e+03
-1.747103000000000065e+03
-1.722229000000000042e+03
-1.727425999999999931e+03
-1.760468000000000075e+03
-1.740790999999999940e+03
-1.738934999999999945e+03
-1.774945999999999913e+03
-1.751929000000000087e+03
-1.731138999999999896e+03
-1.767150000000000091e+03
-1.777545000000000073e+03
-1.737450000000000045e+03
-1.757868999999999915e+03
-1.740790999999999940e+03
-1.742646999999999935e+03
-1.753413999999999987e+03
-1.744875000000000000e+03
-1.773461000000000013e+03
-1.788682000000000016e+03
-1.758982999999999947e+03
-1.799449000000000069e+03
-1.787198000000000093e+03
-1.773089999999999918e+03
-1.797221000000000004e+03
-1.806502999999999929e+03
-1.790538999999999987e+03
-1.805388999999999896e+03
-1.836574000000000069e+03
-1.812070999999999913e+03
-1.839544000000000096e+03
-1.845113000000000056e+03
-1.818383000000000038e+03
-1.833974999999999909e+03
-1.851051999999999907e+03
-1.831005000000000109e+03
-1.866644999999999982e+03
-1.867759000000000015e+03
-1.862190000000000055e+03
-1.875555000000000064e+03
-1.858105999999999995e+03
-1.878525000000000091e+03
-1.896715999999999894e+03
-1.901171000000000049e+03
-1.881124000000000024e+03
-1.889290999999999940e+03
-1.904141000000000076e+03
-1.888176999999999907e+03
-1.875183999999999969e+03
-1.902655999999999949e+03
-1.904884000000000015e+03
-1.894489000000000033e+03
-1.912680000000000064e+03
-1.910824000000000069e+03
-1.899315000000000055e+03
-1.889662000000000035e+03
-1.878525000000000091e+03
-1.875925999999999931e+03
-1.891146999999999935e+03
-1.866644999999999982e+03
-1.869986000000000104e+03
-1.882980000000000018e+03
-1.889290999999999940e+03
-1.854765000000000100e+03
-1.879638999999999896e+03
-1.870729000000000042e+03
-1.792766000000000076e+03
-1.818383000000000038e+03
-1.818383000000000038e+03
-1.806874000000000024e+03
-1.847339999999999918e+03
-1.855135999999999967e+03
-1.840656999999999925e+03
-1.849195999999999913e+03
-1.856250000000000000e+03
-1.846969000000000051e+03
-1.875555000000000064e+03
-1.892260999999999967e+03
-1.869986000000000104e+03
-1.894117999999999938e+03
-1.887806000000000040e+03
-1.877039999999999964e+03
-1.892260999999999967e+03
-1.908596000000000004e+03
-1.884836000000000013e+03
-1.884836000000000013e+03
-1.900057000000000016e+03
-1.884094000000000051e+03
-1.897087999999999965e+03
-1.897829999999999927e+03
-1.903769999999999982e+03
-1.911938000000000102e+03
-1.932355999999999995e+03
-1.919733999999999924e+03
-1.933098999999999933e+03
-1.949805000000000064e+03
-1.926415999999999940e+03
-1.950175999999999931e+03
-1.940152000000000044e+03
-1.934212999999999965e+03
-1.950547000000000025e+03
-1.968367999999999938e+03
-1.959458000000000084e+03
-1.971337999999999965e+03
-1.981732999999999947e+03
-1.951289999999999964e+03
-1.974679000000000087e+03
-1.984702999999999975e+03
-1.972823000000000093e+03
-1.988044000000000096e+03
-1.992499000000000024e+03
-1.993613000000000056e+03
-1.992127999999999929e+03
-2.005492999999999938e+03
-2.008462999999999965e+03
-2.022569999999999936e+03
-2.023313000000000102e+03
-2.006605999999999995e+03
-2.011432000000000016e+03
-2.012916999999999916e+03
-2.015144999999999982e+03
-2.026653999999999996e+03
-2.021455999999999904e+03
-1.998809999999999945e+03
