-2.590954000000000178e+03
-2.540463999999999942e+03
-2.592809999999999945e+03
-2.580559000000000196e+03
-2.571277999999999793e+03
-2.605804000000000087e+03
-2.615456000000000131e+03
-2.605804000000000087e+03
-2.582043999999999869e+03
-2.617313000000000102e+03
-2.634018999999999778e+03
-2.682280999999999949e+03
-2.656664999999999964e+03
-2.701958000000000084e+03
-2.699358999999999924e+03
-2.680795999999999822e+03
-2.714951000000000022e+03
-2.723119000000000142e+03
-2.715693999999999960e+03
-2.712724000000000160e+03
-2.753190000000000055e+03
-2.737597000000000207e+03
-2.800338999999999942e+03
-2.804422999999999774e+03
-2.808876999999999953e+03
-2.812219000000000051e+03
-2.781775999999999840e+03
-2.860853000000000065e+03
-2.800338999999999942e+03
-2.869762000000000171e+03
-2.856396999999999935e+03
-2.853056000000000040e+03
-2.879043999999999869e+03
-2.881643000000000029e+03
-2.881271000000000186e+03
-2.880900000000000091e+03
-2.938443999999999960e+03
-2.892780000000000200e+03
-2.929534000000000106e+03
-2.913570000000000164e+03
-2.962945999999999913e+03
-2.964431000000000040e+03
-2.955521000000000186e+03
-2.926563999999999851e+03
-2.947724999999999909e+03
-2.947724999999999909e+03
-2.961460999999999785e+03
-3.011951000000000022e+03
-2.990418999999999869e+03
-3.006753999999999905e+03
-3.035340000000000146e+03
-3.038309999999999945e+03
-2.990047999999999774e+03
-3.055387000000000171e+03
-3.055387000000000171e+03
-2.989304999999999836e+03
-3.026429999999999836e+03
-3.081375000000000000e+03
-3.021974999999999909e+03
-3.057614999999999782e+03
-3.044250000000000000e+03
-3.059842999999999847e+03
-3.098081000000000131e+03
-3.078775999999999840e+03
-3.062070000000000164e+03
-3.112188999999999851e+03
-3.105505999999999858e+03
-3.069494999999999891e+03
-3.078775999999999840e+03
-3.115530000000000200e+03
-3.119242000000000189e+03
-3.120356000000000222e+03
-3.161936000000000149e+03
-3.147085999999999785e+03
-3.128894999999999982e+03
-3.145972000000000207e+03
-3.151541000000000167e+03
-3.150798999999999978e+03
-3.190893999999999778e+03
-3.190893999999999778e+03
-3.147458000000000084e+03
-3.198690000000000055e+03
-3.204259000000000015e+03
-3.228389999999999873e+03
-3.210199000000000069e+03
-3.208342999999999847e+03
-3.205744000000000142e+03
-3.230617000000000189e+03
-3.228018999999999778e+03
-3.188295000000000073e+03
-3.250293999999999869e+03
-3.258090000000000146e+03
-3.255119999999999891e+03
-3.247324000000000069e+03
-3.274425000000000182e+03
-3.217994999999999891e+03
-3.281849999999999909e+03
-3.277394999999999982e+03
-3.267000000000000000e+03
-3.266257999999999811e+03
-3.259945999999999913e+03
-3.291130999999999858e+03
-3.278509000000000015e+03
-3.288903999999999996e+03
-3.316748000000000047e+03
-3.294844000000000051e+03
-3.328626999999999953e+03
-3.335681000000000040e+03
-3.340507999999999811e+03
-3.299670000000000073e+03
-3.343849000000000160e+03
-3.328626999999999953e+03
-3.343478000000000065e+03
-3.336052000000000135e+03
-3.365010000000000218e+03
-3.334195999999999913e+03
-3.375775999999999840e+03
-3.360184000000000196e+03
-3.359070000000000164e+03
-3.382088000000000193e+03
-3.388398999999999887e+03
-3.373548999999999978e+03
-3.429978999999999814e+03
-3.391369000000000142e+03
-3.400278999999999996e+03
-3.424780999999999949e+03
-3.452253999999999905e+03
-3.437775000000000091e+03
-3.434434000000000196e+03
-3.423295999999999822e+03
-3.456338000000000193e+03
-3.447427000000000135e+03
-3.414757999999999811e+03
-3.480097000000000207e+03
-3.419954999999999927e+03
-3.450396999999999935e+03
-3.436289999999999964e+03
-3.396195000000000164e+03
-3.402876999999999953e+03
-3.410673999999999978e+03
-3.374291000000000167e+03
-3.387655999999999949e+03
-3.426266000000000076e+03
-3.418469999999999800e+03
-3.380231000000000222e+03
-3.370579000000000178e+03
-3.380231000000000222e+03
-3.376889999999999873e+03
-3.359813000000000102e+03
-3.340878999999999905e+03
-3.347190000000000055e+03
-3.349789000000000215e+03
-3.307094999999999800e+03
-3.339764999999999873e+03
-3.366494999999999891e+03
-3.319346000000000004e+03
-3.355356999999999971e+03
-3.333454000000000178e+03
-3.321945000000000164e+03
-3.303382999999999811e+03
-3.303382999999999811e+03
-3.315262000000000171e+03
-3.311550000000000182e+03
-3.319346000000000004e+03
-3.304125000000000000e+03
-3.306353000000000065e+03
-3.355356999999999971e+03
-3.305610000000000127e+03
-3.317489999999999782e+03
-3.327143000000000029e+03
-3.349416999999999916e+03
-3.313405999999999949e+03
-3.337538000000000011e+03
-3.364268000000000029e+03
-3.326028999999999996e+03
-3.363525000000000091e+03
-3.370949999999999818e+03
-3.330855000000000018e+03
-3.380974000000000160e+03
-3.388769999999999982e+03
-3.368351000000000113e+03
-3.382829999999999927e+03
-3.406219000000000051e+03
-3.396195000000000164e+03
-3.428864999999999782e+03
-3.383943999999999960e+03
-3.402876999999999953e+03
-3.413271999999999935e+03
-3.418469999999999800e+03
-3.397679999999999836e+03
-3.425894999999999982e+03
-3.424409999999999854e+03
-3.431463999999999942e+03
-3.402505999999999858e+03
-3.425523999999999887e+03
-3.392853999999999814e+03
-3.395824000000000069e+03
-3.401393000000000029e+03
-3.400278999999999996e+03
-3.385057999999999993e+03
-3.427009000000000015e+03
-3.372806000000000040e+03
-3.379489000000000033e+03
-3.380974000000000160e+03
-3.393596000000000004e+03
-3.363153999999999996e+03
-3.399536000000000058e+03
-3.372434999999999945e+03
-3.365010000000000218e+03
-3.419954999999999927e+03
-3.369465000000000146e+03
-3.365010000000000218e+03
-3.402876999999999953e+03
-3.405476000000000113e+03
-3.354244000000000142e+03
-3.345333999999999833e+03
-3.303382999999999811e+03
-3.340135999999999967e+03
-3.340135999999999967e+03
-3.347190000000000055e+03
-3.347932999999999993e+03
-3.291873999999999796e+03
-3.365751999999999953e+03
-3.319717999999999847e+03
-3.305981000000000222e+03
-3.349045999999999822e+03
-3.336052000000000135e+03
-3.311179000000000087e+03
-3.317489999999999782e+03
-3.331226000000000113e+03
-3.301525999999999840e+03
-3.327514000000000124e+03
-3.315634000000000015e+03
-3.341621000000000095e+03
-3.350902999999999793e+03
-3.343106000000000222e+03
-3.362039999999999964e+03
-3.326400000000000091e+03
-3.309693999999999960e+03
-3.340507999999999811e+03
-3.349045999999999822e+03
-3.336795000000000073e+03
-3.320831000000000131e+03
-3.359813000000000102e+03
-3.334195999999999913e+03
-3.327885000000000218e+03
-3.323800999999999931e+03
-3.343106000000000222e+03
-3.333454000000000178e+03
-3.363153999999999996e+03
-3.374663000000000011e+03
-3.349416999999999916e+03
-3.379117000000000189e+03
-3.374291000000000167e+03
-3.379860000000000127e+03
-3.360925999999999931e+03
-3.355356999999999971e+03
-3.379117000000000189e+03
-3.391369000000000142e+03
-3.344590999999999894e+03
-3.395452999999999975e+03
-3.387284999999999854e+03
-3.363525000000000091e+03
-3.409559999999999945e+03
-3.396195000000000164e+03
-3.390255000000000109e+03
-3.362039999999999964e+03
-3.432206000000000131e+03
-3.422925000000000182e+03
-3.392110999999999876e+03
-3.408445999999999913e+03
-3.412530000000000200e+03
-3.430721000000000004e+03
-3.442230000000000018e+03
-3.438889000000000124e+03
-3.428123000000000047e+03
-3.478983999999999924e+03
-3.429606999999999971e+03
-3.448541000000000167e+03
-3.475271000000000186e+03
-3.462277999999999793e+03
-3.446313999999999851e+03
-3.489378999999999905e+03
-3.455594999999999800e+03
-3.464876000000000204e+03
-3.509054999999999836e+03
-3.476014000000000124e+03
-3.483809999999999945e+03
-3.491978000000000065e+03
-3.497545999999999822e+03
-3.435918999999999869e+03
-3.526875000000000000e+03
-3.473414999999999964e+03
-3.447798999999999978e+03
-3.493833999999999833e+03
-3.490492000000000189e+03
-3.487521999999999935e+03
-3.486780000000000200e+03
-3.489007999999999811e+03
-3.477498999999999796e+03
-3.515737999999999829e+03
-3.497175000000000182e+03
-3.468217999999999847e+03
-3.484923999999999978e+03
-3.515737999999999829e+03
-3.485295000000000073e+03
-3.513510000000000218e+03
-3.535784999999999854e+03
-3.519079000000000178e+03
-3.547664999999999964e+03
-3.533557999999999993e+03
-3.505713999999999942e+03
-3.522791000000000167e+03
-3.571425000000000182e+03
-3.514994999999999891e+03
-3.525389999999999873e+03
-3.555833000000000084e+03
-3.523163000000000011e+03
-3.532443999999999960e+03
-3.589987999999999829e+03
-3.523163000000000011e+03
-3.551005999999999858e+03
-3.548407000000000153e+03
-3.549150000000000091e+03
-3.509054999999999836e+03
-3.549521000000000186e+03
-3.530215999999999894e+03
-3.519079000000000178e+03
-3.552490999999999985e+03
-3.539869000000000142e+03
-3.543581000000000131e+03
-3.531701000000000022e+03
-3.548407000000000153e+03
-3.516851000000000113e+03
-3.536527999999999793e+03
-3.543952999999999975e+03
-3.509425999999999931e+03
-3.538384000000000015e+03
-3.530588000000000193e+03
-3.535041999999999916e+03
-3.519449999999999818e+03
-3.536898999999999887e+03
-3.549150000000000091e+03
-3.549893000000000029e+03
-3.542467999999999847e+03
-3.553233999999999924e+03
-3.568826000000000022e+03
-3.541353999999999814e+03
-3.559916000000000167e+03
-3.555460999999999785e+03
-3.565485000000000127e+03
-3.561400999999999840e+03
-3.579221000000000004e+03
-3.608179000000000087e+03
-3.587018000000000029e+03
-3.605579999999999927e+03
-3.576623000000000047e+03
-3.598525999999999840e+03
-3.580335000000000036e+03
-3.607436000000000149e+03
-3.594813999999999851e+03
-3.592585999999999785e+03
-3.585903999999999996e+03
-3.571795999999999822e+03
-3.595927000000000135e+03
-3.559916000000000167e+03
-3.604465999999999894e+03
-3.553976000000000113e+03
-3.561030000000000200e+03
-3.575880000000000109e+03
-3.542838999999999942e+03
-3.553976000000000113e+03
-3.573652999999999793e+03
-3.556204000000000178e+03
-3.572539000000000215e+03
-3.581449000000000069e+03
-3.575509000000000015e+03
-3.558802000000000135e+03
-3.587018000000000029e+03
-3.578849999999999909e+03
-3.596670000000000073e+03
-3.576994000000000142e+03
-3.620059000000000196e+03
-3.607807999999999993e+03
-3.587389000000000124e+03
-3.615603999999999814e+03
-3.597413000000000011e+03
-3.584047999999999774e+03
-3.588130999999999858e+03
-3.603353000000000065e+03
-3.588873999999999796e+03
-3.631938999999999851e+03
-3.598896999999999935e+03
-3.626369999999999891e+03
-3.597413000000000011e+03
-3.625626999999999953e+03
-3.616717999999999847e+03
-3.618574000000000069e+03
-3.624514000000000124e+03
-3.598155000000000200e+03
-3.645304000000000087e+03
-3.651614999999999782e+03
-3.615974999999999909e+03
-3.652356999999999971e+03
-3.672034000000000106e+03
-3.647530999999999949e+03
-3.623028999999999996e+03
-3.668320999999999913e+03
-3.631568000000000211e+03
-3.663494999999999891e+03
-3.682057999999999993e+03
-3.636021999999999935e+03
