-1.845112000000000023e+02
-1.897087999999999965e+02
-1.967624999999999886e+02
-2.071574999999999989e+02
-2.041875000000000000e+02
-2.123549999999999898e+02
-1.923075000000000045e+02
-2.260911999999999864e+02
-2.465099999999999909e+02
-2.108700000000000045e+02
-2.041875000000000000e+02
-2.465099999999999909e+02
-2.175525000000000091e+02
-2.465099999999999909e+02
-2.750962999999999852e+02
-2.632162000000000148e+02
-2.320312999999999874e+02
-2.505937999999999874e+02
-2.457675000000000125e+02
-2.750962999999999852e+02
-2.572762000000000171e+02
-2.606175000000000068e+02
-2.606175000000000068e+02
-2.624737999999999829e+02
-2.632162000000000148e+02
-2.621025000000000205e+02
-2.854911999999999921e+02
-2.721263000000000147e+02
-2.862337999999999738e+02
-2.754674999999999727e+02
-2.944012000000000171e+02
-2.776949999999999932e+02
-2.888324999999999818e+02
-2.888324999999999818e+02
-2.650724999999999909e+02
-2.992275000000000205e+02
-3.010837000000000216e+02
-2.895749999999999886e+02
-3.059100000000000250e+02
-2.906888000000000147e+02
-2.773238000000000056e+02
-2.936587999999999852e+02
-3.144488000000000056e+02
-3.007124999999999773e+02
-3.166761999999999944e+02
-2.936587999999999852e+02
-3.025688000000000102e+02
-3.307837999999999852e+02
-3.033111999999999853e+02
-3.007124999999999773e+02
-3.356100000000000136e+02
-3.252149999999999750e+02
-3.163050000000000068e+02
-3.278138000000000147e+02
-3.029399999999999977e+02
-3.363525000000000205e+02
-3.341250000000000000e+02
-3.229875000000000114e+02
-3.393224999999999909e+02
-3.211313000000000102e+02
-3.330113000000000056e+02
-3.177900000000000205e+02
-3.296700000000000159e+02
-3.337538000000000125e+02
-3.237300000000000182e+02
-3.385799999999999841e+02
-3.356100000000000136e+02
-3.170475000000000136e+02
-3.129637000000000171e+02
-3.393224999999999909e+02
-3.374662000000000148e+02
-3.344961999999999875e+02
-3.322687999999999988e+02
-3.363525000000000205e+02
-3.489750000000000227e+02
-3.538011999999999944e+02
-3.523163000000000125e+02
-3.619687999999999874e+02
-3.452624999999999886e+02
-3.356100000000000136e+02
-3.430350000000000250e+02
-3.478613000000000284e+02
-3.426637999999999806e+02
-3.389513000000000034e+02
-3.660525000000000091e+02
-3.400649999999999977e+02
-3.467475000000000023e+02
-3.615975000000000250e+02
-3.352386999999999944e+02
-3.586274999999999977e+02
-3.385799999999999841e+02
-3.541725000000000136e+02
-3.831299999999999955e+02
-3.794175000000000182e+02
-3.567712000000000216e+02
-3.664238000000000284e+02
-3.894413000000000125e+02
-3.608550000000000182e+02
-3.890699999999999932e+02
-3.831299999999999955e+02
-3.875849999999999795e+02
-3.697649999999999864e+02
-4.031775000000000091e+02
-3.723636999999999944e+02
-3.538011999999999944e+02
-4.002074999999999818e+02
-3.653100000000000023e+02
-3.638249999999999886e+02
-3.961236999999999853e+02
-3.738487999999999829e+02
-3.686512000000000171e+02
-3.879562999999999988e+02
-3.935249999999999773e+02
-3.771899999999999977e+02
-3.931537000000000148e+02
-4.209975000000000023e+02
-3.846150000000000091e+02
-4.183987000000000194e+02
-4.198838000000000079e+02
-3.998362000000000194e+02
-3.953813000000000102e+02
-3.972375000000000114e+02
-3.801600000000000250e+02
-3.990937999999999874e+02
-3.961236999999999853e+02
-3.898125000000000000e+02
-3.957524999999999977e+02
-3.883274999999999864e+02
-4.061474999999999795e+02
-4.228537999999999784e+02
-3.901836999999999875e+02
-4.209975000000000023e+02
-4.124587000000000216e+02
-3.935249999999999773e+02
-4.002074999999999818e+02
-4.273086999999999875e+02
-4.165425000000000182e+02
-4.068899999999999864e+02
-3.831299999999999955e+02
-4.005788000000000011e+02
-4.013213000000000079e+02
-4.016924999999999955e+02
-4.124587000000000216e+02
-3.953813000000000102e+02
-4.128299999999999841e+02
-4.158000000000000114e+02
-4.287937999999999761e+02
-4.050337999999999852e+02
-4.094886999999999944e+02
-4.287937999999999761e+02
-4.243387000000000171e+02
-3.957524999999999977e+02
-4.028061999999999898e+02
-4.235962999999999852e+02
-4.020638000000000147e+02
-4.024350000000000023e+02
-4.287937999999999761e+02
-4.247099999999999795e+02
-4.146861999999999853e+02
-4.005788000000000011e+02
-4.031775000000000091e+02
-3.894413000000000125e+02
-4.273086999999999875e+02
-3.886988000000000056e+02
-3.664238000000000284e+02
-3.927825000000000273e+02
-4.120874999999999773e+02
-3.924112999999999829e+02
-4.180274999999999750e+02
-4.180274999999999750e+02
-3.964950000000000045e+02
-4.150575000000000045e+02
-4.094886999999999944e+02
-3.979800000000000182e+02
-4.258238000000000056e+02
-4.031775000000000091e+02
-3.968661999999999921e+02
-4.276800000000000068e+02
-3.994649999999999750e+02
-4.046625000000000227e+02
-4.206263000000000147e+02
-4.106025000000000205e+02
-3.723636999999999944e+02
-4.024350000000000023e+02
-3.835013000000000147e+02
-3.953813000000000102e+02
-4.028061999999999898e+02
-4.135724999999999909e+02
-3.886988000000000056e+02
-4.087461999999999875e+02
-4.113450000000000273e+02
-3.853575000000000159e+02
-3.927825000000000273e+02
-4.083750000000000000e+02
-4.265663000000000125e+02
-3.987225000000000250e+02
-4.195124999999999886e+02
-3.783036999999999921e+02
-4.028061999999999898e+02
-4.365899999999999750e+02
-4.057762000000000171e+02
-4.046625000000000227e+02
-4.250812999999999988e+02
-3.946388000000000034e+02
-3.879562999999999988e+02
-4.083750000000000000e+02
-4.098600000000000136e+02
-3.968661999999999921e+02
-4.024350000000000023e+02
-4.191413000000000011e+02
-4.158000000000000114e+02
-4.291650000000000205e+02
-4.258238000000000056e+02
-4.117162000000000148e+02
-4.143149999999999977e+02
-4.109737999999999829e+02
-3.901836999999999875e+02
-4.195124999999999886e+02
-4.172850000000000250e+02
-4.161712999999999738e+02
-4.239674999999999727e+02
-4.065187999999999988e+02
-4.020638000000000147e+02
-4.139438000000000102e+02
-4.046625000000000227e+02
-4.213686999999999898e+02
-3.857287999999999784e+02
-3.950099999999999909e+02
-4.280511999999999944e+02
-4.202549999999999955e+02
-4.165425000000000182e+02
-4.269375000000000000e+02
-4.332486999999999853e+02
-4.306499999999999773e+02
-4.154286999999999921e+02
-4.384463000000000079e+02
-4.261949999999999932e+02
-4.172850000000000250e+02
-4.284225000000000136e+02
-4.295362999999999829e+02
-4.362187999999999874e+02
-4.191413000000000011e+02
-4.198838000000000079e+02
-4.091175000000000068e+02
-4.258238000000000056e+02
-4.206263000000000147e+02
-3.979800000000000182e+02
-4.217400000000000091e+02
-4.206263000000000147e+02
-4.306499999999999773e+02
-4.388174999999999955e+02
-4.172850000000000250e+02
-4.399311999999999898e+02
-4.484700000000000273e+02
-4.339911999999999921e+02
-4.358475000000000250e+02
-4.395600000000000023e+02
-4.224825000000000159e+02
-4.306499999999999773e+02
-4.351050000000000182e+02
-4.373324999999999818e+02
-4.250812999999999988e+02
-4.510688000000000102e+02
-4.351050000000000182e+02
-4.351050000000000182e+02
-4.514399999999999977e+02
-4.462425000000000068e+02
-4.380749999999999886e+02
-4.696313000000000102e+02
-4.544100000000000250e+02
-4.558949999999999818e+02
-4.666612999999999829e+02
-4.510688000000000102e+02
-4.321349999999999909e+02
-4.551524999999999750e+02
-4.299075000000000273e+02
-4.339911999999999921e+02
-4.469850000000000136e+02
-4.384463000000000079e+02
-4.232250000000000227e+02
-4.492124999999999773e+02
-4.703736999999999853e+02
-4.317638000000000034e+02
-4.688888000000000034e+02
-4.636913000000000125e+02
-4.466138000000000261e+02
-4.440149999999999864e+02
-4.518111999999999853e+02
-4.584936999999999898e+02
-4.629488000000000056e+02
-4.596075000000000159e+02
-4.518111999999999853e+02
-4.681462000000000216e+02
-4.655475000000000136e+02
-4.544100000000000250e+02
-4.510688000000000102e+02
-4.833675000000000068e+02
-4.555237000000000194e+02
-4.443863000000000056e+02
-4.718587999999999738e+02
-4.811399999999999864e+02
-4.881938000000000102e+02
-4.844812999999999761e+02
-4.674037000000000148e+02
-4.911637999999999806e+02
-4.967325000000000159e+02
-4.455000000000000000e+02
-4.737149999999999750e+02
-4.867087000000000216e+02
-4.584936999999999898e+02
-4.766850000000000023e+02
-4.737149999999999750e+02
-4.718587999999999738e+02
-4.792837999999999852e+02
-4.796549999999999727e+02
-4.733437999999999874e+02
-4.748288000000000011e+02
-4.696313000000000102e+02
-4.915350000000000250e+02
-4.726012999999999806e+02
-4.700024999999999977e+02
-4.484700000000000273e+02
-4.239674999999999727e+02
-4.429012000000000171e+02
-4.521825000000000045e+02
-4.399311999999999898e+02
-4.618349999999999795e+02
-4.480987999999999829e+02
-4.518111999999999853e+02
-4.685174999999999841e+02
-4.577513000000000147e+02
-4.521825000000000045e+02
-4.670325000000000273e+02
-4.796549999999999727e+02
-4.636913000000000125e+02
-4.807687999999999988e+02
-4.525536999999999921e+02
-4.562663000000000011e+02
-4.662900000000000205e+02
-4.633199999999999932e+02
-4.558949999999999818e+02
-4.737149999999999750e+02
-4.774275000000000091e+02
-4.711161999999999921e+02
-4.540387999999999806e+02
-4.659187999999999761e+02
-4.803974999999999795e+02
-4.603500000000000227e+02
-4.532962999999999738e+02
-4.603500000000000227e+02
-4.766850000000000023e+02
-4.670325000000000273e+02
-4.417875000000000227e+02
-4.692599999999999909e+02
-4.703736999999999853e+02
-4.544100000000000250e+02
-4.711161999999999921e+02
-4.696313000000000102e+02
-4.677749999999999773e+02
-4.759424999999999955e+02
-4.618349999999999795e+02
-4.588650000000000091e+02
-4.770561999999999898e+02
-4.648050000000000068e+02
-4.711161999999999921e+02
-4.592363000000000284e+02
-4.622062999999999988e+02
-4.740862000000000194e+02
-4.536675000000000182e+02
-4.536675000000000182e+02
-4.614637000000000171e+02
-4.651763000000000261e+02
-4.499549999999999841e+02
-4.532962999999999738e+02
-4.852237999999999829e+02
-4.636913000000000125e+02
-4.536675000000000182e+02
-4.889361999999999853e+02
-4.659187999999999761e+02
-4.651763000000000261e+02
-4.688888000000000034e+02
-4.532962999999999738e+02
-4.677749999999999773e+02
-4.674037000000000148e+02
-4.792837999999999852e+02
-4.544100000000000250e+02
-4.570088000000000079e+02
-4.803974999999999795e+02
-4.674037000000000148e+02
-4.610924999999999727e+02
-4.770561999999999898e+02
-4.677749999999999773e+02
-4.648050000000000068e+02
-4.640625000000000000e+02
-4.703736999999999853e+02
-4.855950000000000273e+02
-4.930199999999999818e+02
-4.744574999999999818e+02
-4.781700000000000159e+02
-4.796549999999999727e+02
-4.703736999999999853e+02
-5.082411999999999921e+02
-4.748288000000000011e+02
-4.718587999999999738e+02
-4.893075000000000045e+02
-4.763138000000000147e+02
-4.648050000000000068e+02
-4.844812999999999761e+02
-4.844812999999999761e+02
-4.659187999999999761e+02
-4.848525000000000205e+02
-4.967325000000000159e+02
