-4.254524999999999864e+02
-4.143149999999999977e+02
-4.198838000000000079e+02
-4.722300000000000182e+02
-4.558949999999999818e+02
-4.841100000000000136e+02
-4.815113000000000056e+02
-5.074986999999999853e+02
-5.446237999999999602e+02
-5.449950000000000045e+02
-5.227200000000000273e+02
-5.843474999999999682e+02
-6.025388000000000375e+02
-5.839763000000000375e+02
-6.114487000000000307e+02
-6.407775000000000318e+02
-6.207300000000000182e+02
-6.493162999999999556e+02
-6.389212999999999738e+02
-6.574837999999999738e+02
-6.326100000000000136e+02
-6.842137000000000171e+02
-6.715911999999999580e+02
-6.730761999999999716e+02
-6.938663000000000238e+02
-6.827287999999999784e+02
-7.127999999999999545e+02
-7.124288000000000238e+02
-6.927525000000000546e+02
-7.502962999999999738e+02
-7.781399999999999864e+02
-7.161412000000000262e+02
-8.212050000000000409e+02
-7.941037999999999784e+02
-7.781399999999999864e+02
-8.271449999999999818e+02
-8.208337000000000216e+02
-7.892775000000000318e+02
-8.516475000000000364e+02
-8.568450000000000273e+02
-8.134088000000000420e+02
-8.843174999999999955e+02
-8.820900000000000318e+02
-9.065924999999999727e+02
-8.932274999999999636e+02
-9.277537999999999556e+02
-9.336938000000000102e+02
-9.537413000000000238e+02
-9.801000000000000227e+02
-9.489149999999999636e+02
-9.919800000000000182e+02
-1.014996999999999957e+03
-9.997762000000000171e+02
-1.006458999999999946e+03
-1.042098999999999933e+03
-1.033559999999999945e+03
-1.046554000000000087e+03
-1.061031999999999925e+03
-1.104097999999999956e+03
-1.118576000000000022e+03
-1.104469000000000051e+03
-1.109295000000000073e+03
-1.141594000000000051e+03
-1.201365000000000009e+03
-1.134539999999999964e+03
-1.149390000000000100e+03
-1.166096000000000004e+03
-1.179461000000000013e+03
-1.195054000000000087e+03
-1.254453999999999951e+03
-1.198394999999999982e+03
-1.199509000000000015e+03
-1.293434999999999945e+03
-1.228837999999999965e+03
-1.243688000000000102e+03
-1.300859999999999900e+03
-1.319050999999999931e+03
-1.287124000000000024e+03
-1.295662000000000035e+03
-1.336871000000000095e+03
-1.335015000000000100e+03
-1.296034000000000106e+03
-1.361002999999999929e+03
-1.349123000000000047e+03
-1.333901000000000067e+03
-1.362488000000000056e+03
-1.355063000000000102e+03
-1.363230000000000018e+03
-1.380307000000000016e+03
-1.389218000000000075e+03
-1.403325000000000045e+03
-1.387361000000000104e+03
-1.398127999999999929e+03
-1.408151000000000067e+03
-1.427085000000000036e+03
-1.397013999999999896e+03
-1.398127999999999929e+03
-1.433395999999999958e+03
-1.411492999999999938e+03
-1.403695999999999913e+03
-1.425229000000000042e+03
-1.399613000000000056e+03
-1.427085000000000036e+03
-1.434138999999999896e+03
-1.464580999999999904e+03
-1.448617999999999938e+03
-1.468294000000000096e+03
-1.434138999999999896e+03
-1.420773999999999887e+03
-1.489454999999999927e+03
-1.443048999999999978e+03
-1.449730999999999995e+03
-1.509502999999999929e+03
-1.521753999999999905e+03
-1.486855999999999995e+03
-1.513958000000000084e+03
-1.549969000000000051e+03
-1.523980999999999995e+03
-1.522125000000000000e+03
-1.593776000000000067e+03
-1.524723999999999933e+03
-1.517298999999999978e+03
-1.549969000000000051e+03
-1.544400000000000091e+03
-1.498736000000000104e+03
-1.492054000000000087e+03
-1.548855000000000018e+03
-1.582267000000000053e+03
-1.535861000000000104e+03
-1.564818999999999960e+03
-1.572615000000000009e+03
-1.545884999999999991e+03
-1.571130000000000109e+03
-1.570759000000000015e+03
-1.551825000000000045e+03
-1.522125000000000000e+03
-1.539202999999999975e+03
-1.554795000000000073e+03
-1.538460000000000036e+03
-1.540316000000000031e+03
-1.565190000000000055e+03
-1.555909000000000106e+03
-1.571873000000000047e+03
-1.605285000000000082e+03
-1.558508000000000038e+03
-1.565932000000000016e+03
-1.569273999999999887e+03
-1.572243999999999915e+03
-1.593404999999999973e+03
-1.562220000000000027e+03
-1.585608999999999924e+03
-1.580039999999999964e+03
-1.545142000000000053e+03
-1.585980000000000018e+03
-1.574471000000000004e+03
-1.568530999999999949e+03
-1.591548999999999978e+03
-1.576699000000000069e+03
-1.595633000000000038e+03
-1.591176999999999907e+03
-1.584494999999999891e+03
-1.611596000000000004e+03
-1.592290999999999940e+03
-1.598973999999999933e+03
-1.635355999999999995e+03
-1.643152000000000044e+03
-1.648721000000000004e+03
-1.660972999999999956e+03
-1.658002999999999929e+03
-1.658002999999999929e+03
-1.662458000000000084e+03
-1.666540999999999940e+03
-1.673595000000000027e+03
-1.703665999999999940e+03
-1.682505000000000109e+03
-1.670625000000000000e+03
-1.690300999999999931e+03
-1.686588999999999942e+03
-1.692900000000000091e+03
-1.723713999999999942e+03
-1.702181000000000040e+03
-1.713690000000000055e+03
-1.741904999999999973e+03
-1.694013999999999896e+03
-1.728911000000000058e+03
-1.757498000000000047e+03
-1.722971000000000004e+03
-1.736336000000000013e+03
-1.751185999999999922e+03
-1.737820999999999913e+03
-1.730025000000000091e+03
-1.781628999999999905e+03
-1.777915999999999940e+03
-1.746359999999999900e+03
-1.790538999999999987e+03
-1.807988000000000056e+03
-1.760838999999999942e+03
-1.775317999999999984e+03
-1.800933999999999969e+03
-1.776431000000000040e+03
-1.787940000000000055e+03
-1.818010999999999967e+03
-1.787940000000000055e+03
-1.812070999999999913e+03
-1.796849999999999909e+03
-1.796107999999999947e+03
-1.822837999999999965e+03
-1.792766000000000076e+03
-1.775317999999999984e+03
-1.763066000000000031e+03
-1.778287000000000035e+03
-1.771605000000000018e+03
-1.781628999999999905e+03
-1.798335000000000036e+03
-1.779401000000000067e+03
-1.770119999999999891e+03
-1.807615999999999985e+03
-1.810586000000000013e+03
-1.807988000000000056e+03
-1.815784000000000106e+03
-1.805388999999999896e+03
-1.805018000000000029e+03
-1.773089999999999918e+03
-1.791280999999999949e+03
-1.768263999999999896e+03
-1.802419000000000096e+03
-1.800563000000000102e+03
-1.800933999999999969e+03
-1.788310999999999922e+03
-1.793880000000000109e+03
-1.758982999999999947e+03
-1.775689000000000078e+03
-1.781628999999999905e+03
-1.792023999999999887e+03
-1.784598999999999933e+03
-1.772347999999999956e+03
-1.793137999999999920e+03
-1.810958000000000084e+03
-1.804275000000000091e+03
-1.790166999999999916e+03
-1.777915999999999940e+03
-1.773089999999999918e+03
-1.761210000000000036e+03
-1.777915999999999940e+03
-1.768634999999999991e+03
-1.751185999999999922e+03
-1.789424999999999955e+03
-1.792023999999999887e+03
-1.768263999999999896e+03
-1.790538999999999987e+03
-1.803531999999999925e+03
-1.796479000000000042e+03
-1.803161000000000058e+03
-1.784598999999999933e+03
-1.808730000000000018e+03
-1.796107999999999947e+03
-1.807615999999999985e+03
-1.804645999999999958e+03
-1.826921000000000049e+03
-1.807244999999999891e+03
-1.803903999999999996e+03
-1.798705999999999904e+03
-1.813926999999999907e+03
-1.805018000000000029e+03
-1.790166999999999916e+03
-1.788682000000000016e+03
-1.788310999999999922e+03
-1.816526000000000067e+03
-1.820980999999999995e+03
-1.804645999999999958e+03
-1.843256000000000085e+03
-1.844740999999999985e+03
-1.787940000000000055e+03
-1.797593000000000075e+03
-1.840286000000000058e+03
-1.796479000000000042e+03
-1.803161000000000058e+03
-1.833974999999999909e+03
-1.817269000000000005e+03
-1.820980999999999995e+03
-1.824693999999999960e+03
-1.843256000000000085e+03
-1.866644999999999982e+03
-1.836202999999999975e+03
-1.828777000000000044e+03
-1.854021999999999935e+03
-1.832861000000000104e+03
-1.820239000000000033e+03
-1.842143000000000029e+03
-1.855135999999999967e+03
-1.861818999999999960e+03
-1.867759000000000015e+03
-1.875555000000000064e+03
-1.837316000000000031e+03
-1.872213999999999942e+03
-1.891890000000000100e+03
-1.868500999999999976e+03
-1.882238000000000056e+03
-1.898573000000000093e+03
-1.881124000000000024e+03
-1.897459000000000060e+03
-1.926045000000000073e+03
-1.909338999999999942e+03
-1.917134999999999991e+03
-1.927159000000000106e+03
-1.917134999999999991e+03
-1.923075000000000045e+03
-1.920476000000000113e+03
-1.893746000000000095e+03
-1.876297000000000025e+03
-1.901541999999999916e+03
-1.891146999999999935e+03
-1.874069999999999936e+03
-1.909710000000000036e+03
-1.883351000000000113e+03
-1.869615000000000009e+03
-1.875555000000000064e+03
-1.910452999999999975e+03
-1.886692999999999984e+03
-1.898943999999999960e+03
-1.916763999999999896e+03
-1.889290999999999940e+03
-1.899315000000000055e+03
-1.916020999999999958e+03
-1.884094000000000051e+03
-1.901913999999999987e+03
-1.933470000000000027e+03
-1.904884000000000015e+03
-1.926415999999999940e+03
-1.936810999999999922e+03
-1.934954999999999927e+03
-1.949063000000000102e+03
-1.946463999999999942e+03
-1.926045000000000073e+03
-1.958714999999999918e+03
-1.964284000000000106e+03
-1.935698000000000093e+03
-1.950547000000000025e+03
-1.970223999999999933e+03
-1.966883000000000038e+03
-1.978391000000000076e+03
-1.980248000000000047e+03
-1.978019999999999982e+03
-1.977277000000000044e+03
-1.995469000000000051e+03
-1.970965999999999894e+03
-1.987672000000000025e+03
-2.004378999999999905e+03
-1.981732999999999947e+03
-1.993613000000000056e+03
-2.009204999999999927e+03
-1.987300999999999931e+03
-2.025539999999999964e+03
-2.025169000000000096e+03
-2.023313000000000102e+03
-2.042246000000000095e+03
-2.002151000000000067e+03
-2.009576000000000022e+03
-2.021455999999999904e+03
-2.051898999999999887e+03
-2.040019000000000005e+03
-2.038162000000000035e+03
-2.019229000000000042e+03
-1.993613000000000056e+03
-1.975791999999999916e+03
-1.991756000000000085e+03
-1.996211000000000013e+03
-1.980248000000000047e+03
-2.022199000000000069e+03
-2.018486000000000104e+03
-2.010690000000000055e+03
-2.027395999999999958e+03
-2.037420000000000073e+03
-2.016630000000000109e+03
-2.028509999999999991e+03
-2.048186000000000149e+03
-2.047443999999999960e+03
-2.062293999999999869e+03
-2.057096000000000004e+03
-2.048557999999999993e+03
-2.072318000000000211e+03
-2.091251000000000204e+03
-2.062293999999999869e+03
-2.069719000000000051e+03
-2.073802000000000135e+03
-2.060438000000000102e+03
-2.064521000000000186e+03
-2.079742000000000189e+03
-2.074173999999999978e+03
-2.077514999999999873e+03
-2.040760999999999967e+03
-2.019971000000000004e+03
-2.009576000000000022e+03
-2.044845000000000027e+03
-2.050784999999999854e+03
-2.029252999999999929e+03
-2.020343000000000075e+03
-2.039646999999999935e+03
-2.040390000000000100e+03
-2.004750000000000000e+03
-1.997695999999999913e+03
-2.015144999999999982e+03
-2.008462999999999965e+03
-2.028881000000000085e+03
-2.043730999999999995e+03
-2.060809000000000196e+03
-2.040019000000000005e+03
-2.042617999999999938e+03
-2.055981999999999971e+03
-2.057467999999999847e+03
-2.053755000000000109e+03
-2.070460999999999785e+03
