-2.951809000000000196e+03
-2.970371000000000095e+03
-2.970000000000000000e+03
-2.961833000000000084e+03
-3.010094999999999800e+03
-3.001184999999999945e+03
-2.980394999999999982e+03
-3.046106000000000222e+03
-3.023460000000000036e+03
-3.018262000000000171e+03
-3.067639000000000124e+03
-3.028657000000000153e+03
-3.027172999999999774e+03
-3.068380999999999858e+03
-3.096596000000000004e+03
-3.091027999999999793e+03
-3.096224999999999909e+03
-3.134092999999999847e+03
-3.093998000000000047e+03
-3.157481000000000222e+03
-3.156739000000000033e+03
-3.139289999999999964e+03
-3.183840000000000146e+03
-3.150798999999999978e+03
-3.158224000000000160e+03
-3.187552000000000135e+03
-3.227275999999999840e+03
-3.186068000000000211e+03
-3.260688999999999851e+03
-3.250664999999999964e+03
-3.200175000000000182e+03
-3.290389000000000124e+03
-3.235072999999999865e+03
-3.282221000000000004e+03
-3.254005999999999858e+03
-3.297070999999999913e+03
-3.228389999999999873e+03
-3.304496000000000095e+03
-3.305239000000000033e+03
-3.269969999999999800e+03
-3.350159999999999854e+03
-3.308579999999999927e+03
-3.336795000000000073e+03
-3.317119000000000142e+03
-3.388398999999999887e+03
-3.315262000000000171e+03
-3.293358999999999924e+03
-3.356842999999999847e+03
-3.363525000000000091e+03
-3.379117000000000189e+03
-3.348675000000000182e+03
-3.343478000000000065e+03
-3.376146999999999935e+03
-3.396195000000000164e+03
-3.356471000000000004e+03
-3.424039000000000215e+03
-3.425894999999999982e+03
-3.389512000000000171e+03
-3.437775000000000091e+03
-3.433320000000000164e+03
-3.461534999999999854e+03
-3.436289999999999964e+03
-3.461905999999999949e+03
-3.447798999999999978e+03
-3.472300999999999931e+03
-3.450025999999999840e+03
-3.448541000000000167e+03
-3.482695999999999913e+03
-3.488264999999999873e+03
-3.472300999999999931e+03
-3.470815999999999804e+03
-3.475271000000000186e+03
-3.473786000000000058e+03
-3.479726000000000113e+03
-3.515365999999999985e+03
-3.450025999999999840e+03
-3.490864000000000033e+03
-3.496804000000000087e+03
-3.477869999999999891e+03
-3.507940999999999804e+03
-3.532072999999999865e+03
-3.496061000000000149e+03
-3.491235000000000127e+03
-3.547664999999999964e+03
-3.488264999999999873e+03
-3.496804000000000087e+03
-3.491235000000000127e+03
-3.476014000000000124e+03
-3.507199000000000069e+03
-3.510911000000000058e+03
-3.514994999999999891e+03
-3.468588999999999942e+03
-3.494204999999999927e+03
-3.516480000000000018e+03
-3.473786000000000058e+03
-3.519449999999999818e+03
-3.534300000000000182e+03
-3.497916999999999916e+03
-3.550635000000000218e+03
-3.529103000000000065e+03
-3.488635999999999967e+03
-3.527989000000000033e+03
-3.543952999999999975e+03
-3.491235000000000127e+03
-3.543210000000000036e+03
-3.545438000000000102e+03
-3.511653999999999996e+03
-3.534300000000000182e+03
-3.548036000000000058e+03
-3.511653999999999996e+03
-3.556204000000000178e+03
-3.572909999999999854e+03
-3.548036000000000058e+03
-3.557688999999999851e+03
-3.588873999999999796e+03
-3.540610999999999876e+03
-3.566969999999999800e+03
-3.561400999999999840e+03
-3.594443000000000211e+03
-3.553976000000000113e+03
-3.575137000000000171e+03
-3.528360000000000127e+03
-3.567340999999999894e+03
-3.578849999999999909e+03
-3.562514999999999873e+03
-3.593699999999999818e+03
-3.622657000000000153e+03
-3.561771999999999935e+03
-3.587018000000000029e+03
-3.620059000000000196e+03
-3.589615999999999985e+03
-3.625255999999999858e+03
-3.663494999999999891e+03
-3.595927000000000135e+03
-3.607065000000000055e+03
-3.643447999999999865e+03
-3.637135999999999967e+03
-3.638621000000000095e+03
-3.637135999999999967e+03
-3.654585000000000036e+03
-3.626740999999999985e+03
-3.623400000000000091e+03
-3.605579999999999927e+03
-3.602610000000000127e+03
-3.645675000000000182e+03
-3.611519999999999982e+03
-3.570682999999999993e+03
-3.590358999999999924e+03
-3.575137000000000171e+03
-3.565856000000000222e+03
-3.587018000000000029e+03
-3.561030000000000200e+03
-3.589615999999999985e+03
-3.611519999999999982e+03
-3.584047999999999774e+03
-3.604094999999999800e+03
-3.646045999999999822e+03
-3.602239000000000033e+03
-3.607807999999999993e+03
-3.642704999999999927e+03
-3.602981000000000222e+03
-3.641963000000000193e+03
-3.626369999999999891e+03
-3.616346000000000004e+03
-3.643447999999999865e+03
-3.670548999999999978e+03
-3.650501000000000204e+03
-3.647902999999999793e+03
-3.664608999999999924e+03
-3.660153999999999996e+03
-3.675375000000000000e+03
-3.675375000000000000e+03
-3.696907000000000153e+03
-3.661639000000000124e+03
-3.697650000000000091e+03
-3.692824000000000069e+03
-3.660525000000000091e+03
-3.718440000000000055e+03
-3.712500000000000000e+03
-3.734775000000000091e+03
-3.757420999999999822e+03
-3.753338000000000193e+03
-3.742570999999999913e+03
-3.737373999999999796e+03
-3.708045000000000073e+03
-3.696164999999999964e+03
-3.713614000000000033e+03
-3.681686000000000149e+03
-3.688739999999999782e+03
-3.688369000000000142e+03
-3.718440000000000055e+03
-3.683914000000000215e+03
-3.740344000000000051e+03
-3.733289999999999964e+03
-3.691338999999999942e+03
-3.723637000000000171e+03
-3.717697999999999865e+03
-3.696907000000000153e+03
-3.708045000000000073e+03
-3.722523999999999887e+03
-3.692081000000000131e+03
-3.725494000000000142e+03
-3.757050000000000182e+03
-3.715099000000000160e+03
-3.765960000000000036e+03
-3.781923999999999978e+03
-3.761505000000000109e+03
-3.762989999999999782e+03
-3.775983999999999924e+03
-3.761134000000000015e+03
-3.745541000000000167e+03
-3.775983999999999924e+03
-3.761876000000000204e+03
-3.772271000000000186e+03
-3.793432999999999993e+03
-3.777840000000000146e+03
-3.769300999999999931e+03
-3.813851000000000113e+03
-3.763360999999999876e+03
-3.803456000000000131e+03
-3.793061000000000149e+03
-3.800485999999999876e+03
-3.770414999999999964e+03
-3.832784999999999854e+03
-3.823875000000000000e+03
-3.783038000000000011e+03
-3.866568999999999960e+03
-3.793061000000000149e+03
-3.809396000000000186e+03
-3.880675999999999931e+03
-3.819420000000000073e+03
-3.872137000000000171e+03
-3.882903999999999996e+03
-3.879563000000000102e+03
-3.862114000000000033e+03
-3.926340000000000146e+03
-3.905920999999999822e+03
-3.858771999999999935e+03
-3.891813999999999851e+03
-3.889215000000000146e+03
-3.837610999999999876e+03
-3.854318000000000211e+03
-3.837239999999999782e+03
-3.845407000000000153e+03
-3.875106999999999971e+03
-3.885873999999999796e+03
-3.864340999999999894e+03
-3.831670999999999822e+03
-3.850605000000000018e+03
-3.835012000000000171e+03
-3.848005999999999858e+03
-3.852460999999999785e+03
-3.812737999999999829e+03
-3.898496000000000095e+03
-3.812365999999999985e+03
-3.822760999999999967e+03
-3.852833000000000084e+03
-3.872137000000000171e+03
-3.813108999999999924e+03
-3.842438000000000102e+03
-3.867682999999999993e+03
-3.845407000000000153e+03
-3.871766000000000076e+03
-3.866197999999999865e+03
-3.862856000000000222e+03
-3.871766000000000076e+03
-3.872509000000000015e+03
-3.853204000000000178e+03
-3.878449000000000069e+03
-3.897382999999999811e+03
-3.904436000000000149e+03
-3.916315999999999804e+03
-3.933021999999999935e+03
-3.902579999999999927e+03
-3.912974999999999909e+03
-3.948614999999999782e+03
-3.918543999999999869e+03
-3.928938999999999851e+03
-3.940447999999999865e+03
-3.914460000000000036e+03
-3.927454000000000178e+03
-3.943416999999999916e+03
-3.970518999999999778e+03
-3.992793999999999869e+03
-3.971632999999999811e+03
-3.955297999999999774e+03
-3.966434999999999945e+03
-4.000219000000000051e+03
-3.980170999999999822e+03
-3.985369000000000142e+03
-3.959751999999999953e+03
-3.972003999999999905e+03
-4.045510999999999967e+03
-3.968291000000000167e+03
-4.002445999999999913e+03
-4.035858999999999924e+03
-4.065929999999999836e+03
-4.020266000000000076e+03
-4.050338000000000193e+03
-4.040313999999999851e+03
-4.044768999999999778e+03
-4.049965999999999894e+03
-4.075583000000000084e+03
-4.044025999999999840e+03
-4.090804000000000087e+03
-4.126073000000000320e+03
-4.067414999999999964e+03
-4.103426000000000386e+03
-4.100456000000000131e+03
-4.102313000000000102e+03
-4.087090999999999894e+03
-4.153545000000000073e+03
-4.161712000000000444e+03
-4.171364999999999782e+03
-4.168765999999999622e+03
-4.137210000000000036e+03
-4.127557999999999993e+03
-4.165054000000000087e+03
-4.170993999999999687e+03
-4.157628999999999905e+03
-4.196609999999999673e+03
-4.180645999999999731e+03
-4.196609999999999673e+03
-4.229279999999999745e+03
-4.166167000000000371e+03
-4.194753999999999905e+03
-4.221484000000000378e+03
-4.195868000000000393e+03
-4.231136000000000422e+03
-4.278655999999999949e+03
-4.257123999999999796e+03
-4.212944999999999709e+03
-4.272345000000000255e+03
-4.276429000000000087e+03
-4.232250000000000000e+03
-4.270118000000000393e+03
-4.256010000000000218e+03
-4.205520000000000437e+03
-4.215171999999999571e+03
-4.203663999999999760e+03
-4.165054000000000087e+03
-4.202550000000000182e+03
-4.169137999999999920e+03
-4.139809000000000196e+03
-4.160599000000000160e+03
-4.170251000000000204e+03
-4.128300000000000182e+03
-4.165796000000000276e+03
-4.153545000000000073e+03
-4.108252000000000407e+03
-4.107510000000000218e+03
-4.116048999999999978e+03
-4.061103999999999814e+03
-4.058505000000000109e+03
-4.056648999999999887e+03
-4.043655000000000200e+03
-4.035858999999999924e+03
-4.054791999999999916e+03
-4.018039000000000215e+03
-4.046253999999999905e+03
-4.077809999999999945e+03
-4.045139999999999873e+03
-4.075210999999999785e+03
-4.088204999999999927e+03
-4.055534999999999854e+03
-4.071126999999999953e+03
-4.108252000000000407e+03
-4.053679000000000087e+03
-4.068900000000000091e+03
-4.108623999999999796e+03
-4.096001000000000204e+03
-4.100828000000000429e+03
-4.118275999999999840e+03
-4.085606000000000222e+03
-4.096372999999999593e+03
-4.124216000000000349e+03
-4.136838999999999942e+03
-4.107510000000000218e+03
-4.130155999999999949e+03
-4.151689000000000306e+03
-4.118646999999999935e+03
-4.155771999999999935e+03
-4.140551000000000386e+03
-4.091916999999999916e+03
-4.162826000000000022e+03
-4.159113999999999578e+03
-4.139065999999999804e+03
-4.131640999999999622e+03
-4.136467999999999847e+03
-4.118275999999999840e+03
-4.151317000000000007e+03
-4.123845000000000255e+03
-4.117904999999999745e+03
-4.112707999999999629e+03
-4.147604999999999563e+03
-4.117162999999999556e+03
-4.160599000000000160e+03
-4.178046999999999571e+03
-4.155400999999999840e+03
-4.186957999999999629e+03
-4.196238999999999578e+03
-4.178046999999999571e+03
-4.186586000000000240e+03
-4.177305000000000291e+03
-4.132384000000000015e+03
-4.145006000000000313e+03
-4.133868999999999687e+03
-4.149090000000000146e+03
-4.126073000000000320e+03
-4.126814999999999600e+03
-4.067786000000000058e+03
-4.107881000000000313e+03
