-1.774203999999999951e+03
-1.733365999999999985e+03
-1.803161000000000058e+03
-1.789424999999999955e+03
-1.788310999999999922e+03
-1.807988000000000056e+03
-1.832490000000000009e+03
-1.813926999999999907e+03
-1.841400000000000091e+03
-1.855508000000000038e+03
-1.839172000000000025e+03
-1.876669000000000096e+03
-1.876669000000000096e+03
-1.865530999999999949e+03
-1.928271999999999935e+03
-1.895973999999999933e+03
-1.871471000000000004e+03
-1.933840999999999894e+03
-1.888176999999999907e+03
-1.914906999999999925e+03
-1.932355999999999995e+03
-1.950175999999999931e+03
-1.969853000000000065e+03
-2.015516000000000076e+03
-1.983588999999999942e+03
-1.997695999999999913e+03
-2.014773999999999887e+03
-2.028509999999999991e+03
-2.012546000000000049e+03
-2.025911000000000058e+03
-2.051527999999999793e+03
-2.030738000000000056e+03
-2.073802000000000135e+03
-2.087909999999999854e+03
-2.064150000000000091e+03
-2.060438000000000102e+03
-2.099789999999999964e+03
-2.095335000000000036e+03
-2.122807999999999993e+03
-2.163273999999999887e+03
-2.113896999999999935e+03
-2.115753999999999905e+03
-2.150650999999999840e+03
-2.147309999999999945e+03
-2.179608999999999924e+03
-2.176268000000000029e+03
-2.192231000000000222e+03
-2.208195000000000164e+03
-2.205596000000000004e+03
-2.188146999999999935e+03
-2.208565999999999804e+03
-2.224530000000000200e+03
-2.194829999999999927e+03
-2.222302000000000135e+03
-2.247547999999999774e+03
-2.228242000000000189e+03
-2.260170000000000073e+03
-2.296923999999999978e+03
-2.290612999999999829e+03
-2.301007999999999811e+03
-2.325880999999999858e+03
-2.333677000000000135e+03
-2.341103000000000065e+03
-2.301378999999999905e+03
-2.311030999999999949e+03
-2.362635000000000218e+03
-2.343329999999999927e+03
-2.362264000000000124e+03
-2.384539000000000215e+03
-2.350384000000000015e+03
-2.381940000000000055e+03
-2.368204000000000178e+03
-2.381940000000000055e+03
-2.386394999999999982e+03
-2.365976000000000113e+03
-2.376742000000000189e+03
-2.355952999999999975e+03
-2.379711999999999989e+03
-2.413125000000000000e+03
-2.389735999999999876e+03
-2.418322999999999865e+03
-2.426860999999999876e+03
-2.413496000000000095e+03
-2.461387000000000171e+03
-2.459159999999999854e+03
-2.422034999999999854e+03
-2.407556000000000040e+03
-2.425376000000000204e+03
-2.452106000000000222e+03
-2.436143000000000029e+03
-2.454704999999999927e+03
-2.444681000000000040e+03
-2.471782000000000153e+03
-2.475494999999999891e+03
-2.436514000000000124e+03
-2.463614999999999782e+03
-2.530811000000000149e+03
-2.465842999999999847e+03
-2.479949999999999818e+03
-2.538978999999999814e+03
-2.510393000000000029e+03
-2.520788000000000011e+03
-2.559768999999999778e+03
-2.568679000000000087e+03
-2.551601000000000113e+03
-2.576103999999999814e+03
-2.592438999999999851e+03
-2.572019999999999982e+03
-2.586498999999999796e+03
-2.613971000000000004e+03
-2.613599999999999909e+03
-2.609516000000000076e+03
-2.636989000000000033e+03
-2.536009000000000015e+03
-2.570164000000000215e+03
-2.585755999999999858e+03
-2.540463999999999942e+03
-2.528211999999999989e+03
-2.527840999999999894e+03
-2.495541999999999916e+03
-2.547889000000000124e+03
-2.565708999999999833e+03
-2.537123000000000047e+03
-2.570534999999999854e+03
-2.571277999999999793e+03
-2.553458000000000084e+03
-2.573134000000000015e+03
-2.572019999999999982e+03
-2.553829000000000178e+03
-2.549001999999999953e+03
-2.576846000000000004e+03
-2.569050000000000182e+03
-2.546032000000000153e+03
-2.559025999999999840e+03
-2.553085999999999785e+03
-2.572762000000000171e+03
-2.580188000000000102e+03
-2.547518000000000029e+03
-2.557541000000000167e+03
-2.583157000000000153e+03
-2.537123000000000047e+03
-2.561996000000000095e+03
-2.587983999999999924e+03
-2.581672999999999774e+03
-2.600235000000000127e+03
-2.629934999999999945e+03
-2.616940999999999804e+03
-2.623251999999999953e+03
-2.642557999999999993e+03
-2.612114999999999782e+03
-2.626965000000000146e+03
-2.661862999999999829e+03
-2.663719000000000051e+03
-2.651467999999999847e+03
-2.654065999999999804e+03
-2.658150000000000091e+03
-2.652581000000000131e+03
-2.662976000000000113e+03
-2.652210000000000036e+03
-2.689706000000000131e+03
-2.675599000000000160e+03
-2.688963999999999942e+03
-2.664460999999999785e+03
-2.705670000000000073e+03
-2.684509000000000015e+03
-2.677454999999999927e+03
-2.733885000000000218e+03
-2.685251000000000204e+03
-2.684509000000000015e+03
-2.710496000000000095e+03
-2.703813999999999851e+03
-2.704927000000000135e+03
-2.728315999999999804e+03
-2.739454000000000178e+03
-2.686735999999999876e+03
-2.699730000000000018e+03
-2.693789999999999964e+03
-2.703443000000000211e+03
-2.719034999999999854e+03
-2.699730000000000018e+03
-2.724231999999999971e+03
-2.746507999999999811e+03
-2.710496000000000095e+03
-2.741681000000000040e+03
-2.773980000000000018e+03
-2.731657000000000153e+03
-2.718664000000000215e+03
-2.757644999999999982e+03
-2.740195999999999913e+03
-2.710867000000000189e+03
-2.773980000000000018e+03
-2.756530999999999949e+03
-2.767668999999999869e+03
-2.812960999999999785e+03
-2.761728999999999814e+03
-2.792541999999999916e+03
-2.802938000000000102e+03
-2.764327999999999975e+03
-2.742052000000000135e+03
-2.770268000000000029e+03
-2.759130000000000109e+03
-2.722748000000000047e+03
-2.756530999999999949e+03
-2.780663000000000011e+03
-2.719777999999999793e+03
-2.742052000000000135e+03
-2.744650999999999840e+03
-2.693789999999999964e+03
-2.763213999999999942e+03
-2.765440999999999804e+03
-2.724231999999999971e+03
-2.772865999999999985e+03
-2.751704999999999927e+03
-2.753190000000000055e+03
-2.755789000000000215e+03
-2.760985999999999876e+03
-2.758387000000000171e+03
-2.769525000000000091e+03
-2.758016000000000076e+03
-2.786603000000000065e+03
-2.760985999999999876e+03
-2.781775999999999840e+03
-2.781405000000000200e+03
-2.784003999999999905e+03
-2.820014999999999873e+03
-2.776579000000000178e+03
-2.797739999999999782e+03
-2.807393000000000029e+03
-2.772494999999999891e+03
-2.796626000000000204e+03
-2.812960999999999785e+03
-2.801824000000000069e+03
-2.794398999999999887e+03
-2.819643999999999778e+03
-2.791800000000000182e+03
-2.815931000000000040e+03
-2.830039000000000215e+03
-2.795141000000000076e+03
-2.812590000000000146e+03
-2.838206000000000131e+03
-2.839320000000000164e+03
-2.822985000000000127e+03
-2.855655000000000200e+03
-2.858996000000000095e+03
-2.827811000000000149e+03
-2.858253999999999905e+03
-2.850085999999999785e+03
-2.838577999999999975e+03
-2.838577999999999975e+03
-2.798853999999999814e+03
-2.831152999999999793e+03
-2.825583999999999833e+03
-2.794398999999999887e+03
-2.827440000000000055e+03
-2.821500000000000000e+03
-2.815188999999999851e+03
-2.832637000000000171e+03
-2.838949000000000069e+03
-2.827068999999999960e+03
-2.843032000000000153e+03
-2.844889000000000124e+03
-2.848601000000000113e+03
-2.843403999999999996e+03
-2.860853000000000065e+03
-2.853427000000000135e+03
-2.846373999999999796e+03
-2.867905999999999949e+03
-2.839690999999999804e+03
-2.827068999999999960e+03
-2.842661000000000058e+03
-2.830039000000000215e+03
-2.814074999999999818e+03
-2.827440000000000055e+03
-2.816673999999999978e+03
-2.817416000000000167e+03
-2.841175999999999931e+03
-2.833751000000000204e+03
-2.834864999999999782e+03
-2.859367000000000189e+03
-2.831152999999999793e+03
-2.821871000000000095e+03
-2.832266000000000076e+03
-2.803309000000000196e+03
-2.784746000000000095e+03
-2.784003999999999905e+03
-2.781775999999999840e+03
-2.758016000000000076e+03
-2.778434999999999945e+03
-2.778063999999999851e+03
-2.753561000000000149e+03
-2.773237999999999829e+03
-2.794398999999999887e+03
-2.749106000000000222e+03
-2.803309000000000196e+03
-2.806650000000000091e+03
-2.786231000000000222e+03
-2.801081000000000131e+03
-2.784746000000000095e+03
-2.776949999999999818e+03
-2.817416000000000167e+03
-2.801452999999999975e+03
-2.815188999999999851e+03
-2.826697999999999865e+03
-2.820757999999999811e+03
-2.802195000000000164e+03
-2.834864999999999782e+03
-2.800710000000000036e+03
-2.799596000000000004e+03
-2.816302000000000135e+03
-2.821871000000000095e+03
-2.812219000000000051e+03
-2.813333000000000084e+03
-2.847487999999999829e+03
-2.811847000000000207e+03
-2.822985000000000127e+03
-2.849715000000000146e+03
-2.814818000000000211e+03
-2.831894999999999982e+03
-2.857882999999999811e+03
-2.829666999999999916e+03
-2.840804999999999836e+03
-2.878672999999999774e+03
-2.851943000000000211e+03
-2.863079999999999927e+03
-2.875702999999999975e+03
-2.858996000000000095e+03
-2.861224000000000160e+03
-2.877188000000000102e+03
-2.880157000000000153e+03
-2.882385000000000218e+03
-2.899090999999999894e+03
-2.891666000000000167e+03
-2.896121000000000095e+03
-2.910599999999999909e+03
-2.901690000000000055e+03
-2.912456000000000131e+03
-2.918396000000000186e+03
-2.918768000000000029e+03
-2.906887000000000171e+03
-2.916539999999999964e+03
-2.910228999999999814e+03
-2.935474000000000160e+03
-2.949952999999999975e+03
-2.874960000000000036e+03
-2.923222000000000207e+03
-2.919880999999999858e+03
-2.889068000000000211e+03
-2.917282000000000153e+03
-2.925820999999999913e+03
-2.922108999999999924e+03
-2.900204999999999927e+03
-2.909856999999999971e+03
-2.905402999999999793e+03
-2.924335999999999785e+03
-2.935103000000000065e+03
-2.930646999999999935e+03
-2.931760999999999967e+03
-2.928791000000000167e+03
-2.931389999999999873e+03
-2.897235000000000127e+03
-2.909856999999999971e+03
-2.893150999999999840e+03
-2.882385000000000218e+03
-2.894635999999999967e+03
-2.867164000000000215e+03
-2.885726000000000113e+03
-2.896121000000000095e+03
-2.862708999999999833e+03
-2.863451000000000022e+03
-2.892780000000000200e+03
-2.869391000000000076e+03
-2.888324999999999818e+03
-2.908001000000000204e+03
-2.886840000000000146e+03
-2.903175000000000182e+03
-2.919880999999999858e+03
-2.898719999999999800e+03
-2.886469000000000051e+03
-2.927306000000000040e+03
-2.920623999999999796e+03
-2.889809999999999945e+03
-2.908744000000000142e+03
-2.912085000000000036e+03
-2.904289000000000215e+03
-2.905402999999999793e+03
-2.908744000000000142e+03
-2.897235000000000127e+03
-2.924335999999999785e+03
-2.918025000000000091e+03
-2.910599999999999909e+03
-2.914313000000000102e+03
-2.915797999999999774e+03
-2.920623999999999796e+03
-2.929905000000000200e+03
-2.911713999999999942e+03
-2.892409000000000106e+03
-2.936588000000000193e+03
-2.914313000000000102e+03
-2.903175000000000182e+03
-2.932503999999999905e+03
-2.945498000000000047e+03
-2.936958999999999833e+03
-2.937701000000000022e+03
-2.959605000000000018e+03
-2.946981999999999971e+03
-2.965545000000000073e+03
-2.957376999999999953e+03
-2.947353999999999814e+03
-2.962204000000000178e+03
-2.954036000000000058e+03
-2.961090000000000146e+03
-2.958490999999999985e+03
