-1.930500000000000114e+02
-2.112412999999999954e+02
-2.012175000000000011e+02
-1.800562999999999931e+02
-2.231211999999999875e+02
-2.142112999999999943e+02
-2.279474999999999909e+02
-2.138400000000000034e+02
-2.053012999999999977e+02
-2.331450000000000102e+02
-2.079000000000000057e+02
-2.067863000000000113e+02
-2.168100000000000023e+02
-2.554199999999999875e+02
-2.231211999999999875e+02
-2.045586999999999875e+02
-2.546775000000000091e+02
-2.290612000000000137e+02
-2.342588000000000079e+02
-2.257199999999999989e+02
-2.479950000000000045e+02
-2.387136999999999887e+02
-2.435399999999999920e+02
-2.427975000000000136e+02
-2.528213000000000079e+02
-2.817787000000000148e+02
-2.739825000000000159e+02
-2.840063000000000102e+02
-2.680425000000000182e+02
-2.866050000000000182e+02
-2.880899999999999750e+02
-2.632162000000000148e+02
-2.843774999999999977e+02
-2.817787000000000148e+02
-3.137062000000000239e+02
-3.129637000000000171e+02
-3.047962999999999738e+02
-3.222450000000000045e+02
-2.992275000000000205e+02
-3.085088000000000079e+02
-3.549150000000000205e+02
-3.252149999999999750e+02
-3.237300000000000182e+02
-3.422925000000000182e+02
-3.693937999999999988e+02
-3.445199999999999818e+02
-3.215024999999999977e+02
-3.727350000000000136e+02
-3.660525000000000091e+02
-3.571424999999999841e+02
-3.482325000000000159e+02
-3.552862999999999829e+02
-3.809024999999999750e+02
-3.823874999999999886e+02
-3.797887999999999806e+02
-3.972375000000000114e+02
-3.864712999999999852e+02
-4.213686999999999898e+02
-4.221113000000000284e+02
-4.098600000000000136e+02
-4.265663000000000125e+02
-4.377038000000000011e+02
-4.295362999999999829e+02
-4.273086999999999875e+02
-4.354762999999999806e+02
-4.429012000000000171e+02
-4.666612999999999829e+02
-4.436437999999999988e+02
-4.926487000000000194e+02
-4.729725000000000250e+02
-4.596075000000000159e+02
-4.770561999999999898e+02
-4.807687999999999988e+02
-4.796549999999999727e+02
-5.123250000000000455e+02
-5.178936999999999671e+02
-5.212350000000000136e+02
-5.052712000000000216e+02
-4.874513000000000034e+02
-5.063849999999999909e+02
-5.097262999999999806e+02
-5.030437999999999761e+02
-5.134388000000000147e+02
-5.048999999999999773e+02
-5.256900000000000546e+02
-5.256900000000000546e+02
-5.442525000000000546e+02
-5.175225000000000364e+02
-4.985887000000000171e+02
-5.108399999999999750e+02
-4.904212999999999738e+02
-4.952475000000000023e+02
-5.190075000000000500e+02
-4.933913000000000011e+02
-4.941338000000000079e+02
-5.078700000000000045e+02
-5.011875000000000000e+02
-5.112112000000000194e+02
-5.082411999999999921e+02
-5.089837999999999738e+02
-5.472224999999999682e+02
-5.346000000000000227e+02
-5.286599999999999682e+02
-5.431386999999999716e+02
-5.056424999999999841e+02
-4.989599999999999795e+02
-4.967325000000000159e+02
-5.108399999999999750e+02
-5.034150000000000205e+02
-5.071274999999999977e+02
-5.312586999999999762e+02
-5.030437999999999761e+02
-5.045287000000000148e+02
-5.320013000000000147e+02
-4.911637999999999806e+02
-5.023013000000000261e+02
-5.160375000000000227e+02
-5.097262999999999806e+02
-5.256900000000000546e+02
-5.412825000000000273e+02
-5.097262999999999806e+02
-5.227200000000000273e+02
-5.516775000000000091e+02
-5.301449999999999818e+02
-5.126961999999999762e+02
-5.208637999999999693e+02
-5.323724999999999454e+02
-5.334863000000000284e+02
-5.379412999999999556e+02
-5.501924999999999955e+02
-5.490787000000000262e+02
-5.479650000000000318e+02
-5.568750000000000000e+02
-5.501924999999999955e+02
-5.498211999999999762e+02
-5.605874999999999773e+02
-5.472224999999999682e+02
-5.565037999999999556e+02
-5.353424999999999727e+02
-5.531625000000000227e+02
-5.772938000000000329e+02
-5.728387000000000171e+02
-5.709824999999999591e+02
-6.017962999999999738e+02
-5.739524999999999864e+02
-5.680125000000000455e+02
-5.795212000000000216e+02
-5.817487999999999602e+02
-5.802636999999999716e+02
-6.114487000000000307e+02
-6.288975000000000364e+02
-5.969700000000000273e+02
-6.140475000000000136e+02
-6.151612999999999829e+02
-6.092213000000000420e+02
-6.092213000000000420e+02
-6.199874999999999545e+02
-6.081074999999999591e+02
-6.352087000000000216e+02
-6.107061999999999671e+02
-6.121912999999999556e+02
-6.415199999999999818e+02
-6.092213000000000420e+02
-6.017962999999999738e+02
-6.222150000000000318e+02
-6.118200000000000500e+02
-5.932575000000000500e+02
-6.029099999999999682e+02
-5.854611999999999625e+02
-5.464800000000000182e+02
-5.609587000000000216e+02
-5.472224999999999682e+02
-5.483361999999999625e+02
-5.505638000000000147e+02
-5.379412999999999556e+02
-5.390549999999999500e+02
-5.242050000000000409e+02
-5.464800000000000182e+02
-5.275462999999999738e+02
-5.446237999999999602e+02
-5.535338000000000420e+02
-5.386838000000000193e+02
-5.268038000000000238e+02
-5.416536999999999580e+02
-5.412825000000000273e+02
-5.394262999999999693e+02
-5.520488000000000284e+02
-5.223487999999999829e+02
-5.134388000000000147e+02
-5.420249999999999773e+02
-5.446237999999999602e+02
-5.219774999999999636e+02
-5.383125000000000000e+02
-5.190075000000000500e+02
-5.431386999999999716e+02
-5.071274999999999977e+02
-4.956186999999999898e+02
-5.346000000000000227e+02
-5.275462999999999738e+02
-5.026725000000000136e+02
-5.290312999999999874e+02
-5.264325000000000045e+02
-5.030437999999999761e+02
-5.063849999999999909e+02
-5.208637999999999693e+02
-5.186362000000000307e+02
-5.282888000000000375e+02
-5.167799999999999727e+02
-5.338574999999999591e+02
-5.386838000000000193e+02
-5.178936999999999671e+02
-5.186362000000000307e+02
-5.409112999999999829e+02
-5.230911999999999580e+02
-5.334863000000000284e+02
-5.323724999999999454e+02
-5.338574999999999591e+02
-5.420249999999999773e+02
-5.461087999999999738e+02
-5.390549999999999500e+02
-5.334863000000000284e+02
-5.565037999999999556e+02
-5.390549999999999500e+02
-5.275462999999999738e+02
-5.334863000000000284e+02
-5.539049999999999727e+02
-5.479650000000000318e+02
-5.438812000000000353e+02
-5.646712999999999738e+02
-5.461087999999999738e+02
-5.550186999999999671e+02
-5.628150000000000546e+02
-5.576174999999999500e+02
-5.487074999999999818e+02
-5.709824999999999591e+02
-5.561325000000000500e+02
-5.505638000000000147e+02
-5.513062999999999647e+02
-5.516775000000000091e+02
-5.516775000000000091e+02
-5.691263000000000147e+02
-5.587313000000000329e+02
-5.650425000000000182e+02
-5.635575000000000045e+02
-5.676412000000000262e+02
-5.791499999999999773e+02
-5.628150000000000546e+02
-5.605874999999999773e+02
-5.698687999999999647e+02
-5.769225000000000136e+02
-5.628150000000000546e+02
-5.724674999999999727e+02
-5.646712999999999738e+02
-5.765512999999999693e+02
-5.687549999999999955e+02
-5.772938000000000329e+02
-5.880599999999999454e+02
-5.895449999999999591e+02
-5.876888000000000147e+02
-5.824913000000000238e+02
-5.810062000000000353e+02
-5.951137999999999693e+02
-5.836050000000000182e+02
-5.617011999999999716e+02
-5.761799999999999500e+02
-5.639288000000000238e+02
-5.639288000000000238e+02
-5.672699999999999818e+02
-5.754375000000000000e+02
-5.746950000000000500e+02
-5.936287999999999556e+02
-5.962274999999999636e+02
-5.836050000000000182e+02
-6.040236999999999625e+02
-5.824913000000000238e+02
-5.854611999999999625e+02
-5.832337999999999738e+02
-6.025388000000000375e+02
-5.839763000000000375e+02
-5.943713000000000193e+02
-5.921436999999999671e+02
-5.787786999999999580e+02
-5.750662999999999556e+02
-5.876888000000000147e+02
-5.891738000000000284e+02
-5.798925000000000409e+02
-5.984550000000000409e+02
-5.743237000000000307e+02
-5.876888000000000147e+02
-5.958563000000000329e+02
-5.862037000000000262e+02
-5.921436999999999671e+02
-5.914012000000000171e+02
-5.832337999999999738e+02
-5.832337999999999738e+02
-5.980837000000000216e+02
-5.947424999999999500e+02
-5.958563000000000329e+02
-6.140475000000000136e+02
-5.843474999999999682e+02
-6.062513000000000147e+02
-6.125625000000000000e+02
-5.899162999999999784e+02
-6.103350000000000364e+02
-6.225861999999999625e+02
-6.088500000000000227e+02
-6.225861999999999625e+02
-6.211013000000000375e+02
-6.107061999999999671e+02
-5.943713000000000193e+02
-5.876888000000000147e+02
-6.129338000000000193e+02
-6.055086999999999762e+02
-5.943713000000000193e+02
-5.706113000000000284e+02
-5.680125000000000455e+02
-5.914012000000000171e+02
-5.609587000000000216e+02
-5.791499999999999773e+02
-5.813775000000000546e+02
-5.813775000000000546e+02
-5.791499999999999773e+02
-5.865750000000000455e+02
-5.865750000000000455e+02
-5.824913000000000238e+02
-5.977124999999999773e+02
-5.795212000000000216e+02
-5.698687999999999647e+02
-6.017962999999999738e+02
-5.921436999999999671e+02
-5.594737999999999829e+02
-6.025388000000000375e+02
-5.899162999999999784e+02
-5.821200000000000045e+02
-6.062513000000000147e+02
-6.047662000000000262e+02
-5.947424999999999500e+02
-6.084787999999999784e+02
-5.839763000000000375e+02
-5.780362999999999829e+02
-5.836050000000000182e+02
-5.605874999999999773e+02
-5.735811999999999671e+02
-5.914012000000000171e+02
-5.772938000000000329e+02
-5.687549999999999955e+02
-5.832337999999999738e+02
-5.772938000000000329e+02
-5.784075000000000273e+02
-5.680125000000000455e+02
-5.932575000000000500e+02
-5.854611999999999625e+02
-5.928862000000000307e+02
-5.847187999999999874e+02
-5.769225000000000136e+02
-5.995687000000000353e+02
-5.902875000000000227e+02
-5.888025000000000091e+02
-6.014249999999999545e+02
-6.118200000000000500e+02
-6.073650000000000091e+02
-5.965987999999999829e+02
-6.084787999999999784e+02
-6.010538000000000238e+02
-5.958563000000000329e+02
-5.910299999999999727e+02
-5.906588000000000420e+02
-6.047662000000000262e+02
-5.917725000000000364e+02
-6.017962999999999738e+02
-5.839763000000000375e+02
-6.003112999999999602e+02
-6.229574999999999818e+02
-6.069937999999999647e+02
-5.943713000000000193e+02
-6.006825000000000045e+02
-6.092213000000000420e+02
-6.066224999999999454e+02
-5.947424999999999500e+02
-5.973411999999999580e+02
-6.088500000000000227e+02
-5.984550000000000409e+02
-6.192450000000000045e+02
-6.107061999999999671e+02
-5.906588000000000420e+02
-6.162749999999999773e+02
-5.958563000000000329e+02
-6.029099999999999682e+02
-6.318674999999999500e+02
-6.103350000000000364e+02
-6.259275000000000091e+02
-6.244424999999999955e+02
-6.270412999999999784e+02
-6.155325000000000273e+02
-6.237000000000000455e+02
-6.363224999999999909e+02
-6.288975000000000364e+02
-6.259275000000000091e+02
-6.389212999999999738e+02
-6.303825000000000500e+02
-6.303825000000000500e+02
-6.430049999999999955e+02
-6.251849999999999454e+02
-6.374362999999999602e+02
-6.500588000000000193e+02
-6.281549999999999727e+02
-6.374362999999999602e+02
-6.563700000000000045e+02
-6.392925000000000182e+02
-6.422625000000000455e+02
-6.541425000000000409e+02
-6.626812999999999647e+02
