-1.672109999999999900e+03
-1.709605999999999995e+03
-1.673223999999999933e+03
-1.679163999999999987e+03
-1.718516000000000076e+03
-1.723713999999999942e+03
-1.723343000000000075e+03
-1.707008000000000038e+03
-1.750815000000000055e+03
-1.737820999999999913e+03
-1.749329999999999927e+03
-1.764550999999999931e+03
-1.802789999999999964e+03
-1.741904999999999973e+03
-1.799449000000000069e+03
-1.783484999999999900e+03
-1.780885999999999967e+03
-1.847339999999999918e+03
-1.806131000000000085e+03
-1.803531999999999925e+03
-1.810214999999999918e+03
-1.826179000000000087e+03
-1.840286000000000058e+03
-1.875925999999999931e+03
-1.871471000000000004e+03
-1.853279999999999973e+03
-1.913422000000000025e+03
-1.890776000000000067e+03
-1.910080999999999904e+03
-1.895230999999999995e+03
-1.917506000000000085e+03
-1.923445999999999913e+03
-1.953518000000000029e+03
-1.926045000000000073e+03
-1.941266000000000076e+03
-1.960200000000000045e+03
-1.942009000000000015e+03
-1.962426999999999907e+03
-1.987300999999999931e+03
-2.021085000000000036e+03
-1.973935999999999922e+03
-1.997695999999999913e+03
-2.012916999999999916e+03
-2.002894000000000005e+03
-2.033708000000000084e+03
-2.016630000000000109e+03
-2.009204999999999927e+03
-2.012174999999999955e+03
-2.040390000000000100e+03
-2.031480000000000018e+03
-2.002894000000000005e+03
-2.044103000000000065e+03
-2.061922999999999774e+03
-2.058210000000000036e+03
-2.097563000000000102e+03
-2.076030000000000200e+03
-2.049670999999999822e+03
-2.069719000000000051e+03
-2.083454999999999927e+03
-2.087166999999999916e+03
-2.130231999999999971e+03
-2.048929000000000087e+03
-2.117981000000000222e+03
-2.088652999999999793e+03
-2.107215000000000146e+03
-2.088280999999999949e+03
-2.117610000000000127e+03
-2.086425000000000182e+03
-2.115010999999999967e+03
-2.164759000000000015e+03
-2.126891000000000076e+03
-2.134688000000000102e+03
-2.182579000000000178e+03
-2.150280000000000200e+03
-2.092364999999999782e+03
-2.178865999999999985e+03
-2.115382999999999811e+03
-2.150280000000000200e+03
-2.192603000000000065e+03
-2.174782000000000153e+03
-2.138400000000000091e+03
-2.188146999999999935e+03
-2.203739999999999782e+03
-2.175153999999999996e+03
-2.218960999999999785e+03
-2.189632999999999811e+03
-2.193344999999999800e+03
-2.207081000000000131e+03
-2.234182999999999993e+03
-2.185920000000000073e+03
-2.211164999999999964e+03
-2.215990999999999985e+03
-2.221188999999999851e+03
-2.219704000000000178e+03
-2.229356000000000222e+03
-2.208565999999999804e+03
-2.240494000000000142e+03
-2.199655999999999949e+03
-2.223045000000000073e+03
-2.250889000000000124e+03
-2.263139999999999873e+03
-2.223045000000000073e+03
-2.250146000000000186e+03
-2.266481000000000222e+03
-2.195943999999999960e+03
-2.245690999999999804e+03
-2.235295999999999822e+03
-2.192603000000000065e+03
-2.219704000000000178e+03
-2.206710000000000036e+03
-2.181465000000000146e+03
-2.166614999999999782e+03
-2.204481999999999971e+03
-2.173297999999999774e+03
-2.212650000000000091e+03
-2.240123000000000047e+03
-2.189260999999999967e+03
-2.186291000000000167e+03
-2.218590000000000146e+03
-2.175153999999999996e+03
-2.149909000000000106e+03
-2.158818999999999960e+03
-2.180722000000000207e+03
-2.145083000000000084e+03
-2.184806000000000040e+03
-2.184063999999999851e+03
-2.180722000000000207e+03
-2.191489000000000033e+03
-2.172554999999999836e+03
-2.240123000000000047e+03
-2.194458999999999833e+03
-2.199284999999999854e+03
-2.218960999999999785e+03
-2.191489000000000033e+03
-2.185548999999999978e+03
-2.198170999999999822e+03
-2.217847000000000207e+03
-2.163644999999999982e+03
-2.204110999999999876e+03
-2.204110999999999876e+03
-2.178865999999999985e+03
-2.168099999999999909e+03
-2.209309000000000196e+03
-2.190003999999999905e+03
-2.189632999999999811e+03
-2.192974000000000160e+03
-2.208938000000000102e+03
-2.177380999999999858e+03
-2.197057999999999993e+03
-2.204853999999999814e+03
-2.202626000000000204e+03
-2.214505999999999858e+03
-2.196686000000000149e+03
-2.185920000000000073e+03
-2.226757999999999811e+03
-2.196315000000000055e+03
-2.217105000000000018e+03
-2.198170999999999822e+03
-2.249032000000000153e+03
-2.197429000000000087e+03
-2.218219000000000051e+03
-2.270193999999999960e+03
-2.217105000000000018e+03
-2.269451000000000022e+03
-2.211536000000000058e+03
-2.240494000000000142e+03
-2.247175999999999931e+03
-2.240864999999999782e+03
-2.259798999999999978e+03
-2.251630999999999858e+03
-2.277248000000000047e+03
-2.237894999999999982e+03
-2.254230000000000018e+03
-2.269822999999999865e+03
-2.249775000000000091e+03
-2.257943000000000211e+03
-2.276505000000000109e+03
-2.267594999999999800e+03
-2.275391000000000076e+03
-2.290983999999999924e+03
-2.227871000000000095e+03
-2.257943000000000211e+03
-2.269451000000000022e+03
-2.228614000000000033e+03
-2.259056000000000040e+03
-2.241606999999999971e+03
-2.239009000000000015e+03
-2.273164000000000215e+03
-2.272791999999999916e+03
-2.256458000000000084e+03
-2.273905999999999949e+03
-2.294324999999999818e+03
-2.274648999999999887e+03
-2.252373999999999796e+03
-2.275762000000000171e+03
-2.262768999999999778e+03
-2.267965999999999894e+03
-2.311030999999999949e+03
-2.292097000000000207e+03
-2.269079999999999927e+03
-2.321054999999999836e+03
-2.257199999999999818e+03
-2.280960000000000036e+03
-2.296923999999999978e+03
-2.274648999999999887e+03
-2.281702999999999975e+03
-2.279846000000000004e+03
-2.277989999999999782e+03
-2.252744999999999891e+03
-2.319199000000000069e+03
-2.270193999999999960e+03
-2.293583000000000084e+03
-2.331820999999999913e+03
-2.278731999999999971e+03
-2.269822999999999865e+03
-2.287271000000000186e+03
-2.296552000000000135e+03
-2.270936000000000149e+03
-2.321054999999999836e+03
-2.301007999999999811e+03
-2.279474999999999909e+03
-2.317342999999999847e+03
-2.308061000000000149e+03
-2.307318999999999960e+03
-2.313259000000000015e+03
-2.327365999999999985e+03
-2.307318999999999960e+03
-2.351498000000000047e+03
-2.346670999999999822e+03
-2.302121000000000095e+03
-2.360778999999999996e+03
-2.320313000000000102e+03
-2.329222000000000207e+03
-2.334791000000000167e+03
-2.328480000000000018e+03
-2.330335999999999785e+03
-2.318456000000000131e+03
-2.328480000000000018e+03
-2.295809999999999945e+03
-2.352981999999999971e+03
-2.297295000000000073e+03
-2.285786000000000058e+03
-2.339617000000000189e+03
-2.359293999999999869e+03
-2.320684000000000196e+03
-2.335905000000000200e+03
-2.340731000000000222e+03
-2.318456000000000131e+03
-2.391963999999999942e+03
-2.331079000000000178e+03
-2.344443999999999960e+03
-2.335905000000000200e+03
-2.309916999999999916e+03
-2.335905000000000200e+03
-2.339246000000000095e+03
-2.359293999999999869e+03
-2.331079000000000178e+03
-2.347414000000000215e+03
-2.315856999999999971e+03
-2.309916999999999916e+03
-2.342958999999999833e+03
-2.355952999999999975e+03
-2.364119999999999891e+03
-2.361521000000000186e+03
-2.360407000000000153e+03
-2.352239999999999782e+03
-2.350384000000000015e+03
-2.367460999999999785e+03
-2.340360000000000127e+03
-2.344443999999999960e+03
-2.368945999999999913e+03
-2.353724999999999909e+03
-2.341844999999999800e+03
-2.378969999999999800e+03
-2.343701000000000022e+03
-2.370431000000000040e+03
-2.373030000000000200e+03
-2.352239999999999782e+03
-2.344443999999999960e+03
-2.376000000000000000e+03
-2.351126000000000204e+03
-2.365976000000000113e+03
-2.388623000000000047e+03
-2.332193000000000211e+03
-2.351126000000000204e+03
-2.395304999999999836e+03
-2.360036000000000058e+03
-2.359664999999999964e+03
-2.373030000000000200e+03
-2.404585999999999785e+03
-2.359664999999999964e+03
-2.379711999999999989e+03
-2.385280999999999949e+03
-2.359664999999999964e+03
-2.403472000000000207e+03
-2.396047999999999774e+03
-2.345929000000000087e+03
-2.405329000000000178e+03
-2.354467999999999847e+03
-2.347414000000000215e+03
-2.388251000000000204e+03
-2.374143999999999778e+03
-2.363376999999999953e+03
-2.373030000000000200e+03
-2.395675999999999931e+03
-2.373771999999999935e+03
-2.386766000000000076e+03
-2.377114000000000033e+03
-2.380083999999999833e+03
-2.397161000000000058e+03
-2.404958000000000084e+03
-2.367460999999999785e+03
-2.365233999999999924e+03
-2.431315999999999804e+03
-2.396789999999999964e+03
-2.401244999999999891e+03
-2.381568999999999960e+03
-2.382311000000000149e+03
-2.376742000000000189e+03
-2.409784000000000106e+03
-2.391963999999999942e+03
-2.384909999999999854e+03
-2.393449000000000069e+03
-2.363376999999999953e+03
-2.398275000000000091e+03
-2.397903999999999996e+03
-2.421664000000000215e+03
-2.384166999999999916e+03
-2.410155000000000200e+03
-2.404958000000000084e+03
-2.393077999999999975e+03
-2.409041000000000167e+03
-2.413867000000000189e+03
-2.401987999999999829e+03
-2.438369999999999891e+03
-2.418322999999999865e+03
-2.391592999999999847e+03
-2.422405999999999949e+03
-2.419807999999999993e+03
-2.388251000000000204e+03
-2.439855000000000018e+03
-2.411639999999999873e+03
-2.383425000000000182e+03
-2.398275000000000091e+03
-2.409413000000000011e+03
-2.377856000000000222e+03
-2.402358999999999924e+03
-2.398275000000000091e+03
-2.407556000000000040e+03
-2.427231999999999971e+03
-2.407556000000000040e+03
-2.430202999999999975e+03
-2.448021999999999935e+03
-2.435400000000000091e+03
-2.431315999999999804e+03
-2.410896999999999935e+03
-2.413496000000000095e+03
-2.421664000000000215e+03
-2.466956000000000131e+03
-2.394190999999999804e+03
-2.441340000000000146e+03
-2.428717999999999847e+03
-2.400130999999999858e+03
-2.417579999999999927e+03
-2.417208999999999833e+03
-2.435028999999999996e+03
-2.416094999999999800e+03
-2.461759000000000015e+03
-2.418322999999999865e+03
-2.409413000000000011e+03
-2.452478000000000065e+03
-2.437255999999999858e+03
-2.409413000000000011e+03
-2.431688000000000102e+03
-2.463244000000000142e+03
-2.398646000000000186e+03
-2.456190000000000055e+03
-2.464728999999999814e+03
-2.442083000000000084e+03
-2.446909000000000106e+03
-2.465842999999999847e+03
-2.454333999999999833e+03
-2.455818999999999960e+03
-2.475494999999999891e+03
-2.446166000000000167e+03
-2.463614999999999782e+03
-2.485146999999999935e+03
-2.464728999999999814e+03
-2.458789000000000215e+03
-2.461759000000000015e+03
-2.469554999999999836e+03
-2.432429999999999836e+03
-2.430202999999999975e+03
-2.400130999999999858e+03
-2.422034999999999854e+03
-2.412753999999999905e+03
-2.385280999999999949e+03
-2.386766000000000076e+03
-2.420179000000000087e+03
-2.388251000000000204e+03
-2.361893000000000029e+03
-2.406070999999999913e+03
-2.374514999999999873e+03
-2.375628999999999905e+03
-2.406813999999999851e+03
-2.386766000000000076e+03
-2.375628999999999905e+03
-2.421291999999999916e+03
-2.377114000000000033e+03
-2.392706000000000131e+03
-2.410525999999999840e+03
-2.378228000000000065e+03
