-1.805759999999999991e+03
-1.823951000000000022e+03
-1.788682000000000016e+03
-1.845855000000000018e+03
-1.859220000000000027e+03
-1.842513999999999896e+03
-1.871471000000000004e+03
-1.890776000000000067e+03
-1.883351000000000113e+03
-1.882238000000000056e+03
-1.900799999999999955e+03
-1.878895999999999958e+03
-1.897829999999999927e+03
-1.916020999999999958e+03
-1.904884000000000015e+03
-1.925301999999999907e+03
-1.967253999999999905e+03
-1.947577999999999975e+03
-1.966510999999999967e+03
-2.012174999999999955e+03
-1.942380000000000109e+03
-2.003265000000000100e+03
-1.963170000000000073e+03
-1.962056000000000040e+03
-2.009576000000000022e+03
-2.037048999999999978e+03
-2.005121000000000095e+03
-2.024425999999999931e+03
-2.071574999999999818e+03
-2.022941000000000031e+03
-2.081969999999999800e+03
-2.111670000000000073e+03
-2.058210000000000036e+03
-2.114268999999999778e+03
-2.118724000000000160e+03
-2.068605000000000018e+03
-2.093849999999999909e+03
-2.091251000000000204e+03
-2.107215000000000146e+03
-2.081599000000000160e+03
-2.136543999999999869e+03
-2.129860999999999876e+03
-2.148423999999999978e+03
-2.143226000000000113e+03
-2.169213999999999942e+03
-2.124664000000000215e+03
-2.194458999999999833e+03
-2.215990999999999985e+03
-2.178494999999999891e+03
-2.172925999999999931e+03
-2.155849000000000160e+03
-2.170327999999999975e+03
-2.194829999999999927e+03
-2.205967999999999847e+03
-2.176268000000000029e+03
-2.214135000000000218e+03
-2.175525000000000091e+03
-2.223416000000000167e+03
-2.246063000000000102e+03
-2.259798999999999978e+03
-2.256085999999999785e+03
-2.262025999999999840e+03
-2.259056000000000040e+03
-2.224159000000000106e+03
-2.260541000000000167e+03
-2.237523999999999887e+03
-2.258684999999999945e+03
-2.271307999999999993e+03
-2.309916999999999916e+03
-2.293210999999999785e+03
-2.342215999999999894e+03
-2.290983999999999924e+03
-2.287271000000000186e+03
-2.357809000000000196e+03
-2.361893000000000029e+03
-2.296181000000000040e+03
-2.343701000000000022e+03
-2.341844999999999800e+03
-2.341474000000000160e+03
-2.332934999999999945e+03
-2.360036000000000058e+03
-2.312887000000000171e+03
-2.342586999999999989e+03
-2.339246000000000095e+03
-2.344815000000000055e+03
-2.311773999999999887e+03
-2.276505000000000109e+03
-2.319199000000000069e+03
-2.323282000000000153e+03
-2.335534000000000106e+03
-2.298038000000000011e+03
-2.328851000000000113e+03
-2.348527999999999793e+03
-2.292469000000000051e+03
-2.343329999999999927e+03
-2.351126000000000204e+03
-2.328851000000000113e+03
-2.386766000000000076e+03
-2.383795999999999822e+03
-2.360036000000000058e+03
-2.379711999999999989e+03
-2.396418999999999869e+03
-2.384539000000000215e+03
-2.345186000000000149e+03
-2.397532000000000153e+03
-2.378969999999999800e+03
-2.338503999999999905e+03
-2.363005999999999858e+03
-2.340360000000000127e+03
-2.361893000000000029e+03
-2.377485000000000127e+03
-2.320313000000000102e+03
-2.330708000000000084e+03
-2.359664999999999964e+03
-2.330708000000000084e+03
-2.354838999999999942e+03
-2.354838999999999942e+03
-2.327365999999999985e+03
-2.348155999999999949e+03
-2.364862999999999829e+03
-2.309916999999999916e+03
-2.376742000000000189e+03
-2.348898999999999887e+03
-2.349641000000000076e+03
-2.342958999999999833e+03
-2.382682999999999993e+03
-2.363748999999999796e+03
-2.384166999999999916e+03
-2.397532000000000153e+03
-2.397161000000000058e+03
-2.384539000000000215e+03
-2.383425000000000182e+03
-2.368574999999999818e+03
-2.336646999999999935e+03
-2.437998999999999796e+03
-2.386394999999999982e+03
-2.402730000000000018e+03
-2.417208999999999833e+03
-2.443195999999999913e+03
-2.395675999999999931e+03
-2.426119000000000142e+03
-2.429088999999999942e+03
-2.392706000000000131e+03
-2.437255999999999858e+03
-2.457304000000000087e+03
-2.384166999999999916e+03
-2.430945000000000164e+03
-2.452478000000000065e+03
-2.394934000000000196e+03
-2.433914999999999964e+03
-2.425005000000000109e+03
-2.423519999999999982e+03
-2.394934000000000196e+03
-2.438740999999999985e+03
-2.385280999999999949e+03
-2.448764999999999873e+03
-2.450250000000000000e+03
-2.391963999999999942e+03
-2.455447999999999865e+03
-2.409041000000000167e+03
-2.427603999999999814e+03
-2.424634000000000015e+03
-2.423891000000000076e+03
-2.407184999999999945e+03
-2.453219999999999800e+03
-2.438740999999999985e+03
-2.408298999999999978e+03
-2.455818999999999960e+03
-2.426119000000000142e+03
-2.454333999999999833e+03
-2.404215000000000146e+03
-2.459159999999999854e+03
-2.426119000000000142e+03
-2.455447999999999865e+03
-2.475494999999999891e+03
-2.449507999999999811e+03
-2.490715999999999894e+03
-2.458045999999999822e+03
-2.460273999999999887e+03
-2.420920999999999822e+03
-2.428346000000000004e+03
-2.424634000000000015e+03
-2.403844000000000051e+03
-2.407184999999999945e+03
-2.361150000000000091e+03
-2.343701000000000022e+03
-2.354096000000000004e+03
-2.363005999999999858e+03
-2.354838999999999942e+03
-2.369318000000000211e+03
-2.340360000000000127e+03
-2.305461999999999989e+03
-2.335534000000000106e+03
-2.331820999999999913e+03
-2.321797999999999774e+03
-2.361521000000000186e+03
-2.312887000000000171e+03
-2.324025000000000091e+03
-2.356695000000000164e+03
-2.320684000000000196e+03
-2.319940999999999804e+03
-2.357065999999999804e+03
-2.332934999999999945e+03
-2.355581000000000131e+03
-2.356324000000000069e+03
-2.357809000000000196e+03
-2.321054999999999836e+03
-2.375257999999999811e+03
-2.373771999999999935e+03
-2.325139000000000124e+03
-2.364490999999999985e+03
-2.293210999999999785e+03
-2.338875000000000000e+03
-2.340360000000000127e+03
-2.326251999999999953e+03
-2.325139000000000124e+03
-2.351869000000000142e+03
-2.329594000000000051e+03
-2.340731000000000222e+03
-2.374885999999999967e+03
-2.330708000000000084e+03
-2.344815000000000055e+03
-2.362264000000000124e+03
-2.315856999999999971e+03
-2.324396000000000186e+03
-2.348898999999999887e+03
-2.292840000000000146e+03
-2.327365999999999985e+03
-2.309545999999999822e+03
-2.340360000000000127e+03
-2.298409000000000106e+03
-2.347414000000000215e+03
-2.325510000000000218e+03
-2.325510000000000218e+03
-2.360778999999999996e+03
-2.365976000000000113e+03
-2.341844999999999800e+03
-2.379340999999999894e+03
-2.354838999999999942e+03
-2.378599000000000160e+03
-2.391592999999999847e+03
-2.389735999999999876e+03
-2.342586999999999989e+03
-2.402730000000000018e+03
-2.373400999999999840e+03
-2.384539000000000215e+03
-2.381568999999999960e+03
-2.377485000000000127e+03
-2.390106999999999971e+03
-2.367833000000000084e+03
-2.435400000000000091e+03
-2.368574999999999818e+03
-2.410155000000000200e+03
-2.434657000000000153e+03
-2.377856000000000222e+03
-2.430945000000000164e+03
-2.420550000000000182e+03
-2.376000000000000000e+03
-2.399760000000000218e+03
-2.464356999999999971e+03
-2.390849999999999909e+03
-2.420920999999999822e+03
-2.470297999999999774e+03
-2.423519999999999982e+03
-2.443938999999999851e+03
-2.480320999999999913e+03
-2.447280000000000200e+03
-2.467327999999999975e+03
-2.479949999999999818e+03
-2.442083000000000084e+03
-2.497027999999999793e+03
-2.479949999999999818e+03
-2.477351000000000113e+03
-2.484775999999999840e+03
-2.500739999999999782e+03
-2.491086999999999989e+03
-2.515960999999999785e+03
-2.527099000000000160e+03
-2.498512000000000171e+03
-2.544918999999999869e+03
-2.541949000000000069e+03
-2.519302000000000135e+03
-2.550115999999999985e+03
-2.541206000000000131e+03
-2.528583999999999833e+03
-2.552715000000000146e+03
-2.585385000000000218e+03
-2.548630999999999858e+03
-2.570905999999999949e+03
-2.553458000000000084e+03
-2.535266000000000076e+03
-2.535637000000000171e+03
-2.546403999999999996e+03
-2.518559999999999945e+03
-2.543063000000000102e+03
-2.566451000000000022e+03
-2.540835000000000036e+03
-2.538235999999999876e+03
-2.557541000000000167e+03
-2.580188000000000102e+03
-2.569050000000000182e+03
-2.596150999999999840e+03
-2.567936000000000149e+03
-2.578331000000000131e+03
-2.592068000000000211e+03
-2.573505000000000109e+03
-2.591695999999999913e+03
-2.581672999999999774e+03
-2.576474999999999909e+03
-2.573876000000000204e+03
-2.618054999999999836e+03
-2.589840000000000146e+03
-2.600235000000000127e+03
-2.645898999999999887e+03
-2.611373000000000047e+03
-2.621768000000000029e+03
-2.638103000000000065e+03
-2.658893000000000029e+03
-2.627335999999999785e+03
-2.654065999999999804e+03
-2.651096000000000004e+03
-2.658150000000000091e+03
-2.676713000000000193e+03
-2.664090000000000146e+03
-2.661862999999999829e+03
-2.698615999999999985e+03
-2.671514999999999873e+03
-2.649981999999999971e+03
-2.683766000000000076e+03
-2.680425000000000182e+03
-2.684137000000000171e+03
-2.711981000000000222e+03
-2.712724000000000160e+03
-2.681166999999999916e+03
-2.713465999999999894e+03
-2.685623000000000047e+03
-2.692304999999999836e+03
-2.734998999999999796e+03
-2.728315999999999804e+03
-2.684509000000000015e+03
-2.720891000000000076e+03
-2.697501999999999953e+03
-2.712724000000000160e+03
-2.699730000000000018e+03
-2.727574000000000069e+03
-2.664833000000000084e+03
-2.726088999999999942e+03
-2.723489999999999782e+03
-2.667059999999999945e+03
-2.729429999999999836e+03
-2.720519999999999982e+03
-2.686364999999999782e+03
-2.758387000000000171e+03
-2.759873000000000047e+03
-2.708268999999999778e+03
-2.710867000000000189e+03
-2.746135999999999967e+03
-2.729429999999999836e+03
-2.723119000000000142e+03
-2.771751999999999953e+03
-2.711239000000000033e+03
-2.706041000000000167e+03
-2.747250000000000000e+03
-2.709753999999999905e+03
-2.722005000000000109e+03
-2.729800999999999931e+03
-2.716436000000000149e+03
-2.747621000000000095e+03
-2.790315000000000055e+03
-2.696018000000000029e+03
-2.746507999999999811e+03
-2.785489000000000033e+03
-2.719405999999999949e+03
-2.743538000000000011e+03
-2.755789000000000215e+03
-2.753561000000000149e+03
-2.714951000000000022e+03
-2.760985999999999876e+03
-2.712353000000000065e+03
-2.697873999999999796e+03
-2.713838000000000193e+03
-2.707155000000000200e+03
-2.707896999999999935e+03
-2.730914999999999964e+03
-2.681909999999999854e+03
-2.708639999999999873e+03
-2.685994000000000142e+03
-2.718291999999999916e+03
-2.711610000000000127e+03
-2.756159999999999854e+03
-2.719034999999999854e+03
-2.726460000000000036e+03
-2.759130000000000109e+03
-2.739454000000000178e+03
-2.710125000000000000e+03
-2.714951000000000022e+03
-2.726088999999999942e+03
-2.699730000000000018e+03
-2.720148999999999887e+03
-2.754675000000000182e+03
-2.736855000000000018e+03
-2.756530999999999949e+03
-2.771751999999999953e+03
-2.745021999999999935e+03
-2.756159999999999854e+03
-2.749849000000000160e+03
-2.747621000000000095e+03
-2.769525000000000091e+03
-2.757644999999999982e+03
-2.750590999999999894e+03
-2.791057999999999993e+03
-2.761356999999999971e+03
