-1.260394000000000005e+03
-1.206563000000000102e+03
-1.259651000000000067e+03
-1.281183999999999969e+03
-1.219184999999999945e+03
-1.253711000000000013e+03
-1.263734999999999900e+03
-1.229951000000000022e+03
-1.280441000000000031e+03
-1.313482999999999947e+03
-1.303087999999999965e+03
-1.326476000000000113e+03
-1.347637999999999920e+03
-1.339470000000000027e+03
-1.351721000000000004e+03
-1.371396999999999935e+03
-1.353949000000000069e+03
-1.386618999999999915e+03
-1.407779999999999973e+03
-1.425229000000000042e+03
-1.380307000000000016e+03
-1.406665999999999940e+03
-1.421887999999999920e+03
-1.433395999999999958e+03
-1.438594000000000051e+03
-1.447133000000000038e+03
-1.450103000000000065e+03
-1.492054000000000087e+03
-1.482401000000000067e+03
-1.467550999999999931e+03
-1.526209000000000060e+03
-1.456785000000000082e+03
-1.466808999999999969e+03
-1.512844000000000051e+03
-1.529179000000000087e+03
-1.507275000000000091e+03
-1.535118999999999915e+03
-1.552939000000000078e+03
-1.542172000000000025e+03
-1.563334000000000060e+03
-1.562962999999999965e+03
-1.570387999999999920e+03
-1.573729000000000042e+03
-1.594519000000000005e+03
-1.556651000000000067e+03
-1.590064000000000078e+03
-1.620506000000000085e+03
-1.576327999999999975e+03
-1.627931000000000040e+03
-1.632385999999999967e+03
-1.628301999999999907e+03
-1.614938000000000102e+03
-1.644266000000000076e+03
-1.665426999999999907e+03
-1.679905999999999949e+03
-1.695499000000000024e+03
-1.677307000000000016e+03
-1.693642000000000053e+03
-1.708492999999999938e+03
-1.688444999999999936e+03
-1.709234999999999900e+03
-1.761580999999999904e+03
-1.744133000000000038e+03
-1.749329999999999927e+03
-1.773833000000000084e+03
-1.740790999999999940e+03
-1.758240000000000009e+03
-1.773461000000000013e+03
-1.740790999999999940e+03
-1.758611000000000104e+03
-1.766036000000000058e+03
-1.777545000000000073e+03
-1.765294000000000096e+03
-1.801675999999999931e+03
-1.766036000000000058e+03
-1.822095000000000027e+03
-1.835088999999999942e+03
-1.781258000000000038e+03
-1.766406999999999925e+03
-1.768263999999999896e+03
-1.780515000000000100e+03
-1.772347999999999956e+03
-1.823209000000000060e+03
-1.807988000000000056e+03
-1.806131000000000085e+03
-1.794993999999999915e+03
-1.810214999999999918e+03
-1.784598999999999933e+03
-1.845483999999999924e+03
-1.820609999999999900e+03
-1.812070999999999913e+03
-1.836574000000000069e+03
-1.820980999999999995e+03
-1.832118999999999915e+03
-1.829148999999999887e+03
-1.826921000000000049e+03
-1.842143000000000029e+03
-1.882980000000000018e+03
-1.866273999999999887e+03
-1.862932000000000016e+03
-1.905998000000000047e+03
-1.873699000000000069e+03
-1.894117999999999938e+03
-1.902655999999999949e+03
-1.916763999999999896e+03
-1.899685999999999922e+03
-1.917134999999999991e+03
-1.929015000000000100e+03
-1.913050999999999931e+03
-1.937182000000000016e+03
-1.952403999999999996e+03
-1.942380000000000109e+03
-1.960942999999999984e+03
-1.987672000000000025e+03
-1.944979000000000042e+03
-1.963912000000000035e+03
-1.988414999999999964e+03
-1.959086000000000013e+03
-1.971709000000000060e+03
-1.999181000000000040e+03
-1.986188000000000102e+03
-1.952403999999999996e+03
-1.985816000000000031e+03
-1.955002999999999929e+03
-1.967996000000000095e+03
-1.970595000000000027e+03
-1.949805000000000064e+03
-1.972451000000000022e+03
-1.969480999999999995e+03
-1.959828999999999951e+03
-1.940152000000000044e+03
-1.983218000000000075e+03
-1.950919000000000096e+03
-1.966510999999999967e+03
-1.997325000000000045e+03
-1.982474999999999909e+03
-1.997695999999999913e+03
-2.015144999999999982e+03
-2.011804000000000087e+03
-2.044845000000000027e+03
-2.054498000000000047e+03
-2.013660000000000082e+03
-2.018486000000000104e+03
-2.038162000000000035e+03
-2.011804000000000087e+03
-2.020713999999999942e+03
-2.064521000000000186e+03
-2.046329999999999927e+03
-2.044845000000000027e+03
-2.079000000000000000e+03
-2.034820999999999913e+03
-2.029252999999999929e+03
-2.054498000000000047e+03
-2.062664999999999964e+03
-2.042617999999999938e+03
-2.063407000000000153e+03
-2.071574999999999818e+03
-2.061550999999999931e+03
-2.088652999999999793e+03
-2.090880000000000109e+03
-2.088652999999999793e+03
-2.104615999999999985e+03
-2.120951000000000022e+03
-2.123920999999999822e+03
-2.122807999999999993e+03
-2.125777999999999793e+03
-2.120208999999999833e+03
-2.157704999999999927e+03
-2.120579999999999927e+03
-2.133574000000000069e+03
-2.167728999999999814e+03
-2.164387000000000171e+03
-2.159932999999999993e+03
-2.172554999999999836e+03
-2.171440999999999804e+03
-2.146568000000000211e+03
-2.166985999999999876e+03
-2.173668999999999869e+03
-2.181835999999999785e+03
-2.205967999999999847e+03
-2.222302000000000135e+03
-2.204481999999999971e+03
-2.218590000000000146e+03
-2.208938000000000102e+03
-2.222302000000000135e+03
-2.226757999999999811e+03
-2.198541999999999916e+03
-2.224530000000000200e+03
-2.212278999999999996e+03
-2.234182999999999993e+03
-2.258684999999999945e+03
-2.260170000000000073e+03
-2.254230000000000018e+03
-2.231211999999999989e+03
-2.259798999999999978e+03
-2.270565000000000055e+03
-2.280217999999999847e+03
-2.277248000000000047e+03
-2.287271000000000186e+03
-2.250146000000000186e+03
-2.308804000000000087e+03
-2.277619000000000142e+03
-2.269451000000000022e+03
-2.305833999999999833e+03
-2.303978000000000065e+03
-2.262396999999999935e+03
-2.271679000000000087e+03
-2.287271000000000186e+03
-2.230469999999999800e+03
-2.234554000000000087e+03
-2.251260000000000218e+03
-2.263510999999999967e+03
-2.271307999999999993e+03
-2.269822999999999865e+03
-2.276876000000000204e+03
-2.295438999999999851e+03
-2.270193999999999960e+03
-2.261655000000000200e+03
-2.270193999999999960e+03
-2.279103999999999814e+03
-2.242349999999999909e+03
-2.275391000000000076e+03
-2.278731999999999971e+03
-2.253115999999999985e+03
-2.290612999999999829e+03
-2.299150999999999840e+03
-2.285043999999999869e+03
-2.275019999999999982e+03
-2.251630999999999858e+03
-2.225271999999999935e+03
-2.256829000000000178e+03
-2.258684999999999945e+03
-2.227128999999999905e+03
-2.224159000000000106e+03
-2.263139999999999873e+03
-2.236039000000000215e+03
-2.248289999999999964e+03
-2.247547999999999774e+03
-2.231211999999999989e+03
-2.246804999999999836e+03
-2.262396999999999935e+03
-2.262025999999999840e+03
-2.262768999999999778e+03
-2.285414999999999964e+03
-2.266481000000000222e+03
-2.269822999999999865e+03
-2.254601000000000113e+03
-2.245690999999999804e+03
-2.241978999999999814e+03
-2.264253999999999905e+03
-2.281702999999999975e+03
-2.260541000000000167e+03
-2.287271000000000186e+03
-2.250146000000000186e+03
-2.282074000000000069e+03
-2.277619000000000142e+03
-2.277619000000000142e+03
-2.300635999999999967e+03
-2.316599999999999909e+03
-2.308061000000000149e+03
-2.284300999999999931e+03
-2.329594000000000051e+03
-2.326994999999999891e+03
-2.322539999999999964e+03
-2.359664999999999964e+03
-2.367460999999999785e+03
-2.342586999999999989e+03
-2.379711999999999989e+03
-2.388994000000000142e+03
-2.363376999999999953e+03
-2.385652999999999793e+03
-2.378969999999999800e+03
-2.356324000000000069e+03
-2.381197999999999865e+03
-2.381568999999999960e+03
-2.369688999999999851e+03
-2.378228000000000065e+03
-2.352610999999999876e+03
-2.361150000000000091e+03
-2.350012000000000171e+03
-2.370802000000000135e+03
-2.387137000000000171e+03
-2.370059999999999945e+03
-2.345186000000000149e+03
-2.352981999999999971e+03
-2.378599000000000160e+03
-2.380454999999999927e+03
-2.378969999999999800e+03
-2.396047999999999774e+03
-2.397903999999999996e+03
-2.370802000000000135e+03
-2.386766000000000076e+03
-2.380826000000000022e+03
-2.341844999999999800e+03
-2.372288000000000011e+03
-2.379340999999999894e+03
-2.354467999999999847e+03
-2.380454999999999927e+03
-2.385280999999999949e+03
-2.367090000000000146e+03
-2.360778999999999996e+03
-2.404958000000000084e+03
-2.389364999999999782e+03
-2.402358999999999924e+03
-2.396789999999999964e+03
-2.397903999999999996e+03
-2.416094999999999800e+03
-2.406443000000000211e+03
-2.403844000000000051e+03
-2.420920999999999822e+03
-2.429088999999999942e+03
-2.418693999999999960e+03
-2.432059000000000196e+03
-2.418693999999999960e+03
-2.380826000000000022e+03
-2.439483999999999924e+03
-2.411268999999999778e+03
-2.339617000000000189e+03
-2.335163000000000011e+03
-2.363005999999999858e+03
-2.335905000000000200e+03
-2.311402999999999793e+03
-2.355210000000000036e+03
-2.361521000000000186e+03
-2.327365999999999985e+03
-2.365233999999999924e+03
-2.335163000000000011e+03
-2.336275999999999840e+03
-2.363376999999999953e+03
-2.338875000000000000e+03
-2.344443999999999960e+03
-2.372659000000000106e+03
-2.355952999999999975e+03
-2.362264000000000124e+03
-2.374885999999999967e+03
-2.363376999999999953e+03
-2.374514999999999873e+03
-2.384539000000000215e+03
-2.393077999999999975e+03
-2.378228000000000065e+03
-2.379340999999999894e+03
-2.381197999999999865e+03
-2.380826000000000022e+03
-2.389735999999999876e+03
-2.398646000000000186e+03
-2.381568999999999960e+03
-2.419065000000000055e+03
-2.409784000000000106e+03
-2.403844000000000051e+03
-2.422034999999999854e+03
-2.399389000000000124e+03
-2.402358999999999924e+03
-2.405329000000000178e+03
-2.413496000000000095e+03
-2.403472000000000207e+03
-2.415353000000000065e+03
-2.419065000000000055e+03
-2.427231999999999971e+03
-2.433914999999999964e+03
-2.436885000000000218e+03
-2.432059000000000196e+03
-2.433914999999999964e+03
-2.446166000000000167e+03
-2.440597000000000207e+03
-2.433914999999999964e+03
-2.445795000000000073e+03
-2.420179000000000087e+03
-2.432800999999999931e+03
-2.448764999999999873e+03
-2.442824999999999818e+03
-2.450992000000000189e+03
-2.442824999999999818e+03
-2.448393999999999778e+03
-2.446166000000000167e+03
-2.462130000000000109e+03
-2.452106000000000222e+03
-2.436514000000000124e+03
-2.410155000000000200e+03
-2.401987999999999829e+03
-2.423891000000000076e+03
-2.414610000000000127e+03
-2.400873999999999796e+03
-2.423148999999999887e+03
-2.446538000000000011e+03
-2.408670000000000073e+03
-2.415724000000000160e+03
-2.455076000000000022e+03
-2.423891000000000076e+03
-2.445052000000000135e+03
-2.465471000000000004e+03
-2.435771000000000186e+03
-2.395304999999999836e+03
-2.384539000000000215e+03
-2.369318000000000211e+03
-2.363005999999999858e+03
-2.378969999999999800e+03
-2.380454999999999927e+03
-2.361521000000000186e+03
-2.380083999999999833e+03
-2.361893000000000029e+03
-2.367833000000000084e+03
-2.386394999999999982e+03
-2.384166999999999916e+03
-2.397532000000000153e+03
-2.390478999999999814e+03
-2.377114000000000033e+03
-2.399018000000000029e+03
-2.386766000000000076e+03
-2.381197999999999865e+03
-2.405699999999999818e+03
-2.409784000000000106e+03
-2.398275000000000091e+03
