6.311442999999999692e+00
7.053965999999999958e+00
-1.373625000000000007e+01
-3.786749999999999972e+01
-5.717249999999999943e+01
-4.752000000000000313e+01
-6.942374999999999829e+01
-4.752000000000000313e+01
-6.682500000000000284e+01
-9.763875000000000171e+01
-1.006086999999999989e+02
-1.180575000000000045e+02
-1.143449999999999989e+02
-1.110037999999999982e+02
-8.056125000000000114e+01
-6.868125000000000568e+01
-9.615375000000000227e+01
-1.080337999999999994e+02
-1.132313000000000045e+02
-1.180575000000000045e+02
-1.433025000000000091e+02
-1.407038000000000011e+02
-1.369912999999999954e+02
-1.310512999999999977e+02
-1.447874999999999943e+02
-1.666913000000000125e+02
-1.492425000000000068e+02
-1.692899999999999920e+02
-1.822838000000000136e+02
-1.893375000000000057e+02
-1.718887000000000000e+02
-1.900800000000000125e+02
-2.064149999999999920e+02
-1.919362000000000137e+02
-2.390850000000000080e+02
-2.275762000000000000e+02
-2.108700000000000045e+02
-2.821499999999999773e+02
-2.487375000000000114e+02
-9.615375000000000227e+01
-9.838124999999999432e+01
-1.295663000000000125e+02
-6.348375000000000057e+01
-7.684874999999999545e+01
-1.002374999999999972e+02
-9.541124999999999545e+01
-7.573499999999999943e+01
-1.091474999999999937e+02
-1.080337999999999994e+02
-9.466875000000000284e+01
-1.158299999999999983e+02
-8.947124999999999773e+01
-9.466875000000000284e+01
-1.384763000000000090e+02
-1.084050000000000011e+02
-9.578249999999999886e+01
-1.395900000000000034e+02
-1.239975000000000023e+02
-1.061774999999999949e+02
-1.180575000000000045e+02
-1.132313000000000045e+02
-1.136025000000000063e+02
-1.210275000000000034e+02
-1.136025000000000063e+02
-1.295663000000000125e+02
-1.336500000000000057e+02
-1.213987999999999943e+02
-1.343925000000000125e+02
-1.518411999999999864e+02
-1.403325000000000102e+02
-1.184287000000000063e+02
-1.035788000000000011e+02
-1.351349999999999909e+02
-1.381049999999999898e+02
-1.310512999999999977e+02
-1.366200000000000045e+02
-1.343925000000000125e+02
-1.392187999999999874e+02
-1.269675000000000011e+02
-1.265962999999999994e+02
-1.462725000000000080e+02
-1.455300000000000011e+02
-1.269675000000000011e+02
-1.429311999999999898e+02
-1.518411999999999864e+02
-1.410749999999999886e+02
-1.577812999999999874e+02
-1.607512999999999863e+02
-1.362487000000000137e+02
-1.303086999999999875e+02
-1.533262000000000000e+02
-1.611225000000000023e+02
-1.811699999999999875e+02
-1.614937999999999931e+02
-1.704036999999999864e+02
-1.830261999999999887e+02
-1.726313000000000102e+02
-1.811699999999999875e+02
-1.882238000000000113e+02
-1.730024999999999977e+02
-2.060437000000000012e+02
-2.134687999999999874e+02
-2.056725000000000136e+02
-2.067863000000000113e+02
-2.053012999999999977e+02
-2.138400000000000034e+02
-1.975049999999999955e+02
-2.082712999999999965e+02
-1.756013000000000090e+02
-1.659487000000000023e+02
-1.770862999999999943e+02
-1.793137999999999863e+02
-2.038163000000000125e+02
-1.793137999999999863e+02
-1.982475000000000023e+02
-2.138400000000000034e+02
-1.915649999999999977e+02
-2.019600000000000080e+02
-1.949062999999999874e+02
-2.171812999999999931e+02
-2.338874999999999886e+02
-1.960200000000000102e+02
-2.149538000000000011e+02
-2.049300000000000068e+02
-2.041875000000000000e+02
-2.275762000000000000e+02
-2.186662000000000035e+02
-2.104987000000000137e+02
-2.253488000000000113e+02
-2.130974999999999966e+02
-2.138400000000000034e+02
-2.130974999999999966e+02
-2.398274999999999864e+02
-1.748586999999999989e+02
-1.949062999999999874e+02
-2.060437000000000012e+02
-2.186662000000000035e+02
-1.874812000000000012e+02
-1.941638000000000090e+02
-1.800562999999999931e+02
-1.852538000000000125e+02
-2.045586999999999875e+02
-1.692899999999999920e+02
-1.733737000000000137e+02
-2.053012999999999977e+02
-1.707750000000000057e+02
-1.726313000000000102e+02
-1.871100000000000136e+02
-1.748586999999999989e+02
-1.548112000000000137e+02
-1.674336999999999875e+02
-1.574099999999999966e+02
-1.882238000000000113e+02
-1.785713000000000079e+02
-1.648350000000000080e+02
-1.711462999999999965e+02
-2.067863000000000113e+02
-1.997324999999999875e+02
-1.718887000000000000e+02
-2.064149999999999920e+02
-2.034449999999999932e+02
-1.908224999999999909e+02
-1.770862999999999943e+02
-1.878524999999999920e+02
-1.989900000000000091e+02
-1.882238000000000113e+02
-1.692899999999999920e+02
-1.756013000000000090e+02
-2.012175000000000011e+02
-1.796850000000000023e+02
-1.900800000000000125e+02
-2.093849999999999909e+02
-1.975049999999999955e+02
-1.956487999999999943e+02
-1.971338000000000079e+02
-2.086425000000000125e+02
-2.175525000000000091e+02
-2.145825000000000102e+02
-2.257199999999999989e+02
-2.257199999999999989e+02
-2.260911999999999864e+02
-2.249774999999999920e+02
-2.361150000000000091e+02
-2.338874999999999886e+02
-2.234925000000000068e+02
-2.246062000000000012e+02
-2.387136999999999887e+02
-2.364863000000000000e+02
-2.554199999999999875e+02
-2.535637999999999863e+02
-2.561625000000000227e+02
-2.572762000000000171e+02
-2.658149999999999977e+02
-2.375999999999999943e+02
-2.628450000000000273e+02
-2.554199999999999875e+02
-2.249774999999999920e+02
-2.450250000000000057e+02
-2.320312999999999874e+02
-2.420550000000000068e+02
-2.309174999999999898e+02
-2.212649999999999864e+02
-1.989900000000000091e+02
-2.012175000000000011e+02
-2.145825000000000102e+02
-1.926787999999999954e+02
-1.967624999999999886e+02
-2.053012999999999977e+02
-2.164387999999999863e+02
-2.127263000000000090e+02
-2.220074999999999932e+02
-2.071574999999999989e+02
-2.305461999999999989e+02
-2.249774999999999920e+02
-2.060437000000000012e+02
-2.194088000000000136e+02
-2.086425000000000125e+02
-2.097563000000000102e+02
-2.008463000000000136e+02
-2.208937999999999988e+02
-2.175525000000000091e+02
-2.208937999999999988e+02
-2.201511999999999887e+02
-2.194088000000000136e+02
-2.257199999999999989e+02
-2.116125000000000114e+02
-1.978762999999999863e+02
-2.064149999999999920e+02
-2.019600000000000080e+02
-1.971338000000000079e+02
-1.945349999999999966e+02
-2.145825000000000102e+02
-2.086425000000000125e+02
-1.967624999999999886e+02
-2.034449999999999932e+02
-1.871100000000000136e+02
-1.555537999999999954e+02
-1.640925000000000011e+02
-1.700324999999999989e+02
-1.592663000000000011e+02
-1.421887999999999863e+02
-1.247399999999999949e+02
-1.239975000000000023e+02
-1.362487000000000137e+02
-1.381049999999999898e+02
-1.239975000000000023e+02
-1.251113000000000000e+02
-1.336500000000000057e+02
-1.221413000000000011e+02
-1.336500000000000057e+02
-1.128599999999999994e+02
-1.496137999999999977e+02
-1.444162000000000035e+02
-1.347637000000000000e+02
-1.247399999999999949e+02
-1.392187999999999874e+02
-1.295663000000000125e+02
-1.358774999999999977e+02
-1.362487000000000137e+02
-1.377336999999999989e+02
-1.395900000000000034e+02
-1.410749999999999886e+02
-1.555537999999999954e+02
-1.436738000000000000e+02
-1.069200000000000017e+02
-1.425600000000000023e+02
-1.536974999999999909e+02
-1.433025000000000091e+02
-1.254825000000000017e+02
-1.314225000000000136e+02
-1.421887999999999863e+02
-1.395900000000000034e+02
-1.403325000000000102e+02
-1.377336999999999989e+02
-1.548112000000000137e+02
-1.239975000000000023e+02
-1.299375000000000000e+02
-1.373625000000000114e+02
-1.510988000000000113e+02
-1.117463000000000051e+02
-1.262249999999999943e+02
-1.343925000000000125e+02
-1.358774999999999977e+02
-1.395900000000000034e+02
-1.444162000000000035e+02
-1.488711999999999875e+02
-1.366200000000000045e+02
-1.269675000000000011e+02
-1.470149999999999864e+02
-1.551825000000000045e+02
-1.373625000000000114e+02
-1.522125000000000057e+02
-1.607512999999999863e+02
-1.566674999999999898e+02
-1.444162000000000035e+02
-1.629787000000000035e+02
-1.681762999999999977e+02
-1.548112000000000137e+02
-1.529550000000000125e+02
-1.592663000000000011e+02
-1.611225000000000023e+02
-1.607512999999999863e+02
-1.659487000000000023e+02
-1.752299999999999898e+02
-1.804275000000000091e+02
-1.555537999999999954e+02
-1.678050000000000068e+02
-1.952775000000000034e+02
-1.596374999999999886e+02
-1.614937999999999931e+02
-1.830261999999999887e+02
-1.796850000000000023e+02
-1.726313000000000102e+02
-1.856250000000000000e+02
-1.730024999999999977e+02
-1.722599999999999909e+02
-2.138400000000000034e+02
-1.963913000000000011e+02
-1.774575000000000102e+02
-1.934211999999999989e+02
-2.071574999999999989e+02
-1.737450000000000045e+02
-1.978762999999999863e+02
-1.793137999999999863e+02
-1.967624999999999886e+02
-1.830261999999999887e+02
-2.012175000000000011e+02
-1.778288000000000011e+02
-1.815412000000000035e+02
-1.848824999999999932e+02
-1.852538000000000125e+02
-1.963913000000000011e+02
-1.908224999999999909e+02
-1.919362000000000137e+02
-1.997324999999999875e+02
-1.934211999999999989e+02
-1.859961999999999875e+02
-1.978762999999999863e+02
-1.923075000000000045e+02
-1.967624999999999886e+02
-2.104987000000000137e+02
-1.926787999999999954e+02
-2.045586999999999875e+02
-2.175525000000000091e+02
-2.023312999999999988e+02
-1.956487999999999943e+02
-2.023312999999999988e+02
-2.156963000000000079e+02
-1.986187999999999931e+02
-2.060437000000000012e+02
-2.041875000000000000e+02
-2.056725000000000136e+02
-2.179238000000000000e+02
-2.194088000000000136e+02
-2.182949999999999875e+02
-2.268337999999999965e+02
-2.201511999999999887e+02
-2.145825000000000102e+02
-2.372288000000000068e+02
-2.242350000000000136e+02
-2.001037000000000035e+02
-2.171812999999999931e+02
-2.186662000000000035e+02
-2.201511999999999887e+02
-2.272050000000000125e+02
-2.279474999999999909e+02
-2.205225000000000080e+02
-2.220074999999999932e+02
-2.231211999999999875e+02
-2.119836999999999989e+02
-2.520788000000000011e+02
-2.494799999999999898e+02
-1.815412000000000035e+02
-1.993613000000000000e+02
-2.049300000000000068e+02
-1.900800000000000125e+02
-1.893375000000000057e+02
-1.919362000000000137e+02
-1.893375000000000057e+02
-2.116125000000000114e+02
-1.941638000000000090e+02
-1.748586999999999989e+02
-1.696613000000000113e+02
-1.707750000000000057e+02
-1.722599999999999909e+02
-1.585237999999999943e+02
-1.633499999999999943e+02
-1.603799999999999955e+02
-1.652062999999999988e+02
-1.574099999999999966e+02
-1.633499999999999943e+02
-1.748586999999999989e+02
-1.514699999999999989e+02
-1.366200000000000045e+02
-1.800562999999999931e+02
-1.781999999999999886e+02
-1.421887999999999863e+02
-1.518411999999999864e+02
-1.852538000000000125e+02
-1.700324999999999989e+02
-1.659487000000000023e+02
-1.507274999999999920e+02
-1.574099999999999966e+02
-1.559250000000000114e+02
-1.678050000000000068e+02
-1.514699999999999989e+02
-1.655774999999999864e+02
-1.919362000000000137e+02
-1.596374999999999886e+02
-1.640925000000000011e+02
-1.715175000000000125e+02
-1.796850000000000023e+02
