-2.722005000000000109e+03
-2.795141000000000076e+03
-2.768411000000000058e+03
-2.763956000000000131e+03
-2.840063000000000102e+03
-2.827440000000000055e+03
-2.842289999999999964e+03
-2.868277999999999793e+03
-2.831523999999999887e+03
-2.843775000000000091e+03
-2.900204999999999927e+03
-2.870134000000000015e+03
-2.895007999999999811e+03
-2.925449999999999818e+03
-2.934360000000000127e+03
-2.951065999999999804e+03
-2.962204000000000178e+03
-2.964802000000000135e+03
-2.977425000000000182e+03
-3.026059000000000196e+03
-2.984478999999999814e+03
-2.958862999999999829e+03
-3.008981000000000222e+03
-3.018634000000000015e+03
-3.077663000000000011e+03
-3.072094000000000051e+03
-3.055759000000000015e+03
-3.033855000000000018e+03
-3.061327999999999975e+03
-3.025688000000000102e+03
-3.073208000000000084e+03
-3.067639000000000124e+03
-3.080632999999999811e+03
-3.102907000000000153e+03
-3.056130000000000109e+03
-3.096596000000000004e+03
-3.080632999999999811e+03
-3.088800000000000182e+03
-3.129266000000000076e+03
-3.107733999999999924e+03
-3.133721000000000004e+03
-3.118871000000000095e+03
-3.141889000000000124e+03
-3.114416000000000167e+03
-3.164164000000000215e+03
-3.157481000000000222e+03
-3.162679000000000087e+03
-3.203516000000000076e+03
-3.162307999999999993e+03
-3.218365999999999985e+03
-3.193864000000000033e+03
-3.202030999999999949e+03
-3.174929999999999836e+03
-3.233588000000000193e+03
-3.219480000000000018e+03
-3.220965000000000146e+03
-3.258460999999999785e+03
-3.205744000000000142e+03
-3.190150999999999840e+03
-3.225048999999999978e+03
-3.236557999999999993e+03
-3.223193000000000211e+03
-3.254376999999999953e+03
-3.259945999999999913e+03
-3.245838999999999942e+03
-3.242498000000000047e+03
-3.255119999999999891e+03
-3.298927000000000135e+03
-3.308208999999999833e+03
-3.287418999999999869e+03
-3.290760000000000218e+03
-3.294101000000000113e+03
-3.370949999999999818e+03
-3.327885000000000218e+03
-3.341621000000000095e+03
-3.353501000000000204e+03
-3.365751999999999953e+03
-3.333454000000000178e+03
-3.382088000000000193e+03
-3.354985999999999876e+03
-3.417356000000000222e+03
-3.354244000000000142e+03
-3.389884000000000015e+03
-3.396938000000000102e+03
-3.360184000000000196e+03
-3.447798999999999978e+03
-3.419583999999999833e+03
-3.398050999999999931e+03
-3.370579000000000178e+03
-3.428864999999999782e+03
-3.398050999999999931e+03
-3.424409999999999854e+03
-3.444085999999999785e+03
-3.423295999999999822e+03
-3.441858999999999924e+03
-3.484181000000000040e+03
-3.475271000000000186e+03
-3.445199999999999818e+03
-3.488264999999999873e+03
-3.475643000000000029e+03
-3.487893999999999778e+03
-3.476755999999999858e+03
-3.445570999999999913e+03
-3.447798999999999978e+03
-3.474900000000000091e+03
-3.476755999999999858e+03
-3.452625000000000000e+03
-3.527617000000000189e+03
-3.470074000000000069e+03
-3.476385000000000218e+03
-3.504228999999999814e+03
-3.509425999999999931e+03
-3.499030999999999949e+03
-3.523163000000000011e+03
-3.555460999999999785e+03
-3.570682999999999993e+03
-3.576994000000000142e+03
-3.526503999999999905e+03
-3.527989000000000033e+03
-3.569940000000000055e+03
-3.515737999999999829e+03
-3.495318999999999960e+03
-3.490121000000000095e+03
-3.526132999999999811e+03
-3.462277999999999793e+03
-3.516108999999999924e+03
-3.500144999999999982e+03
-3.489007999999999811e+03
-3.494204999999999927e+03
-3.502373000000000047e+03
-3.506827999999999975e+03
-3.490864000000000033e+03
-3.595184999999999945e+03
-3.506456000000000131e+03
-3.527246000000000095e+03
-3.541353999999999814e+03
-3.575509000000000015e+03
-3.530215999999999894e+03
-3.581820000000000164e+03
-3.595556000000000040e+03
-3.518708000000000084e+03
-3.615974999999999909e+03
-3.546179999999999836e+03
-3.605579999999999927e+03
-3.584047999999999774e+03
-3.590730000000000018e+03
-3.624143000000000029e+03
-3.623028999999999996e+03
-3.599268999999999778e+03
-3.626369999999999891e+03
-3.640106000000000222e+03
-3.620429999999999836e+03
-3.622286000000000058e+03
-3.644932999999999993e+03
-3.629340000000000146e+03
-3.625626999999999953e+03
-3.625255999999999858e+03
-3.662380999999999858e+03
-3.629710999999999785e+03
-3.651985999999999876e+03
-3.651985999999999876e+03
-3.660153999999999996e+03
-3.658668999999999869e+03
-3.590730000000000018e+03
-3.614489999999999782e+03
-3.587389000000000124e+03
-3.620800999999999931e+03
-3.611519999999999982e+03
-3.616346000000000004e+03
-3.617460000000000036e+03
-3.631195999999999913e+03
-3.602239000000000033e+03
-3.589615999999999985e+03
-3.569940000000000055e+03
-3.582934000000000196e+03
-3.621914999999999964e+03
-3.519820999999999913e+03
-3.516480000000000018e+03
-3.491978000000000065e+03
-3.471559000000000196e+03
-3.433690999999999804e+03
-3.471188000000000102e+03
-3.429606999999999971e+03
-3.447427000000000135e+03
-3.480097000000000207e+03
-3.435547999999999774e+03
-3.447798999999999978e+03
-3.442601000000000113e+03
-3.401393000000000029e+03
-3.431463999999999942e+03
-3.408818000000000211e+03
-3.422554000000000087e+03
-3.429978999999999814e+03
-3.457822999999999865e+03
-3.387284999999999854e+03
-3.476014000000000124e+03
-3.418469999999999800e+03
-3.436661000000000058e+03
-3.417356000000000222e+03
-3.442230000000000018e+03
-3.446313999999999851e+03
-3.424039000000000215e+03
-3.444458000000000084e+03
-3.432577999999999975e+03
-3.446313999999999851e+03
-3.395452999999999975e+03
-3.440744999999999891e+03
-3.427009000000000015e+03
-3.478612999999999829e+03
-3.454853000000000065e+03
-3.457451000000000022e+03
-3.461534999999999854e+03
-3.468588999999999942e+03
-3.459307999999999993e+03
-3.450025999999999840e+03
-3.496804000000000087e+03
-3.452996000000000095e+03
-3.506827999999999975e+03
-3.478240999999999985e+03
-3.469702999999999975e+03
-3.487150999999999840e+03
-3.478240999999999985e+03
-3.476385000000000218e+03
-3.448170000000000073e+03
-3.504228999999999814e+03
-3.450396999999999935e+03
-3.473043999999999869e+03
-3.491978000000000065e+03
-3.483438999999999851e+03
-3.503114999999999782e+03
-3.494947999999999865e+03
-3.483809999999999945e+03
-3.468960000000000036e+03
-3.473414999999999964e+03
-3.487521999999999935e+03
-3.522420000000000073e+03
-3.490864000000000033e+03
-3.498289000000000215e+03
-3.545065999999999804e+03
-3.485666000000000167e+03
-3.531329999999999927e+03
-3.519079000000000178e+03
-3.530958999999999833e+03
-3.526503999999999905e+03
-3.551005999999999858e+03
-3.545065999999999804e+03
-3.528360000000000127e+03
-3.572539000000000215e+03
-3.554347999999999956e+03
-3.558059999999999945e+03
-3.559916000000000167e+03
-3.565114000000000033e+03
-3.538012000000000171e+03
-3.535041999999999916e+03
-3.529474000000000160e+03
-3.504971000000000004e+03
-3.557318000000000211e+03
-3.522420000000000073e+03
-3.542096000000000004e+03
-3.550635000000000218e+03
-3.553976000000000113e+03
-3.552490999999999985e+03
-3.574766000000000076e+03
-3.552119999999999891e+03
-3.553605000000000018e+03
-3.594443000000000211e+03
-3.572166999999999916e+03
-3.577735999999999876e+03
-3.602239000000000033e+03
-3.575880000000000109e+03
-3.587760000000000218e+03
-3.588501999999999953e+03
-3.601125000000000000e+03
-3.559916000000000167e+03
-3.561030000000000200e+03
-3.558802000000000135e+03
-3.562885999999999967e+03
-3.568454999999999927e+03
-3.619315999999999804e+03
-3.524275999999999840e+03
-3.585903999999999996e+03
-3.613376000000000204e+03
-3.586646000000000186e+03
-3.561400999999999840e+03
-3.579963999999999942e+03
-3.568826000000000022e+03
-3.552119999999999891e+03
-3.605951000000000022e+03
-3.551748999999999796e+03
-3.589987999999999829e+03
-3.570311000000000149e+03
-3.562143999999999778e+03
-3.585532000000000153e+03
-3.618574000000000069e+03
-3.592585999999999785e+03
-3.587389000000000124e+03
-3.638992000000000189e+03
-3.585161000000000058e+03
-3.615231999999999971e+03
-3.635650999999999840e+03
-3.612262000000000171e+03
-3.668320999999999913e+03
-3.622286000000000058e+03
-3.628969000000000051e+03
-3.650130000000000109e+03
-3.610777999999999793e+03
-3.651985999999999876e+03
-3.623028999999999996e+03
-3.651614999999999782e+03
-3.627855000000000018e+03
-3.617460000000000036e+03
-3.631568000000000211e+03
-3.643447999999999865e+03
-3.624514000000000124e+03
-3.657184000000000196e+03
-3.688739999999999782e+03
-3.623771000000000186e+03
-3.629340000000000146e+03
-3.650130000000000109e+03
-3.607807999999999993e+03
-3.633052000000000135e+03
-3.705445999999999913e+03
-3.633423999999999978e+03
-3.673889999999999873e+03
-3.643447999999999865e+03
-3.662010000000000218e+03
-3.623771000000000186e+03
-3.620429999999999836e+03
-3.614489999999999782e+03
-3.588873999999999796e+03
-3.646045999999999822e+03
-3.610034999999999854e+03
-3.623028999999999996e+03
-3.622286000000000058e+03
-3.628597999999999956e+03
-3.610034999999999854e+03
-3.633423999999999978e+03
-3.595927000000000135e+03
-3.580335000000000036e+03
-3.599268999999999778e+03
-3.606693999999999960e+03
-3.598155000000000200e+03
-3.576994000000000142e+03
-3.585903999999999996e+03
-3.574394999999999982e+03
-3.594443000000000211e+03
-3.578849999999999909e+03
-3.582563000000000102e+03
-3.597784000000000106e+03
-3.619315999999999804e+03
-3.598525999999999840e+03
-3.588130999999999858e+03
-3.601496000000000095e+03
-3.589987999999999829e+03
-3.630824999999999818e+03
-3.614119000000000142e+03
-3.586646000000000186e+03
-3.644561000000000149e+03
-3.594443000000000211e+03
-3.652728999999999814e+03
-3.620800999999999931e+03
-3.633423999999999978e+03
-3.657554999999999836e+03
-3.623771000000000186e+03
-3.605208999999999833e+03
-3.598896999999999935e+03
-3.649759000000000015e+03
-3.611891000000000076e+03
-3.633795000000000073e+03
-3.628226000000000113e+03
-3.639735000000000127e+03
-3.672034000000000106e+03
-3.630824999999999818e+03
-3.644561000000000149e+03
-3.643447999999999865e+03
-3.660525000000000091e+03
-3.629340000000000146e+03
-3.651614999999999782e+03
-3.655699000000000069e+03
-3.643447999999999865e+03
-3.623028999999999996e+03
-3.686141000000000076e+03
-3.678715999999999894e+03
-3.644190000000000055e+03
-3.665351000000000113e+03
-3.638992000000000189e+03
-3.669434999999999945e+03
-3.692452999999999975e+03
-3.685027999999999793e+03
-3.673146999999999935e+03
-3.687998000000000047e+03
-3.672775999999999840e+03
-3.661268000000000029e+03
-3.702105000000000018e+03
-3.660525000000000091e+03
-3.680943999999999960e+03
-3.690224999999999909e+03
-3.676117000000000189e+03
-3.644932999999999993e+03
-3.699876999999999953e+03
-3.705818000000000211e+03
-3.661639000000000124e+03
-3.696164999999999964e+03
-3.692081000000000131e+03
-3.705818000000000211e+03
-3.675003999999999905e+03
-3.699505999999999858e+03
-3.663123999999999796e+03
-3.721409999999999854e+03
-3.709900999999999840e+03
-3.673889999999999873e+03
-3.675003999999999905e+03
