-7.053750000000000000e+02
-6.808724999999999454e+02
-6.934950000000000045e+02
-6.816150000000000091e+02
-6.949800000000000182e+02
-6.808724999999999454e+02
-6.972074999999999818e+02
-6.697350000000000136e+02
-6.957224999999999682e+02
-6.771599999999999682e+02
-6.816150000000000091e+02
-7.183687999999999647e+02
-7.053750000000000000e+02
-6.938663000000000238e+02
-7.150275000000000318e+02
-7.105724999999999909e+02
-6.946087999999999738e+02
-6.927525000000000546e+02
-6.797586999999999762e+02
-7.153986999999999625e+02
-7.109438000000000102e+02
-7.072313000000000329e+02
-6.886688000000000329e+02
-7.079737999999999829e+02
-7.061174999999999500e+02
-6.923813000000000102e+02
-6.972074999999999818e+02
-7.142849999999999682e+02
-7.120575000000000045e+02
-6.890399999999999636e+02
-7.243088000000000193e+02
-7.243088000000000193e+02
-7.083450000000000273e+02
-7.265362999999999829e+02
-7.265362999999999829e+02
-7.358174999999999955e+02
-7.280212000000000216e+02
-7.276499999999999773e+02
-7.321050000000000182e+02
-7.361888000000000147e+02
-7.246799999999999500e+02
-7.347037000000000262e+02
-7.157699999999999818e+02
-7.146562999999999874e+02
-7.202250000000000227e+02
-7.246799999999999500e+02
-7.347037000000000262e+02
-7.209674999999999727e+02
-7.146562999999999874e+02
-7.254225000000000136e+02
-7.168836999999999762e+02
-7.354461999999999762e+02
-7.146562999999999874e+02
-7.421287999999999556e+02
-7.387875000000000227e+02
-7.528949999999999818e+02
-7.179974999999999454e+02
-7.428713000000000193e+02
-7.588350000000000364e+02
-7.465837000000000216e+02
-7.373025000000000091e+02
-7.298775000000000546e+02
-7.350750000000000455e+02
-7.209674999999999727e+02
-7.369312999999999647e+02
-7.387875000000000227e+02
-7.499249999999999545e+02
-7.287636999999999716e+02
-7.102011999999999716e+02
-7.272786999999999580e+02
-7.391588000000000420e+02
-7.298775000000000546e+02
-7.298775000000000546e+02
-7.562363000000000284e+02
-7.298775000000000546e+02
-7.373025000000000091e+02
-7.384162999999999784e+02
-7.332187999999999874e+02
-7.317337999999999738e+02
-7.261649999999999636e+02
-7.254225000000000136e+02
-7.361888000000000147e+02
-7.402725000000000364e+02
-7.324763000000000375e+02
-7.436137999999999693e+02
-7.636612999999999829e+02
-7.391588000000000420e+02
-7.146562999999999874e+02
-7.465837000000000216e+02
-7.428713000000000193e+02
-7.439850000000000136e+02
-7.376738000000000284e+02
-7.250512999999999693e+02
-7.358174999999999955e+02
-7.309913000000000238e+02
-7.239375000000000000e+02
-7.365599999999999454e+02
-7.499249999999999545e+02
-7.432424999999999500e+02
-7.425000000000000000e+02
-7.243088000000000193e+02
-7.328474999999999682e+02
-7.421287999999999556e+02
-7.525236999999999625e+02
-7.361888000000000147e+02
-7.347037000000000262e+02
-7.436137999999999693e+02
-7.454700000000000273e+02
-7.391588000000000420e+02
-7.480688000000000102e+02
-7.655175000000000409e+02
-7.361888000000000147e+02
-7.484400000000000546e+02
-7.447274999999999636e+02
-7.488112999999999602e+02
-7.588350000000000364e+02
-7.395299999999999727e+02
-7.484400000000000546e+02
-7.436137999999999693e+02
-7.510388000000000375e+02
-7.410149999999999864e+02
-7.532662000000000262e+02
-7.517812999999999874e+02
-7.358174999999999955e+02
-7.525236999999999625e+02
-7.488112999999999602e+02
-7.502962999999999738e+02
-7.595774999999999864e+02
-7.469550000000000409e+02
-7.402725000000000364e+02
-7.554937999999999647e+02
-7.673737999999999602e+02
-7.543799999999999955e+02
-7.681163000000000238e+02
-7.640325000000000273e+02
-7.521525000000000318e+02
-7.647749999999999773e+02
-7.662599999999999909e+02
-7.792537999999999556e+02
-7.551224999999999454e+02
-7.603200000000000500e+02
-7.562363000000000284e+02
-7.640325000000000273e+02
-7.610625000000000000e+02
-7.718287000000000262e+02
-7.885349999999999682e+02
-7.547513000000000147e+02
-7.528949999999999818e+02
-7.554937999999999647e+02
-7.517812999999999874e+02
-7.425000000000000000e+02
-7.603200000000000500e+02
-7.525236999999999625e+02
-7.658886999999999716e+02
-7.978162999999999556e+02
-7.592061999999999671e+02
-7.684874999999999545e+02
-7.967024999999999864e+02
-7.606912999999999556e+02
-7.577213000000000420e+02
-7.855650000000000546e+02
-7.722000000000000455e+02
-7.736849999999999454e+02
-7.614338000000000193e+02
-7.777686999999999671e+02
-7.788825000000000500e+02
-7.725711999999999762e+02
-7.803674999999999500e+02
-7.811100000000000136e+02
-8.044987999999999602e+02
-7.736849999999999454e+02
-7.863075000000000045e+02
-7.855650000000000546e+02
-7.937324999999999591e+02
-7.792537999999999556e+02
-7.796250000000000000e+02
-8.018999999999999773e+02
-7.870499999999999545e+02
-7.863075000000000045e+02
-7.952174999999999727e+02
-8.108099999999999454e+02
-7.903912000000000262e+02
-8.037563000000000102e+02
-8.052413000000000238e+02
-7.915049999999999955e+02
-7.599487000000000307e+02
-7.476974999999999909e+02
-7.588350000000000364e+02
-7.644036999999999580e+02
-7.458411999999999580e+02
-7.543799999999999955e+02
-7.696013000000000375e+02
-7.391588000000000420e+02
-7.495538000000000238e+02
-7.525236999999999625e+02
-7.469550000000000409e+02
-7.495538000000000238e+02
-7.517812999999999874e+02
-7.662599999999999909e+02
-7.606912999999999556e+02
-7.380449999999999591e+02
-7.666313000000000102e+02
-7.462124999999999773e+02
-7.425000000000000000e+02
-7.618049999999999500e+02
-7.406436999999999671e+02
-7.376738000000000284e+02
-7.417575000000000500e+02
-7.436137999999999693e+02
-7.428713000000000193e+02
-7.421287999999999556e+02
-7.580924999999999727e+02
-7.577213000000000420e+02
-7.313624999999999545e+02
-7.469550000000000409e+02
-7.610625000000000000e+02
-7.376738000000000284e+02
-7.547513000000000147e+02
-7.696013000000000375e+02
-7.644036999999999580e+02
-7.376738000000000284e+02
-7.514099999999999682e+02
-7.450987999999999829e+02
-7.473261999999999716e+02
-7.361888000000000147e+02
-7.532662000000000262e+02
-7.625475000000000136e+02
-7.558650000000000091e+02
-7.569787999999999784e+02
-7.450987999999999829e+02
-7.525236999999999625e+02
-7.421287999999999556e+02
-7.387875000000000227e+02
-7.454700000000000273e+02
-7.450987999999999829e+02
-7.655175000000000409e+02
-7.514099999999999682e+02
-7.432424999999999500e+02
-7.421287999999999556e+02
-7.562363000000000284e+02
-7.514099999999999682e+02
-7.272786999999999580e+02
-7.439850000000000136e+02
-7.361888000000000147e+02
-7.228237000000000307e+02
-7.376738000000000284e+02
-7.328474999999999682e+02
-7.499249999999999545e+02
-7.425000000000000000e+02
-7.469550000000000409e+02
-7.399012000000000171e+02
-7.502962999999999738e+02
-7.432424999999999500e+02
-7.443563000000000329e+02
-7.465837000000000216e+02
-7.395299999999999727e+02
-7.462124999999999773e+02
-7.354461999999999762e+02
-7.361888000000000147e+02
-7.417575000000000500e+02
-7.339611999999999625e+02
-7.443563000000000329e+02
-7.454700000000000273e+02
-7.402725000000000364e+02
-7.476974999999999909e+02
-7.658886999999999716e+02
-7.554937999999999647e+02
-7.502962999999999738e+02
-7.358174999999999955e+02
-7.606912999999999556e+02
-7.295063000000000102e+02
-7.380449999999999591e+02
-7.532662000000000262e+02
-7.436137999999999693e+02
-7.387875000000000227e+02
-7.580924999999999727e+02
-7.335900000000000318e+02
-7.298775000000000546e+02
-7.432424999999999500e+02
-7.291349999999999909e+02
-7.439850000000000136e+02
-7.458411999999999580e+02
-7.246799999999999500e+02
-7.365599999999999454e+02
-7.358174999999999955e+02
-7.276499999999999773e+02
-7.276499999999999773e+02
-7.499249999999999545e+02
-7.436137999999999693e+02
-7.365599999999999454e+02
-7.373025000000000091e+02
-7.313624999999999545e+02
-7.369312999999999647e+02
-7.443563000000000329e+02
-7.425000000000000000e+02
-7.295063000000000102e+02
-7.283925000000000409e+02
-7.521525000000000318e+02
-7.425000000000000000e+02
-7.306200000000000045e+02
-7.365599999999999454e+02
-7.417575000000000500e+02
-7.551224999999999454e+02
-7.443563000000000329e+02
-7.361888000000000147e+02
-7.621762999999999693e+02
-7.402725000000000364e+02
-7.354461999999999762e+02
-7.443563000000000329e+02
-7.595774999999999864e+02
-7.395299999999999727e+02
-7.447274999999999636e+02
-7.465837000000000216e+02
-7.447274999999999636e+02
-7.536375000000000455e+02
-7.365599999999999454e+02
-7.406436999999999671e+02
-7.666313000000000102e+02
-7.532662000000000262e+02
-7.502962999999999738e+02
-7.621762999999999693e+02
-7.599487000000000307e+02
-7.588350000000000364e+02
-7.703437999999999874e+02
-7.488112999999999602e+02
-7.373025000000000091e+02
-7.517812999999999874e+02
-7.447274999999999636e+02
-7.454700000000000273e+02
-7.528949999999999818e+02
-7.510388000000000375e+02
-7.443563000000000329e+02
-7.562363000000000284e+02
-7.554937999999999647e+02
-7.432424999999999500e+02
-7.473261999999999716e+02
-7.510388000000000375e+02
-7.480688000000000102e+02
-7.491825000000000045e+02
-7.562363000000000284e+02
-7.376738000000000284e+02
-7.473261999999999716e+02
-7.566074999999999591e+02
-7.380449999999999591e+02
-7.373025000000000091e+02
-7.532662000000000262e+02
-7.365599999999999454e+02
-7.439850000000000136e+02
-7.272786999999999580e+02
-7.235662999999999556e+02
-7.476974999999999909e+02
-7.425000000000000000e+02
-7.280212000000000216e+02
-7.462124999999999773e+02
-7.436137999999999693e+02
-7.569787999999999784e+02
-7.458411999999999580e+02
-7.425000000000000000e+02
-7.480688000000000102e+02
-7.469550000000000409e+02
-7.399012000000000171e+02
-7.432424999999999500e+02
-7.328474999999999682e+02
-7.447274999999999636e+02
-7.499249999999999545e+02
-7.495538000000000238e+02
-7.491825000000000045e+02
-7.391588000000000420e+02
-7.302487999999999602e+02
-7.291349999999999909e+02
-7.480688000000000102e+02
-7.391588000000000420e+02
-7.384162999999999784e+02
-7.443563000000000329e+02
-7.283925000000000409e+02
-7.495538000000000238e+02
-7.514099999999999682e+02
-7.321050000000000182e+02
-7.339611999999999625e+02
-7.510388000000000375e+02
-7.413862000000000307e+02
-7.358174999999999955e+02
-7.573500000000000227e+02
-7.417575000000000500e+02
-7.625475000000000136e+02
-7.369312999999999647e+02
-7.402725000000000364e+02
-7.365599999999999454e+02
-7.458411999999999580e+02
-7.640325000000000273e+02
-7.432424999999999500e+02
-7.369312999999999647e+02
-7.369312999999999647e+02
-7.506675000000000182e+02
-7.354461999999999762e+02
-7.577213000000000420e+02
-7.592061999999999671e+02
-7.614338000000000193e+02
-7.495538000000000238e+02
-7.473261999999999716e+02
-7.373025000000000091e+02
-7.450987999999999829e+02
-7.417575000000000500e+02
-7.413862000000000307e+02
-7.688587999999999738e+02
-7.592061999999999671e+02
-7.543799999999999955e+02
-7.425000000000000000e+02
-7.480688000000000102e+02
-7.514099999999999682e+02
-7.458411999999999580e+02
-7.603200000000000500e+02
