-4.482472999999999956e+03
-4.512914999999999964e+03
-4.480244999999999891e+03
-4.555609000000000378e+03
-4.530734999999999673e+03
-4.489154999999999745e+03
-4.511801000000000386e+03
-4.559320999999999913e+03
-4.554123999999999796e+03
-4.527394000000000233e+03
-4.615380000000000109e+03
-4.600529999999999745e+03
-4.649905999999999949e+03
-4.628002000000000407e+03
-4.634314000000000306e+03
-4.697796999999999571e+03
-4.627631000000000313e+03
-4.645079999999999927e+03
-4.695198999999999614e+03
-4.677378999999999905e+03
-4.656588999999999942e+03
-4.704479999999999563e+03
-4.697796999999999571e+03
-4.671810000000000400e+03
-4.740490999999999985e+03
-4.690372999999999593e+03
-4.769819999999999709e+03
-4.778729999999999563e+03
-4.746430999999999585e+03
-4.773904000000000451e+03
-4.782070999999999913e+03
-4.773533000000000357e+03
-4.815854999999999563e+03
-4.812143000000000029e+03
-4.814740999999999985e+03
-4.866345000000000255e+03
-4.790238999999999578e+03
-4.806203000000000429e+03
-4.821052999999999884e+03
-4.838130000000000109e+03
-4.876739999999999782e+03
-4.832561999999999898e+03
-4.887877000000000407e+03
-4.809914999999999964e+03
-4.830704999999999927e+03
-4.855207999999999629e+03
-4.810286000000000058e+03
-4.837015999999999622e+03
-4.836645000000000437e+03
-4.880081000000000131e+03
-4.822908999999999651e+03
-4.844440999999999804e+03
-4.830704999999999927e+03
-4.833675000000000182e+03
-4.912751000000000204e+03
-4.890475999999999658e+03
-4.874140999999999622e+03
-4.888619999999999891e+03
-4.902728000000000065e+03
-4.855207999999999629e+03
-4.870800000000000182e+03
-4.864859999999999673e+03
-4.876368999999999687e+03
-4.913493999999999687e+03
-4.895302999999999884e+03
-4.863003999999999905e+03
-4.920546999999999571e+03
-4.904583999999999833e+03
-4.737149999999999636e+03
-4.801005000000000109e+03
-4.732694999999999709e+03
-4.734551000000000386e+03
-4.729725000000000364e+03
-4.799520000000000437e+03
-4.698911000000000058e+03
-4.746430999999999585e+03
-4.749400999999999840e+03
-4.714131999999999607e+03
-4.727497999999999593e+03
-4.738635000000000218e+03
-4.733065999999999804e+03
-4.702623999999999796e+03
-4.785783999999999651e+03
-4.704850999999999658e+03
-4.702623999999999796e+03
-4.777987000000000080e+03
-4.741975999999999658e+03
-4.734551000000000386e+03
-4.762024000000000342e+03
-4.747917000000000371e+03
-4.728610999999999876e+03
-4.767592999999999847e+03
-4.739006000000000313e+03
-4.727868999999999687e+03
-4.750515000000000327e+03
-4.737893000000000029e+03
-4.713390000000000327e+03
-4.733438000000000102e+03
-4.731210000000000036e+03
-4.710792000000000371e+03
-4.749400999999999840e+03
-4.675521999999999935e+03
-4.717474000000000160e+03
-4.718587000000000444e+03
-4.742719000000000051e+03
-4.695198999999999614e+03
-4.740862000000000080e+03
-4.727868999999999687e+03
-4.726012999999999920e+03
-4.785412999999999556e+03
-4.710792000000000371e+03
-4.743090000000000146e+03
-4.721557999999999993e+03
-4.724527000000000044e+03
-4.717845000000000255e+03
-4.760167000000000371e+03
-4.755341000000000349e+03
-4.731581000000000131e+03
-4.751628999999999905e+03
-4.730095999999999549e+03
-4.768335000000000036e+03
-4.763880000000000109e+03
-4.761280999999999949e+03
-4.749400999999999840e+03
-4.762024000000000342e+03
-4.757198000000000320e+03
-4.764622999999999593e+03
-4.771305000000000291e+03
-4.771305000000000291e+03
-4.759796000000000276e+03
-4.741604999999999563e+03
-4.770190999999999804e+03
-4.733065999999999804e+03
-4.753113999999999578e+03
-4.757198000000000320e+03
-4.738635000000000218e+03
-4.803975000000000364e+03
-4.757939999999999600e+03
-4.741975999999999658e+03
-4.765735999999999876e+03
-4.781328999999999724e+03
-4.800262999999999920e+03
-4.780957999999999629e+03
-4.781699999999999818e+03
-4.794323000000000320e+03
-4.788381999999999607e+03
-4.771676000000000386e+03
-4.776131000000000313e+03
-4.786896999999999935e+03
-4.763137999999999920e+03
-4.792095000000000255e+03
-4.772046999999999571e+03
-4.770563000000000102e+03
-4.739748999999999796e+03
-4.818453999999999724e+03
-4.799520000000000437e+03
-4.799149000000000342e+03
-4.794323000000000320e+03
-4.816969000000000051e+03
-4.779472999999999956e+03
-4.801005000000000109e+03
-4.812885000000000218e+03
-4.784298999999999978e+03
-4.826250000000000000e+03
-4.821052999999999884e+03
-4.824394000000000233e+03
-4.804345999999999549e+03
-4.829220000000000255e+03
-4.818453999999999724e+03
-4.787269000000000233e+03
-4.878967999999999847e+03
-4.811399999999999636e+03
-4.839985999999999876e+03
-4.845184000000000196e+03
-4.832561999999999898e+03
-4.807688000000000102e+03
-4.838501000000000204e+03
-4.807688000000000102e+03
-4.818082999999999629e+03
-4.847039999999999964e+03
-4.810658000000000357e+03
-4.800634000000000015e+03
-4.803231999999999971e+03
-4.770563000000000102e+03
-4.772046999999999571e+03
-4.809543999999999869e+03
-4.785412999999999556e+03
-4.765735999999999876e+03
-4.824394000000000233e+03
-4.790609999999999673e+03
-4.776873999999999796e+03
-4.821052999999999884e+03
-4.827734999999999673e+03
-4.730095999999999549e+03
-4.779100999999999658e+03
-4.769078000000000429e+03
-4.813256000000000313e+03
-4.783927999999999884e+03
-4.800634000000000015e+03
-4.790980999999999767e+03
-4.792095000000000255e+03
-4.817711000000000240e+03
-4.807315999999999804e+03
-4.830333999999999833e+03
-4.806944999999999709e+03
-4.809914999999999964e+03
-4.809171999999999571e+03
-4.814740999999999985e+03
-4.821795000000000073e+03
-4.829591000000000349e+03
-4.810286000000000058e+03
-4.812514000000000124e+03
-4.780215000000000146e+03
-4.798405999999999949e+03
-4.775018000000000029e+03
-4.771305000000000291e+03
-4.765364999999999782e+03
-4.746802999999999884e+03
-4.736036000000000058e+03
-4.780586000000000240e+03
-4.765364999999999782e+03
-4.750886000000000422e+03
-4.792095000000000255e+03
-4.789496000000000095e+03
-4.745689000000000306e+03
-4.800262999999999920e+03
-4.767220999999999549e+03
-4.760909999999999854e+03
-4.769448999999999614e+03
-4.773533000000000357e+03
-4.773904000000000451e+03
-4.778729999999999563e+03
-4.779472999999999956e+03
-4.778729999999999563e+03
-4.796921000000000276e+03
-4.785412999999999556e+03
-4.825136000000000422e+03
-4.812514000000000124e+03
-4.782442000000000007e+03
-4.850752000000000407e+03
-4.825136000000000422e+03
-4.822167000000000371e+03
-4.853722999999999956e+03
-4.862261000000000422e+03
-4.815112000000000080e+03
-4.838130000000000109e+03
-4.851494999999999891e+03
-4.868573000000000320e+03
-4.829962000000000444e+03
-4.879338999999999942e+03
-4.877854000000000269e+03
-4.885649999999999636e+03
-4.880823999999999614e+03
-4.902728000000000065e+03
-4.896045000000000073e+03
-4.950989999999999782e+03
-4.928344000000000051e+03
-4.933912999999999556e+03
-4.930942000000000007e+03
-4.932798999999999978e+03
-4.971037999999999556e+03
-4.911637999999999920e+03
-4.962869999999999891e+03
-4.929086000000000240e+03
-4.950989999999999782e+03
-4.926487000000000080e+03
-4.965840000000000146e+03
-4.943564999999999600e+03
-4.947649000000000342e+03
-4.959158000000000357e+03
-4.979948000000000320e+03
-4.977720000000000255e+03
-4.940224000000000160e+03
-4.974378999999999905e+03
-4.943194000000000415e+03
-4.968810000000000400e+03
-4.970667000000000371e+03
-5.001479999999999563e+03
-4.971037999999999556e+03
-4.963240999999999985e+03
-5.005935000000000400e+03
-4.952104000000000269e+03
-4.998881000000000313e+03
-4.992940999999999804e+03
-4.993313000000000102e+03
-5.014103000000000065e+03
-5.030438000000000102e+03
-4.990713999999999942e+03
-5.001850999999999658e+03
-5.041203999999999724e+03
-5.004449999999999818e+03
-5.018557999999999993e+03
-5.042317000000000007e+03
-5.083525999999999840e+03
-5.027838999999999942e+03
-5.094292000000000371e+03
-5.057167000000000371e+03
-5.093179000000000087e+03
-5.093179000000000087e+03
-5.072018000000000029e+03
-5.092064999999999600e+03
-5.114340000000000146e+03
-5.098747999999999593e+03
-5.085011000000000422e+03
-5.095405999999999949e+03
-5.111740999999999985e+03
-5.133274000000000342e+03
-5.140328000000000429e+03
-5.125105999999999767e+03
-5.138100000000000364e+03
-5.154435000000000400e+03
-5.136614999999999782e+03
-5.149979999999999563e+03
-5.192673999999999978e+03
-5.144783000000000357e+03
-5.148123999999999796e+03
-5.184135000000000218e+03
-5.162230999999999767e+03
-5.165573000000000320e+03
-5.168171000000000276e+03
-5.181164999999999964e+03
-5.165201000000000022e+03
-5.233511000000000422e+03
-5.186363000000000284e+03
-5.198243000000000393e+03
-5.194158999999999651e+03
-5.221260000000000218e+03
-5.191560000000000400e+03
-5.219033000000000357e+03
-5.242792000000000371e+03
-5.219033000000000357e+03
-5.245390999999999622e+03
-5.229427999999999884e+03
-5.246505000000000109e+03
-5.243163999999999760e+03
-5.251332000000000335e+03
-5.279917000000000371e+03
-5.228685000000000400e+03
-5.286229000000000269e+03
-5.278061999999999898e+03
-5.295139000000000124e+03
-5.266180999999999585e+03
-5.247989999999999782e+03
-5.294768000000000029e+03
-5.308503999999999905e+03
-5.276576000000000022e+03
-5.283259000000000015e+03
-5.313701000000000022e+03
-5.260240999999999985e+03
-5.314073000000000320e+03
-5.282515999999999622e+03
-5.285485999999999876e+03
-5.325582000000000335e+03
-5.287342999999999847e+03
-5.298850999999999658e+03
-5.311103000000000065e+03
-5.306646999999999935e+03
-5.301820999999999913e+03
-5.282145000000000437e+03
-5.335975999999999658e+03
-5.314814999999999600e+03
-5.310359999999999673e+03
-5.359364999999999782e+03
-5.324467999999999847e+03
-5.333377000000000407e+03
-5.333748999999999796e+03
-5.293283000000000357e+03
-5.362335000000000036e+03
-5.326323999999999614e+03
-5.303677999999999884e+03
-5.339689000000000306e+03
-5.274720000000000255e+03
-5.325210000000000036e+03
-5.330036000000000058e+03
-5.347113999999999578e+03
-5.321497999999999593e+03
-5.332635000000000218e+03
-5.367161000000000058e+03
-5.334119999999999891e+03
-5.351939999999999600e+03
-5.342287999999999556e+03
-5.338574999999999818e+03
-5.331893000000000029e+03
-5.386466000000000349e+03
-5.327809000000000196e+03
-5.340802999999999884e+03
-5.333748999999999796e+03
-5.358251000000000204e+03
-5.345628999999999905e+03
-5.386095000000000255e+03
-5.356395000000000437e+03
-5.338574999999999818e+03
-5.364190999999999804e+03
-5.348970000000000255e+03
-5.339317000000000007e+03
-5.371988000000000284e+03
-5.380896999999999935e+03
-5.337461000000000240e+03
-5.380525999999999840e+03
-5.376070999999999913e+03
-5.340060000000000400e+03
-5.385353000000000065e+03
-5.394262999999999920e+03
-5.353425000000000182e+03
-5.371244999999999891e+03
-5.372729999999999563e+03
-5.363078000000000429e+03
-5.397975000000000364e+03
-5.383496000000000095e+03
-5.350454999999999927e+03
-5.406143000000000029e+03
-5.394634000000000015e+03
