-2.106101000000000113e+03
-2.130603999999999814e+03
-2.115010999999999967e+03
-2.149538000000000011e+03
-2.141740999999999985e+03
-2.122807999999999993e+03
-2.193715999999999894e+03
-2.153621000000000095e+03
-2.151021999999999935e+03
-2.154364000000000033e+03
-2.179237999999999829e+03
-2.174782000000000153e+03
-2.188889999999999873e+03
-2.194829999999999927e+03
-2.198914000000000215e+03
-2.194829999999999927e+03
-2.236409999999999854e+03
-2.218219000000000051e+03
-2.227500000000000000e+03
-2.265367000000000189e+03
-2.213393000000000029e+03
-2.191489000000000033e+03
-2.264996000000000095e+03
-2.239380000000000109e+03
-2.234925000000000182e+03
-2.275019999999999982e+03
-2.242349999999999909e+03
-2.274648999999999887e+03
-2.359664999999999964e+03
-2.286528999999999996e+03
-2.313259000000000015e+03
-2.302864000000000033e+03
-2.275391000000000076e+03
-2.281331000000000131e+03
-2.347784999999999854e+03
-2.295809999999999945e+03
-2.312887000000000171e+03
-2.343701000000000022e+03
-2.328108999999999924e+03
-2.293583000000000084e+03
-2.375257999999999811e+03
-2.347041999999999916e+03
-2.342958999999999833e+03
-2.364490999999999985e+03
-2.385280999999999949e+03
-2.367090000000000146e+03
-2.409413000000000011e+03
-2.405329000000000178e+03
-2.368574999999999818e+03
-2.419807999999999993e+03
-2.376742000000000189e+03
-2.376371000000000095e+03
-2.422405999999999949e+03
-2.441340000000000146e+03
-2.378599000000000160e+03
-2.463614999999999782e+03
-2.426119000000000142e+03
-2.438740999999999985e+03
-2.441710999999999785e+03
-2.444681000000000040e+03
-2.431688000000000102e+03
-2.480320999999999913e+03
-2.481434999999999945e+03
-2.465842999999999847e+03
-2.502967999999999847e+03
-2.472153999999999996e+03
-2.465471000000000004e+03
-2.482548999999999978e+03
-2.514105000000000018e+03
-2.469925999999999931e+03
-2.490715999999999894e+03
-2.514105000000000018e+03
-2.482920000000000073e+03
-2.479949999999999818e+03
-2.523757999999999811e+03
-2.517445999999999913e+03
-2.481063999999999851e+03
-2.528954999999999927e+03
-2.469554999999999836e+03
-2.498884000000000015e+03
-2.507050999999999931e+03
-2.475123999999999796e+03
-2.505195000000000164e+03
-2.514847000000000207e+03
-2.514105000000000018e+03
-2.505938000000000102e+03
-2.529326000000000022e+03
-2.487003999999999905e+03
-2.530811000000000149e+03
-2.540092999999999847e+03
-2.493686000000000149e+03
-2.527840999999999894e+03
-2.545289999999999964e+03
-2.530068999999999960e+03
-2.495914000000000215e+03
-2.553829000000000178e+03
-2.533039000000000215e+03
-2.584271000000000186e+03
-2.534523999999999887e+03
-2.538235999999999876e+03
-2.543063000000000102e+03
-2.531182999999999993e+03
-2.553829000000000178e+03
-2.519302000000000135e+03
-2.588355000000000018e+03
-2.536009000000000015e+03
-2.593552000000000135e+03
-2.573505000000000109e+03
-2.575360999999999876e+03
-2.572762000000000171e+03
-2.576474999999999909e+03
-2.586126999999999953e+03
-2.557913000000000011e+03
-2.602833999999999833e+03
-2.585385000000000218e+03
-2.632534000000000106e+03
-2.603204999999999927e+03
-2.583528999999999996e+03
-2.616570000000000164e+03
-2.618425999999999931e+03
-2.592068000000000211e+03
-2.619168999999999869e+03
-2.616199000000000069e+03
-2.658521000000000186e+03
-2.623623999999999796e+03
-2.683023999999999887e+03
-2.669659000000000106e+03
-2.639215999999999894e+03
-2.656293999999999869e+03
-2.630677000000000135e+03
-2.590954000000000178e+03
-2.675228000000000065e+03
-2.629934999999999945e+03
-2.625480000000000018e+03
-2.629563999999999851e+03
-2.663719000000000051e+03
-2.636246000000000095e+03
-2.677083999999999833e+03
-2.658521000000000186e+03
-2.654809000000000196e+03
-2.707896999999999935e+03
-2.684880000000000109e+03
-2.684880000000000109e+03
-2.698615999999999985e+03
-2.722376000000000204e+03
-2.679682999999999993e+03
-2.695646000000000186e+03
-2.707155000000000200e+03
-2.704184999999999945e+03
-2.760985999999999876e+03
-2.717179000000000087e+03
-2.718291999999999916e+03
-2.698615999999999985e+03
-2.739824999999999818e+03
-2.725346000000000004e+03
-2.732771000000000186e+03
-2.728315999999999804e+03
-2.718291999999999916e+03
-2.788088000000000193e+03
-2.813704000000000178e+03
-2.774722000000000207e+03
-2.781775999999999840e+03
-2.819271999999999935e+03
-2.781775999999999840e+03
-2.796998000000000047e+03
-2.821871000000000095e+03
-2.809248999999999796e+03
-2.806278999999999996e+03
-2.857139999999999873e+03
-2.806278999999999996e+03
-2.809619999999999891e+03
-2.896121000000000095e+03
-2.824469999999999800e+03
-2.869762000000000171e+03
-2.881271000000000186e+03
-2.880900000000000091e+03
-2.879043999999999869e+03
-2.920623999999999796e+03
-2.887583000000000084e+03
-2.896492000000000189e+03
-2.929905000000000200e+03
-2.896492000000000189e+03
-2.906887000000000171e+03
-2.939186000000000149e+03
-2.921365999999999985e+03
-2.922851000000000113e+03
-2.962945999999999913e+03
-2.955893000000000029e+03
-2.933246000000000095e+03
-2.983364999999999782e+03
-2.964059999999999945e+03
-2.957005999999999858e+03
-3.022346000000000004e+03
-2.979280999999999949e+03
-2.977795999999999822e+03
-3.032369999999999891e+03
-2.980023999999999887e+03
-2.987449000000000069e+03
-3.038681000000000040e+03
-3.025315999999999804e+03
-3.066525000000000091e+03
-3.054644999999999982e+03
-3.067268000000000029e+03
-2.986706000000000131e+03
-3.055016000000000076e+03
-3.035340000000000146e+03
-3.013065000000000055e+03
-3.073949999999999818e+03
-3.068380999999999858e+03
-3.036083000000000084e+03
-3.070980000000000018e+03
-3.085829999999999927e+03
-3.063925999999999931e+03
-3.087315000000000055e+03
-3.092884000000000015e+03
-3.102164999999999964e+03
-3.120356000000000222e+03
-3.089541999999999916e+03
-3.122213000000000193e+03
-3.120356000000000222e+03
-3.130751000000000204e+03
-3.121099000000000160e+03
-3.130380000000000109e+03
-3.144115999999999985e+03
-3.121099000000000160e+03
-3.149313999999999851e+03
-3.095110999999999876e+03
-3.105505999999999858e+03
-3.152284000000000106e+03
-3.124068999999999960e+03
-3.135206000000000131e+03
-3.155253999999999905e+03
-3.184210999999999785e+03
-3.125925000000000182e+03
-3.196833999999999833e+03
-3.214653999999999996e+03
-3.176414999999999964e+03
-3.195349000000000160e+03
-3.205744000000000142e+03
-3.154510999999999967e+03
-3.193864000000000033e+03
-3.181240999999999985e+03
-3.170103999999999814e+03
-3.235072999999999865e+03
-3.195349000000000160e+03
-3.192750000000000000e+03
-3.234329999999999927e+03
-3.209456000000000131e+03
-3.212054999999999836e+03
-3.230617000000000189e+03
-3.218737999999999829e+03
-3.240641000000000076e+03
-3.230246000000000095e+03
-3.243981999999999971e+03
-3.219851000000000113e+03
-3.213539999999999964e+03
-3.230989000000000033e+03
-3.252521000000000186e+03
-3.246210000000000036e+03
-3.261802000000000135e+03
-3.178271000000000186e+03
-3.243981999999999971e+03
-3.282963999999999942e+03
-3.247324000000000069e+03
-3.277394999999999982e+03
-3.287418999999999869e+03
-3.267371000000000095e+03
-3.267371000000000095e+03
-3.294472000000000207e+03
-3.236186000000000149e+03
-3.265143999999999778e+03
-3.294101000000000113e+03
-3.256605000000000018e+03
-3.258460999999999785e+03
-3.312664000000000215e+03
-3.287789999999999964e+03
-3.294844000000000051e+03
-3.314891000000000076e+03
-3.324543999999999869e+03
-3.297813999999999851e+03
-3.344219999999999800e+03
-3.337909000000000106e+03
-3.285563000000000102e+03
-3.333824999999999818e+03
-3.308951000000000022e+03
-3.337538000000000011e+03
-3.360184000000000196e+03
-3.342364000000000033e+03
-3.314148999999999887e+03
-3.408445999999999913e+03
-3.363153999999999996e+03
-3.332340000000000146e+03
-3.382088000000000193e+03
-3.385429000000000087e+03
-3.360925999999999931e+03
-3.403619999999999891e+03
-3.356099999999999909e+03
-3.369094000000000051e+03
-3.416242000000000189e+03
-3.395824000000000069e+03
-3.366494999999999891e+03
-3.435918999999999869e+03
-3.430721000000000004e+03
-3.395081000000000131e+03
-3.447427000000000135e+03
-3.411788000000000011e+03
-3.420326000000000022e+03
-3.455224000000000160e+03
-3.449655000000000200e+03
-3.419213000000000193e+03
-3.447798999999999978e+03
-3.464134000000000015e+03
-3.481954000000000178e+03
-3.464134000000000015e+03
-3.469702999999999975e+03
-3.448541000000000167e+03
-3.429606999999999971e+03
-3.410302000000000135e+03
-3.300413000000000011e+03
-3.342364000000000033e+03
-3.330112999999999829e+03
-3.348675000000000182e+03
-3.311920999999999822e+03
-3.327143000000000029e+03
-3.316748000000000047e+03
-3.241384000000000015e+03
-3.251036000000000058e+03
-3.224677000000000135e+03
-3.271826000000000022e+03
-3.238041999999999916e+03
-3.217994999999999891e+03
-3.212797999999999774e+03
-3.220965000000000146e+03
-3.189409000000000106e+03
-3.226163000000000011e+03
-3.258833000000000084e+03
-3.212797999999999774e+03
-3.197947999999999865e+03
-3.256605000000000018e+03
-3.195719999999999800e+03
-3.219108999999999924e+03
-3.262916000000000167e+03
-3.220965000000000146e+03
-3.229875000000000000e+03
-3.270340999999999894e+03
-3.249179999999999836e+03
-3.261802000000000135e+03
-3.270713000000000193e+03
-3.273311000000000149e+03
-3.258090000000000146e+03
-3.266628999999999905e+03
-3.260688999999999851e+03
-3.266257999999999811e+03
-3.285190999999999804e+03
-3.246952999999999975e+03
-3.275909999999999854e+03
-3.273311000000000149e+03
-3.253264000000000124e+03
-3.248438000000000102e+03
-3.261059999999999945e+03
-3.257719000000000051e+03
-3.254005999999999858e+03
-3.297443000000000211e+03
-3.248438000000000102e+03
-3.290018000000000029e+03
-3.261431000000000040e+03
-3.253635000000000218e+03
-3.254376999999999953e+03
-3.284820000000000164e+03
-3.268114000000000033e+03
-3.248065999999999804e+03
-3.306724000000000160e+03
-3.266628999999999905e+03
-3.287789999999999964e+03
-3.297443000000000211e+03
-3.290018000000000029e+03
-3.275166999999999916e+03
-3.281849999999999909e+03
-3.293358999999999924e+03
-3.256605000000000018e+03
-3.295585999999999785e+03
-3.316748000000000047e+03
-3.255119999999999891e+03
-3.311920999999999822e+03
-3.278880000000000109e+03
-3.292615999999999985e+03
-3.332710999999999785e+03
-3.340507999999999811e+03
-3.320831000000000131e+03
-3.359813000000000102e+03
-3.329369999999999891e+03
-3.306353000000000065e+03
-3.341250000000000000e+03
-3.366865999999999985e+03
-3.313405999999999949e+03
-3.386541999999999916e+03
-3.352387000000000171e+03
-3.349416999999999916e+03
-3.360184000000000196e+03
-3.370949999999999818e+03
-3.342364000000000033e+03
-3.367980000000000018e+03
-3.389141000000000076e+03
-3.329369999999999891e+03
-3.378003999999999905e+03
-3.392853999999999814e+03
-3.375775999999999840e+03
-3.373920000000000073e+03
-3.382088000000000193e+03
-3.365751999999999953e+03
-3.408074999999999818e+03
-3.381344999999999800e+03
