0.000000000000000000e+00
-1.967624999999999957e+01
-3.081374999999999886e+01
-4.046625000000000227e+01
-5.308874999999999744e+01
-5.791499999999999915e+01
-4.974750000000000227e+01
-7.499250000000000682e+01
-8.538750000000000284e+01
-6.199875000000000114e+01
-6.199875000000000114e+01
-9.132750000000000057e+01
-1.058062999999999931e+02
-9.281250000000000000e+01
-1.213987999999999943e+02
-1.169437000000000069e+02
-1.195425000000000040e+02
-1.169437000000000069e+02
-1.147162000000000006e+02
-1.340212999999999965e+02
-1.581525000000000034e+02
-1.306800000000000068e+02
-1.607512999999999863e+02
-1.923075000000000045e+02
-1.878524999999999920e+02
-1.603799999999999955e+02
-1.833975000000000080e+02
-1.826550000000000011e+02
-1.696613000000000113e+02
-1.956487999999999943e+02
-1.781999999999999886e+02
-2.268337999999999965e+02
-2.268337999999999965e+02
-2.283188000000000102e+02
-2.624737999999999829e+02
-2.580187000000000239e+02
-2.587613000000000056e+02
-2.494799999999999898e+02
-2.698987000000000194e+02
-2.643299999999999841e+02
-2.710124999999999886e+02
-2.713838000000000079e+02
-2.483662999999999954e+02
-2.817787000000000148e+02
-2.940299999999999727e+02
-2.914311999999999898e+02
-2.669286999999999921e+02
-2.892038000000000011e+02
-3.107363000000000284e+02
-2.836349999999999909e+02
-3.177900000000000205e+02
-3.137062000000000239e+02
-3.400649999999999977e+02
-3.211313000000000102e+02
-3.393224999999999909e+02
-3.278138000000000147e+02
-3.467475000000000023e+02
-3.159336999999999875e+02
-3.151913000000000125e+02
-3.378374999999999773e+02
-3.504599999999999795e+02
-3.062812999999999874e+02
-3.233587999999999738e+02
-3.263288000000000011e+02
-3.263288000000000011e+02
-3.552862999999999829e+02
-3.370950000000000273e+02
-3.419212999999999738e+02
-3.686512000000000171e+02
-3.445199999999999818e+02
-3.597411999999999921e+02
-3.771899999999999977e+02
-3.586274999999999977e+02
-3.679087999999999852e+02
-3.879562999999999988e+02
-3.886988000000000056e+02
-3.838725000000000023e+02
-3.968661999999999921e+02
-3.827588000000000079e+02
-4.102312999999999761e+02
-4.098600000000000136e+02
-4.005788000000000011e+02
-4.098600000000000136e+02
-4.250812999999999988e+02
-3.990937999999999874e+02
-3.812737000000000194e+02
-4.339911999999999921e+02
-4.310212000000000216e+02
-4.440149999999999864e+02
-4.102312999999999761e+02
-3.920400000000000205e+02
-4.150575000000000045e+02
-4.180274999999999750e+02
-4.276800000000000068e+02
-4.091175000000000068e+02
-4.057762000000000171e+02
-4.399311999999999898e+02
-4.217400000000000091e+02
-4.544100000000000250e+02
-4.343625000000000114e+02
-4.209975000000000023e+02
-4.451288000000000125e+02
-4.510688000000000102e+02
-4.618349999999999795e+02
-4.610924999999999727e+02
-4.711161999999999921e+02
-4.506974999999999909e+02
-4.822538000000000125e+02
-5.264325000000000045e+02
-4.785412999999999784e+02
-4.722300000000000182e+02
-5.256900000000000546e+02
-5.063849999999999909e+02
-4.971037999999999784e+02
-4.729725000000000250e+02
-4.636913000000000125e+02
-4.599787999999999784e+02
-4.703736999999999853e+02
-4.462425000000000068e+02
-4.633199999999999932e+02
-4.670325000000000273e+02
-4.677749999999999773e+02
-4.815113000000000056e+02
-5.030437999999999761e+02
-4.759424999999999955e+02
-4.881938000000000102e+02
-5.219774999999999636e+02
-4.900500000000000114e+02
-4.874513000000000034e+02
-5.048999999999999773e+02
-4.844812999999999761e+02
-4.811399999999999864e+02
-4.948763000000000147e+02
-4.688888000000000034e+02
-4.826250000000000000e+02
-4.952475000000000023e+02
-4.670325000000000273e+02
-4.518111999999999853e+02
-4.570088000000000079e+02
-4.581225000000000023e+02
-4.455000000000000000e+02
-4.388174999999999955e+02
-4.740862000000000194e+02
-4.440149999999999864e+02
-4.755713000000000079e+02
-4.629488000000000056e+02
-4.510688000000000102e+02
-4.677749999999999773e+02
-4.581225000000000023e+02
-4.570088000000000079e+02
-4.666612999999999829e+02
-4.763138000000000147e+02
-4.722300000000000182e+02
-4.822538000000000125e+02
-5.115824999999999818e+02
-5.126961999999999762e+02
-5.004449999999999932e+02
-5.112112000000000194e+02
-5.160375000000000227e+02
-4.978462999999999852e+02
-4.974750000000000227e+02
-4.993312999999999988e+02
-5.023013000000000261e+02
-5.308875000000000455e+02
-5.045287000000000148e+02
-5.208637999999999693e+02
-5.568750000000000000e+02
-5.383125000000000000e+02
-5.416536999999999580e+02
-5.164088000000000420e+02
-5.349713000000000420e+02
-5.472224999999999682e+02
-5.219774999999999636e+02
-5.427675000000000409e+02
-5.494500000000000455e+02
-5.435099999999999909e+02
-5.357137000000000171e+02
-5.409112999999999829e+02
-5.305162000000000262e+02
-5.216063000000000329e+02
-5.464800000000000182e+02
-5.349713000000000420e+02
-5.375700000000000500e+02
-5.513062999999999647e+02
-5.349713000000000420e+02
-5.223487999999999829e+02
-5.468513000000000375e+02
-5.631862999999999602e+02
-5.394262999999999693e+02
-5.145525000000000091e+02
-4.978462999999999852e+02
-5.104687999999999874e+02
-5.023013000000000261e+02
-4.997024999999999864e+02
-5.126961999999999762e+02
-5.212350000000000136e+02
-5.008163000000000125e+02
-5.011875000000000000e+02
-5.223487999999999829e+02
-5.238337000000000216e+02
-4.915350000000000250e+02
-5.045287000000000148e+02
-5.074986999999999853e+02
-4.826250000000000000e+02
-5.383125000000000000e+02
-5.494500000000000455e+02
-5.461087999999999738e+02
-5.475937999999999874e+02
-5.353424999999999727e+02
-5.375700000000000500e+02
-5.483361999999999625e+02
-5.728387000000000171e+02
-5.631862999999999602e+02
-5.672699999999999818e+02
-5.620724999999999909e+02
-5.435099999999999909e+02
-5.505638000000000147e+02
-5.568750000000000000e+02
-5.765512999999999693e+02
-5.513062999999999647e+02
-5.527912999999999784e+02
-5.423962000000000216e+02
-5.383125000000000000e+02
-5.483361999999999625e+02
-5.323724999999999454e+02
-5.197500000000000000e+02
-5.553899999999999864e+02
-5.479650000000000318e+02
-5.412825000000000273e+02
-5.193787999999999556e+02
-5.134388000000000147e+02
-5.048999999999999773e+02
-4.930199999999999818e+02
-5.108399999999999750e+02
-5.115824999999999818e+02
-5.126961999999999762e+02
-4.867087000000000216e+02
-5.130674999999999955e+02
-5.097262999999999806e+02
-5.212350000000000136e+02
-5.141812999999999647e+02
-5.145525000000000091e+02
-5.167799999999999727e+02
-5.286599999999999682e+02
-5.312586999999999762e+02
-5.275462999999999738e+02
-5.067563000000000102e+02
-5.260612999999999602e+02
-5.305162000000000262e+02
-5.461087999999999738e+02
-5.357137000000000171e+02
-5.223487999999999829e+02
-5.164088000000000420e+02
-4.919062999999999874e+02
-5.175225000000000364e+02
-5.023013000000000261e+02
-5.134388000000000147e+02
-5.334863000000000284e+02
-5.238337000000000216e+02
-5.342287999999999784e+02
-5.294025000000000318e+02
-5.342287999999999784e+02
-5.423962000000000216e+02
-5.338574999999999591e+02
-5.312586999999999762e+02
-5.353424999999999727e+02
-4.907925000000000182e+02
-5.004449999999999932e+02
-5.063849999999999909e+02
-4.974750000000000227e+02
-5.041575000000000273e+02
-5.108399999999999750e+02
-4.997024999999999864e+02
-5.104687999999999874e+02
-5.060138000000000034e+02
-4.967325000000000159e+02
-4.766850000000000023e+02
-4.603500000000000227e+02
-4.737149999999999750e+02
-4.740862000000000194e+02
-4.607212999999999852e+02
-4.599787999999999784e+02
-4.592363000000000284e+02
-4.633199999999999932e+02
-4.774275000000000091e+02
-4.722300000000000182e+02
-4.733437999999999874e+02
-4.685174999999999841e+02
-4.417875000000000227e+02
-4.748288000000000011e+02
-4.455000000000000000e+02
-4.696313000000000102e+02
-4.803974999999999795e+02
-4.618349999999999795e+02
-4.625774999999999864e+02
-4.948763000000000147e+02
-4.907925000000000182e+02
-4.740862000000000194e+02
-4.926487000000000194e+02
-4.811399999999999864e+02
-5.041575000000000273e+02
-4.989599999999999795e+02
-4.978462999999999852e+02
-4.907925000000000182e+02
-4.974750000000000227e+02
-4.978462999999999852e+02
-4.933913000000000011e+02
-5.019300000000000068e+02
-5.134388000000000147e+02
-4.915350000000000250e+02
-4.956186999999999898e+02
-5.048999999999999773e+02
-5.037862999999999829e+02
-5.078700000000000045e+02
-5.216063000000000329e+02
-5.041575000000000273e+02
-5.156662999999999784e+02
-5.115824999999999818e+02
-5.052712000000000216e+02
-5.045287000000000148e+02
-5.268038000000000238e+02
-5.048999999999999773e+02
-5.156662999999999784e+02
-5.320013000000000147e+02
-5.193787999999999556e+02
-5.368274999999999864e+02
-5.364561999999999671e+02
-5.331150000000000091e+02
-5.175225000000000364e+02
-5.331150000000000091e+02
-5.260612999999999602e+02
-5.342287999999999784e+02
-5.312586999999999762e+02
-5.130674999999999955e+02
-5.204924999999999500e+02
-5.201213000000000193e+02
-5.193787999999999556e+02
-5.279175000000000182e+02
-4.974750000000000227e+02
-4.896786999999999921e+02
-4.907925000000000182e+02
-4.948763000000000147e+02
-5.130674999999999955e+02
-4.911637999999999806e+02
-4.878224999999999909e+02
-4.885649999999999977e+02
-4.844812999999999761e+02
-4.859662000000000148e+02
-4.774275000000000091e+02
-4.826250000000000000e+02
-4.800262000000000171e+02
-4.811399999999999864e+02
-4.774275000000000091e+02
-4.789125000000000227e+02
-4.896786999999999921e+02
-4.952475000000000023e+02
-4.859662000000000148e+02
-4.841100000000000136e+02
-5.008163000000000125e+02
-4.904212999999999738e+02
-4.844812999999999761e+02
-4.777988000000000284e+02
-5.011875000000000000e+02
-5.019300000000000068e+02
-4.974750000000000227e+02
-5.123250000000000455e+02
-5.008163000000000125e+02
-5.108399999999999750e+02
-5.067563000000000102e+02
-5.197500000000000000e+02
-5.134388000000000147e+02
-5.271749999999999545e+02
-5.100975000000000250e+02
-5.089837999999999738e+02
-5.416536999999999580e+02
-5.227200000000000273e+02
-5.201213000000000193e+02
-5.349713000000000420e+02
-5.379412999999999556e+02
-5.249474999999999909e+02
-5.312586999999999762e+02
-5.327437999999999647e+02
-5.175225000000000364e+02
-5.401688000000000329e+02
-5.472224999999999682e+02
-5.379412999999999556e+02
-5.286599999999999682e+02
-5.498211999999999762e+02
-5.468513000000000375e+02
-5.761799999999999500e+02
-5.524199999999999591e+02
-5.539049999999999727e+02
-5.746950000000000500e+02
-5.676412000000000262e+02
-5.520488000000000284e+02
-5.550186999999999671e+02
-5.617011999999999716e+02
-5.550186999999999671e+02
-5.561325000000000500e+02
-5.594737999999999829e+02
-5.427675000000000409e+02
-5.535338000000000420e+02
-5.628150000000000546e+02
-5.364561999999999671e+02
-5.598450000000000273e+02
-5.557612000000000307e+02
-5.513062999999999647e+02
-5.565037999999999556e+02
-5.565037999999999556e+02
-5.468513000000000375e+02
-5.553899999999999864e+02
-5.631862999999999602e+02
