-1.236263000000000005e+02
-1.106324999999999932e+02
-1.975049999999999955e+02
-1.941638000000000090e+02
-1.674336999999999875e+02
-1.833975000000000080e+02
-2.387136999999999887e+02
-1.949062999999999874e+02
-2.457675000000000125e+02
-2.450250000000000057e+02
-2.446536999999999864e+02
-2.546775000000000091e+02
-2.669286999999999921e+02
-2.743537999999999784e+02
-2.995987999999999829e+02
-3.270713000000000079e+02
-3.077663000000000011e+02
-3.378374999999999773e+02
-3.667950000000000159e+02
-3.460049999999999955e+02
-3.905550000000000068e+02
-3.976087999999999738e+02
-3.857287999999999784e+02
-4.128299999999999841e+02
-3.983512999999999806e+02
-4.013213000000000079e+02
-4.042912999999999784e+02
-4.369612000000000194e+02
-3.987225000000000250e+02
-4.039200000000000159e+02
-4.358475000000000250e+02
-4.276800000000000068e+02
-4.648050000000000068e+02
-4.993312999999999988e+02
-4.733437999999999874e+02
-4.414162999999999784e+02
-4.714875000000000114e+02
-4.803974999999999795e+02
-4.763138000000000147e+02
-5.420249999999999773e+02
-5.431386999999999716e+02
-5.390549999999999500e+02
-5.691263000000000147e+02
-5.813775000000000546e+02
-5.639288000000000238e+02
-5.914012000000000171e+02
-5.787786999999999580e+02
-6.188737999999999602e+02
-6.352087000000000216e+02
-6.199874999999999545e+02
-6.444900000000000091e+02
-6.689924999999999500e+02
-6.496875000000000000e+02
-6.994349999999999454e+02
-7.306200000000000045e+02
-7.038899999999999864e+02
-7.217100000000000364e+02
-7.636612999999999829e+02
-7.179974999999999454e+02
-7.321050000000000182e+02
-7.603200000000000500e+02
-7.618049999999999500e+02
-7.580924999999999727e+02
-7.929900000000000091e+02
-7.718287000000000262e+02
-7.777686999999999671e+02
-8.234325000000000045e+02
-8.349412999999999556e+02
-8.264025000000000318e+02
-8.742938000000000329e+02
-8.460787000000000262e+02
-8.453361999999999625e+02
-8.861738000000000284e+02
-8.683537999999999784e+02
-8.739225000000000136e+02
-9.284963000000000193e+02
-9.310950000000000273e+02
-9.303524999999999636e+02
-9.641362000000000307e+02
-9.392625000000000455e+02
-9.741599999999999682e+02
-9.789863000000000284e+02
-9.533700000000000045e+02
-9.652500000000000000e+02
-1.011655999999999949e+03
-9.890099999999999909e+02
-9.897525000000000546e+02
-1.016481999999999971e+03
-9.838125000000000000e+02
-9.723038000000000238e+02
-1.004974000000000046e+03
-1.008686000000000035e+03
-9.834412999999999556e+02
-1.006830000000000041e+03
-1.024650000000000091e+03
-1.004230999999999995e+03
-1.035045000000000073e+03
-1.010542000000000030e+03
-9.942074999999999818e+02
-1.043212999999999965e+03
-1.039871000000000095e+03
-1.050266000000000076e+03
-1.062517000000000053e+03
-1.082565000000000055e+03
-1.072912000000000035e+03
-1.084791999999999916e+03
-1.119318999999999960e+03
-1.093330999999999904e+03
-1.150133000000000038e+03
-1.160898999999999887e+03
-1.161269999999999982e+03
-1.184287000000000035e+03
-1.182431000000000040e+03
-1.132683999999999969e+03
-1.169438000000000102e+03
-1.118948000000000093e+03
-1.111894000000000005e+03
-1.125259000000000015e+03
-1.128599999999999909e+03
-1.108181000000000040e+03
-1.126000999999999976e+03
-1.113750000000000000e+03
-1.083679000000000087e+03
-1.147904999999999973e+03
-1.137881000000000085e+03
-1.129713999999999942e+03
-1.151246000000000095e+03
-1.157185999999999922e+03
-1.140480000000000018e+03
-1.159413999999999987e+03
-1.209903999999999996e+03
-1.159785000000000082e+03
-1.178347999999999956e+03
-1.234405999999999949e+03
-1.194682000000000016e+03
-1.186885999999999967e+03
-1.244058999999999969e+03
-1.228095000000000027e+03
-1.207305000000000064e+03
-1.249256000000000085e+03
-1.208789999999999964e+03
-1.224383000000000038e+03
-1.239232999999999947e+03
-1.240346000000000004e+03
-1.277471000000000004e+03
-1.260765000000000100e+03
-1.269674999999999955e+03
-1.273387999999999920e+03
-1.251855000000000018e+03
-1.265590999999999894e+03
-1.268560999999999922e+03
-1.280441000000000031e+03
-1.262250000000000000e+03
-1.274500999999999976e+03
-1.286381000000000085e+03
-1.286381000000000085e+03
-1.287494999999999891e+03
-1.272644999999999982e+03
-1.291578999999999951e+03
-1.277843000000000075e+03
-1.316824000000000069e+03
-1.273016000000000076e+03
-1.268190000000000055e+03
-1.334644000000000005e+03
-1.279699000000000069e+03
-1.242202999999999975e+03
-1.264105999999999995e+03
-1.283781999999999925e+03
-1.229579999999999927e+03
-1.274873000000000047e+03
-1.265962999999999965e+03
-1.227353000000000065e+03
-1.237748000000000047e+03
-1.248142000000000053e+03
-1.258165999999999940e+03
-1.259279999999999973e+03
-1.229209000000000060e+03
-1.208789999999999964e+03
-1.238861000000000104e+03
-1.228837999999999965e+03
-1.242202999999999975e+03
-1.258165999999999940e+03
-1.269304000000000087e+03
-1.249256000000000085e+03
-1.293064000000000078e+03
-1.288608999999999924e+03
-1.278213999999999942e+03
-1.278213999999999942e+03
-1.280069999999999936e+03
-1.257051999999999907e+03
-1.275986000000000104e+03
-1.294176999999999907e+03
-1.268932000000000016e+03
-1.307913999999999987e+03
-1.345780999999999949e+03
-1.298260999999999967e+03
-1.321650000000000091e+03
-1.333901000000000067e+03
-1.321278999999999996e+03
-1.305315000000000055e+03
-1.277843000000000075e+03
-1.273016000000000076e+03
-1.286009999999999991e+03
-1.291578999999999951e+03
-1.291208000000000084e+03
-1.286752999999999929e+03
-1.323134999999999991e+03
-1.317194999999999936e+03
-1.329445999999999913e+03
-1.342810999999999922e+03
-1.323134999999999991e+03
-1.321278999999999996e+03
-1.335015000000000100e+03
-1.332787000000000035e+03
-1.343924999999999955e+03
-1.357289999999999964e+03
-1.354319999999999936e+03
-1.365458000000000084e+03
-1.360631000000000085e+03
-1.380679000000000087e+03
-1.406295000000000073e+03
-1.410008000000000038e+03
-1.419660000000000082e+03
-1.356919000000000096e+03
-1.370284000000000106e+03
-1.369912000000000035e+03
-1.282297000000000025e+03
-1.299746000000000095e+03
-1.298633000000000038e+03
-1.288980000000000018e+03
-1.296034000000000106e+03
-1.284895999999999958e+03
-1.291208000000000084e+03
-1.287865999999999985e+03
-1.278585000000000036e+03
-1.314224999999999909e+03
-1.306799999999999955e+03
-1.288608999999999924e+03
-1.330931000000000040e+03
-1.340954999999999927e+03
-1.291950000000000045e+03
-1.327589999999999918e+03
-1.319794000000000096e+03
-1.312368999999999915e+03
-1.339470000000000027e+03
-1.348750999999999976e+03
-1.294920000000000073e+03
-1.326476000000000113e+03
-1.338355999999999995e+03
-1.323506000000000085e+03
-1.332787000000000035e+03
-1.337614000000000033e+03
-1.353949000000000069e+03
-1.339840999999999894e+03
-1.343182000000000016e+03
-1.341326000000000022e+03
-1.314224999999999909e+03
-1.344666999999999916e+03
-1.340212999999999965e+03
-1.336500000000000000e+03
-1.379193999999999960e+03
-1.361374000000000024e+03
-1.359888999999999896e+03
-1.390330999999999904e+03
-1.397756000000000085e+03
-1.378823000000000093e+03
-1.399240999999999985e+03
-1.395528999999999996e+03
-1.386618999999999915e+03
-1.423000999999999976e+03
-1.424486000000000104e+03
-1.400726000000000113e+03
-1.397756000000000085e+03
-1.372510999999999967e+03
-1.363601000000000113e+03
-1.378451000000000022e+03
-1.380307000000000016e+03
-1.370654999999999973e+03
-1.357661000000000058e+03
-1.394786000000000058e+03
-1.381049999999999955e+03
-1.395528999999999996e+03
-1.411121000000000095e+03
-1.362488000000000056e+03
-1.403695999999999913e+03
-1.378451000000000022e+03
-1.369170000000000073e+03
-1.368056000000000040e+03
-1.368798999999999978e+03
-1.342068999999999960e+03
-1.350607999999999947e+03
-1.368056000000000040e+03
-1.359888999999999896e+03
-1.379935999999999922e+03
-1.365458000000000084e+03
-1.389588999999999942e+03
-1.397756000000000085e+03
-1.402583000000000084e+03
-1.391444999999999936e+03
-1.403325000000000045e+03
-1.391074000000000069e+03
-1.398127999999999929e+03
-1.391444999999999936e+03
-1.380679000000000087e+03
-1.377709000000000060e+03
-1.356919000000000096e+03
-1.347266000000000076e+03
-1.351349999999999909e+03
-1.336871000000000095e+03
-1.325363000000000056e+03
-1.311625999999999976e+03
-1.297519000000000005e+03
-1.323506000000000085e+03
-1.308285000000000082e+03
-1.288238000000000056e+03
-1.309398999999999887e+03
-1.302345000000000027e+03
-1.303087999999999965e+03
-1.346523999999999887e+03
-1.329445999999999913e+03
-1.330931000000000040e+03
-1.343924999999999955e+03
-1.338355999999999995e+03
-1.352835000000000036e+03
-1.356919000000000096e+03
-1.305685999999999922e+03
-1.306429000000000087e+03
-1.331301999999999907e+03
-1.319794000000000096e+03
-1.318308999999999969e+03
-1.328333000000000084e+03
-1.301603000000000065e+03
-1.323506000000000085e+03
-1.323506000000000085e+03
-1.325363000000000056e+03
-1.348380000000000109e+03
-1.338355999999999995e+03
-1.333901000000000067e+03
-1.349865000000000009e+03
-1.366200000000000045e+03
-1.349493999999999915e+03
-1.353205999999999904e+03
-1.378451000000000022e+03
-1.357661000000000058e+03
-1.344296000000000049e+03
-1.353205999999999904e+03
-1.367314000000000078e+03
-1.366570999999999913e+03
-1.372140000000000100e+03
-1.362858999999999924e+03
-1.342810999999999922e+03
-1.356175999999999931e+03
-1.378079999999999927e+03
-1.364344000000000051e+03
-1.370654999999999973e+03
-1.368426999999999907e+03
-1.354319999999999936e+03
-1.359517000000000053e+03
-1.379565000000000055e+03
-1.369170000000000073e+03
-1.376595000000000027e+03
-1.381421000000000049e+03
-1.370654999999999973e+03
-1.372883000000000038e+03
-1.380679000000000087e+03
-1.367314000000000078e+03
-1.386248000000000047e+03
-1.381791999999999916e+03
-1.388104000000000042e+03
-1.400726000000000113e+03
-1.385875999999999976e+03
-1.387361000000000104e+03
-1.399983999999999924e+03
-1.390702999999999975e+03
-1.376223999999999933e+03
-1.391074000000000069e+03
-1.390702999999999975e+03
-1.386618999999999915e+03
-1.395900000000000091e+03
-1.413348999999999933e+03
-1.392188000000000102e+03
-1.401839999999999918e+03
-1.432653999999999996e+03
-1.392558999999999969e+03
-1.407037000000000035e+03
-1.413720000000000027e+03
-1.408151000000000067e+03
-1.408521999999999935e+03
-1.418174999999999955e+03
-1.422259000000000015e+03
-1.424486000000000104e+03
-1.427085000000000036e+03
-1.426713999999999942e+03
-1.430055000000000064e+03
-1.433395999999999958e+03
-1.437851000000000113e+03
-1.437480000000000018e+03
-1.431169000000000096e+03
-1.449730999999999995e+03
-1.437108999999999924e+03
-1.457155999999999949e+03
-1.433025000000000091e+03
-1.434881000000000085e+03
-1.455299999999999955e+03
-1.429313000000000102e+03
-1.438222999999999956e+03
-1.460868999999999915e+03
-1.455671000000000049e+03
-1.466066000000000031e+03
-1.475347999999999956e+03
-1.458641000000000076e+03
-1.485371000000000095e+03
