8.873145999999999844e+01
8.613263000000000602e+01
6.497073000000000320e+01
5.049154000000000053e+01
5.791676999999999964e+01
6.459946999999999662e+01
3.229973999999999990e+01
5.160531999999999897e+01
3.898243999999999687e+01
3.601234999999999786e+01
4.195253000000000299e+01
1.076657999999999937e+01
5.197658999999999807e+00
-1.819125000000000014e+01
-1.893374999999999986e+01
-2.524500000000000099e+01
-4.343625000000000114e+01
-2.524500000000000099e+01
-6.682500000000000107e+00
-4.083749999999999858e+01
-4.937624999999999886e+01
-1.967624999999999957e+01
-4.974750000000000227e+01
-3.860999999999999943e+01
-6.422624999999999318e+01
-6.459749999999999659e+01
-8.390250000000000341e+01
-8.612999999999999545e+01
-8.501624999999999943e+01
-8.278874999999999318e+01
-8.167499999999999716e+01
-1.143449999999999989e+02
-7.499250000000000682e+01
-9.058499999999999375e+01
-8.872875000000000512e+01
-8.501624999999999943e+01
-1.251113000000000000e+02
-1.366200000000000045e+02
-1.176861999999999995e+02
-1.299375000000000000e+02
-1.570388000000000090e+02
-1.124887999999999977e+02
-1.366200000000000045e+02
-1.781999999999999886e+02
-1.488711999999999875e+02
-1.262249999999999943e+02
-1.485000000000000000e+02
-1.488711999999999875e+02
-1.150875000000000057e+02
-1.358774999999999977e+02
-1.180575000000000045e+02
-1.254825000000000017e+02
-1.407038000000000011e+02
-1.347637000000000000e+02
-1.477574999999999932e+02
-1.325363000000000113e+02
-1.614937999999999931e+02
-1.299375000000000000e+02
-1.399612999999999943e+02
-1.429311999999999898e+02
-1.373625000000000114e+02
-1.466437999999999988e+02
-1.332786999999999864e+02
-1.637213000000000136e+02
-1.481288000000000125e+02
-1.425600000000000023e+02
-1.366200000000000045e+02
-1.551825000000000045e+02
-1.670625000000000000e+02
-1.440449999999999875e+02
-1.574099999999999966e+02
-1.603799999999999955e+02
-1.659487000000000023e+02
-1.822838000000000136e+02
-1.733737000000000137e+02
-1.596374999999999886e+02
-1.704036999999999864e+02
-1.518411999999999864e+02
-1.789424999999999955e+02
-1.741162999999999954e+02
-2.038163000000000125e+02
-1.941638000000000090e+02
-1.915649999999999977e+02
-2.001037000000000035e+02
-2.056725000000000136e+02
-2.442824999999999989e+02
-2.357437999999999931e+02
-2.520788000000000011e+02
-2.561625000000000227e+02
-2.327737999999999943e+02
-2.498513000000000090e+02
-2.472524999999999977e+02
-2.405699999999999932e+02
-2.535637999999999863e+02
-2.554199999999999875e+02
-2.476237000000000137e+02
-2.439113000000000113e+02
-2.509650000000000034e+02
-2.713838000000000079e+02
-2.565337999999999852e+02
-2.216362000000000023e+02
-2.383425000000000011e+02
-2.387136999999999887e+02
-1.971338000000000079e+02
-1.934211999999999989e+02
-1.945349999999999966e+02
-2.246062000000000012e+02
-2.104987000000000137e+02
-2.171812999999999931e+02
-2.212649999999999864e+02
-2.090137000000000000e+02
-2.012175000000000011e+02
-2.045586999999999875e+02
-2.038163000000000125e+02
-2.001037000000000035e+02
-2.216362000000000023e+02
-2.272050000000000125e+02
-2.112412999999999954e+02
-2.350012999999999863e+02
-2.264625000000000057e+02
-2.164387999999999863e+02
-1.882238000000000113e+02
-2.227500000000000000e+02
-2.097563000000000102e+02
-2.041875000000000000e+02
-2.201511999999999887e+02
-2.186662000000000035e+02
-2.045586999999999875e+02
-2.168100000000000023e+02
-1.893375000000000057e+02
-2.023312999999999988e+02
-2.257199999999999989e+02
-1.971338000000000079e+02
-2.123549999999999898e+02
-2.160674999999999955e+02
-1.926787999999999954e+02
-2.350012999999999863e+02
-2.246062000000000012e+02
-2.160674999999999955e+02
-2.379713000000000136e+02
-2.305461999999999989e+02
-2.546775000000000091e+02
-2.387136999999999887e+02
-2.253488000000000113e+02
-2.557913000000000068e+02
-2.665575000000000045e+02
-2.621025000000000205e+02
-2.695274999999999750e+02
-2.691562999999999874e+02
-2.728686999999999898e+02
-2.691562999999999874e+02
-2.828924999999999841e+02
-2.810362999999999829e+02
-2.828924999999999841e+02
-3.144488000000000056e+02
-2.706413000000000011e+02
-2.840063000000000102e+02
-3.007124999999999773e+02
-2.892038000000000011e+02
-2.873475000000000250e+02
-2.710124999999999886e+02
-2.851200000000000045e+02
-2.836349999999999909e+02
-2.999700000000000273e+02
-2.914311999999999898e+02
-2.940299999999999727e+02
-2.802937999999999761e+02
-2.999700000000000273e+02
-2.888324999999999818e+02
-2.765812000000000239e+02
-3.066524999999999750e+02
-2.958863000000000056e+02
-3.047962999999999738e+02
-2.888324999999999818e+02
-2.984850000000000136e+02
-2.736113000000000284e+02
-2.966288000000000125e+02
-3.148199999999999932e+02
-2.932875000000000227e+02
-2.925450000000000159e+02
-2.899463000000000079e+02
-3.192749999999999773e+02
-3.292988000000000284e+02
-3.159336999999999875e+02
-3.018263000000000034e+02
-2.817787000000000148e+02
-2.632162000000000148e+02
-2.684137999999999806e+02
-2.535637999999999863e+02
-2.702699999999999818e+02
-2.788086999999999875e+02
-2.869762999999999806e+02
-2.899463000000000079e+02
-2.836349999999999909e+02
-2.988562999999999761e+02
-2.832638000000000034e+02
-2.713838000000000079e+02
-3.070237000000000194e+02
-2.944012000000000171e+02
-3.044250000000000114e+02
-3.021974999999999909e+02
-2.966288000000000125e+02
-3.111075000000000159e+02
-3.174187999999999761e+02
-3.003412000000000148e+02
-3.047962999999999738e+02
-2.892038000000000011e+02
-2.450250000000000057e+02
-2.661861999999999853e+02
-2.483662999999999954e+02
-2.535637999999999863e+02
-2.676712999999999738e+02
-2.721263000000000147e+02
-2.569049999999999727e+02
-2.598750000000000000e+02
-2.476237000000000137e+02
-2.342588000000000079e+02
-2.431687000000000012e+02
-2.632162000000000148e+02
-2.494799999999999898e+02
-2.357437999999999931e+02
-2.572762000000000171e+02
-2.097563000000000102e+02
-2.156963000000000079e+02
-2.453962999999999965e+02
-2.550488000000000000e+02
-2.350012999999999863e+02
-2.557913000000000068e+02
-2.231211999999999875e+02
-2.491086999999999989e+02
-2.520788000000000011e+02
-2.669286999999999921e+02
-2.398274999999999864e+02
-2.312888000000000090e+02
-2.453962999999999965e+02
-2.450250000000000057e+02
-2.528213000000000079e+02
-2.554199999999999875e+02
-2.591324999999999932e+02
-2.572762000000000171e+02
-2.416836999999999875e+02
-2.446536999999999864e+02
-2.565337999999999852e+02
-2.539350000000000023e+02
-2.324025000000000034e+02
-2.561625000000000227e+02
-2.372288000000000068e+02
-2.387136999999999887e+02
-2.535637999999999863e+02
-2.286899999999999977e+02
-2.216362000000000023e+02
-2.650724999999999909e+02
-2.543062999999999931e+02
-2.320312999999999874e+02
-2.416836999999999875e+02
-2.286899999999999977e+02
-2.227500000000000000e+02
-2.409413000000000125e+02
-2.442824999999999989e+02
-2.286899999999999977e+02
-2.156963000000000079e+02
-2.320312999999999874e+02
-2.257199999999999989e+02
-2.197800000000000011e+02
-2.201511999999999887e+02
-2.186662000000000035e+02
-2.335163000000000011e+02
-2.027024999999999864e+02
-2.409413000000000125e+02
-2.272050000000000125e+02
-2.312888000000000090e+02
-2.223788000000000125e+02
-2.290612000000000137e+02
-2.446536999999999864e+02
-2.112412999999999954e+02
-2.294325000000000045e+02
-2.290612000000000137e+02
-2.416836999999999875e+02
-2.260911999999999864e+02
-2.301750000000000114e+02
-2.242350000000000136e+02
-2.275762000000000000e+02
-2.316599999999999966e+02
-2.179238000000000000e+02
-2.413125000000000000e+02
-2.476237000000000137e+02
-2.409413000000000125e+02
-2.390850000000000080e+02
-2.409413000000000125e+02
-2.041875000000000000e+02
-2.279474999999999909e+02
-2.272050000000000125e+02
-2.168100000000000023e+02
-2.350012999999999863e+02
-2.097563000000000102e+02
-2.264625000000000057e+02
-2.090137000000000000e+02
-2.446536999999999864e+02
-2.186662000000000035e+02
-2.082712999999999965e+02
-2.375999999999999943e+02
-2.246062000000000012e+02
-2.164387999999999863e+02
-2.227500000000000000e+02
-2.082712999999999965e+02
-2.101274999999999977e+02
-2.171812999999999931e+02
-2.012175000000000011e+02
-2.064149999999999920e+02
-2.223788000000000125e+02
-2.197800000000000011e+02
-2.286899999999999977e+02
-2.208937999999999988e+02
-2.142112999999999943e+02
-2.097563000000000102e+02
-2.223788000000000125e+02
-2.305461999999999989e+02
-2.149538000000000011e+02
-2.294325000000000045e+02
-2.097563000000000102e+02
-2.416836999999999875e+02
-2.413125000000000000e+02
-2.327737999999999943e+02
-2.305461999999999989e+02
-2.305461999999999989e+02
-2.305461999999999989e+02
-2.212649999999999864e+02
-2.249774999999999920e+02
-2.361150000000000091e+02
-2.257199999999999989e+02
-2.398274999999999864e+02
-2.401987000000000023e+02
-2.468813000000000102e+02
-2.453962999999999965e+02
-2.535637999999999863e+02
-2.424262999999999977e+02
-2.331450000000000102e+02
-2.398274999999999864e+02
-2.312888000000000090e+02
-2.628450000000000273e+02
-2.509650000000000034e+02
-2.524499999999999886e+02
-2.628450000000000273e+02
-2.543062999999999931e+02
-2.453962999999999965e+02
-2.635874999999999773e+02
-2.621025000000000205e+02
-2.572762000000000171e+02
-2.543062999999999931e+02
-2.572762000000000171e+02
-2.413125000000000000e+02
-2.231211999999999875e+02
-2.338874999999999886e+02
-2.331450000000000102e+02
-2.208937999999999988e+02
-2.123549999999999898e+02
-2.301750000000000114e+02
-2.227500000000000000e+02
-2.130974999999999966e+02
-2.205225000000000080e+02
-2.312888000000000090e+02
-2.234925000000000068e+02
-2.186662000000000035e+02
-2.342588000000000079e+02
-2.338874999999999886e+02
-2.316599999999999966e+02
-2.450250000000000057e+02
-2.361150000000000091e+02
-2.353725000000000023e+02
-2.453962999999999965e+02
-2.346299999999999955e+02
-2.205225000000000080e+02
-2.149538000000000011e+02
-2.375999999999999943e+02
-2.227500000000000000e+02
-2.361150000000000091e+02
-2.420550000000000068e+02
-2.283188000000000102e+02
-2.186662000000000035e+02
-2.268337999999999965e+02
-2.401987000000000023e+02
-2.401987000000000023e+02
-2.409413000000000125e+02
-1.908224999999999909e+02
-2.108700000000000045e+02
-1.900800000000000125e+02
-1.796850000000000023e+02
-2.001037000000000035e+02
-2.246062000000000012e+02
-2.019600000000000080e+02
-2.015886999999999887e+02
-2.049300000000000068e+02
-2.034449999999999932e+02
-2.212649999999999864e+02
-2.027024999999999864e+02
-2.012175000000000011e+02
-2.223788000000000125e+02
-2.056725000000000136e+02
-2.034449999999999932e+02
-2.249774999999999920e+02
-2.153249999999999886e+02
-1.989900000000000091e+02
-2.064149999999999920e+02
-2.127263000000000090e+02
-2.071574999999999989e+02
-2.041875000000000000e+02
-2.030737000000000023e+02
-1.975049999999999955e+02
-2.171812999999999931e+02
-2.041875000000000000e+02
-1.975049999999999955e+02
-2.182949999999999875e+02
