-4.022123000000000047e+03
-3.979057999999999993e+03
-4.026577999999999975e+03
-4.052193999999999960e+03
-4.053307999999999993e+03
-4.036601000000000113e+03
-4.050338000000000193e+03
-4.059989999999999782e+03
-4.050338000000000193e+03
-4.083007999999999811e+03
-4.038458000000000084e+03
-4.087833999999999833e+03
-4.089318999999999960e+03
-4.088576000000000022e+03
-4.104168999999999869e+03
-4.095630000000000109e+03
-4.149461000000000240e+03
-4.120875000000000000e+03
-4.170993999999999687e+03
-4.123474000000000160e+03
-4.143893000000000029e+03
-4.144635000000000218e+03
-4.160228000000000065e+03
-4.158743000000000393e+03
-4.195868000000000393e+03
-4.184729999999999563e+03
-4.121618000000000393e+03
-4.195125000000000000e+03
-4.196980999999999767e+03
-4.160228000000000065e+03
-4.171735999999999876e+03
-4.190670000000000073e+03
-4.163939999999999600e+03
-4.205520000000000437e+03
-4.219256000000000313e+03
-4.157628999999999905e+03
-4.202179000000000087e+03
-4.245985999999999876e+03
-4.198837000000000444e+03
-4.215171999999999571e+03
-4.252296999999999571e+03
-4.238561999999999898e+03
-4.230765000000000327e+03
-4.258609000000000378e+03
-4.210345999999999549e+03
-4.261949999999999818e+03
-4.256381000000000313e+03
-4.265292000000000371e+03
-4.234478000000000065e+03
-4.258979999999999563e+03
-4.248956000000000131e+03
-4.252668999999999869e+03
-4.310583999999999833e+03
-4.249698999999999614e+03
-4.282739999999999782e+03
-4.289421999999999571e+03
-4.307613999999999578e+03
-4.265292000000000371e+03
-4.321720999999999549e+03
-4.306871000000000095e+03
-4.276800000000000182e+03
-4.338427999999999884e+03
-4.296104999999999563e+03
-4.325063000000000102e+03
-4.328033000000000357e+03
-4.319122999999999593e+03
-4.305756999999999607e+03
-4.329518000000000029e+03
-4.345853000000000065e+03
-4.345853000000000065e+03
-4.343996000000000095e+03
-4.345853000000000065e+03
-4.349564999999999600e+03
-4.351050000000000182e+03
-4.370725999999999658e+03
-4.320979000000000269e+03
-4.388917000000000371e+03
-4.348451000000000022e+03
-4.363301000000000386e+03
-4.378521999999999935e+03
-4.391515999999999622e+03
-4.356989999999999782e+03
-4.368498999999999796e+03
-4.401168999999999869e+03
-4.380006999999999607e+03
-4.414533999999999651e+03
-4.387432999999999993e+03
-4.389288999999999760e+03
-4.358845999999999549e+03
-4.426784999999999854e+03
-4.404510000000000218e+03
-4.383349000000000160e+03
-4.437180000000000291e+03
-4.397828000000000429e+03
-4.408965000000000146e+03
-4.454256999999999607e+03
-4.437551000000000386e+03
-4.435694999999999709e+03
-4.481729999999999563e+03
-4.447203999999999724e+03
-4.436809000000000196e+03
-4.439779000000000451e+03
-4.422701000000000022e+03
-4.411935000000000400e+03
-4.421587000000000444e+03
-4.427899000000000342e+03
-4.456113999999999578e+03
-4.446832999999999629e+03
-4.431239999999999782e+03
-4.467622999999999593e+03
-4.462425000000000182e+03
-4.423073000000000320e+03
-4.473563000000000102e+03
-4.487670000000000073e+03
-4.461682999999999993e+03
-4.478389000000000124e+03
-4.499179000000000087e+03
-4.459826000000000022e+03
-4.489896999999999935e+03
-4.491753999999999905e+03
-4.506231999999999971e+03
-4.506975000000000364e+03
-4.518484000000000378e+03
-4.486927999999999884e+03
-4.538902000000000044e+03
-4.522567000000000007e+03
-4.532591000000000349e+03
-4.500663999999999760e+03
-4.554494999999999891e+03
-4.522567000000000007e+03
-4.521082999999999629e+03
-4.537417000000000371e+03
-4.546698999999999614e+03
-4.564146999999999935e+03
-4.553381000000000313e+03
-4.599417000000000371e+03
-4.573429000000000087e+03
-4.569716000000000349e+03
-4.609439999999999600e+03
-4.598302999999999884e+03
-4.624289999999999964e+03
-4.632457999999999629e+03
-4.636542000000000371e+03
-4.607212000000000444e+03
-4.609811999999999898e+03
-4.572314999999999600e+03
-4.582338999999999942e+03
-4.583823999999999614e+03
-4.583823999999999614e+03
-4.576770000000000437e+03
-4.465395000000000437e+03
-4.446090000000000146e+03
-4.466880000000000109e+03
-4.480987000000000080e+03
-4.458341000000000349e+03
-4.501405999999999949e+03
-4.501405999999999949e+03
-4.489525999999999840e+03
-4.513286000000000058e+03
-4.536304000000000087e+03
-4.480615999999999985e+03
-4.542614999999999782e+03
-4.516998999999999796e+03
-4.487298999999999978e+03
-4.499921000000000276e+03
-4.504005000000000109e+03
-4.493980999999999767e+03
-4.510688000000000102e+03
-4.527765000000000327e+03
-4.480987000000000080e+03
-4.532220000000000255e+03
-4.534819000000000415e+03
-4.524795000000000073e+03
-4.514029000000000451e+03
-4.550783000000000357e+03
-4.543356999999999971e+03
-4.545213999999999942e+03
-4.555979999999999563e+03
-4.533333999999999833e+03
-4.561548999999999978e+03
-4.560435000000000400e+03
-4.574542000000000371e+03
-4.570458999999999833e+03
-4.604243000000000393e+03
-4.574171000000000276e+03
-4.574542000000000371e+03
-4.622805000000000291e+03
-4.585309000000000196e+03
-4.593847999999999956e+03
-4.600529999999999745e+03
-4.501405999999999949e+03
-4.489525999999999840e+03
-4.541872999999999593e+03
-4.507345999999999549e+03
-4.514399999999999636e+03
-4.574171000000000276e+03
-4.508831000000000131e+03
-4.518112000000000080e+03
-4.564519000000000233e+03
-4.525167000000000371e+03
-4.553752000000000407e+03
-4.549296999999999571e+03
-4.537417000000000371e+03
-4.558207999999999629e+03
-4.568603000000000065e+03
-4.566375000000000000e+03
-4.542614999999999782e+03
-4.561548999999999978e+03
-4.528878999999999905e+03
-4.544842999999999847e+03
-4.563033999999999651e+03
-4.570829999999999927e+03
-4.534819000000000415e+03
-4.550783000000000357e+03
-4.559692000000000007e+03
-4.548184000000000196e+03
-4.591619999999999891e+03
-4.559692000000000007e+03
-4.550411000000000058e+03
-4.603500000000000000e+03
-4.587908000000000357e+03
-4.601644000000000233e+03
-4.610554000000000087e+03
-4.594961000000000240e+03
-4.588649999999999636e+03
-4.604243000000000393e+03
-4.586421999999999571e+03
-4.597560000000000400e+03
-4.596445999999999913e+03
-4.597930999999999585e+03
-4.582338999999999942e+03
-4.618720999999999549e+03
-4.599787999999999556e+03
-4.600900999999999840e+03
-4.632086000000000240e+03
-4.650277000000000044e+03
-4.610554000000000087e+03
-4.647679000000000087e+03
-4.646194000000000415e+03
-4.607583999999999833e+03
-4.626889000000000124e+03
-4.629487000000000080e+03
-4.591990999999999985e+03
-4.629487000000000080e+03
-4.653989999999999782e+03
-4.615380000000000109e+03
-4.613895000000000437e+03
-4.628744999999999891e+03
-4.622434000000000196e+03
-4.643224000000000160e+03
-4.649534999999999854e+03
-4.623176000000000386e+03
-4.609811999999999898e+03
-4.657703000000000429e+03
-4.622434000000000196e+03
-4.649534999999999854e+03
-4.663643000000000029e+03
-4.638396999999999935e+03
-4.671067000000000007e+03
-4.684432999999999993e+03
-4.648050000000000182e+03
-4.682948000000000320e+03
-4.666240999999999985e+03
-4.638025999999999840e+03
-4.687030999999999949e+03
-4.666612000000000080e+03
-4.677006999999999607e+03
-4.679978000000000065e+03
-4.683319000000000415e+03
-4.665869999999999891e+03
-4.605728000000000065e+03
-4.613152000000000044e+03
-4.585680000000000291e+03
-4.605728000000000065e+03
-4.618350000000000364e+03
-4.621319999999999709e+03
-4.621319999999999709e+03
-4.633199999999999818e+03
-4.613524000000000342e+03
-4.620578000000000429e+03
-4.643595000000000255e+03
-4.637654999999999745e+03
-4.616493999999999687e+03
-4.664014000000000124e+03
-4.661043999999999869e+03
-4.637654999999999745e+03
-4.672180999999999585e+03
-4.682576000000000022e+03
-4.632828999999999724e+03
-4.674408999999999651e+03
-4.697796999999999571e+03
-4.675521999999999935e+03
-4.693342999999999847e+03
-4.671810000000000400e+03
-4.702623999999999796e+03
-4.694085000000000036e+03
-4.662529000000000451e+03
-4.668097999999999956e+03
-4.699283000000000357e+03
-4.691114999999999782e+03
-4.698168999999999869e+03
-4.716359999999999673e+03
-4.723784999999999854e+03
-4.725270000000000437e+03
-4.721929000000000087e+03
-4.731210000000000036e+03
-4.685546000000000276e+03
-4.759425000000000182e+03
-4.735293999999999869e+03
-4.723413999999999760e+03
-4.753113999999999578e+03
-4.735664999999999964e+03
-4.720444000000000415e+03
-4.746430999999999585e+03
-4.754228000000000065e+03
-4.718958999999999833e+03
-4.760167000000000371e+03
-4.747173999999999978e+03
-4.733065999999999804e+03
-4.766850000000000364e+03
-4.779100999999999658e+03
-4.780586000000000240e+03
-4.785783999999999651e+03
-4.801376000000000204e+03
-4.763509000000000015e+03
-4.813256000000000313e+03
-4.791724000000000160e+03
-4.759054000000000087e+03
-4.845555000000000291e+03
-4.816597999999999956e+03
-4.798777000000000044e+03
-4.816225999999999658e+03
-4.799890999999999622e+03
-4.772046999999999571e+03
-4.805831000000000131e+03
-4.828478000000000065e+03
-4.768335000000000036e+03
-4.830333999999999833e+03
-4.812143000000000029e+03
-4.786154999999999745e+03
-4.807688000000000102e+03
-4.855949999999999818e+03
-4.811029000000000451e+03
-4.814740999999999985e+03
-4.831076000000000022e+03
-4.819195999999999913e+03
-4.841100000000000364e+03
-4.871913999999999760e+03
-4.851865999999999985e+03
-4.848895999999999731e+03
-4.841842999999999847e+03
-4.867458999999999833e+03
-4.874884000000000015e+03
-4.884164999999999964e+03
-4.863375000000000000e+03
-4.854465000000000146e+03
-4.866345000000000255e+03
-4.860033999999999651e+03
-4.892332999999999629e+03
-4.881938000000000102e+03
-4.904212000000000444e+03
-4.857805999999999585e+03
-4.906069000000000415e+03
-4.893445999999999913e+03
-4.903099000000000160e+03
-4.881194999999999709e+03
-4.926487000000000080e+03
-4.867087000000000444e+03
-4.897900999999999840e+03
-4.897529999999999745e+03
-4.886020999999999731e+03
-4.929828999999999724e+03
-4.917948999999999614e+03
-4.889734000000000378e+03
-4.954703000000000429e+03
-4.932427999999999884e+03
-4.901243000000000393e+03
-4.939853000000000065e+03
-4.964725999999999658e+03
-4.953960000000000036e+03
-4.923518000000000029e+03
-4.933170000000000073e+03
-4.935396999999999935e+03
-4.965840000000000146e+03
-4.950247999999999593e+03
-4.958043999999999869e+03
-4.959899999999999636e+03
-4.953217999999999847e+03
-4.941708999999999833e+03
-4.922404000000000451e+03
-4.958414999999999964e+03
-4.934654999999999745e+03
-4.958786000000000058e+03
-4.925373999999999796e+03
-4.961756000000000313e+03
-4.939480999999999767e+03
-4.937625000000000000e+03
-4.968439000000000306e+03
-4.970295000000000073e+03
-4.933170000000000073e+03
-4.966582999999999629e+03
-4.966953999999999724e+03
-4.976978000000000065e+03
-4.956559000000000196e+03
-4.953588999999999942e+03
-4.959899999999999636e+03
-4.942823000000000320e+03
-4.948020000000000437e+03
-4.974750000000000000e+03
-4.968439000000000306e+03
-4.975863999999999578e+03
-4.972150999999999840e+03
