-2.361150000000000091e+03
-2.402358999999999924e+03
-2.361893000000000029e+03
-2.406813999999999851e+03
-2.401987999999999829e+03
-2.404585999999999785e+03
-2.413496000000000095e+03
-2.414981000000000222e+03
-2.439855000000000018e+03
-2.462873000000000047e+03
-2.429831000000000131e+03
-2.459530999999999949e+03
-2.440597000000000207e+03
-2.480320999999999913e+03
-2.478835999999999785e+03
-2.482920000000000073e+03
-2.499626000000000204e+03
-2.543063000000000102e+03
-2.516704000000000178e+03
-2.563110000000000127e+03
-2.542690999999999804e+03
-2.563110000000000127e+03
-2.582414999999999964e+03
-2.573876000000000204e+03
-2.579445000000000164e+03
-2.604318999999999960e+03
-2.600235000000000127e+03
-2.593552000000000135e+03
-2.642186000000000149e+03
-2.622510000000000218e+03
-2.590954000000000178e+03
-2.651096000000000004e+03
-2.683394999999999982e+03
-2.644784999999999854e+03
-2.639588000000000193e+03
-2.692304999999999836e+03
-2.699358999999999924e+03
-2.706041000000000167e+03
-2.743166000000000167e+03
-2.701585999999999785e+03
-2.708268999999999778e+03
-2.717550000000000182e+03
-2.732771000000000186e+03
-2.745021999999999935e+03
-2.804793999999999869e+03
-2.742795000000000073e+03
-2.747621000000000095e+03
-2.752447999999999865e+03
-2.746135999999999967e+03
-2.792914000000000215e+03
-2.799596000000000004e+03
-2.822242000000000189e+03
-2.833380000000000109e+03
-2.833751000000000204e+03
-2.818900999999999840e+03
-2.799967999999999847e+03
-2.820757999999999811e+03
-2.833380000000000109e+03
-2.857139999999999873e+03
-2.876074000000000069e+03
-2.866050000000000182e+03
-2.805164999999999964e+03
-2.851570999999999913e+03
-2.866050000000000182e+03
-2.863822999999999865e+03
-2.919880999999999858e+03
-2.925449999999999818e+03
-2.905773999999999887e+03
-2.890181000000000040e+03
-2.926193000000000211e+03
-2.929905000000000200e+03
-2.930646999999999935e+03
-2.948467999999999847e+03
-2.946981999999999971e+03
-2.927306000000000040e+03
-2.974454999999999927e+03
-2.961460999999999785e+03
-2.962574999999999818e+03
-2.979652999999999793e+03
-2.957748999999999796e+03
-2.965545000000000073e+03
-2.964059999999999945e+03
-2.993018000000000029e+03
-2.976311000000000149e+03
-3.009353000000000065e+03
-2.983364999999999782e+03
-3.017891000000000076e+03
-3.028286000000000058e+03
-3.002670000000000073e+03
-3.029400000000000091e+03
-3.036454000000000178e+03
-3.049818999999999960e+03
-3.087686000000000149e+03
-3.047590999999999894e+03
-3.081003999999999905e+03
-3.050561000000000149e+03
-3.075434999999999945e+03
-3.059471000000000004e+03
-3.099938000000000102e+03
-3.079518999999999778e+03
-3.112931000000000040e+03
-3.132235999999999876e+03
-3.117014999999999873e+03
-3.115159000000000106e+03
-3.131494000000000142e+03
-3.160079999999999927e+03
-3.149313999999999851e+03
-3.201659999999999854e+03
-3.160079999999999927e+03
-3.188295000000000073e+03
-3.180498999999999796e+03
-3.190150999999999840e+03
-3.200545999999999822e+03
-3.193121000000000095e+03
-3.241384000000000015e+03
-3.166019999999999982e+03
-3.219851000000000113e+03
-3.219480000000000018e+03
-3.254005999999999858e+03
-3.271826000000000022e+03
-3.279251000000000204e+03
-3.256605000000000018e+03
-3.237300000000000182e+03
-3.294844000000000051e+03
-3.259574999999999818e+03
-3.244353999999999814e+03
-3.327143000000000029e+03
-3.286675999999999931e+03
-3.333824999999999818e+03
-3.307465999999999894e+03
-3.290760000000000218e+03
-3.265143999999999778e+03
-3.367980000000000018e+03
-3.334938999999999851e+03
-3.362782000000000153e+03
-3.339764999999999873e+03
-3.356471000000000004e+03
-3.350530999999999949e+03
-3.399536000000000058e+03
-3.375775999999999840e+03
-3.369094000000000051e+03
-3.406590000000000146e+03
-3.365380999999999858e+03
-3.398793999999999869e+03
-3.371320999999999913e+03
-3.400278999999999996e+03
-3.408445999999999913e+03
-3.424409999999999854e+03
-3.440001999999999953e+03
-3.414014999999999873e+03
-3.441487999999999829e+03
-3.464134000000000015e+03
-3.450396999999999935e+03
-3.464876000000000204e+03
-3.471929999999999836e+03
-3.457822999999999865e+03
-3.503485999999999876e+03
-3.486409000000000106e+03
-3.490864000000000033e+03
-3.490121000000000095e+03
-3.479726000000000113e+03
-3.499030999999999949e+03
-3.486409000000000106e+03
-3.493463000000000193e+03
-3.502744000000000142e+03
-3.488635999999999967e+03
-3.519449999999999818e+03
-3.520193000000000211e+03
-3.520934999999999945e+03
-3.511653999999999996e+03
-3.517222000000000207e+03
-3.514994999999999891e+03
-3.485666000000000167e+03
-3.499402999999999793e+03
-3.527246000000000095e+03
-3.568826000000000022e+03
-3.535414000000000215e+03
-3.550264000000000124e+03
-3.567340999999999894e+03
-3.553605000000000018e+03
-3.519079000000000178e+03
-3.616717999999999847e+03
-3.555460999999999785e+03
-3.585532000000000153e+03
-3.585532000000000153e+03
-3.552862999999999829e+03
-3.543581000000000131e+03
-3.613376000000000204e+03
-3.545065999999999804e+03
-3.536155999999999949e+03
-3.536898999999999887e+03
-3.528731000000000222e+03
-3.519449999999999818e+03
-3.533186000000000149e+03
-3.539498000000000047e+03
-3.525018999999999778e+03
-3.549893000000000029e+03
-3.582563000000000102e+03
-3.568454999999999927e+03
-3.572166999999999916e+03
-3.566969999999999800e+03
-3.571425000000000182e+03
-3.559545000000000073e+03
-3.588873999999999796e+03
-3.597041000000000167e+03
-3.601125000000000000e+03
-3.597041000000000167e+03
-3.609291999999999916e+03
-3.598896999999999935e+03
-3.588130999999999858e+03
-3.513510000000000218e+03
-3.495318999999999960e+03
-3.464876000000000204e+03
-3.465248000000000047e+03
-3.458193999999999960e+03
-3.467474999999999909e+03
-3.447427000000000135e+03
-3.439260000000000218e+03
-3.422925000000000182e+03
-3.413643999999999778e+03
-3.409931000000000040e+03
-3.432949000000000069e+03
-3.407333000000000084e+03
-3.398793999999999869e+03
-3.420326000000000022e+03
-3.358699000000000069e+03
-3.352759000000000015e+03
-3.368351000000000113e+03
-3.353501000000000204e+03
-3.350530999999999949e+03
-3.356471000000000004e+03
-3.354614999999999782e+03
-3.330483999999999924e+03
-3.389884000000000015e+03
-3.341621000000000095e+03
-3.384686000000000149e+03
-3.371320999999999913e+03
-3.377632999999999811e+03
-3.362782000000000153e+03
-3.385429000000000087e+03
-3.382458999999999833e+03
-3.373548999999999978e+03
-3.369835999999999785e+03
-3.351644999999999982e+03
-3.389884000000000015e+03
-3.367237999999999829e+03
-3.386914000000000215e+03
-3.403619999999999891e+03
-3.428864999999999782e+03
-3.402135000000000218e+03
-3.428864999999999782e+03
-3.445199999999999818e+03
-3.377632999999999811e+03
-3.353130000000000109e+03
-3.359813000000000102e+03
-3.348675000000000182e+03
-3.343849000000000160e+03
-3.347190000000000055e+03
-3.331226000000000113e+03
-3.354614999999999782e+03
-3.375405000000000200e+03
-3.344590999999999894e+03
-3.336052000000000135e+03
-3.328255999999999858e+03
-3.417728000000000065e+03
-3.336052000000000135e+03
-3.346447999999999865e+03
-3.346818999999999960e+03
-3.344219999999999800e+03
-3.370579000000000178e+03
-3.395824000000000069e+03
-3.365380999999999858e+03
-3.381715999999999894e+03
-3.384315000000000055e+03
-3.393224999999999909e+03
-3.397679999999999836e+03
-3.340135999999999967e+03
-3.408074999999999818e+03
-3.409559999999999945e+03
-3.400278999999999996e+03
-3.403990999999999985e+03
-3.440373999999999796e+03
-3.442230000000000018e+03
-3.391739999999999782e+03
-3.467846000000000004e+03
-3.452625000000000000e+03
-3.470445000000000164e+03
-3.521677000000000135e+03
-3.484552000000000135e+03
-3.490492000000000189e+03
-3.502744000000000142e+03
-3.508313000000000102e+03
-3.472300999999999931e+03
-3.491606000000000222e+03
-3.547293999999999869e+03
-3.467846000000000004e+03
-3.505342999999999847e+03
-3.538755000000000109e+03
-3.527989000000000033e+03
-3.546179999999999836e+03
-3.545809000000000196e+03
-3.516108999999999924e+03
-3.525018999999999778e+03
-3.529844999999999800e+03
-3.533557999999999993e+03
-3.533929000000000087e+03
-3.543210000000000036e+03
-3.533186000000000149e+03
-3.537269999999999982e+03
-3.525760999999999967e+03
-3.504599999999999909e+03
-3.546179999999999836e+03
-3.525389999999999873e+03
-3.557688999999999851e+03
-3.516108999999999924e+03
-3.519079000000000178e+03
-3.530215999999999894e+03
-3.517965000000000146e+03
-3.558802000000000135e+03
-3.497916999999999916e+03
-3.498659999999999854e+03
-3.507940999999999804e+03
-3.536527999999999793e+03
-3.463019999999999982e+03
-3.532443999999999960e+03
-3.522048999999999978e+03
-3.517965000000000146e+03
-3.523534000000000106e+03
-3.551376999999999953e+03
-3.473414999999999964e+03
-3.514251999999999953e+03
-3.504971000000000004e+03
-3.480469000000000051e+03
-3.557688999999999851e+03
-3.586646000000000186e+03
-3.543952999999999975e+03
-3.556204000000000178e+03
-3.551005999999999858e+03
-3.547664999999999964e+03
-3.566228000000000065e+03
-3.584789999999999964e+03
-3.580335000000000036e+03
-3.590730000000000018e+03
-3.604094999999999800e+03
-3.584789999999999964e+03
-3.579221000000000004e+03
-3.566969999999999800e+03
-3.610034999999999854e+03
-3.598525999999999840e+03
-3.593699999999999818e+03
-3.575880000000000109e+03
-3.602981000000000222e+03
-3.624514000000000124e+03
-3.603353000000000065e+03
-3.620429999999999836e+03
-3.613005000000000109e+03
-3.621914999999999964e+03
-3.586275000000000091e+03
-3.592585999999999785e+03
-3.601125000000000000e+03
-3.595556000000000040e+03
-3.620429999999999836e+03
-3.594443000000000211e+03
-3.634166000000000167e+03
-3.641219999999999800e+03
-3.664237999999999829e+03
-3.613376000000000204e+03
-3.651985999999999876e+03
-3.648273999999999887e+03
-3.651244000000000142e+03
-3.649387000000000171e+03
-3.664980000000000018e+03
-3.670548999999999978e+03
-3.684655999999999949e+03
-3.664237999999999829e+03
-3.671291000000000167e+03
-3.631195999999999913e+03
-3.589615999999999985e+03
-3.616717999999999847e+03
-3.649387000000000171e+03
-3.610777999999999793e+03
-3.648644999999999982e+03
-3.624514000000000124e+03
-3.630824999999999818e+03
-3.620800999999999931e+03
-3.643447999999999865e+03
-3.659782000000000153e+03
-3.625255999999999858e+03
-3.644190000000000055e+03
-3.616346000000000004e+03
-3.610777999999999793e+03
-3.645675000000000182e+03
-3.631195999999999913e+03
-3.627112999999999829e+03
-3.641219999999999800e+03
-3.632309999999999945e+03
-3.615231999999999971e+03
-3.599268999999999778e+03
-3.621172999999999774e+03
-3.603724000000000160e+03
-3.626369999999999891e+03
-3.628226000000000113e+03
-3.569197999999999865e+03
-3.601125000000000000e+03
-3.623028999999999996e+03
-3.628969000000000051e+03
-3.584418999999999869e+03
-3.626740999999999985e+03
-3.605579999999999927e+03
-3.632309999999999945e+03
-3.651985999999999876e+03
-3.620800999999999931e+03
