-2.342588000000000079e+02
-2.435399999999999920e+02
-2.082712999999999965e+02
-2.702699999999999818e+02
-2.695274999999999750e+02
-2.687850000000000250e+02
-3.129637000000000171e+02
-3.062812999999999874e+02
-2.966288000000000125e+02
-3.489750000000000227e+02
-3.326399999999999864e+02
-3.300412999999999784e+02
-3.697649999999999864e+02
-3.452624999999999886e+02
-3.411786999999999921e+02
-3.675375000000000227e+02
-3.764474999999999909e+02
-3.753337000000000216e+02
-3.909261999999999944e+02
-4.072613000000000056e+02
-4.373324999999999818e+02
-3.990937999999999874e+02
-4.265663000000000125e+02
-4.358475000000000250e+02
-4.499549999999999841e+02
-4.258238000000000056e+02
-4.763138000000000147e+02
-4.670325000000000273e+02
-4.544100000000000250e+02
-4.867087000000000216e+02
-5.030437999999999761e+02
-4.997024999999999864e+02
-5.268038000000000238e+02
-5.234624999999999773e+02
-4.982174999999999727e+02
-5.115824999999999818e+02
-5.565037999999999556e+02
-5.360850000000000364e+02
-5.550186999999999671e+02
-5.754375000000000000e+02
-5.368274999999999864e+02
-5.490787000000000262e+02
-5.683836999999999762e+02
-5.902875000000000227e+02
-5.761799999999999500e+02
-6.166462000000000216e+02
-6.196163000000000238e+02
-6.010538000000000238e+02
-6.522862999999999829e+02
-6.248138000000000147e+02
-6.404062999999999874e+02
-6.585974999999999682e+02
-6.678787999999999556e+02
-6.704774999999999636e+02
-7.157699999999999818e+02
-6.964650000000000318e+02
-6.990638000000000147e+02
-7.495538000000000238e+02
-7.298775000000000546e+02
-7.094587000000000216e+02
-7.380449999999999591e+02
-7.588350000000000364e+02
-7.584637000000000171e+02
-7.699724999999999682e+02
-8.011575000000000273e+02
-8.160075000000000500e+02
-7.978162999999999556e+02
-8.301150000000000091e+02
-8.219474999999999909e+02
-8.416237999999999602e+02
-8.872875000000000227e+02
-8.535037999999999556e+02
-8.535037999999999556e+02
-9.084487000000000307e+02
-8.601862999999999602e+02
-8.880299999999999727e+02
-9.344362999999999602e+02
-9.054787999999999784e+02
-9.158737999999999602e+02
-9.073350000000000364e+02
-9.240412999999999784e+02
-9.270112000000000307e+02
-9.448311999999999671e+02
-9.463162999999999556e+02
-9.589388000000000147e+02
-1.003489000000000033e+03
-9.968062999999999647e+02
-1.012028000000000020e+03
-1.008315000000000055e+03
-1.014254999999999995e+03
-1.019452999999999975e+03
-1.059547000000000025e+03
-1.013513000000000034e+03
-1.043954999999999927e+03
-1.081079999999999927e+03
-1.051380000000000109e+03
-1.081823000000000093e+03
-1.126743999999999915e+03
-1.120432000000000016e+03
-1.092588999999999942e+03
-1.121174999999999955e+03
-1.099270999999999958e+03
-1.133797000000000025e+03
-1.160527000000000044e+03
-1.149760999999999967e+03
-1.138994999999999891e+03
-1.165724999999999909e+03
-1.157557000000000016e+03
-1.162384000000000015e+03
-1.203593000000000075e+03
-1.219556000000000040e+03
-1.198394999999999982e+03
-1.208047000000000025e+03
-1.214730000000000018e+03
-1.185771999999999935e+03
-1.208789999999999964e+03
-1.242574000000000069e+03
-1.241460000000000036e+03
-1.203221000000000004e+03
-1.228837999999999965e+03
-1.240718000000000075e+03
-1.222154999999999973e+03
-1.234035000000000082e+03
-1.223269000000000005e+03
-1.274500999999999976e+03
-1.272273999999999887e+03
-1.285638999999999896e+03
-1.303087999999999965e+03
-1.286752999999999929e+03
-1.293434999999999945e+03
-1.322020999999999958e+03
-1.336128999999999905e+03
-1.307541999999999916e+03
-1.340212999999999965e+03
-1.358775000000000091e+03
-1.343182000000000016e+03
-1.351349999999999909e+03
-1.385505000000000109e+03
-1.360259999999999991e+03
-1.342810999999999922e+03
-1.345780999999999949e+03
-1.353577999999999975e+03
-1.359888999999999896e+03
-1.365086000000000013e+03
-1.384762999999999920e+03
-1.392188000000000102e+03
-1.382905999999999949e+03
-1.332787000000000035e+03
-1.294920000000000073e+03
-1.306057000000000016e+03
-1.264478000000000065e+03
-1.290094000000000051e+03
-1.291578999999999951e+03
-1.305315000000000055e+03
-1.313111000000000104e+03
-1.319794000000000096e+03
-1.288238000000000056e+03
-1.329075000000000045e+03
-1.356175999999999931e+03
-1.296034000000000106e+03
-1.337242999999999938e+03
-1.367314000000000078e+03
-1.356175999999999931e+03
-1.340954999999999927e+03
-1.340584000000000060e+03
-1.354319999999999936e+03
-1.345410000000000082e+03
-1.323877999999999929e+03
-1.285638999999999896e+03
-1.276357999999999947e+03
-1.304943999999999960e+03
-1.249627999999999929e+03
-1.250369999999999891e+03
-1.281183999999999969e+03
-1.263734999999999900e+03
-1.277843000000000075e+03
-1.313854000000000042e+03
-1.299003999999999905e+03
-1.258537000000000035e+03
-1.278213999999999942e+03
-1.296404999999999973e+03
-1.296034000000000106e+03
-1.291950000000000045e+03
-1.281925999999999931e+03
-1.271160000000000082e+03
-1.300489000000000033e+03
-1.285267000000000053e+03
-1.278955999999999904e+03
-1.303087999999999965e+03
-1.302345000000000027e+03
-1.299375000000000000e+03
-1.349865000000000009e+03
-1.311998000000000047e+03
-1.310141000000000076e+03
-1.339470000000000027e+03
-1.321650000000000091e+03
-1.328333000000000084e+03
-1.369170000000000073e+03
-1.373625000000000000e+03
-1.358775000000000091e+03
-1.355433999999999969e+03
-1.364344000000000051e+03
-1.382905999999999949e+03
-1.388474999999999909e+03
-1.388846000000000004e+03
-1.408151000000000067e+03
-1.412234999999999900e+03
-1.398127999999999929e+03
-1.391444999999999936e+03
-1.410008000000000038e+03
-1.395900000000000091e+03
-1.382905999999999949e+03
-1.408151000000000067e+03
-1.359888999999999896e+03
-1.346523999999999887e+03
-1.375109999999999900e+03
-1.396642000000000053e+03
-1.377709000000000060e+03
-1.361374000000000024e+03
-1.376223999999999933e+03
-1.356175999999999931e+03
-1.373253999999999905e+03
-1.391074000000000069e+03
-1.362858999999999924e+03
-1.362488000000000056e+03
-1.403325000000000045e+03
-1.355063000000000102e+03
-1.319794000000000096e+03
-1.336500000000000000e+03
-1.324249000000000024e+03
-1.328333000000000084e+03
-1.279327999999999975e+03
-1.308655999999999949e+03
-1.339098999999999933e+03
-1.326847999999999956e+03
-1.335758000000000038e+03
-1.372883000000000038e+03
-1.362488000000000056e+03
-1.345038999999999987e+03
-1.354319999999999936e+03
-1.353949000000000069e+03
-1.338355999999999995e+03
-1.370654999999999973e+03
-1.374739000000000033e+03
-1.360259999999999991e+03
-1.372510999999999967e+03
-1.392188000000000102e+03
-1.386990000000000009e+03
-1.399240999999999985e+03
-1.407409000000000106e+03
-1.372510999999999967e+03
-1.393672000000000025e+03
-1.433395999999999958e+03
-1.405551999999999907e+03
-1.408894000000000005e+03
-1.427455999999999904e+03
-1.400355000000000018e+03
-1.379193999999999960e+03
-1.417432000000000016e+03
-1.393300999999999931e+03
-1.361374000000000024e+03
-1.389588999999999942e+03
-1.394044000000000096e+03
-1.371026000000000067e+03
-1.393300999999999931e+03
-1.386990000000000009e+03
-1.345780999999999949e+03
-1.347637999999999920e+03
-1.321650000000000091e+03
-1.324249000000000024e+03
-1.346152000000000044e+03
-1.320906999999999925e+03
-1.333529999999999973e+03
-1.342440000000000055e+03
-1.329817999999999984e+03
-1.320164999999999964e+03
-1.358403999999999996e+03
-1.360259999999999991e+03
-1.340954999999999927e+03
-1.365828999999999951e+03
-1.393300999999999931e+03
-1.361374000000000024e+03
-1.363972999999999956e+03
-1.391444999999999936e+03
-1.361374000000000024e+03
-1.374739000000000033e+03
-1.398869999999999891e+03
-1.375480999999999995e+03
-1.384019999999999982e+03
-1.389588999999999942e+03
-1.393300999999999931e+03
-1.390330999999999904e+03
-1.395528999999999996e+03
-1.379565000000000055e+03
-1.392930000000000064e+03
-1.401097999999999956e+03
-1.399613000000000056e+03
-1.411864000000000033e+03
-1.416318999999999960e+03
-1.426343000000000075e+03
-1.425971000000000004e+03
-1.441934999999999945e+03
-1.409635999999999967e+03
-1.417432000000000016e+03
-1.414090999999999894e+03
-1.387361000000000104e+03
-1.385875999999999976e+03
-1.393300999999999931e+03
-1.404439000000000078e+03
-1.411864000000000033e+03
-1.411864000000000033e+03
-1.414090999999999894e+03
-1.441564000000000078e+03
-1.446390000000000100e+03
-1.423743999999999915e+03
-1.437108999999999924e+03
-1.441192999999999984e+03
-1.430425999999999931e+03
-1.447133000000000038e+03
-1.445646999999999935e+03
-1.459755000000000109e+03
-1.428941000000000031e+03
-1.448246000000000095e+03
-1.451587999999999965e+03
-1.457898999999999887e+03
-1.471634999999999991e+03
-1.457527000000000044e+03
-1.491310999999999922e+03
-1.491310999999999922e+03
-1.476461000000000013e+03
-1.468664999999999964e+03
-1.492054000000000087e+03
-1.505047000000000025e+03
-1.493166999999999916e+03
-1.494280999999999949e+03
-1.482401000000000067e+03
-1.485371000000000095e+03
-1.498365000000000009e+03
-1.478689000000000078e+03
-1.506161000000000058e+03
-1.520269000000000005e+03
-1.504675999999999931e+03
-1.506903999999999996e+03
-1.515442999999999984e+03
-1.473863000000000056e+03
-1.460498000000000047e+03
-1.489826000000000022e+03
-1.474233999999999924e+03
-1.464580999999999904e+03
-1.490568999999999960e+03
-1.480915999999999940e+03
-1.486114000000000033e+03
-1.504675999999999931e+03
-1.486484999999999900e+03
-1.500221000000000004e+03
-1.519896999999999935e+03
-1.494652000000000044e+03
-1.507645999999999958e+03
-1.540316000000000031e+03
-1.518412000000000035e+03
-1.532148999999999887e+03
-1.545513999999999896e+03
-1.529549999999999955e+03
-1.530663999999999987e+03
-1.543656999999999925e+03
-1.535861000000000104e+03
-1.535861000000000104e+03
-1.550339999999999918e+03
-1.525837999999999965e+03
-1.511730000000000018e+03
-1.538460000000000036e+03
-1.542172000000000025e+03
-1.492796000000000049e+03
-1.497623000000000047e+03
-1.506903999999999996e+03
-1.496880000000000109e+03
-1.525095000000000027e+03
-1.527693999999999960e+03
-1.516926999999999907e+03
-1.541800999999999931e+03
-1.542172000000000025e+03
-1.525465999999999894e+03
-1.536974999999999909e+03
-1.544028999999999996e+03
-1.526579999999999927e+03
-1.548855000000000018e+03
-1.576699000000000069e+03
-1.543656999999999925e+03
-1.548483999999999924e+03
-1.570387999999999920e+03
-1.555537000000000035e+03
-1.572615000000000009e+03
-1.578555000000000064e+03
-1.576327999999999975e+03
-1.591548999999999978e+03
-1.601943999999999960e+03
-1.588950000000000045e+03
-1.602315000000000055e+03
-1.606027000000000044e+03
-1.591176999999999907e+03
-1.584494999999999891e+03
-1.597859999999999900e+03
-1.610854000000000042e+03
-1.600829999999999927e+03
-1.587464999999999918e+03
-1.582267000000000053e+03
-1.579669000000000096e+03
-1.572615000000000009e+03
-1.551825000000000045e+03
-1.557394000000000005e+03
-1.575955999999999904e+03
-1.571500999999999976e+03
