-1.539574000000000069e+03
-1.538088999999999942e+03
-1.551453999999999951e+03
-1.579297000000000025e+03
-1.570759000000000015e+03
-1.565560999999999922e+03
-1.602315000000000055e+03
-1.582638999999999896e+03
-1.614938000000000102e+03
-1.636840999999999894e+03
-1.623476000000000113e+03
-1.619020999999999958e+03
-1.656145999999999958e+03
-1.648349999999999909e+03
-1.684732999999999947e+03
-1.704037000000000035e+03
-1.667654999999999973e+03
-1.673965999999999894e+03
-1.681762999999999920e+03
-1.708864000000000033e+03
-1.714432000000000016e+03
-1.733365999999999985e+03
-1.711462999999999965e+03
-1.713318999999999960e+03
-1.753785000000000082e+03
-1.752299999999999955e+03
-1.757125999999999976e+03
-1.738564000000000078e+03
-1.776801999999999907e+03
-1.748587999999999965e+03
-1.769006000000000085e+03
-1.808730000000000018e+03
-1.798335000000000036e+03
-1.826921000000000049e+03
-1.823579999999999927e+03
-1.827291999999999916e+03
-1.847711000000000013e+03
-1.835830999999999904e+03
-1.848453999999999951e+03
-1.877781999999999925e+03
-1.869615000000000009e+03
-1.854021999999999935e+03
-1.899685999999999922e+03
-1.903769999999999982e+03
-1.882608999999999924e+03
-1.912308999999999969e+03
-1.936068999999999960e+03
-1.923075000000000045e+03
-1.949063000000000102e+03
-1.950175999999999931e+03
-1.933098999999999933e+03
-1.972823000000000093e+03
-1.958714999999999918e+03
-1.948319999999999936e+03
-1.988786000000000058e+03
-2.004378999999999905e+03
-2.012916999999999916e+03
-2.021085000000000036e+03
-2.026281999999999925e+03
-2.013660000000000082e+03
-2.030738000000000056e+03
-2.025169000000000096e+03
-2.038162000000000035e+03
-2.048186000000000149e+03
-2.091623000000000047e+03
-2.063778999999999996e+03
-2.068976000000000113e+03
-2.106101000000000113e+03
-2.079742000000000189e+03
-2.109813999999999851e+03
-2.101275000000000091e+03
-2.095706000000000131e+03
-2.099789999999999964e+03
-2.106101000000000113e+03
-2.111670000000000073e+03
-2.148052000000000135e+03
-2.155106000000000222e+03
-2.117610000000000127e+03
-2.169956000000000131e+03
-2.174782000000000153e+03
-2.154735000000000127e+03
-2.138771000000000186e+03
-2.184434999999999945e+03
-2.191117000000000189e+03
-2.198170999999999822e+03
-2.226385999999999967e+03
-2.190746000000000095e+03
-2.181835999999999785e+03
-2.210050999999999931e+03
-2.224530000000000200e+03
-2.185920000000000073e+03
-2.236409999999999854e+03
-2.244949000000000069e+03
-2.241606999999999971e+03
-2.291355000000000018e+03
-2.273534999999999854e+03
-2.268336999999999989e+03
-2.274277999999999793e+03
-2.298780000000000200e+03
-2.314001000000000204e+03
-2.328480000000000018e+03
-2.300264999999999873e+03
-2.275019999999999982e+03
-2.308061000000000149e+03
-2.303235000000000127e+03
-2.298780000000000200e+03
-2.302864000000000033e+03
-2.285043999999999869e+03
-2.307318999999999960e+03
-2.328480000000000018e+03
-2.313259000000000015e+03
-2.310289000000000215e+03
-2.334048999999999978e+03
-2.339989000000000033e+03
-2.333677000000000135e+03
-2.354467999999999847e+03
-2.360036000000000058e+03
-2.362264000000000124e+03
-2.363376999999999953e+03
-2.399018000000000029e+03
-2.381568999999999960e+03
-2.416465999999999894e+03
-2.445795000000000073e+03
-2.412753999999999905e+03
-2.414610000000000127e+03
-2.449507999999999811e+03
-2.435028999999999996e+03
-2.450250000000000000e+03
-2.460273999999999887e+03
-2.442454000000000178e+03
-2.494057999999999993e+03
-2.497398999999999887e+03
-2.482177000000000135e+03
-2.485518999999999778e+03
-2.503710000000000036e+03
-2.527099000000000160e+03
-2.497398999999999887e+03
-2.459902999999999793e+03
-2.460644999999999982e+03
-2.444681000000000040e+03
-2.494057999999999993e+03
-2.475123999999999796e+03
-2.466213999999999942e+03
-2.476237999999999829e+03
-2.474751999999999953e+03
-2.491458999999999833e+03
-2.485889999999999873e+03
-2.473639000000000124e+03
-2.505565999999999804e+03
-2.503338999999999942e+03
-2.517074999999999818e+03
-2.529697999999999865e+03
-2.539721000000000004e+03
-2.542320000000000164e+03
-2.545289999999999964e+03
-2.570164000000000215e+03
-2.551972000000000207e+03
-2.556427000000000135e+03
-2.599121000000000095e+03
-2.547518000000000029e+03
-2.494429000000000087e+03
-2.501110999999999876e+03
-2.509278999999999996e+03
-2.517818000000000211e+03
-2.534152999999999793e+03
-2.537123000000000047e+03
-2.524128999999999905e+03
-2.540835000000000036e+03
-2.548260000000000218e+03
-2.576474999999999909e+03
-2.577588999999999942e+03
-2.579445000000000164e+03
-2.620653999999999996e+03
-2.608773999999999887e+03
-2.585755999999999858e+03
-2.578331000000000131e+03
-2.586126999999999953e+03
-2.574989999999999782e+03
-2.560882999999999811e+03
-2.583157000000000153e+03
-2.605061000000000149e+03
-2.583157000000000153e+03
-2.572019999999999982e+03
-2.596150999999999840e+03
-2.545289999999999964e+03
-2.559396999999999935e+03
-2.564224000000000160e+03
-2.534523999999999887e+03
-2.576846000000000004e+03
-2.564594999999999800e+03
-2.574619000000000142e+03
-2.596521999999999935e+03
-2.610630000000000109e+03
-2.605804000000000087e+03
-2.593552000000000135e+03
-2.593552000000000135e+03
-2.578702999999999975e+03
-2.616199000000000069e+03
-2.603947999999999865e+03
-2.580929999999999836e+03
-2.582414999999999964e+03
-2.595038000000000011e+03
-2.575360999999999876e+03
-2.562739000000000033e+03
-2.583528999999999996e+03
-2.574248000000000047e+03
-2.603576000000000022e+03
-2.616940999999999804e+03
-2.572762000000000171e+03
-2.599492000000000189e+03
-2.600978000000000065e+03
-2.562367000000000189e+03
-2.569420999999999822e+03
-2.599121000000000095e+03
-2.566451000000000022e+03
-2.533409999999999854e+03
-2.566822999999999865e+03
-2.539721000000000004e+03
-2.528211999999999989e+03
-2.557170000000000073e+03
-2.562367000000000189e+03
-2.536009000000000015e+03
-2.559025999999999840e+03
-2.547518000000000029e+03
-2.543804999999999836e+03
-2.545661000000000058e+03
-2.554199999999999818e+03
-2.564594999999999800e+03
-2.582786000000000058e+03
-2.579445000000000164e+03
-2.574989999999999782e+03
-2.607289000000000215e+03
-2.572762000000000171e+03
-2.596150999999999840e+03
-2.605061000000000149e+03
-2.557541000000000167e+03
-2.551601000000000113e+03
-2.557541000000000167e+03
-2.543434000000000196e+03
-2.526356000000000222e+03
-2.542690999999999804e+03
-2.551601000000000113e+03
-2.539721000000000004e+03
-2.566822999999999865e+03
-2.559768999999999778e+03
-2.529697999999999865e+03
-2.540835000000000036e+03
-2.563481000000000222e+03
-2.546775000000000091e+03
-2.567565000000000055e+03
-2.564224000000000160e+03
-2.565338000000000193e+03
-2.573505000000000109e+03
-2.569791999999999916e+03
-2.538606999999999971e+03
-2.549373999999999796e+03
-2.550487999999999829e+03
-2.536009000000000015e+03
-2.564965999999999894e+03
-2.554570999999999913e+03
-2.560139999999999873e+03
-2.566079999999999927e+03
-2.568307999999999993e+03
-2.547146000000000186e+03
-2.580188000000000102e+03
-2.556427000000000135e+03
-2.516333000000000084e+03
-2.538978999999999814e+03
-2.519673999999999978e+03
-2.528211999999999989e+03
-2.548630999999999858e+03
-2.552715000000000146e+03
-2.546775000000000091e+03
-2.523385999999999967e+03
-2.478835999999999785e+03
-2.462501000000000204e+03
-2.496655999999999949e+03
-2.489974000000000160e+03
-2.483663000000000011e+03
-2.490344999999999800e+03
-2.505938000000000102e+03
-2.497769999999999982e+03
-2.479949999999999818e+03
-2.502967999999999847e+03
-2.483663000000000011e+03
-2.498512000000000171e+03
-2.513362999999999829e+03
-2.502224999999999909e+03
-2.513362999999999829e+03
-2.511876999999999953e+03
-2.507050999999999931e+03
-2.511505999999999858e+03
-2.504824000000000069e+03
-2.503710000000000036e+03
-2.510764000000000124e+03
-2.530811000000000149e+03
-2.518188999999999851e+03
-2.512248999999999796e+03
-2.535266000000000076e+03
-2.525985000000000127e+03
-2.512248999999999796e+03
-2.540092999999999847e+03
-2.530440000000000055e+03
-2.516333000000000084e+03
-2.533409999999999854e+03
-2.516333000000000084e+03
-2.508164999999999964e+03
-2.552344000000000051e+03
-2.519302000000000135e+03
-2.525985000000000127e+03
-2.559396999999999935e+03
-2.514476000000000113e+03
-2.518931000000000040e+03
-2.526728000000000065e+03
-2.539349999999999909e+03
-2.508164999999999964e+03
-2.556798999999999978e+03
-2.541206000000000131e+03
-2.530811000000000149e+03
-2.559396999999999935e+03
-2.554570999999999913e+03
-2.538978999999999814e+03
-2.558284000000000106e+03
-2.557913000000000011e+03
-2.533780999999999949e+03
-2.558284000000000106e+03
-2.565338000000000193e+03
-2.535637000000000171e+03
-2.546775000000000091e+03
-2.565338000000000193e+03
-2.556427000000000135e+03
-2.563853000000000065e+03
-2.558655000000000200e+03
-2.545661000000000058e+03
-2.569791999999999916e+03
-2.548260000000000218e+03
-2.544175999999999931e+03
-2.572019999999999982e+03
-2.564965999999999894e+03
-2.564594999999999800e+03
-2.568679000000000087e+03
-2.566451000000000022e+03
-2.556427000000000135e+03
-2.586869999999999891e+03
-2.563481000000000222e+03
-2.568307999999999993e+03
-2.544918999999999869e+03
-2.566451000000000022e+03
-2.574619000000000142e+03
-2.537494000000000142e+03
-2.556056000000000040e+03
-2.553458000000000084e+03
-2.560510999999999967e+03
-2.560510999999999967e+03
-2.541206000000000131e+03
-2.562739000000000033e+03
-2.577960000000000036e+03
-2.551601000000000113e+03
-2.559396999999999935e+03
-2.582043999999999869e+03
-2.549744999999999891e+03
-2.576103999999999814e+03
-2.570534999999999854e+03
-2.570534999999999854e+03
-2.566822999999999865e+03
-2.580559000000000196e+03
-2.571648999999999887e+03
-2.580188000000000102e+03
-2.589097000000000207e+03
-2.583900000000000091e+03
-2.587612999999999829e+03
-2.576103999999999814e+03
-2.584271000000000186e+03
-2.586126999999999953e+03
-2.595409000000000106e+03
-2.603576000000000022e+03
-2.628079000000000178e+03
-2.628449999999999818e+03
-2.631420000000000073e+03
-2.631791000000000167e+03
-2.609887000000000171e+03
-2.619911000000000058e+03
-2.629934999999999945e+03
-2.626222000000000207e+03
-2.624365999999999985e+03
-2.616199000000000069e+03
-2.630306000000000040e+03
-2.639215999999999894e+03
-2.638474000000000160e+03
-2.642929000000000087e+03
-2.653695000000000164e+03
-2.652581000000000131e+03
-2.638844999999999800e+03
-2.645155999999999949e+03
-2.659264000000000124e+03
-2.669659000000000106e+03
-2.660005999999999858e+03
-2.647012000000000171e+03
-2.657036000000000058e+03
-2.644414000000000215e+03
-2.660005999999999858e+03
-2.682652999999999793e+03
-2.669659000000000106e+03
-2.657036000000000058e+03
-2.666688999999999851e+03
-2.625851000000000113e+03
-2.591324999999999818e+03
-2.606916999999999916e+03
-2.640701000000000022e+03
-2.586126999999999953e+03
-2.622510000000000218e+03
-2.602463000000000193e+03
