-2.747250000000000014e+01
-6.719625000000000625e+01
-5.865749999999999886e+01
-6.088499999999999801e+01
-1.009800000000000040e+02
-8.278874999999999318e+01
-9.652500000000000568e+01
-1.447874999999999943e+02
-1.440449999999999875e+02
-1.407038000000000011e+02
-1.867387999999999977e+02
-1.885949999999999989e+02
-1.711462999999999965e+02
-1.986187999999999931e+02
-2.387136999999999887e+02
-2.004749999999999943e+02
-2.257199999999999989e+02
-2.728686999999999898e+02
-2.134687999999999874e+02
-2.587613000000000056e+02
-2.531924999999999955e+02
-2.814075000000000273e+02
-2.973711999999999875e+02
-3.092513000000000147e+02
-3.259574999999999818e+02
-3.419212999999999738e+02
-3.437774999999999750e+02
-3.382087000000000216e+02
-3.597411999999999921e+02
-3.742200000000000273e+02
-3.946388000000000034e+02
-4.046625000000000227e+02
-4.154286999999999921e+02
-4.124587000000000216e+02
-4.221113000000000284e+02
-4.592363000000000284e+02
-4.250812999999999988e+02
-4.547812999999999874e+02
-4.967325000000000159e+02
-4.751999999999999886e+02
-5.112112000000000194e+02
-5.379412999999999556e+02
-5.208637999999999693e+02
-5.331150000000000091e+02
-5.613300000000000409e+02
-5.386838000000000193e+02
-5.331150000000000091e+02
-5.591024999999999636e+02
-5.661562999999999874e+02
-5.780362999999999829e+02
-5.769225000000000136e+02
-6.069937999999999647e+02
-6.118200000000000500e+02
-6.426336999999999762e+02
-6.407775000000000318e+02
-6.615674999999999955e+02
-6.634238000000000284e+02
-6.812437999999999647e+02
-7.116862999999999602e+02
-7.243088000000000193e+02
-7.057463000000000193e+02
-7.566074999999999591e+02
-7.751699999999999591e+02
-7.425000000000000000e+02
-7.729424999999999955e+02
-7.844511999999999716e+02
-7.941037999999999784e+02
-7.967024999999999864e+02
-8.052413000000000238e+02
-7.959600000000000364e+02
-7.881638000000000375e+02
-8.186063000000000329e+02
-8.379112999999999829e+02
-8.765212000000000216e+02
-8.720662999999999556e+02
-8.661263000000000147e+02
-8.943411999999999580e+02
-9.095625000000000000e+02
-9.095625000000000000e+02
-9.158737999999999602e+02
-9.062213000000000420e+02
-9.091912999999999556e+02
-9.091912999999999556e+02
-9.143886999999999716e+02
-9.080774999999999864e+02
-8.865449999999999591e+02
-9.529987999999999602e+02
-9.314661999999999580e+02
-9.299813000000000329e+02
-9.801000000000000227e+02
-9.671063000000000329e+02
-9.782437999999999647e+02
-1.001260999999999967e+03
-9.852975000000000136e+02
-9.890099999999999909e+02
-1.033189000000000078e+03
-1.008686000000000035e+03
-9.901237999999999602e+02
-1.029476000000000113e+03
-1.057319999999999936e+03
-1.036901000000000067e+03
-1.064002999999999929e+03
-1.068828999999999951e+03
-1.065115999999999985e+03
-1.077739000000000033e+03
-1.047666999999999916e+03
-9.897525000000000546e+02
-1.017967999999999961e+03
-1.002375000000000000e+03
-9.912374999999999545e+02
-9.964349999999999454e+02
-1.008315000000000055e+03
-1.019081000000000017e+03
-1.035787000000000035e+03
-9.838125000000000000e+02
-9.971775000000000091e+02
-1.033189000000000078e+03
-1.026506000000000085e+03
-1.022422000000000025e+03
-1.033189000000000078e+03
-1.038758000000000038e+03
-1.022793999999999983e+03
-1.034673999999999978e+03
-1.065115999999999985e+03
-1.033559999999999945e+03
-1.050636999999999944e+03
-1.063631000000000085e+03
-1.048410000000000082e+03
-1.059175999999999931e+03
-1.094074000000000069e+03
-1.072170000000000073e+03
-1.092218000000000075e+03
-1.099270999999999958e+03
-1.090361000000000104e+03
-1.126000999999999976e+03
-1.118948000000000093e+03
-1.108181000000000040e+03
-1.146048999999999978e+03
-1.173520999999999958e+03
-1.140108999999999924e+03
-1.168324000000000069e+03
-1.189855999999999995e+03
-1.178347999999999956e+03
-1.202849999999999909e+03
-1.196910000000000082e+03
-1.175006000000000085e+03
-1.170550999999999931e+03
-1.195424999999999955e+03
-1.189484999999999900e+03
-1.209903999999999996e+03
-1.205077999999999975e+03
-1.202849999999999909e+03
-1.207305000000000064e+03
-1.206563000000000102e+03
-1.223269000000000005e+03
-1.219926999999999907e+03
-1.225496000000000095e+03
-1.192084000000000060e+03
-1.214358999999999924e+03
-1.206191000000000031e+03
-1.197652000000000044e+03
-1.209161000000000058e+03
-1.207305000000000064e+03
-1.173520999999999958e+03
-1.170550999999999931e+03
-1.168324000000000069e+03
-1.160898999999999887e+03
-1.186885999999999967e+03
-1.202849999999999909e+03
-1.195796000000000049e+03
-1.194310999999999922e+03
-1.185029999999999973e+03
-1.154959000000000060e+03
-1.166096000000000004e+03
-1.177233999999999924e+03
-1.155329999999999927e+03
-1.183915999999999940e+03
-1.186144000000000005e+03
-1.178347999999999956e+03
-1.158671000000000049e+03
-1.186515000000000100e+03
-1.143820999999999913e+03
-1.176119999999999891e+03
-1.193198000000000093e+03
-1.152730999999999995e+03
-1.178347999999999956e+03
-1.177233999999999924e+03
-1.152359999999999900e+03
-1.190228000000000065e+03
-1.183173999999999978e+03
-1.190228000000000065e+03
-1.153473999999999933e+03
-1.141222999999999956e+03
-1.130085000000000036e+03
-1.130085000000000036e+03
-1.158671000000000049e+03
-1.159413999999999987e+03
-1.091474999999999909e+03
-1.119318999999999960e+03
-1.122288999999999987e+03
-1.093330999999999904e+03
-1.123030999999999949e+03
-1.138624000000000024e+03
-1.112265000000000100e+03
-1.107067999999999984e+03
-1.113750000000000000e+03
-1.095930000000000064e+03
-1.149019000000000005e+03
-1.142336000000000013e+03
-1.113378999999999905e+03
-1.151989000000000033e+03
-1.139738000000000056e+03
-1.135653999999999996e+03
-1.165724999999999909e+03
-1.167210000000000036e+03
-1.159413999999999987e+03
-1.149760999999999967e+03
-1.166096000000000004e+03
-1.162011999999999944e+03
-1.174634999999999991e+03
-1.198766000000000076e+03
-1.174634999999999991e+03
-1.166096000000000004e+03
-1.172778999999999996e+03
-1.177976000000000113e+03
-1.180203999999999951e+03
-1.206563000000000102e+03
-1.166096000000000004e+03
-1.201365000000000009e+03
-1.221412000000000035e+03
-1.206563000000000102e+03
-1.206563000000000102e+03
-1.203221000000000004e+03
-1.201365000000000009e+03
-1.211388999999999896e+03
-1.216958000000000084e+03
-1.208419000000000096e+03
-1.224753999999999905e+03
-1.213244999999999891e+03
-1.216214999999999918e+03
-1.230323000000000093e+03
-1.223640000000000100e+03
-1.221412000000000035e+03
-1.241088999999999942e+03
-1.259279999999999973e+03
-1.242574000000000069e+03
-1.217700000000000045e+03
-1.229209000000000060e+03
-1.184287000000000035e+03
-1.188000000000000000e+03
-1.189484999999999900e+03
-1.173520999999999958e+03
-1.194310999999999922e+03
-1.192084000000000060e+03
-1.198766000000000076e+03
-1.218442999999999984e+03
-1.203593000000000075e+03
-1.222896999999999935e+03
-1.187258000000000038e+03
-1.207675999999999931e+03
-1.203593000000000075e+03
-1.196166999999999916e+03
-1.229951000000000022e+03
-1.237005000000000109e+03
-1.212502999999999929e+03
-1.245914999999999964e+03
-1.238118999999999915e+03
-1.228465999999999894e+03
-1.233291999999999916e+03
-1.240346000000000004e+03
-1.253711000000000013e+03
-1.247770999999999958e+03
-1.242202999999999975e+03
-1.245544000000000096e+03
-1.258909000000000106e+03
-1.251855000000000018e+03
-1.257051999999999907e+03
-1.266704999999999927e+03
-1.263364000000000033e+03
-1.254825000000000045e+03
-1.274130000000000109e+03
-1.280441000000000031e+03
-1.280441000000000031e+03
-1.297146999999999935e+03
-1.281555000000000064e+03
-1.270788999999999987e+03
-1.302345000000000027e+03
-1.288238000000000056e+03
-1.283411000000000058e+03
-1.319050999999999931e+03
-1.296034000000000106e+03
-1.314596000000000004e+03
-1.335758000000000038e+03
-1.336128999999999905e+03
-1.333529999999999973e+03
-1.348380000000000109e+03
-1.316080999999999904e+03
-1.328333000000000084e+03
-1.337242999999999938e+03
-1.334271999999999935e+03
-1.335015000000000100e+03
-1.350236000000000104e+03
-1.351349999999999909e+03
-1.344296000000000049e+03
-1.364714999999999918e+03
-1.365458000000000084e+03
-1.360259999999999991e+03
-1.393300999999999931e+03
-1.391816000000000031e+03
-1.360631000000000085e+03
-1.398869999999999891e+03
-1.398499000000000024e+03
-1.363972999999999956e+03
-1.398499000000000024e+03
-1.412234999999999900e+03
-1.387732999999999947e+03
-1.401839999999999918e+03
-1.414090999999999894e+03
-1.392188000000000102e+03
-1.412234999999999900e+03
-1.435994999999999891e+03
-1.418916999999999916e+03
-1.429313000000000102e+03
-1.448989000000000033e+03
-1.457155999999999949e+03
-1.441192999999999984e+03
-1.451215999999999894e+03
-1.423373000000000047e+03
-1.417432000000000016e+03
-1.431911000000000058e+03
-1.448246000000000095e+03
-1.447133000000000038e+03
-1.463838999999999942e+03
-1.462354000000000042e+03
-1.467922000000000025e+03
-1.470520999999999958e+03
-1.451215999999999894e+03
-1.457527000000000044e+03
-1.477945999999999913e+03
-1.458269999999999982e+03
-1.473863000000000056e+03
-1.490568999999999960e+03
-1.462354000000000042e+03
-1.482029999999999973e+03
-1.483885999999999967e+03
-1.489454999999999927e+03
-1.498736000000000104e+03
-1.499479000000000042e+03
-1.500963999999999942e+03
-1.514700000000000045e+03
-1.524723999999999933e+03
-1.521010999999999967e+03
-1.490568999999999960e+03
-1.493166999999999916e+03
-1.490940000000000055e+03
-1.471634999999999991e+03
-1.490568999999999960e+03
-1.495766000000000076e+03
-1.496509000000000015e+03
-1.492424999999999955e+03
-1.473490999999999985e+03
-1.436738000000000056e+03
-1.454557000000000016e+03
-1.421887999999999920e+03
-1.433767000000000053e+03
-1.454185999999999922e+03
-1.391444999999999936e+03
-1.376223999999999933e+03
-1.387732999999999947e+03
-1.410008000000000038e+03
-1.384762999999999920e+03
-1.390702999999999975e+03
-1.368426999999999907e+03
-1.382535000000000082e+03
-1.384391000000000076e+03
-1.361374000000000024e+03
-1.373253999999999905e+03
-1.385505000000000109e+03
-1.394414999999999964e+03
-1.386248000000000047e+03
-1.411864000000000033e+03
-1.405551999999999907e+03
-1.407409000000000106e+03
-1.410378999999999905e+03
-1.402953999999999951e+03
-1.397384999999999991e+03
-1.421144999999999982e+03
-1.412978000000000065e+03
-1.401839999999999918e+03
-1.398499000000000024e+03
-1.395528999999999996e+03
-1.398869999999999891e+03
-1.408521999999999935e+03
-1.412978000000000065e+03
-1.392558999999999969e+03
-1.435252999999999929e+03
-1.433767000000000053e+03
-1.403695999999999913e+03
-1.434509999999999991e+03
-1.446760999999999967e+03
-1.439336000000000013e+03
-1.447875000000000000e+03
-1.449359999999999900e+03
-1.436365999999999985e+03
-1.464580999999999904e+03
-1.466438000000000102e+03
-1.455299999999999955e+03
-1.463468000000000075e+03
-1.457898999999999887e+03
-1.470892000000000053e+03
-1.484628999999999905e+03
-1.487228000000000065e+03
