-3.376518999999999778e+03
-3.382458999999999833e+03
-3.370208000000000084e+03
-3.419213000000000193e+03
-3.404733999999999924e+03
-3.415128999999999905e+03
-3.406219000000000051e+03
-3.415500000000000000e+03
-3.448541000000000167e+03
-3.447056000000000040e+03
-3.456708999999999833e+03
-3.432949000000000069e+03
-3.483438999999999851e+03
-3.406590000000000146e+03
-3.448913000000000011e+03
-3.494576000000000022e+03
-3.496061000000000149e+03
-3.486409000000000106e+03
-3.469702999999999975e+03
-3.479726000000000113e+03
-3.478983999999999924e+03
-3.500144999999999982e+03
-3.506827999999999975e+03
-3.497175000000000182e+03
-3.540981999999999971e+03
-3.544695000000000164e+03
-3.518335999999999785e+03
-3.571425000000000182e+03
-3.569940000000000055e+03
-3.536155999999999949e+03
-3.565114000000000033e+03
-3.526132999999999811e+03
-3.541353999999999814e+03
-3.546922999999999774e+03
-3.541724999999999909e+03
-3.559173999999999978e+03
-3.582934000000000196e+03
-3.569940000000000055e+03
-3.545438000000000102e+03
-3.602610000000000127e+03
-3.581449000000000069e+03
-3.584789999999999964e+03
-3.585161000000000058e+03
-3.597784000000000106e+03
-3.604838000000000193e+03
-3.594813999999999851e+03
-3.624514000000000124e+03
-3.598896999999999935e+03
-3.625255999999999858e+03
-3.617831000000000131e+03
-3.608179000000000087e+03
-3.640849000000000160e+03
-3.638992000000000189e+03
-3.650130000000000109e+03
-3.666465000000000146e+03
-3.656440999999999804e+03
-3.644190000000000055e+03
-3.680201000000000022e+03
-3.663494999999999891e+03
-3.650501000000000204e+03
-3.702476000000000113e+03
-3.702105000000000018e+03
-3.689481999999999971e+03
-3.695422999999999774e+03
-3.706188999999999851e+03
-3.706931000000000040e+03
-3.741829000000000178e+03
-3.730690999999999804e+03
-3.728835000000000036e+03
-3.729206000000000131e+03
-3.736260000000000218e+03
-3.729206000000000131e+03
-3.757420999999999822e+03
-3.771157000000000153e+03
-3.732918999999999869e+03
-3.754451000000000022e+03
-3.750367000000000189e+03
-3.745913000000000011e+03
-3.746655000000000200e+03
-3.822389999999999873e+03
-3.792318999999999960e+03
-3.767815999999999804e+03
-3.796030999999999949e+03
-3.764474999999999909e+03
-3.811994999999999891e+03
-3.816079000000000178e+03
-3.828329999999999927e+03
-3.797144999999999982e+03
-3.809025000000000091e+03
-3.773755999999999858e+03
-3.791204999999999927e+03
-3.831300000000000182e+03
-3.778954000000000178e+03
-3.824246000000000095e+03
-3.806797999999999774e+03
-3.822389999999999873e+03
-3.784893999999999778e+03
-3.853204000000000178e+03
-3.816079000000000178e+03
-3.823875000000000000e+03
-3.850605000000000018e+03
-3.814965000000000146e+03
-3.861000000000000000e+03
-3.846150000000000091e+03
-3.850976000000000113e+03
-3.840210000000000036e+03
-3.871023999999999887e+03
-3.807539999999999964e+03
-3.818306000000000040e+03
-3.849862999999999829e+03
-3.830929000000000087e+03
-3.839467999999999847e+03
-3.831300000000000182e+03
-3.897382999999999811e+03
-3.839467999999999847e+03
-3.878820000000000164e+03
-3.878820000000000164e+03
-3.857288000000000011e+03
-3.870652999999999793e+03
-3.901838000000000193e+03
-3.866197999999999865e+03
-3.873623000000000047e+03
-3.895896999999999935e+03
-3.878449000000000069e+03
-3.921885000000000218e+03
-3.911119000000000142e+03
-3.908148999999999887e+03
-3.930423999999999978e+03
-3.922626999999999953e+03
-3.930795000000000073e+03
-3.971632999999999811e+03
-3.953813000000000102e+03
-3.918172999999999774e+03
-3.967920000000000073e+03
-3.954184000000000196e+03
-3.928568000000000211e+03
-3.983141000000000076e+03
-3.943416999999999916e+03
-3.929681000000000040e+03
-3.976458999999999833e+03
-3.920028999999999996e+03
-3.937106000000000222e+03
-3.966434999999999945e+03
-3.987967999999999847e+03
-3.952327999999999975e+03
-3.991309000000000196e+03
-3.966434999999999945e+03
-3.954184000000000196e+03
-3.978686000000000149e+03
-3.997990999999999985e+03
-3.957153999999999996e+03
-4.014697999999999865e+03
-3.995764000000000124e+03
-3.971260999999999967e+03
-4.024721000000000004e+03
-4.039199999999999818e+03
-4.027690999999999804e+03
-3.989081000000000131e+03
-3.949728999999999814e+03
-3.964579000000000178e+03
-3.936364000000000033e+03
-3.981284999999999854e+03
-3.945273999999999887e+03
-3.991679999999999836e+03
-3.990195000000000164e+03
-3.957153999999999996e+03
-3.999476000000000113e+03
-3.992793999999999869e+03
-3.964949999999999818e+03
-4.021009000000000015e+03
-4.012099000000000160e+03
-3.972746000000000095e+03
-3.943416999999999916e+03
-3.938590999999999894e+03
-3.910005000000000109e+03
-3.941932999999999993e+03
-3.959010000000000218e+03
-3.931166000000000167e+03
-3.977201000000000022e+03
-3.992050999999999931e+03
-3.960494999999999891e+03
-3.984626000000000204e+03
-3.973117000000000189e+03
-3.986110999999999876e+03
-3.962351000000000113e+03
-3.969405000000000200e+03
-3.972003999999999905e+03
-3.987596000000000004e+03
-3.996876999999999953e+03
-3.974231000000000222e+03
-3.995764000000000124e+03
-3.991309000000000196e+03
-4.018039000000000215e+03
-3.978686000000000149e+03
-4.026577999999999975e+03
-4.029547999999999774e+03
-4.019894999999999982e+03
-4.046253999999999905e+03
-4.010242000000000189e+03
-4.035858999999999924e+03
-4.076695999999999913e+03
-4.042913000000000011e+03
-4.031032000000000153e+03
-4.073355000000000018e+03
-4.051079999999999927e+03
-4.032889000000000124e+03
-4.038085999999999785e+03
-4.087833999999999833e+03
-4.049594999999999800e+03
-4.075210999999999785e+03
-4.102313000000000102e+03
-4.048110000000000127e+03
-4.107139000000000124e+03
-4.074097999999999956e+03
-4.059989999999999782e+03
-4.057391000000000076e+03
-4.077809999999999945e+03
-4.047739000000000033e+03
-4.083007999999999811e+03
-4.071869999999999891e+03
-4.062960000000000036e+03
-4.113078999999999724e+03
-4.100828000000000429e+03
-4.069643000000000029e+03
-4.097485999999999876e+03
-4.098229000000000269e+03
-4.056648999999999887e+03
-4.078181000000000040e+03
-4.103426000000000386e+03
-4.082264999999999873e+03
-4.143149999999999636e+03
-4.116048999999999978e+03
-4.094887000000000171e+03
-4.116792000000000371e+03
-4.134610999999999876e+03
-4.088204999999999927e+03
-4.151317000000000007e+03
-4.152802999999999884e+03
-4.117533999999999651e+03
-4.154287999999999556e+03
-4.131270000000000437e+03
-4.109737000000000080e+03
-4.121246000000000095e+03
-4.150945999999999913e+03
-4.100456000000000131e+03
-4.127929000000000087e+03
-4.127929000000000087e+03
-4.098600000000000364e+03
-4.137581000000000131e+03
-4.116792000000000371e+03
-4.098600000000000364e+03
-4.127929000000000087e+03
-4.145377000000000407e+03
-4.138694999999999709e+03
-4.149090000000000146e+03
-4.172106999999999971e+03
-4.154658999999999651e+03
-4.138323999999999614e+03
-4.146490999999999985e+03
-4.132012999999999920e+03
-4.155029999999999745e+03
-4.153545000000000073e+03
-4.151689000000000306e+03
-4.174335000000000036e+03
-4.179161000000000058e+03
-4.163569000000000415e+03
-4.221484000000000378e+03
-4.197724000000000160e+03
-4.180645999999999731e+03
-4.215171999999999571e+03
-4.201807999999999993e+03
-4.183615999999999985e+03
-4.209604000000000269e+03
-4.232250000000000000e+03
-4.200694000000000415e+03
-4.182502000000000407e+03
-4.225939000000000306e+03
-4.192896999999999935e+03
-4.188814000000000306e+03
-4.252296999999999571e+03
-4.240046000000000276e+03
-4.208489999999999782e+03
-4.260836000000000240e+03
-4.254524999999999636e+03
-4.209975000000000364e+03
-4.273829999999999927e+03
-4.278284999999999854e+03
-4.221484000000000378e+03
-4.271230999999999767e+03
-4.279770000000000437e+03
-4.264177999999999884e+03
-4.276429000000000087e+03
-4.284595999999999549e+03
-4.258609000000000378e+03
-4.285710000000000036e+03
-4.260465000000000146e+03
-4.253783000000000357e+03
-4.287194999999999709e+03
-4.278284999999999854e+03
-4.296104999999999563e+03
-4.288680000000000291e+03
-4.286823999999999614e+03
-4.292020999999999731e+03
-4.290908000000000357e+03
-4.287565999999999804e+03
-4.294990999999999985e+03
-4.309099000000000160e+03
-4.318380000000000109e+03
-4.275314999999999600e+03
-4.322835000000000036e+03
-4.348079999999999927e+03
-4.300930999999999585e+03
-4.358475000000000364e+03
-4.398940999999999804e+03
-4.337314000000000306e+03
-4.380378999999999905e+03
-4.364043999999999869e+03
-4.349936999999999898e+03
-4.358104000000000269e+03
-4.388917000000000371e+03
-4.340654999999999745e+03
-4.398940999999999804e+03
-4.394114999999999782e+03
-4.407109000000000378e+03
-4.416019000000000233e+03
-4.402283000000000357e+03
-4.451658999999999651e+03
-4.395229000000000269e+03
-4.466509000000000015e+03
-4.443490999999999985e+03
-4.424557999999999993e+03
-4.413048999999999978e+03
-4.378150999999999840e+03
-4.404881000000000313e+03
-4.390774000000000342e+03
-4.397085000000000036e+03
-4.402283000000000357e+03
-4.429755000000000109e+03
-4.387804000000000087e+03
-4.442748999999999796e+03
-4.413792000000000371e+03
-4.375923999999999978e+03
-4.431981999999999971e+03
-4.403395999999999731e+03
-4.400055000000000291e+03
-4.393001000000000204e+03
-4.439036000000000058e+03
-4.384091000000000349e+03
-4.410820999999999913e+03
-4.443862000000000080e+03
-4.403395999999999731e+03
-4.426413999999999760e+03
-4.424557999999999993e+03
-4.444604999999999563e+03
-4.417131999999999607e+03
-4.457228000000000065e+03
-4.420474000000000160e+03
-4.429384000000000015e+03
-4.448317000000000007e+03
-4.422329999999999927e+03
-4.434581000000000131e+03
-4.452029999999999745e+03
-4.438664999999999964e+03
-4.417131999999999607e+03
-4.445347999999999956e+03
-4.432725000000000364e+03
-4.448689000000000306e+03
-4.458341000000000349e+03
-4.417875000000000000e+03
-4.446832999999999629e+03
-4.462425000000000182e+03
-4.457599000000000160e+03
-4.443490999999999985e+03
-4.449430999999999585e+03
-4.439779000000000451e+03
-4.446090000000000146e+03
-4.468364999999999782e+03
-4.450173999999999978e+03
-4.436438000000000102e+03
-4.489896999999999935e+03
-4.447203999999999724e+03
-4.405252000000000407e+03
-4.374439000000000306e+03
-4.346595000000000255e+03
-4.361815999999999804e+03
-4.372211000000000240e+03
-4.371469000000000051e+03
-4.355876000000000204e+03
-4.362188000000000102e+03
-4.388546000000000276e+03
-4.365158000000000357e+03
-4.386319000000000415e+03
-4.390402000000000044e+03
-4.390774000000000342e+03
-4.417503999999999905e+03
-4.439036000000000058e+03
-4.411192000000000007e+03
-4.418988999999999578e+03
-4.418246000000000095e+03
-4.365529000000000451e+03
-4.368498999999999796e+03
-4.396713999999999942e+03
-4.380750000000000000e+03
-4.398569999999999709e+03
-4.393372999999999593e+03
-4.375552999999999884e+03
-4.395970999999999549e+03
-4.377037999999999556e+03
-4.394856999999999971e+03
-4.413048999999999978e+03
-4.414162999999999556e+03
-4.407850999999999658e+03
