-3.562885999999999967e+03
-3.563628999999999905e+03
-3.568454999999999927e+03
-3.591101000000000113e+03
-3.566969999999999800e+03
-3.614860999999999876e+03
-3.639364000000000033e+03
-3.595927000000000135e+03
-3.673889999999999873e+03
-3.670548999999999978e+03
-3.642704999999999927e+03
-3.669806000000000040e+03
-3.721039000000000215e+03
-3.687626000000000204e+03
-3.692452999999999975e+03
-3.722152999999999793e+03
-3.677974000000000160e+03
-3.657184000000000196e+03
-3.743313999999999851e+03
-3.704704000000000178e+03
-3.732175999999999931e+03
-3.751481000000000222e+03
-3.732918999999999869e+03
-3.705074999999999818e+03
-3.742199999999999818e+03
-3.744798999999999978e+03
-3.757420999999999822e+03
-3.791204999999999927e+03
-3.772643000000000029e+03
-3.781181000000000040e+03
-3.806797999999999774e+03
-3.814222999999999956e+03
-3.813480000000000018e+03
-3.842809000000000196e+03
-3.839838999999999942e+03
-3.848748999999999796e+03
-3.864340999999999894e+03
-3.872509000000000015e+03
-3.892556000000000040e+03
-3.898867000000000189e+03
-3.889215000000000146e+03
-3.858771999999999935e+03
-3.915202999999999975e+03
-3.913346000000000004e+03
-3.922255999999999858e+03
-3.958639000000000124e+03
-3.930423999999999978e+03
-3.900353000000000065e+03
-3.962722999999999956e+03
-3.968291000000000167e+03
-3.941561000000000149e+03
-3.937106000000000222e+03
-3.989452999999999975e+03
-3.938963000000000193e+03
-3.966806000000000040e+03
-4.005416000000000167e+03
-3.964208000000000084e+03
-3.982769999999999982e+03
-3.996135000000000218e+03
-4.018780999999999949e+03
-4.008014999999999873e+03
-4.028063000000000102e+03
-4.016554000000000087e+03
-4.028434000000000196e+03
-4.068157000000000153e+03
-4.027320000000000164e+03
-4.045882999999999811e+03
-4.081893999999999778e+03
-4.069643000000000029e+03
-4.100828000000000429e+03
-4.115305999999999585e+03
-4.081893999999999778e+03
-4.084492000000000189e+03
-4.127186999999999898e+03
-4.111594000000000051e+03
-4.126444000000000415e+03
-4.096001000000000204e+03
-4.123845000000000255e+03
-4.119761000000000422e+03
-4.157628999999999905e+03
-4.176563000000000102e+03
-4.154658999999999651e+03
-4.214430000000000291e+03
-4.159113999999999578e+03
-4.163198000000000320e+03
-4.150945999999999913e+03
-4.196609999999999673e+03
-4.183244999999999891e+03
-4.208489999999999782e+03
-4.227052999999999884e+03
-4.221112000000000080e+03
-4.207747999999999593e+03
-4.236704999999999927e+03
-4.227795000000000073e+03
-4.247100000000000364e+03
-4.280140999999999622e+03
-4.273087000000000444e+03
-4.287194999999999709e+03
-4.297961000000000240e+03
-4.305756999999999607e+03
-4.264177999999999884e+03
-4.292393000000000029e+03
-4.302417000000000371e+03
-4.299445999999999913e+03
-4.324319999999999709e+03
-4.317637999999999920e+03
-4.355134000000000015e+03
-4.336942000000000007e+03
-4.358845999999999549e+03
-4.337314000000000306e+03
-4.398198999999999614e+03
-4.390774000000000342e+03
-4.386689999999999600e+03
-4.430497999999999593e+03
-4.388917000000000371e+03
-4.429012999999999920e+03
-4.381121000000000095e+03
-4.420103000000000065e+03
-4.428270000000000437e+03
-4.393743999999999687e+03
-4.459454999999999927e+03
-4.439408000000000357e+03
-4.443119999999999891e+03
-4.416761000000000422e+03
-4.431239999999999782e+03
-4.424186999999999898e+03
-4.411935000000000400e+03
-4.465024000000000342e+03
-4.460198000000000320e+03
-4.449802999999999884e+03
-4.469479000000000269e+03
-4.477274999999999636e+03
-4.454256999999999607e+03
-4.518484000000000378e+03
-4.499550000000000182e+03
-4.481729999999999563e+03
-4.531478000000000065e+03
-4.533333999999999833e+03
-4.542614999999999782e+03
-4.554123999999999796e+03
-4.575284999999999854e+03
-4.589020999999999731e+03
-4.576027000000000044e+03
-4.596445999999999913e+03
-4.595332999999999629e+03
-4.574913999999999760e+03
-4.574542000000000371e+03
-4.612038999999999760e+03
-4.616864999999999782e+03
-4.599045000000000073e+03
-4.605728000000000065e+03
-4.623546999999999571e+03
-4.638025999999999840e+03
-4.645079999999999927e+03
-4.651762999999999920e+03
-4.670695999999999913e+03
-4.650277000000000044e+03
-4.663643000000000029e+03
-4.707078999999999724e+03
-4.692229000000000269e+03
-4.655104000000000269e+03
-4.715988999999999578e+03
-4.717845000000000255e+03
-4.672923999999999978e+03
-4.734921999999999571e+03
-4.754228000000000065e+03
-4.701510000000000218e+03
-4.789496000000000095e+03
-4.776502000000000407e+03
-4.729725000000000364e+03
-4.806203000000000429e+03
-4.820310000000000400e+03
-4.752743000000000393e+03
-4.830333999999999833e+03
-4.848524999999999636e+03
-4.826993000000000393e+03
-4.861146999999999935e+03
-4.825136000000000422e+03
-4.823650999999999840e+03
-4.849268000000000029e+03
-4.805831000000000131e+03
-4.779844000000000051e+03
-4.848895999999999731e+03
-4.806203000000000429e+03
-4.770563000000000102e+03
-4.707078999999999724e+03
-4.720814999999999600e+03
-4.751628999999999905e+03
-4.723413999999999760e+03
-4.754599000000000160e+03
-4.733065999999999804e+03
-4.774274999999999636e+03
-4.764251000000000204e+03
-4.764993999999999687e+03
-4.773161000000000058e+03
-4.788381999999999607e+03
-4.813998999999999796e+03
-4.790238999999999578e+03
-4.766106999999999971e+03
-4.755341000000000349e+03
-4.753484999999999673e+03
-4.782442000000000007e+03
-4.750515000000000327e+03
-4.719329999999999927e+03
-4.736036000000000058e+03
-4.757939999999999600e+03
-4.661786000000000058e+03
-4.731581000000000131e+03
-4.692229000000000269e+03
-4.697055000000000291e+03
-4.715988999999999578e+03
-4.673667000000000371e+03
-4.679234999999999673e+03
-4.691114999999999782e+03
-4.702623999999999796e+03
-4.683319000000000415e+03
-4.710792000000000371e+03
-4.721929000000000087e+03
-4.711533999999999651e+03
-4.723413999999999760e+03
-4.746802999999999884e+03
-4.702252000000000407e+03
-4.667354999999999563e+03
-4.679978000000000065e+03
-4.672923999999999978e+03
-4.654731999999999971e+03
-4.632086000000000240e+03
-4.633570999999999913e+03
-4.613895000000000437e+03
-4.626889000000000124e+03
-4.606099000000000160e+03
-4.587536000000000058e+03
-4.622805000000000291e+03
-4.629859000000000378e+03
-4.658444999999999709e+03
-4.624289999999999964e+03
-4.622063000000000102e+03
-4.640253999999999905e+03
-4.620578000000000429e+03
-4.629487000000000080e+03
-4.622063000000000102e+03
-4.636542000000000371e+03
-4.630972999999999956e+03
-4.635427999999999884e+03
-4.661043999999999869e+03
-4.667354999999999563e+03
-4.666984000000000378e+03
-4.693342999999999847e+03
-4.633942000000000007e+03
-4.626889000000000124e+03
-4.682204999999999927e+03
-4.648050000000000182e+03
-4.661414999999999964e+03
-4.667354999999999563e+03
-4.659930000000000291e+03
-4.664385000000000218e+03
-4.701139000000000124e+03
-4.655845999999999549e+03
-4.654731999999999971e+03
-4.680349000000000160e+03
-4.665498999999999796e+03
-4.699654000000000451e+03
-4.702994999999999891e+03
-4.668840000000000146e+03
-4.672180999999999585e+03
-4.710792000000000371e+03
-4.711162999999999556e+03
-4.704109000000000378e+03
-4.731210000000000036e+03
-4.675150999999999840e+03
-4.727497999999999593e+03
-4.730838999999999942e+03
-4.727868999999999687e+03
-4.725270000000000437e+03
-4.753113999999999578e+03
-4.724155999999999949e+03
-4.717474000000000160e+03
-4.754970000000000255e+03
-4.769078000000000429e+03
-4.754228000000000065e+03
-4.796921000000000276e+03
-4.758311999999999898e+03
-4.806573999999999614e+03
-4.769819999999999709e+03
-4.813256000000000313e+03
-4.759425000000000182e+03
-4.822167000000000371e+03
-4.808430000000000291e+03
-4.801747999999999593e+03
-4.819939000000000306e+03
-4.831076000000000022e+03
-4.800262999999999920e+03
-4.839243999999999687e+03
-4.793208999999999833e+03
-4.753855999999999767e+03
-4.803231999999999971e+03
-4.792837000000000444e+03
-4.789496000000000095e+03
-4.816969000000000051e+03
-4.801005000000000109e+03
-4.759796000000000276e+03
-4.800634000000000015e+03
-4.814369999999999891e+03
-4.750886000000000422e+03
-4.804717999999999847e+03
-4.783555999999999585e+03
-4.696684000000000196e+03
-4.740490999999999985e+03
-4.777987000000000080e+03
-4.724155999999999949e+03
-4.748287999999999556e+03
-4.771676000000000386e+03
-4.746802999999999884e+03
-4.776131000000000313e+03
-4.759796000000000276e+03
-4.752371000000000095e+03
-4.785042000000000371e+03
-4.770934000000000196e+03
-4.758311999999999898e+03
-4.786896999999999935e+03
-4.816969000000000051e+03
-4.769819999999999709e+03
-4.802489999999999782e+03
-4.800634000000000015e+03
-4.819939000000000306e+03
-4.812885000000000218e+03
-4.832189999999999600e+03
-4.810286000000000058e+03
-4.838872999999999593e+03
-4.826621000000000095e+03
-4.825878999999999905e+03
-4.843698999999999614e+03
-4.825136000000000422e+03
-4.854465000000000146e+03
-4.826993000000000393e+03
-4.862261000000000422e+03
-4.848524999999999636e+03
-4.828478000000000065e+03
-4.873770000000000437e+03
-4.882309000000000196e+03
-4.860404999999999745e+03
-4.905326000000000022e+03
-4.845184000000000196e+03
-4.819939000000000306e+03
-4.864859999999999673e+03
-4.817711000000000240e+03
-4.845184000000000196e+03
-4.856320999999999913e+03
-4.860775999999999840e+03
-4.857805999999999585e+03
-4.839243999999999687e+03
-4.850010000000000218e+03
-4.806944999999999709e+03
-4.854836000000000240e+03
-4.843698999999999614e+03
-4.833304000000000087e+03
-4.853722999999999956e+03
-4.870429000000000087e+03
-4.854465000000000146e+03
-4.871542000000000371e+03
-4.857435000000000400e+03
-4.863003999999999905e+03
-4.884908000000000357e+03
-4.890475999999999658e+03
-4.856320999999999913e+03
-4.901613999999999578e+03
-4.863003999999999905e+03
-4.897900999999999840e+03
-4.885649999999999636e+03
-4.937253999999999905e+03
-4.890475999999999658e+03
-4.909780999999999949e+03
-4.899015000000000327e+03
-4.906069000000000415e+03
-4.899015000000000327e+03
-4.885649999999999636e+03
-4.913493999999999687e+03
-4.908296000000000276e+03
-4.940966000000000349e+03
-4.913122999999999593e+03
-4.949876000000000204e+03
-4.929086000000000240e+03
-4.937253999999999905e+03
-4.959158000000000357e+03
-4.944679000000000087e+03
-4.939109999999999673e+03
-4.933542000000000371e+03
-4.968067000000000007e+03
-4.909038999999999760e+03
-4.865974000000000160e+03
-4.852609000000000378e+03
-4.881194999999999709e+03
-4.858177999999999884e+03
-4.893445999999999913e+03
-4.888248999999999796e+03
-4.859292000000000371e+03
-4.882309000000000196e+03
-4.857805999999999585e+03
-4.870800000000000182e+03
-4.884536000000000058e+03
-4.841470999999999549e+03
-4.834417000000000371e+03
-4.873399000000000342e+03
-4.846668999999999869e+03
-4.899386000000000422e+03
-4.877110999999999876e+03
-4.856692000000000007e+03
-4.873770000000000437e+03
-4.913864999999999782e+03
-4.851123999999999796e+03
-4.893817000000000007e+03
-4.927972999999999956e+03
