-2.704556000000000040e+03
-2.700472000000000207e+03
-2.761356999999999971e+03
-2.725717999999999847e+03
-2.745393999999999778e+03
-2.764699000000000069e+03
-2.781775999999999840e+03
-2.822242000000000189e+03
-2.792914000000000215e+03
-2.843032000000000153e+03
-2.824840999999999894e+03
-2.824099000000000160e+03
-2.813704000000000178e+03
-2.861224000000000160e+03
-2.863822999999999865e+03
-2.846001999999999953e+03
-2.877188000000000102e+03
-2.877559000000000196e+03
-2.875702999999999975e+03
-2.919139000000000124e+03
-2.914313000000000102e+03
-2.906516000000000076e+03
-2.942898999999999887e+03
-2.933617000000000189e+03
-2.906144999999999982e+03
-2.974083999999999833e+03
-2.933989000000000033e+03
-2.960347000000000207e+03
-2.964059999999999945e+03
-2.982251000000000204e+03
-2.975568999999999960e+03
-2.994873999999999796e+03
-2.956264000000000124e+03
-2.974083999999999833e+03
-2.972228000000000065e+03
-2.996730000000000018e+03
-3.024945000000000164e+03
-2.997101000000000113e+03
-3.036454000000000178e+03
-2.992275000000000091e+03
-3.025688000000000102e+03
-3.042021999999999935e+03
-3.020860999999999876e+03
-3.042764999999999873e+03
-3.031255999999999858e+03
-3.068380999999999858e+03
-3.056873000000000047e+03
-3.075806000000000040e+03
-3.068751999999999953e+03
-3.102164999999999964e+03
-3.083974000000000160e+03
-3.062813000000000102e+03
-3.121840999999999894e+03
-3.117757999999999811e+03
-3.110704000000000178e+03
-3.152284000000000106e+03
-3.137063000000000102e+03
-3.122213000000000193e+03
-3.158594999999999800e+03
-3.191264999999999873e+03
-3.133349999999999909e+03
-3.171588999999999942e+03
-3.187552000000000135e+03
-3.118128999999999905e+03
-3.186438999999999851e+03
-3.200175000000000182e+03
-3.173445000000000164e+03
-3.168619000000000142e+03
-3.180126999999999953e+03
-3.194606000000000222e+03
-3.200175000000000182e+03
-3.216880999999999858e+03
-3.205001000000000204e+03
-3.224677000000000135e+03
-3.301155000000000200e+03
-3.241012000000000171e+03
-3.267000000000000000e+03
-3.269969999999999800e+03
-3.238784999999999854e+03
-3.271454999999999927e+03
-3.310065000000000055e+03
-3.278137000000000171e+03
-3.273311000000000149e+03
-3.321945000000000164e+03
-3.327514000000000124e+03
-3.343106000000000222e+03
-3.320088999999999942e+03
-3.256233999999999924e+03
-3.216510000000000218e+03
-3.267000000000000000e+03
-3.230246000000000095e+03
-3.239527999999999793e+03
-3.277023999999999887e+03
-3.239898999999999887e+03
-3.229875000000000000e+03
-3.254005999999999858e+03
-3.285563000000000102e+03
-3.198690000000000055e+03
-3.294844000000000051e+03
-3.275909999999999854e+03
-3.237670999999999822e+03
-3.282592999999999847e+03
-3.258460999999999785e+03
-3.269969999999999800e+03
-3.253635000000000218e+03
-3.316376000000000204e+03
-3.275166999999999916e+03
-3.301896999999999935e+03
-3.299298999999999978e+03
-3.292615999999999985e+03
-3.346818999999999960e+03
-3.315634000000000015e+03
-3.308579999999999927e+03
-3.293358999999999924e+03
-3.313777999999999793e+03
-3.313405999999999949e+03
-3.332710999999999785e+03
-3.304496000000000095e+03
-3.338280000000000200e+03
-3.321202999999999975e+03
-3.339021999999999935e+03
-3.321574000000000069e+03
-3.324543999999999869e+03
-3.363153999999999996e+03
-3.309322999999999865e+03
-3.380231000000000222e+03
-3.331969000000000051e+03
-3.325286000000000058e+03
-3.379860000000000127e+03
-3.383201000000000022e+03
-3.348675000000000182e+03
-3.370208000000000084e+03
-3.389512000000000171e+03
-3.342364000000000033e+03
-3.400650000000000091e+03
-3.376889999999999873e+03
-3.370208000000000084e+03
-3.415128999999999905e+03
-3.405847000000000207e+03
-3.379489000000000033e+03
-3.373177000000000135e+03
-3.353130000000000109e+03
-3.347932999999999993e+03
-3.362411000000000058e+03
-3.372063999999999851e+03
-3.387284999999999854e+03
-3.412530000000000200e+03
-3.381344999999999800e+03
-3.376889999999999873e+03
-3.369094000000000051e+03
-3.414757999999999811e+03
-3.323429999999999836e+03
-3.417728000000000065e+03
-3.390998000000000047e+03
-3.390255000000000109e+03
-3.426266000000000076e+03
-3.434434000000000196e+03
-3.391739999999999782e+03
-3.445943000000000211e+03
-3.460791999999999916e+03
-3.427380000000000109e+03
-3.465248000000000047e+03
-3.442972000000000207e+03
-3.447427000000000135e+03
-3.437403999999999996e+03
-3.482324999999999818e+03
-3.475643000000000029e+03
-3.475643000000000029e+03
-3.492349000000000160e+03
-3.440373999999999796e+03
-3.479726000000000113e+03
-3.442972000000000207e+03
-3.454853000000000065e+03
-3.464134000000000015e+03
-3.531701000000000022e+03
-3.486780000000000200e+03
-3.505713999999999942e+03
-3.489750000000000000e+03
-3.493463000000000193e+03
-3.476014000000000124e+03
-3.496804000000000087e+03
-3.470815999999999804e+03
-3.500516000000000076e+03
-3.529103000000000065e+03
-3.501630000000000109e+03
-3.472672999999999774e+03
-3.513510000000000218e+03
-3.469331000000000131e+03
-3.471188000000000102e+03
-3.536898999999999887e+03
-3.520563999999999851e+03
-3.520193000000000211e+03
-3.533557999999999993e+03
-3.492719999999999800e+03
-3.510539999999999964e+03
-3.549521000000000186e+03
-3.535414000000000215e+03
-3.551005999999999858e+03
-3.577364999999999782e+03
-3.562514999999999873e+03
-3.540239999999999782e+03
-3.596298999999999978e+03
-3.551005999999999858e+03
-3.491978000000000065e+03
-3.547664999999999964e+03
-3.475271000000000186e+03
-3.493833999999999833e+03
-3.499773999999999887e+03
-3.497916999999999916e+03
-3.479726000000000113e+03
-3.527246000000000095e+03
-3.532072999999999865e+03
-3.512768000000000029e+03
-3.568826000000000022e+03
-3.549893000000000029e+03
-3.536527999999999793e+03
-3.568826000000000022e+03
-3.567340999999999894e+03
-3.528731000000000222e+03
-3.595556000000000040e+03
-3.581077999999999975e+03
-3.566599000000000160e+03
-3.577364999999999782e+03
-3.580706000000000131e+03
-3.569940000000000055e+03
-3.597413000000000011e+03
-3.605208999999999833e+03
-3.591472999999999956e+03
-3.616346000000000004e+03
-3.645675000000000182e+03
-3.611519999999999982e+03
-3.617088999999999942e+03
-3.630083000000000084e+03
-3.625626999999999953e+03
-3.559916000000000167e+03
-3.587760000000000218e+03
-3.544695000000000164e+03
-3.606322999999999865e+03
-3.597413000000000011e+03
-3.555460999999999785e+03
-3.638621000000000095e+03
-3.621172999999999774e+03
-3.593329000000000178e+03
-3.604465999999999894e+03
-3.624143000000000029e+03
-3.581820000000000164e+03
-3.650873000000000047e+03
-3.636393999999999778e+03
-3.634166000000000167e+03
-3.618574000000000069e+03
-3.494947999999999865e+03
-3.535784999999999854e+03
-3.518708000000000084e+03
-3.567340999999999894e+03
-3.523905000000000200e+03
-3.581449000000000069e+03
-3.562885999999999967e+03
-3.530958999999999833e+03
-3.557688999999999851e+03
-3.559916000000000167e+03
-3.530215999999999894e+03
-3.498289000000000215e+03
-3.520563999999999851e+03
-3.476385000000000218e+03
-3.561400999999999840e+03
-3.565856000000000222e+03
-3.529844999999999800e+03
-3.540239999999999782e+03
-3.476385000000000218e+03
-3.433320000000000164e+03
-3.459679000000000087e+03
-3.463019999999999982e+03
-3.441487999999999829e+03
-3.441115999999999985e+03
-3.483068000000000211e+03
-3.461534999999999854e+03
-3.453367000000000189e+03
-3.462648999999999887e+03
-3.457451000000000022e+03
-3.433690999999999804e+03
-3.468217999999999847e+03
-3.435175999999999931e+03
-3.453367000000000189e+03
-3.462277999999999793e+03
-3.447427000000000135e+03
-3.434804999999999836e+03
-3.460791999999999916e+03
-3.468217999999999847e+03
-3.421811000000000149e+03
-3.477869999999999891e+03
-3.438146000000000186e+03
-3.415871000000000095e+03
-3.429235999999999876e+03
-3.448541000000000167e+03
-3.455224000000000160e+03
-3.443344000000000051e+03
-3.458936000000000149e+03
-3.421068999999999960e+03
-3.481583000000000084e+03
-3.491606000000000222e+03
-3.475271000000000186e+03
-3.481954000000000178e+03
-3.481210999999999785e+03
-3.461534999999999854e+03
-3.475643000000000029e+03
-3.511282000000000153e+03
-3.428494000000000142e+03
-3.468217999999999847e+03
-3.500516000000000076e+03
-3.457451000000000022e+03
-3.461905999999999949e+03
-3.475643000000000029e+03
-3.436661000000000058e+03
-3.491606000000000222e+03
-3.474528999999999996e+03
-3.506085000000000036e+03
-3.499773999999999887e+03
-3.472672999999999774e+03
-3.475271000000000186e+03
-3.472672999999999774e+03
-3.492719999999999800e+03
-3.453367000000000189e+03
-3.476755999999999858e+03
-3.485666000000000167e+03
-3.467846000000000004e+03
-3.507199000000000069e+03
-3.497916999999999916e+03
-3.486780000000000200e+03
-3.500516000000000076e+03
-3.499030999999999949e+03
-3.496061000000000149e+03
-3.535414000000000215e+03
-3.527989000000000033e+03
-3.520934999999999945e+03
-3.523905000000000200e+03
-3.528731000000000222e+03
-3.507940999999999804e+03
-3.513139000000000124e+03
-3.520193000000000211e+03
-3.490492000000000189e+03
-3.522048999999999978e+03
-3.510168999999999869e+03
-3.528731000000000222e+03
-3.535041999999999916e+03
-3.538384000000000015e+03
-3.535414000000000215e+03
-3.537641000000000076e+03
-3.563257999999999811e+03
-3.521677000000000135e+03
-3.562143999999999778e+03
-3.557688999999999851e+03
-3.546922999999999774e+03
-3.582934000000000196e+03
-3.548036000000000058e+03
-3.596298999999999978e+03
-3.604094999999999800e+03
-3.579221000000000004e+03
-3.571425000000000182e+03
-3.565114000000000033e+03
-3.611148999999999887e+03
-3.572909999999999854e+03
-3.590730000000000018e+03
-3.600010999999999967e+03
-3.591472999999999956e+03
-3.611148999999999887e+03
-3.625626999999999953e+03
-3.631195999999999913e+03
-3.604465999999999894e+03
-3.651614999999999782e+03
-3.521306000000000040e+03
-3.539126000000000204e+03
-3.533557999999999993e+03
-3.502373000000000047e+03
-3.499773999999999887e+03
-3.532072999999999865e+03
-3.517594000000000051e+03
-3.510911000000000058e+03
-3.524275999999999840e+03
-3.523163000000000011e+03
-3.516851000000000113e+03
-3.531329999999999927e+03
-3.518335999999999785e+03
-3.532072999999999865e+03
-3.546179999999999836e+03
-3.530958999999999833e+03
-3.538755000000000109e+03
-3.560288000000000011e+03
-3.546179999999999836e+03
-3.556945999999999913e+03
-3.566228000000000065e+03
-3.549521000000000186e+03
-3.569940000000000055e+03
-3.588130999999999858e+03
-3.572166999999999916e+03
-3.556574999999999818e+03
-3.598896999999999935e+03
-3.592585999999999785e+03
-3.570682999999999993e+03
-3.638250000000000000e+03
-3.630083000000000084e+03
-3.588873999999999796e+03
-3.625255999999999858e+03
-3.602239000000000033e+03
-3.630454000000000178e+03
-3.623028999999999996e+03
-3.624143000000000029e+03
-3.594070999999999913e+03
-3.630454000000000178e+03
-3.661639000000000124e+03
-3.585532000000000153e+03
-3.638992000000000189e+03
-3.636764999999999873e+03
