-5.037862999999999829e+02
-4.915350000000000250e+02
-5.112112000000000194e+02
-5.045287000000000148e+02
-5.494500000000000455e+02
-5.446237999999999602e+02
-5.717250000000000227e+02
-5.750662999999999556e+02
-5.806349999999999909e+02
-6.118200000000000500e+02
-6.110774999999999864e+02
-6.136762999999999693e+02
-6.615674999999999955e+02
-6.545136999999999716e+02
-6.125625000000000000e+02
-6.463463000000000420e+02
-6.749325000000000045e+02
-6.548849999999999909e+02
-7.072313000000000329e+02
-6.853274999999999864e+02
-7.109438000000000102e+02
-7.146562999999999874e+02
-7.521525000000000318e+02
-7.469550000000000409e+02
-7.606912999999999556e+02
-7.788825000000000500e+02
-7.929900000000000091e+02
-8.252888000000000375e+02
-7.781399999999999864e+02
-8.030136999999999716e+02
-8.806050000000000182e+02
-8.230612999999999602e+02
-8.475638000000000147e+02
-8.828324999999999818e+02
-8.694674999999999727e+02
-9.095625000000000000e+02
-9.136462000000000216e+02
-8.371688000000000329e+02
-8.505338000000000420e+02
-9.225562999999999647e+02
-9.006525000000000318e+02
-8.713237000000000307e+02
-9.414900000000000091e+02
-9.351788000000000238e+02
-8.910000000000000000e+02
-9.396337999999999511e+02
-9.329511999999999716e+02
-9.273825000000000500e+02
-9.529987999999999602e+02
-9.934650000000000318e+02
-9.429750000000000227e+02
-1.001260999999999967e+03
-1.008315000000000055e+03
-9.607949999999999591e+02
-1.002375000000000000e+03
-1.041355999999999995e+03
-1.011655999999999949e+03
-1.051750999999999976e+03
-1.084791999999999916e+03
-1.068458000000000084e+03
-1.085535000000000082e+03
-1.079595000000000027e+03
-1.091474999999999909e+03
-1.091104000000000042e+03
-1.126373000000000047e+03
-1.085905999999999949e+03
-1.134169000000000096e+03
-1.154959000000000060e+03
-1.105583000000000084e+03
-1.146790999999999940e+03
-1.187258000000000038e+03
-1.159041999999999916e+03
-1.189855999999999995e+03
-1.233663999999999987e+03
-1.215472999999999956e+03
-1.224383000000000038e+03
-1.271160000000000082e+03
-1.245914999999999964e+03
-1.252969000000000051e+03
-1.290464999999999918e+03
-1.234405999999999949e+03
-1.280813000000000102e+03
-1.277843000000000075e+03
-1.261508000000000038e+03
-1.269674999999999955e+03
-1.298633000000000038e+03
-1.309769999999999982e+03
-1.301230999999999995e+03
-1.341326000000000022e+03
-1.301230999999999995e+03
-1.311625999999999976e+03
-1.345780999999999949e+03
-1.332415999999999940e+03
-1.281183999999999969e+03
-1.362488000000000056e+03
-1.349493999999999915e+03
-1.319794000000000096e+03
-1.362488000000000056e+03
-1.379193999999999960e+03
-1.367314000000000078e+03
-1.370284000000000106e+03
-1.381049999999999955e+03
-1.390330999999999904e+03
-1.417432000000000016e+03
-1.394044000000000096e+03
-1.392930000000000064e+03
-1.431911000000000058e+03
-1.416690000000000055e+03
-1.425971000000000004e+03
-1.447133000000000038e+03
-1.472749000000000024e+03
-1.412978000000000065e+03
-1.448617999999999938e+03
-1.469406999999999925e+03
-1.437480000000000018e+03
-1.473490999999999985e+03
-1.493166999999999916e+03
-1.469406999999999925e+03
-1.512472999999999956e+03
-1.527323000000000093e+03
-1.460868999999999915e+03
-1.503563000000000102e+03
-1.525837999999999965e+03
-1.502077999999999975e+03
-1.525465999999999894e+03
-1.526951000000000022e+03
-1.528435999999999922e+03
-1.557021999999999935e+03
-1.560364000000000033e+03
-1.558508000000000038e+03
-1.572243999999999915e+03
-1.601943999999999960e+03
-1.558878999999999905e+03
-1.578555000000000064e+03
-1.590434999999999945e+03
-1.595260999999999967e+03
-1.626445999999999913e+03
-1.622733999999999924e+03
-1.591920000000000073e+03
-1.610482999999999947e+03
-1.615308999999999969e+03
-1.596375000000000000e+03
-1.590434999999999945e+03
-1.565190000000000055e+03
-1.559250000000000000e+03
-1.594890000000000100e+03
-1.585238000000000056e+03
-1.561105999999999995e+03
-1.596375000000000000e+03
-1.634242999999999938e+03
-1.603799999999999955e+03
-1.638698000000000093e+03
-1.665426999999999907e+03
-1.649093000000000075e+03
-1.660601000000000113e+03
-1.688444999999999936e+03
-1.649463999999999942e+03
-1.681762999999999920e+03
-1.683618999999999915e+03
-1.656145999999999958e+03
-1.697355000000000018e+03
-1.736708000000000084e+03
-1.707378999999999905e+03
-1.682505000000000109e+03
-1.705151000000000067e+03
-1.672853000000000065e+03
-1.689930000000000064e+03
-1.748959000000000060e+03
-1.709234999999999900e+03
-1.703295000000000073e+03
-1.747845000000000027e+03
-1.735594000000000051e+03
-1.732994999999999891e+03
-1.774575000000000045e+03
-1.746359999999999900e+03
-1.766036000000000058e+03
-1.773833000000000084e+03
-1.794623000000000047e+03
-1.767892000000000053e+03
-1.792394999999999982e+03
-1.812814000000000078e+03
-1.789424999999999955e+03
-1.809472999999999956e+03
-1.791652000000000044e+03
-1.775317999999999984e+03
-1.800191000000000031e+03
-1.790166999999999916e+03
-1.783114000000000033e+03
-1.809844000000000051e+03
-1.798335000000000036e+03
-1.778287000000000035e+03
-1.840656999999999925e+03
-1.826179000000000087e+03
-1.805388999999999896e+03
-1.797221000000000004e+03
-1.841028999999999996e+03
-1.820980999999999995e+03
-1.858848999999999933e+03
-1.867016000000000076e+03
-1.848825000000000045e+03
-1.868500999999999976e+03
-1.863674999999999955e+03
-1.876297000000000025e+03
-1.890034000000000106e+03
-1.881494999999999891e+03
-1.861076000000000022e+03
-1.860334000000000060e+03
-1.881494999999999891e+03
-1.872213999999999942e+03
-1.854765000000000100e+03
-1.833974999999999909e+03
-1.819125000000000000e+03
-1.806131000000000085e+03
-1.832861000000000104e+03
-1.837688000000000102e+03
-1.805388999999999896e+03
-1.852909000000000106e+03
-1.832118999999999915e+03
-1.846969000000000051e+03
-1.868873000000000047e+03
-1.859962999999999965e+03
-1.861818999999999960e+03
-1.872213999999999942e+03
-1.871099999999999909e+03
-1.894117999999999938e+03
-1.878525000000000091e+03
-1.839172000000000025e+03
-1.832861000000000104e+03
-1.813556000000000040e+03
-1.815784000000000106e+03
-1.819867999999999938e+03
-1.839544000000000096e+03
-1.805388999999999896e+03
-1.848083000000000084e+03
-1.859590999999999894e+03
-1.849195999999999913e+03
-1.854765000000000100e+03
-1.875555000000000064e+03
-1.880752999999999929e+03
-1.869243999999999915e+03
-1.903769999999999982e+03
-1.891146999999999935e+03
-1.874813000000000102e+03
-1.904884000000000015e+03
-1.926787000000000035e+03
-1.928271999999999935e+03
-1.921219000000000051e+03
-1.923817999999999984e+03
-1.926045000000000073e+03
-1.928271999999999935e+03
-1.920847999999999956e+03
-1.943493999999999915e+03
-1.960942999999999984e+03
-1.951289999999999964e+03
-1.960200000000000045e+03
-1.979134000000000015e+03
-1.947949000000000069e+03
-1.941266000000000076e+03
-1.954631000000000085e+03
-1.907111000000000104e+03
-1.940894999999999982e+03
-1.942380000000000109e+03
-1.905998000000000047e+03
-1.924559999999999945e+03
-1.907111000000000104e+03
-1.920476000000000113e+03
-1.914536000000000058e+03
-1.940152000000000044e+03
-1.946463999999999942e+03
-1.921589999999999918e+03
-1.946093000000000075e+03
-1.967625000000000000e+03
-1.921219000000000051e+03
-1.966140000000000100e+03
-1.983218000000000075e+03
-1.946093000000000075e+03
-1.979505000000000109e+03
-1.984330999999999904e+03
-1.962426999999999907e+03
-1.983218000000000075e+03
-1.958344000000000051e+03
-1.845855000000000018e+03
-1.825435999999999922e+03
-1.830262999999999920e+03
-1.827663999999999987e+03
-1.842884999999999991e+03
-1.803903999999999996e+03
-1.808730000000000018e+03
-1.819496000000000095e+03
-1.825807000000000016e+03
-1.806874000000000024e+03
-1.823579999999999927e+03
-1.838800999999999931e+03
-1.813184999999999945e+03
-1.823951000000000022e+03
-1.816896999999999935e+03
-1.799077999999999975e+03
-1.817640000000000100e+03
-1.860704999999999927e+03
-1.826921000000000049e+03
-1.841028999999999996e+03
-1.855508000000000038e+03
-1.840286000000000058e+03
-1.845113000000000056e+03
-1.856992999999999938e+03
-1.844369999999999891e+03
-1.862560999999999922e+03
-1.874069999999999936e+03
-1.844369999999999891e+03
-1.828035000000000082e+03
-1.843999000000000024e+03
-1.829148999999999887e+03
-1.829148999999999887e+03
-1.861818999999999960e+03
-1.849939000000000078e+03
-1.862932000000000016e+03
-1.873327999999999975e+03
-1.861076000000000022e+03
-1.868873000000000047e+03
-1.875183999999999969e+03
-1.882608999999999924e+03
-1.887064000000000078e+03
-1.880009999999999991e+03
-1.888920000000000073e+03
-1.881865999999999985e+03
-1.900429000000000087e+03
-1.877781999999999925e+03
-1.895973999999999933e+03
-1.900057000000000016e+03
-1.890776000000000067e+03
-1.894117999999999938e+03
-1.861076000000000022e+03
-1.889662000000000035e+03
-1.891890000000000100e+03
-1.903769999999999982e+03
-1.901913999999999987e+03
-1.901171000000000049e+03
-1.923817999999999984e+03
-1.909710000000000036e+03
-1.900799999999999955e+03
-1.936068999999999960e+03
-1.918619999999999891e+03
-1.895973999999999933e+03
-1.947949000000000069e+03
-1.933840999999999894e+03
-1.922333000000000084e+03
-1.946835000000000036e+03
-1.940894999999999982e+03
-1.950175999999999931e+03
-1.956488000000000056e+03
-1.955002999999999929e+03
-1.978019999999999982e+03
-1.970595000000000027e+03
-1.960200000000000045e+03
-1.994355000000000018e+03
-1.996211000000000013e+03
-1.993240999999999985e+03
-1.996953999999999951e+03
-2.021455999999999904e+03
-2.010690000000000055e+03
-2.000295000000000073e+03
-2.029624000000000024e+03
-2.008462999999999965e+03
-1.996953999999999951e+03
-2.047073000000000093e+03
-2.015144999999999982e+03
-2.019599999999999909e+03
-2.047073000000000093e+03
-2.049300000000000182e+03
-2.041875000000000000e+03
-2.056724999999999909e+03
-2.081969999999999800e+03
-2.055239999999999782e+03
-2.070833000000000084e+03
-2.097563000000000102e+03
-2.068233999999999924e+03
-2.082340999999999894e+03
-2.101646000000000186e+03
-2.102760000000000218e+03
-2.109070999999999913e+03
-2.112784000000000106e+03
-2.111670000000000073e+03
-2.127262000000000171e+03
-2.132088999999999942e+03
-2.100903999999999996e+03
-2.123550000000000182e+03
-2.130603999999999814e+03
-2.116125000000000000e+03
-2.129489999999999782e+03
-2.135429999999999836e+03
-2.125405999999999949e+03
-2.116867000000000189e+03
-2.142112999999999829e+03
-2.129860999999999876e+03
-2.126519999999999982e+03
-2.151021999999999935e+03
-2.139143000000000029e+03
-2.133202999999999975e+03
-2.160304000000000087e+03
-2.151021999999999935e+03
-2.110184999999999945e+03
-2.152878999999999905e+03
-2.135059000000000196e+03
-2.147681000000000040e+03
-2.155106000000000222e+03
-2.139885000000000218e+03
-2.157704999999999927e+03
-2.165873000000000047e+03
-2.162902999999999793e+03
-2.168471000000000004e+03
-2.171070000000000164e+03
-2.152135999999999967e+03
