2.413198999999999828e+01
-1.856249999999999956e+00
2.190441999999999823e+01
1.188035999999999959e+01
2.413198999999999828e+01
1.485044999999999948e+00
2.598828999999999834e+00
5.568920000000000314e+00
-1.707750000000000057e+01
-1.596374999999999922e+01
-3.935249999999999915e+01
-3.860999999999999943e+01
3.341352000000000100e+00
-3.601124999999999687e+01
-5.680125000000000313e+01
-2.969999999999999929e+01
-5.234624999999999773e+01
-7.053749999999999432e+01
-5.383124999999999716e+01
-7.796250000000000568e+01
-8.315999999999999659e+01
-7.573499999999999943e+01
-7.202249999999999375e+01
-6.534000000000000341e+01
-6.831000000000000227e+01
-1.024650000000000034e+02
-8.909999999999999432e+01
-8.056125000000000114e+01
-7.944750000000000512e+01
-8.724375000000000568e+01
-1.191711999999999989e+02
-7.870499999999999829e+01
-1.110037999999999982e+02
-1.069200000000000017e+02
-1.180575000000000045e+02
-9.504000000000000625e+01
-9.021375000000000455e+01
-1.247399999999999949e+02
-1.002374999999999972e+02
-5.234624999999999773e+01
-4.120875000000000199e+01
-8.241750000000000398e+01
-5.086124999999999829e+01
-4.195125000000000171e+01
-4.269375000000000142e+01
-7.016625000000000512e+01
-5.754375000000000284e+01
-6.682500000000000284e+01
-6.162749999999999773e+01
-5.717249999999999943e+01
-7.796250000000000568e+01
-7.981874999999999432e+01
-5.011874999999999858e+01
-6.274125000000000085e+01
-4.714874999999999972e+01
-6.348375000000000057e+01
-5.308874999999999744e+01
-7.276500000000000057e+01
-6.236999999999999744e+01
-7.016625000000000512e+01
-7.239374999999999716e+01
-9.169875000000000398e+01
-8.612999999999999545e+01
-6.905249999999999488e+01
-9.095624999999999716e+01
-8.093250000000000455e+01
-9.689624999999999488e+01
-7.870499999999999829e+01
-9.912375000000000114e+01
-8.278874999999999318e+01
-1.169437000000000069e+02
-1.243687999999999931e+02
-1.110037999999999982e+02
-9.689624999999999488e+01
-1.433025000000000091e+02
-1.072913000000000068e+02
-9.986624999999999375e+01
-1.381049999999999898e+02
-1.321649999999999920e+02
-1.150875000000000057e+02
-1.147162000000000006e+02
-1.295663000000000125e+02
-1.247399999999999949e+02
-1.288237000000000023e+02
-1.291949999999999932e+02
-1.195425000000000040e+02
-1.477574999999999932e+02
-1.213987999999999943e+02
-1.061774999999999949e+02
-1.325363000000000113e+02
-1.421887999999999863e+02
-1.351349999999999909e+02
-1.358774999999999977e+02
-1.187999999999999972e+02
-1.169437000000000069e+02
-1.562961999999999989e+02
-1.425600000000000023e+02
-1.358774999999999977e+02
-1.577812999999999874e+02
-1.477574999999999932e+02
-1.503562000000000012e+02
-1.681762999999999977e+02
-1.767150000000000034e+02
-1.317937000000000012e+02
-1.652062999999999988e+02
-1.681762999999999977e+02
-1.570388000000000090e+02
-1.733737000000000137e+02
-1.659487000000000023e+02
-1.510988000000000113e+02
-1.596374999999999886e+02
-1.704036999999999864e+02
-1.288237000000000023e+02
-1.418174999999999955e+02
-1.611225000000000023e+02
-1.481288000000000125e+02
-1.485000000000000000e+02
-1.618650000000000091e+02
-1.704036999999999864e+02
-1.566674999999999898e+02
-1.856250000000000000e+02
-1.663199999999999932e+02
-1.763437999999999874e+02
-1.770862999999999943e+02
-1.533262000000000000e+02
-1.833975000000000080e+02
-1.845112000000000023e+02
-1.614937999999999931e+02
-1.704036999999999864e+02
-2.067863000000000113e+02
-1.793137999999999863e+02
-1.897087999999999965e+02
-2.168100000000000023e+02
-1.941638000000000090e+02
-1.744875000000000114e+02
-1.960200000000000102e+02
-2.079000000000000057e+02
-2.145825000000000102e+02
-2.079000000000000057e+02
-1.863675000000000068e+02
-1.841399999999999864e+02
-2.156963000000000079e+02
-2.253488000000000113e+02
-2.027024999999999864e+02
-2.190374999999999943e+02
-2.316599999999999966e+02
-2.134687999999999874e+02
-2.320312999999999874e+02
-2.353725000000000023e+02
-2.145825000000000102e+02
-1.975049999999999955e+02
-2.086425000000000125e+02
-2.275762000000000000e+02
-2.483662999999999954e+02
-2.324025000000000034e+02
-2.283188000000000102e+02
-2.457675000000000125e+02
-2.383425000000000011e+02
-2.342588000000000079e+02
-2.587613000000000056e+02
-2.505937999999999874e+02
-2.197800000000000011e+02
-2.364863000000000000e+02
-2.468813000000000102e+02
-2.275762000000000000e+02
-2.550488000000000000e+02
-2.420550000000000068e+02
-2.409413000000000125e+02
-2.531924999999999955e+02
-2.145825000000000102e+02
-2.264625000000000057e+02
-2.602461999999999875e+02
-2.528213000000000079e+02
-2.305461999999999989e+02
-2.613600000000000136e+02
-2.502224999999999966e+02
-2.550488000000000000e+02
-2.401987000000000023e+02
-2.609886999999999944e+02
-2.817787000000000148e+02
-2.791800000000000068e+02
-2.457675000000000125e+02
-2.687850000000000250e+02
-2.840063000000000102e+02
-2.955149999999999864e+02
-2.572762000000000171e+02
-2.669286999999999921e+02
-2.747250000000000227e+02
-2.535637999999999863e+02
-2.517075000000000102e+02
-2.505937999999999874e+02
-2.732400000000000091e+02
-2.624737999999999829e+02
-2.450250000000000057e+02
-2.583899999999999864e+02
-2.762099999999999795e+02
-2.587613000000000056e+02
-2.728686999999999898e+02
-2.888324999999999818e+02
-2.828924999999999841e+02
-2.747250000000000227e+02
-2.851200000000000045e+02
-2.713838000000000079e+02
-2.710124999999999886e+02
-2.814075000000000273e+02
-3.025688000000000102e+02
-2.817787000000000148e+02
-2.869762999999999806e+02
-2.880899999999999750e+02
-2.765812000000000239e+02
-2.970000000000000000e+02
-3.029399999999999977e+02
-2.962574999999999932e+02
-2.970000000000000000e+02
-3.181612999999999829e+02
-2.910600000000000023e+02
-3.099936999999999898e+02
-2.925450000000000159e+02
-3.066524999999999750e+02
-3.166761999999999944e+02
-3.244725000000000250e+02
-3.125924999999999727e+02
-3.229875000000000114e+02
-3.445199999999999818e+02
-3.196462000000000216e+02
-3.296700000000000159e+02
-3.330113000000000056e+02
-3.266999999999999886e+02
-3.515738000000000056e+02
-3.300412999999999784e+02
-3.137062000000000239e+02
-3.307837999999999852e+02
-3.437774999999999750e+02
-3.226161999999999921e+02
-3.233587999999999738e+02
-3.363525000000000205e+02
-3.326399999999999864e+02
-3.344961999999999875e+02
-3.482325000000000159e+02
-3.474900000000000091e+02
-3.530586999999999875e+02
-3.627112000000000194e+02
-3.211313000000000102e+02
-3.066524999999999750e+02
-3.066524999999999750e+02
-3.374662000000000148e+02
-3.367237999999999829e+02
-3.033111999999999853e+02
-3.088799999999999955e+02
-3.252149999999999750e+02
-3.296700000000000159e+02
-3.137062000000000239e+02
-3.404361999999999853e+02
-3.474900000000000091e+02
-3.307837999999999852e+02
-3.252149999999999750e+02
-3.363525000000000205e+02
-3.382087000000000216e+02
-3.181612999999999829e+02
-3.508312999999999988e+02
-3.055387999999999806e+02
-2.869762999999999806e+02
-2.832638000000000034e+02
-3.055387999999999806e+02
-3.159336999999999875e+02
-3.174187999999999761e+02
-3.103650000000000091e+02
-3.315262000000000171e+02
-3.226161999999999921e+02
-3.263288000000000011e+02
-3.408075000000000045e+02
-3.140774999999999864e+02
-2.914311999999999898e+02
-2.992275000000000205e+02
-3.081374999999999886e+02
-2.914311999999999898e+02
-2.970000000000000000e+02
-3.159336999999999875e+02
-3.077663000000000011e+02
-3.092513000000000147e+02
-3.215024999999999977e+02
-3.118500000000000227e+02
-3.181612999999999829e+02
-3.359812999999999761e+02
-3.244725000000000250e+02
-3.226161999999999921e+02
-3.400649999999999977e+02
-3.222450000000000045e+02
-3.300412999999999784e+02
-3.322687999999999988e+02
-3.148199999999999932e+02
-3.085088000000000079e+02
-3.344961999999999875e+02
-3.196462000000000216e+02
-3.356100000000000136e+02
-3.133349999999999795e+02
-3.111075000000000159e+02
-3.489750000000000227e+02
-3.460049999999999955e+02
-3.144488000000000056e+02
-3.252149999999999750e+02
-3.656811999999999898e+02
-3.396938000000000102e+02
-3.200174999999999841e+02
-3.575138000000000034e+02
-3.441487000000000194e+02
-3.300412999999999784e+02
-3.374662000000000148e+02
-3.192749999999999773e+02
-3.059100000000000250e+02
-3.396938000000000102e+02
-3.318974999999999795e+02
-2.806650000000000205e+02
-2.591324999999999932e+02
-3.096225000000000023e+02
-2.903174999999999955e+02
-2.769524999999999864e+02
-2.613600000000000136e+02
-2.791800000000000068e+02
-2.799225000000000136e+02
-2.698987000000000194e+02
-2.461387000000000000e+02
-2.687850000000000250e+02
-3.055387999999999806e+02
-2.762099999999999795e+02
-2.569049999999999727e+02
-2.639587000000000216e+02
-2.988562999999999761e+02
-2.947724999999999795e+02
-2.587613000000000056e+02
-2.621025000000000205e+02
-3.196462000000000216e+02
-2.992275000000000205e+02
-2.676712999999999738e+02
-2.624737999999999829e+02
-3.007124999999999773e+02
-3.047962999999999738e+02
-2.944012000000000171e+02
-3.055387999999999806e+02
-3.137062000000000239e+02
-2.873475000000000250e+02
-2.650724999999999909e+02
-2.880899999999999750e+02
-3.036825000000000045e+02
-3.215024999999999977e+02
-2.862337999999999738e+02
-2.877187999999999874e+02
-2.951437000000000239e+02
-2.892038000000000011e+02
-2.914311999999999898e+02
-3.111075000000000159e+02
-3.070237000000000194e+02
-3.029399999999999977e+02
-2.806650000000000205e+02
-2.717549999999999955e+02
-2.810362999999999829e+02
-3.114787999999999784e+02
-2.936587999999999852e+02
-2.906888000000000147e+02
-2.832638000000000034e+02
-2.873475000000000250e+02
-2.947724999999999795e+02
-2.880899999999999750e+02
-2.981136999999999944e+02
-3.159336999999999875e+02
-3.129637000000000171e+02
-2.773238000000000056e+02
-2.877187999999999874e+02
-2.929162999999999784e+02
-2.836349999999999909e+02
-3.140774999999999864e+02
-2.776949999999999932e+02
-2.851200000000000045e+02
-3.088799999999999955e+02
-2.301750000000000114e+02
-2.101274999999999977e+02
-2.164387999999999863e+02
-2.320312999999999874e+02
-1.978762999999999863e+02
-1.997324999999999875e+02
-1.945349999999999966e+02
-2.275762000000000000e+02
-1.978762999999999863e+02
-2.231211999999999875e+02
-2.190374999999999943e+02
-2.071574999999999989e+02
-2.223788000000000125e+02
-2.086425000000000125e+02
-2.004749999999999943e+02
-2.130974999999999966e+02
-2.123549999999999898e+02
-2.079000000000000057e+02
-2.060437000000000012e+02
-2.075286999999999864e+02
-2.112412999999999954e+02
-2.123549999999999898e+02
-1.978762999999999863e+02
-2.023312999999999988e+02
-2.257199999999999989e+02
-2.153249999999999886e+02
-2.179238000000000000e+02
-2.201511999999999887e+02
-2.168100000000000023e+02
-2.234925000000000068e+02
-2.268337999999999965e+02
-2.279474999999999909e+02
-2.275762000000000000e+02
-2.149538000000000011e+02
-2.090137000000000000e+02
-2.171812999999999931e+02
-2.249774999999999920e+02
-2.019600000000000080e+02
