4.269505000000000194e+01
3.823991999999999791e+01
4.269505000000000194e+01
3.192847000000000079e+01
8.539011000000000351e+00
3.675486999999999682e+01
7.425226999999999578e+00
-5.197499999999999787e+00
2.004811000000000121e+01
7.053965999999999958e+00
-3.229874999999999829e+01
-7.053749999999999964e+00
-2.673000000000000043e+01
-1.485000000000000098e+00
7.053965999999999958e+00
-3.155624999999999858e+01
-3.860999999999999943e+01
-3.415500000000000114e+01
-3.823875000000000313e+01
-5.420250000000000057e+01
-4.343625000000000114e+01
-6.236999999999999744e+01
-4.306499999999999773e+01
-7.350749999999999318e+01
-5.865749999999999886e+01
-6.274125000000000085e+01
-6.905249999999999488e+01
-8.761499999999999488e+01
-7.610625000000000284e+01
-9.169875000000000398e+01
-1.046924999999999955e+02
-1.195425000000000040e+02
-1.032074999999999960e+02
-1.184287000000000063e+02
-1.280812999999999988e+02
-9.504000000000000625e+01
-1.054350000000000023e+02
-1.180575000000000045e+02
-1.154586999999999932e+02
-1.548112000000000137e+02
-1.503562000000000012e+02
-1.444162000000000035e+02
-1.644636999999999887e+02
-1.381049999999999898e+02
-1.388474999999999966e+02
-1.369912999999999954e+02
-1.726313000000000102e+02
-1.781999999999999886e+02
-1.774575000000000102e+02
-1.756013000000000090e+02
-1.848824999999999932e+02
-1.923075000000000045e+02
-1.819124999999999943e+02
-1.588950000000000102e+02
-1.807988000000000000e+02
-1.915649999999999977e+02
-1.678050000000000068e+02
-1.674336999999999875e+02
-1.915649999999999977e+02
-1.971338000000000079e+02
-1.837687999999999988e+02
-1.826550000000000011e+02
-2.153249999999999886e+02
-2.015886999999999887e+02
-2.082712999999999965e+02
-1.900800000000000125e+02
-1.952775000000000034e+02
-1.889661999999999864e+02
-1.960200000000000102e+02
-1.674336999999999875e+02
-1.934211999999999989e+02
-2.145825000000000102e+02
-1.848824999999999932e+02
-2.190374999999999943e+02
-2.298037999999999954e+02
-2.416836999999999875e+02
-2.283188000000000102e+02
-2.019600000000000080e+02
-2.227500000000000000e+02
-2.324025000000000034e+02
-2.283188000000000102e+02
-2.090137000000000000e+02
-2.446536999999999864e+02
-2.253488000000000113e+02
-2.194088000000000136e+02
-2.372288000000000068e+02
-2.513362999999999943e+02
-2.342588000000000079e+02
-2.197800000000000011e+02
-2.453962999999999965e+02
-2.479950000000000045e+02
-2.632162000000000148e+02
-2.765812000000000239e+02
-2.617312999999999761e+02
-2.806650000000000205e+02
-2.791800000000000068e+02
-2.918025000000000091e+02
-3.051675000000000182e+02
-3.044250000000000114e+02
-2.873475000000000250e+02
-2.999700000000000273e+02
-3.025688000000000102e+02
-3.073949999999999818e+02
-3.177900000000000205e+02
-3.036825000000000045e+02
-3.285561999999999898e+02
-3.337538000000000125e+02
-2.936587999999999852e+02
-3.185325000000000273e+02
-3.311549999999999727e+02
-2.840063000000000102e+02
-2.984850000000000136e+02
-2.847486999999999853e+02
-3.226161999999999921e+02
-3.021974999999999909e+02
-2.903174999999999955e+02
-3.066524999999999750e+02
-2.869762999999999806e+02
-2.988562999999999761e+02
-3.322687999999999988e+02
-3.118500000000000227e+02
-3.073949999999999818e+02
-3.281850000000000023e+02
-3.270713000000000079e+02
-3.504599999999999795e+02
-3.270713000000000079e+02
-3.274424999999999955e+02
-3.415500000000000114e+02
-3.400649999999999977e+02
-3.408075000000000045e+02
-3.411786999999999921e+02
-3.337538000000000125e+02
-3.567712000000000216e+02
-3.764474999999999909e+02
-3.760763000000000034e+02
-3.771899999999999977e+02
-3.783036999999999921e+02
-3.901836999999999875e+02
-3.931537000000000148e+02
-4.054049999999999727e+02
-3.942674999999999841e+02
-3.976087999999999738e+02
-4.176562999999999874e+02
-4.154286999999999921e+02
-4.224825000000000159e+02
-4.518111999999999853e+02
-4.291650000000000205e+02
-3.909261999999999944e+02
-4.276800000000000068e+02
-4.391888000000000147e+02
-4.273086999999999875e+02
-4.276800000000000068e+02
-4.284225000000000136e+02
-4.421587999999999852e+02
-4.328774999999999977e+02
-4.421587999999999852e+02
-4.525536999999999921e+02
-3.964950000000000045e+02
-4.054049999999999727e+02
-4.128299999999999841e+02
-4.269375000000000000e+02
-4.380749999999999886e+02
-4.261949999999999932e+02
-4.209975000000000023e+02
-4.365899999999999750e+02
-4.206263000000000147e+02
-4.091175000000000068e+02
-4.388174999999999955e+02
-4.399311999999999898e+02
-4.224825000000000159e+02
-4.343625000000000114e+02
-4.321349999999999909e+02
-4.488412000000000148e+02
-4.295362999999999829e+02
-4.362187999999999874e+02
-4.447574999999999932e+02
-4.473562999999999761e+02
-4.369612000000000194e+02
-4.284225000000000136e+02
-4.269375000000000000e+02
-4.514399999999999977e+02
-4.373324999999999818e+02
-4.232250000000000227e+02
-4.269375000000000000e+02
-4.417875000000000227e+02
-4.377038000000000011e+02
-4.247099999999999795e+02
-3.920400000000000205e+02
-3.872137000000000171e+02
-3.905550000000000068e+02
-3.623399999999999750e+02
-3.812737000000000194e+02
-3.938962000000000216e+02
-3.942674999999999841e+02
-3.968661999999999921e+02
-3.994649999999999750e+02
-4.354762999999999806e+02
-4.154286999999999921e+02
-3.990937999999999874e+02
-4.247099999999999795e+02
-4.106025000000000205e+02
-4.061474999999999795e+02
-4.269375000000000000e+02
-4.232250000000000227e+02
-3.931537000000000148e+02
-4.031775000000000091e+02
-4.187699999999999818e+02
-4.295362999999999829e+02
-4.254524999999999864e+02
-4.302787000000000148e+02
-4.198838000000000079e+02
-4.124587000000000216e+02
-3.757049999999999841e+02
-3.549150000000000205e+02
-3.367237999999999829e+02
-3.615975000000000250e+02
-3.255862000000000194e+02
-3.326399999999999864e+02
-3.322687999999999988e+02
-3.489750000000000227e+02
-3.222450000000000045e+02
-3.619687999999999874e+02
-3.370950000000000273e+02
-3.411786999999999921e+02
-3.408075000000000045e+02
-3.589986999999999853e+02
-3.589986999999999853e+02
-3.474900000000000091e+02
-3.563999999999999773e+02
-3.641963000000000079e+02
-3.734775000000000205e+02
-3.560287000000000148e+02
-3.552862999999999829e+02
-3.801600000000000250e+02
-3.664238000000000284e+02
-3.396938000000000102e+02
-3.693937999999999988e+02
-3.753337000000000216e+02
-3.270713000000000079e+02
-3.278138000000000147e+02
-3.530586999999999875e+02
-3.263288000000000011e+02
-3.207599999999999909e+02
-3.248437999999999874e+02
-3.430350000000000250e+02
-3.292988000000000284e+02
-3.456338000000000079e+02
-3.348675000000000068e+02
-3.411786999999999921e+02
-3.393224999999999909e+02
-3.367237999999999829e+02
-3.344961999999999875e+02
-3.296700000000000159e+02
-3.326399999999999864e+02
-3.396938000000000102e+02
-3.612262999999999806e+02
-3.326399999999999864e+02
-3.448913000000000011e+02
-3.586274999999999977e+02
-3.578849999999999909e+02
-3.508312999999999988e+02
-3.497174999999999727e+02
-3.552862999999999829e+02
-3.359812999999999761e+02
-3.315262000000000171e+02
-3.170475000000000136e+02
-3.259574999999999818e+02
-3.460049999999999955e+02
-3.489750000000000227e+02
-3.356100000000000136e+02
-3.382087000000000216e+02
-3.545437999999999761e+02
-3.538011999999999944e+02
-3.426637999999999806e+02
-3.389513000000000034e+02
-3.352386999999999944e+02
-3.571424999999999841e+02
-3.478613000000000284e+02
-3.504599999999999795e+02
-3.842436999999999898e+02
-3.764474999999999909e+02
-3.411786999999999921e+02
-3.567712000000000216e+02
-3.727350000000000136e+02
-3.682799999999999727e+02
-3.701363000000000056e+02
-3.656811999999999898e+02
-3.764474999999999909e+02
-3.664238000000000284e+02
-3.924112999999999829e+02
-3.853575000000000159e+02
-4.065187999999999988e+02
-3.920400000000000205e+02
-3.868424999999999727e+02
-3.779325000000000045e+02
-3.927825000000000273e+02
-3.942674999999999841e+02
-3.838725000000000023e+02
-3.872137000000000171e+02
-3.794175000000000182e+02
-3.790462999999999738e+02
-3.601125000000000114e+02
-3.586274999999999977e+02
-3.875849999999999795e+02
-3.831299999999999955e+02
-3.861000000000000227e+02
-3.942674999999999841e+02
-3.924112999999999829e+02
-3.805312999999999874e+02
-3.864712999999999852e+02
-3.905550000000000068e+02
-3.912975000000000136e+02
-4.046625000000000227e+02
-3.864712999999999852e+02
-4.046625000000000227e+02
-3.931537000000000148e+02
-4.016924999999999955e+02
-3.968661999999999921e+02
-4.143149999999999977e+02
-3.972375000000000114e+02
-4.031775000000000091e+02
-4.076324999999999932e+02
-4.042912999999999784e+02
-4.113450000000000273e+02
-4.313924999999999841e+02
-4.191413000000000011e+02
-4.354762999999999806e+02
-4.254524999999999864e+02
-4.206263000000000147e+02
-4.287937999999999761e+02
-4.395600000000000023e+02
-4.250812999999999988e+02
-4.358475000000000250e+02
-4.417875000000000227e+02
-4.365899999999999750e+02
-4.202549999999999955e+02
-3.909261999999999944e+02
-3.864712999999999852e+02
-3.716211999999999875e+02
-3.708788000000000125e+02
-3.838725000000000023e+02
-3.645674999999999955e+02
-3.809024999999999750e+02
-3.608550000000000182e+02
-3.549150000000000205e+02
-3.768188000000000102e+02
-3.697649999999999864e+02
-3.716211999999999875e+02
-3.816449999999999818e+02
-3.638249999999999886e+02
-3.560287000000000148e+02
-3.697649999999999864e+02
-3.812737000000000194e+02
-3.760763000000000034e+02
-3.857287999999999784e+02
-3.842436999999999898e+02
-3.727350000000000136e+02
-3.612262999999999806e+02
-3.801600000000000250e+02
-3.749624999999999773e+02
-3.864712999999999852e+02
-3.912975000000000136e+02
-3.653100000000000023e+02
-3.630824999999999818e+02
-3.738487999999999829e+02
-3.771899999999999977e+02
-3.920400000000000205e+02
-3.749624999999999773e+02
-3.894413000000000125e+02
-3.861000000000000227e+02
-3.667950000000000159e+02
-3.846150000000000091e+02
-3.998362000000000194e+02
-3.615975000000000250e+02
-3.823874999999999886e+02
-4.024350000000000023e+02
-3.846150000000000091e+02
-3.783036999999999921e+02
-3.853575000000000159e+02
-3.864712999999999852e+02
-3.842436999999999898e+02
-3.835013000000000147e+02
-3.883274999999999864e+02
-3.842436999999999898e+02
-3.905550000000000068e+02
-3.976087999999999738e+02
-3.835013000000000147e+02
-3.857287999999999784e+02
-4.046625000000000227e+02
-3.775611999999999853e+02
-3.920400000000000205e+02
-3.957524999999999977e+02
-3.719925000000000068e+02
-3.961236999999999853e+02
-3.946388000000000034e+02
-3.909261999999999944e+02
-3.983512999999999806e+02
-3.864712999999999852e+02
-3.742200000000000273e+02
-3.809024999999999750e+02
-3.912975000000000136e+02
-3.794175000000000182e+02
-3.812737000000000194e+02
-3.838725000000000023e+02
-3.805312999999999874e+02
-3.783036999999999921e+02
-4.024350000000000023e+02
-3.771899999999999977e+02
-3.890699999999999932e+02
-3.912975000000000136e+02
-3.738487999999999829e+02
-3.608550000000000182e+02
