-1.150875000000000057e+02
-1.065488000000000000e+02
-1.284524999999999864e+02
-1.251113000000000000e+02
-1.477574999999999932e+02
-1.447874999999999943e+02
-1.566674999999999898e+02
-1.655774999999999864e+02
-1.395900000000000034e+02
-1.614937999999999931e+02
-1.700324999999999989e+02
-1.548112000000000137e+02
-1.644636999999999887e+02
-1.949062999999999874e+02
-1.429311999999999898e+02
-1.481288000000000125e+02
-1.640925000000000011e+02
-1.481288000000000125e+02
-1.663199999999999932e+02
-1.748586999999999989e+02
-1.863675000000000068e+02
-1.633499999999999943e+02
-1.856250000000000000e+02
-2.160674999999999955e+02
-1.830261999999999887e+02
-2.008463000000000136e+02
-2.082712999999999965e+02
-2.090137000000000000e+02
-2.283188000000000102e+02
-2.268337999999999965e+02
-2.290612000000000137e+02
-2.242350000000000136e+02
-2.513362999999999943e+02
-2.387136999999999887e+02
-2.394562999999999988e+02
-2.461387000000000000e+02
-2.272050000000000125e+02
-2.591324999999999932e+02
-2.710124999999999886e+02
-2.517075000000000102e+02
-2.546775000000000091e+02
-2.602461999999999875e+02
-2.368574999999999875e+02
-2.491086999999999989e+02
-2.654438000000000102e+02
-2.531924999999999955e+02
-2.453962999999999965e+02
-2.847486999999999853e+02
-2.739825000000000159e+02
-2.647013000000000034e+02
-2.906888000000000147e+02
-2.758387000000000171e+02
-3.070237000000000194e+02
-2.970000000000000000e+02
-2.984850000000000136e+02
-3.125924999999999727e+02
-3.021974999999999909e+02
-3.467475000000000023e+02
-3.348675000000000068e+02
-3.330113000000000056e+02
-3.337538000000000125e+02
-3.367237999999999829e+02
-3.426637999999999806e+02
-3.500887000000000171e+02
-3.571424999999999841e+02
-3.478613000000000284e+02
-3.374662000000000148e+02
-3.374662000000000148e+02
-3.556575000000000273e+02
-3.471186999999999898e+02
-3.508312999999999988e+02
-3.805312999999999874e+02
-3.608550000000000182e+02
-3.534300000000000068e+02
-3.664238000000000284e+02
-3.749624999999999773e+02
-3.645674999999999955e+02
-3.612262999999999806e+02
-3.575138000000000034e+02
-3.656811999999999898e+02
-3.731062999999999761e+02
-3.838725000000000023e+02
-4.076324999999999932e+02
-3.886988000000000056e+02
-4.035488000000000284e+02
-4.054049999999999727e+02
-4.169137999999999806e+02
-4.024350000000000023e+02
-4.042912999999999784e+02
-4.128299999999999841e+02
-4.094886999999999944e+02
-4.206263000000000147e+02
-4.443863000000000056e+02
-4.094886999999999944e+02
-4.265663000000000125e+02
-4.380749999999999886e+02
-4.343625000000000114e+02
-4.362187999999999874e+02
-4.510688000000000102e+02
-4.625774999999999864e+02
-4.436437999999999988e+02
-4.815113000000000056e+02
-4.785412999999999784e+02
-4.740862000000000194e+02
-4.737149999999999750e+02
-4.655475000000000136e+02
-4.302787000000000148e+02
-4.581225000000000023e+02
-4.588650000000000091e+02
-4.480987999999999829e+02
-4.655475000000000136e+02
-4.636913000000000125e+02
-4.506974999999999909e+02
-4.269375000000000000e+02
-4.057762000000000171e+02
-4.351050000000000182e+02
-4.462425000000000068e+02
-4.406738000000000284e+02
-4.351050000000000182e+02
-4.518111999999999853e+02
-4.247099999999999795e+02
-3.701363000000000056e+02
-4.154286999999999921e+02
-4.028061999999999898e+02
-3.738487999999999829e+02
-4.050337999999999852e+02
-3.998362000000000194e+02
-3.879562999999999988e+02
-4.161712999999999738e+02
-4.325063000000000102e+02
-3.961236999999999853e+02
-4.169137999999999806e+02
-4.206263000000000147e+02
-4.132013000000000034e+02
-3.994649999999999750e+02
-4.276800000000000068e+02
-4.313924999999999841e+02
-4.280511999999999944e+02
-4.377038000000000011e+02
-4.169137999999999806e+02
-4.306499999999999773e+02
-4.466138000000000261e+02
-4.132013000000000034e+02
-4.269375000000000000e+02
-4.332486999999999853e+02
-4.254524999999999864e+02
-4.339911999999999921e+02
-4.317638000000000034e+02
-4.243387000000000171e+02
-4.243387000000000171e+02
-4.313924999999999841e+02
-4.495837000000000216e+02
-4.473562999999999761e+02
-4.577513000000000147e+02
-4.258238000000000056e+02
-4.544100000000000250e+02
-4.677749999999999773e+02
-4.744574999999999818e+02
-4.555237000000000194e+02
-4.566374999999999886e+02
-4.703736999999999853e+02
-4.410450000000000159e+02
-4.562663000000000011e+02
-4.495837000000000216e+02
-4.425299999999999727e+02
-4.417875000000000227e+02
-4.421587999999999852e+02
-4.503263000000000034e+02
-4.666612999999999829e+02
-4.462425000000000068e+02
-4.540387999999999806e+02
-4.558949999999999818e+02
-4.492124999999999773e+02
-4.514399999999999977e+02
-4.644336999999999875e+02
-4.711161999999999921e+02
-4.763138000000000147e+02
-4.659187999999999761e+02
-4.748288000000000011e+02
-4.937624999999999886e+02
-4.818824999999999932e+02
-4.737149999999999750e+02
-4.993312999999999988e+02
-4.922774999999999750e+02
-4.759424999999999955e+02
-5.015586999999999875e+02
-4.893075000000000045e+02
-4.536675000000000182e+02
-4.789125000000000227e+02
-4.666612999999999829e+02
-4.700024999999999977e+02
-4.662900000000000205e+02
-4.807687999999999988e+02
-5.067563000000000102e+02
-4.852237999999999829e+02
-4.480987999999999829e+02
-4.547812999999999874e+02
-4.633199999999999932e+02
-4.581225000000000023e+02
-4.492124999999999773e+02
-4.417875000000000227e+02
-4.529250000000000114e+02
-4.707450000000000045e+02
-4.388174999999999955e+02
-4.722300000000000182e+02
-4.722300000000000182e+02
-4.414162999999999784e+02
-4.410450000000000159e+02
-4.514399999999999977e+02
-4.558949999999999818e+02
-4.514399999999999977e+02
-4.432724999999999795e+02
-4.358475000000000250e+02
-4.733437999999999874e+02
-4.740862000000000194e+02
-4.726012999999999806e+02
-5.048999999999999773e+02
-4.692599999999999909e+02
-4.651763000000000261e+02
-4.815113000000000056e+02
-4.692599999999999909e+02
-4.855950000000000273e+02
-4.915350000000000250e+02
-4.800262000000000171e+02
-4.744574999999999818e+02
-4.911637999999999806e+02
-4.848525000000000205e+02
-4.714875000000000114e+02
-4.755713000000000079e+02
-5.052712000000000216e+02
-4.848525000000000205e+02
-4.629488000000000056e+02
-4.971037999999999784e+02
-4.822538000000000125e+02
-4.841100000000000136e+02
-4.997024999999999864e+02
-4.674037000000000148e+02
-4.766850000000000023e+02
-4.744574999999999818e+02
-4.503263000000000034e+02
-4.677749999999999773e+02
-4.503263000000000034e+02
-4.365899999999999750e+02
-4.570088000000000079e+02
-4.455000000000000000e+02
-4.395600000000000023e+02
-4.480987999999999829e+02
-4.566374999999999886e+02
-4.562663000000000011e+02
-4.581225000000000023e+02
-4.495837000000000216e+02
-4.466138000000000261e+02
-4.685174999999999841e+02
-4.789125000000000227e+02
-4.700024999999999977e+02
-4.729725000000000250e+02
-4.766850000000000023e+02
-4.692599999999999909e+02
-4.852237999999999829e+02
-4.570088000000000079e+02
-4.751999999999999886e+02
-4.844812999999999761e+02
-4.959900000000000091e+02
-4.700024999999999977e+02
-4.751999999999999886e+02
-4.870799999999999841e+02
-4.863374999999999773e+02
-4.751999999999999886e+02
-4.937624999999999886e+02
-4.781700000000000159e+02
-4.614637000000000171e+02
-4.781700000000000159e+02
-4.666612999999999829e+02
-4.867087000000000216e+02
-4.841100000000000136e+02
-4.755713000000000079e+02
-4.800262000000000171e+02
-4.867087000000000216e+02
-4.870799999999999841e+02
-4.930199999999999818e+02
-4.967325000000000159e+02
-4.952475000000000023e+02
-4.989599999999999795e+02
-4.770561999999999898e+02
-4.529250000000000114e+02
-4.599787999999999784e+02
-4.599787999999999784e+02
-4.581225000000000023e+02
-4.763138000000000147e+02
-4.755713000000000079e+02
-4.596075000000000159e+02
-4.677749999999999773e+02
-4.629488000000000056e+02
-4.644336999999999875e+02
-4.770561999999999898e+02
-4.700024999999999977e+02
-4.870799999999999841e+02
-4.685174999999999841e+02
-4.755713000000000079e+02
-4.926487000000000194e+02
-4.948763000000000147e+02
-4.948763000000000147e+02
-4.859662000000000148e+02
-4.922774999999999750e+02
-4.781700000000000159e+02
-4.952475000000000023e+02
-4.859662000000000148e+02
-5.197500000000000000e+02
-4.859662000000000148e+02
-4.187699999999999818e+02
-4.403025000000000091e+02
-4.332486999999999853e+02
-4.117162000000000148e+02
-4.039200000000000159e+02
-4.117162000000000148e+02
-4.076324999999999932e+02
-4.224825000000000159e+02
-4.158000000000000114e+02
-4.150575000000000045e+02
-4.165425000000000182e+02
-4.191413000000000011e+02
-4.206263000000000147e+02
-4.072613000000000056e+02
-4.091175000000000068e+02
-4.106025000000000205e+02
-4.180274999999999750e+02
-4.161712999999999738e+02
-4.132013000000000034e+02
-4.261949999999999932e+02
-4.377038000000000011e+02
-4.117162000000000148e+02
-4.176562999999999874e+02
-4.313924999999999841e+02
-4.132013000000000034e+02
-4.291650000000000205e+02
-4.213686999999999898e+02
-4.232250000000000227e+02
-4.362187999999999874e+02
-4.057762000000000171e+02
-4.135724999999999909e+02
-4.317638000000000034e+02
-4.235962999999999852e+02
-4.020638000000000147e+02
-4.206263000000000147e+02
-4.206263000000000147e+02
-4.154286999999999921e+02
-4.176562999999999874e+02
-4.191413000000000011e+02
-4.243387000000000171e+02
-4.291650000000000205e+02
-4.265663000000000125e+02
-4.024350000000000023e+02
-4.254524999999999864e+02
-4.328774999999999977e+02
-4.206263000000000147e+02
-4.313924999999999841e+02
-4.302787000000000148e+02
-4.068899999999999864e+02
-4.299075000000000273e+02
-4.132013000000000034e+02
-4.209975000000000023e+02
-4.247099999999999795e+02
-4.310212000000000216e+02
-4.005788000000000011e+02
-4.235962999999999852e+02
-4.332486999999999853e+02
-4.221113000000000284e+02
-4.221113000000000284e+02
-4.261949999999999932e+02
-4.143149999999999977e+02
-4.024350000000000023e+02
-4.273086999999999875e+02
-4.258238000000000056e+02
-4.016924999999999955e+02
-4.161712999999999738e+02
-4.299075000000000273e+02
-4.221113000000000284e+02
-4.280511999999999944e+02
-4.321349999999999909e+02
-4.343625000000000114e+02
-4.080038000000000125e+02
-4.165425000000000182e+02
-4.265663000000000125e+02
-4.313924999999999841e+02
-4.143149999999999977e+02
-4.269375000000000000e+02
-4.176562999999999874e+02
-4.143149999999999977e+02
-4.150575000000000045e+02
-4.228537999999999784e+02
-4.284225000000000136e+02
-4.020638000000000147e+02
-4.295362999999999829e+02
-4.347337999999999738e+02
-4.235962999999999852e+02
-4.265663000000000125e+02
-4.347337999999999738e+02
-4.132013000000000034e+02
-4.325063000000000102e+02
-4.302787000000000148e+02
-4.206263000000000147e+02
-4.169137999999999806e+02
-4.180274999999999750e+02
-4.295362999999999829e+02
-4.306499999999999773e+02
-4.065187999999999988e+02
-4.221113000000000284e+02
-4.280511999999999944e+02
-4.102312999999999761e+02
-4.065187999999999988e+02
-4.269375000000000000e+02
-4.135724999999999909e+02
