-1.874812000000000012e+02
-1.967624999999999886e+02
-2.231211999999999875e+02
-2.197800000000000011e+02
-2.038163000000000125e+02
-2.461387000000000000e+02
-2.379713000000000136e+02
-2.439113000000000113e+02
-2.628450000000000273e+02
-2.791800000000000068e+02
-2.465099999999999909e+02
-2.650724999999999909e+02
-2.702699999999999818e+02
-2.572762000000000171e+02
-2.684137999999999806e+02
-3.007124999999999773e+02
-2.877187999999999874e+02
-3.007124999999999773e+02
-3.033111999999999853e+02
-2.999700000000000273e+02
-3.055387999999999806e+02
-3.170475000000000136e+02
-3.044250000000000114e+02
-3.203888000000000034e+02
-3.593700000000000045e+02
-3.292988000000000284e+02
-3.322687999999999988e+02
-3.653100000000000023e+02
-3.623399999999999750e+02
-3.292988000000000284e+02
-3.571424999999999841e+02
-3.563999999999999773e+02
-3.541725000000000136e+02
-3.742200000000000273e+02
-3.482325000000000159e+02
-3.504599999999999795e+02
-4.042912999999999784e+02
-4.046625000000000227e+02
-3.846150000000000091e+02
-4.013213000000000079e+02
-3.916687999999999761e+02
-4.057762000000000171e+02
-4.042912999999999784e+02
-4.109737999999999829e+02
-4.013213000000000079e+02
-4.046625000000000227e+02
-4.269375000000000000e+02
-4.098600000000000136e+02
-4.009499999999999886e+02
-4.228537999999999784e+02
-4.117162000000000148e+02
-4.102312999999999761e+02
-4.269375000000000000e+02
-4.172850000000000250e+02
-4.506974999999999909e+02
-4.373324999999999818e+02
-4.336200000000000045e+02
-4.291650000000000205e+02
-4.648050000000000068e+02
-4.581225000000000023e+02
-4.258238000000000056e+02
-4.566374999999999886e+02
-4.447574999999999932e+02
-4.358475000000000250e+02
-4.692599999999999909e+02
-4.499549999999999841e+02
-4.599787999999999784e+02
-4.718587999999999738e+02
-4.614637000000000171e+02
-4.703736999999999853e+02
-4.811399999999999864e+02
-4.789125000000000227e+02
-4.726012999999999806e+02
-4.915350000000000250e+02
-4.807687999999999988e+02
-4.648050000000000068e+02
-4.922774999999999750e+02
-4.874513000000000034e+02
-5.052712000000000216e+02
-5.186362000000000307e+02
-5.008163000000000125e+02
-5.160375000000000227e+02
-5.134388000000000147e+02
-5.234624999999999773e+02
-5.093550000000000182e+02
-4.829961999999999875e+02
-4.967325000000000159e+02
-5.041575000000000273e+02
-4.681462000000000216e+02
-4.881938000000000102e+02
-4.781700000000000159e+02
-5.067563000000000102e+02
-4.744574999999999818e+02
-5.015586999999999875e+02
-5.023013000000000261e+02
-4.971037999999999784e+02
-5.023013000000000261e+02
-5.178936999999999671e+02
-5.067563000000000102e+02
-5.060138000000000034e+02
-5.271749999999999545e+02
-5.271749999999999545e+02
-5.334863000000000284e+02
-5.479650000000000318e+02
-5.238337000000000216e+02
-5.357137000000000171e+02
-5.672699999999999818e+02
-5.297736999999999625e+02
-5.461087999999999738e+02
-5.617011999999999716e+02
-5.483361999999999625e+02
-5.594737999999999829e+02
-5.639288000000000238e+02
-5.746950000000000500e+02
-5.672699999999999818e+02
-5.698687999999999647e+02
-5.453663000000000238e+02
-5.097262999999999806e+02
-5.219774999999999636e+02
-5.115824999999999818e+02
-5.490787000000000262e+02
-5.308875000000000455e+02
-5.320013000000000147e+02
-5.216063000000000329e+02
-5.331150000000000091e+02
-5.487074999999999818e+02
-5.594737999999999829e+02
-5.672699999999999818e+02
-5.668986999999999625e+02
-5.531625000000000227e+02
-5.765512999999999693e+02
-5.628150000000000546e+02
-5.219774999999999636e+02
-5.308875000000000455e+02
-5.212350000000000136e+02
-5.271749999999999545e+02
-5.405399999999999636e+02
-5.227200000000000273e+02
-5.041575000000000273e+02
-4.859662000000000148e+02
-4.837388000000000261e+02
-4.733437999999999874e+02
-4.685174999999999841e+02
-4.770561999999999898e+02
-4.818824999999999932e+02
-4.599787999999999784e+02
-4.855950000000000273e+02
-4.774275000000000091e+02
-4.956186999999999898e+02
-4.956186999999999898e+02
-4.744574999999999818e+02
-4.989599999999999795e+02
-4.744574999999999818e+02
-4.959900000000000091e+02
-4.896786999999999921e+02
-4.889361999999999853e+02
-4.915350000000000250e+02
-4.711161999999999921e+02
-5.023013000000000261e+02
-4.829961999999999875e+02
-4.748288000000000011e+02
-5.071274999999999977e+02
-4.855950000000000273e+02
-4.796549999999999727e+02
-4.826250000000000000e+02
-4.974750000000000227e+02
-4.740862000000000194e+02
-4.881938000000000102e+02
-4.740862000000000194e+02
-4.774275000000000091e+02
-4.844812999999999761e+02
-4.707450000000000045e+02
-4.896786999999999921e+02
-4.881938000000000102e+02
-4.826250000000000000e+02
-4.815113000000000056e+02
-4.837388000000000261e+02
-4.573799999999999955e+02
-4.926487000000000194e+02
-4.718587999999999738e+02
-4.933913000000000011e+02
-4.937624999999999886e+02
-4.870799999999999841e+02
-4.848525000000000205e+02
-4.848525000000000205e+02
-4.911637999999999806e+02
-4.703736999999999853e+02
-4.562663000000000011e+02
-4.677749999999999773e+02
-4.792837999999999852e+02
-4.911637999999999806e+02
-4.904212999999999738e+02
-5.030437999999999761e+02
-5.004449999999999932e+02
-4.722300000000000182e+02
-4.867087000000000216e+02
-4.900500000000000114e+02
-4.867087000000000216e+02
-5.019300000000000068e+02
-4.967325000000000159e+02
-4.926487000000000194e+02
-5.134388000000000147e+02
-5.037862999999999829e+02
-4.785412999999999784e+02
-4.952475000000000023e+02
-5.052712000000000216e+02
-5.045287000000000148e+02
-4.870799999999999841e+02
-4.959900000000000091e+02
-5.108399999999999750e+02
-4.852237999999999829e+02
-4.926487000000000194e+02
-5.030437999999999761e+02
-5.030437999999999761e+02
-5.071274999999999977e+02
-5.078700000000000045e+02
-4.674037000000000148e+02
-3.968661999999999921e+02
-4.183987000000000194e+02
-4.057762000000000171e+02
-4.072613000000000056e+02
-4.143149999999999977e+02
-4.154286999999999921e+02
-4.120874999999999773e+02
-4.339911999999999921e+02
-4.221113000000000284e+02
-4.154286999999999921e+02
-4.261949999999999932e+02
-4.169137999999999806e+02
-4.028061999999999898e+02
-4.280511999999999944e+02
-4.158000000000000114e+02
-4.143149999999999977e+02
-4.161712999999999738e+02
-4.161712999999999738e+02
-4.287937999999999761e+02
-4.239674999999999727e+02
-4.336200000000000045e+02
-4.306499999999999773e+02
-4.351050000000000182e+02
-4.477275000000000205e+02
-4.250812999999999988e+02
-4.191413000000000011e+02
-4.187699999999999818e+02
-4.325063000000000102e+02
-4.135724999999999909e+02
-4.254524999999999864e+02
-4.421587999999999852e+02
-4.139438000000000102e+02
-4.172850000000000250e+02
-4.050337999999999852e+02
-4.499549999999999841e+02
-4.321349999999999909e+02
-4.332486999999999853e+02
-4.377038000000000011e+02
-4.525536999999999921e+02
-4.462425000000000068e+02
-4.328774999999999977e+02
-4.480987999999999829e+02
-4.299075000000000273e+02
-4.302787000000000148e+02
-4.254524999999999864e+02
-4.054049999999999727e+02
-3.994649999999999750e+02
-4.035488000000000284e+02
-4.083750000000000000e+02
-4.065187999999999988e+02
-4.328774999999999977e+02
-4.094886999999999944e+02
-3.972375000000000114e+02
-4.020638000000000147e+02
-4.061474999999999795e+02
-3.976087999999999738e+02
-4.068899999999999864e+02
-4.109737999999999829e+02
-4.139438000000000102e+02
-4.191413000000000011e+02
-4.098600000000000136e+02
-4.042912999999999784e+02
-4.165425000000000182e+02
-4.098600000000000136e+02
-3.998362000000000194e+02
-4.258238000000000056e+02
-4.080038000000000125e+02
-4.124587000000000216e+02
-4.050337999999999852e+02
-4.113450000000000273e+02
-4.273086999999999875e+02
-4.172850000000000250e+02
-4.172850000000000250e+02
-4.183987000000000194e+02
-4.217400000000000091e+02
-4.258238000000000056e+02
-4.154286999999999921e+02
-4.098600000000000136e+02
-4.202549999999999955e+02
-4.106025000000000205e+02
-4.202549999999999955e+02
-4.039200000000000159e+02
-3.990937999999999874e+02
-4.265663000000000125e+02
-4.161712999999999738e+02
-4.239674999999999727e+02
-4.235962999999999852e+02
-4.083750000000000000e+02
-4.202549999999999955e+02
-4.336200000000000045e+02
-4.217400000000000091e+02
-4.287937999999999761e+02
-4.302787000000000148e+02
-4.232250000000000227e+02
-4.302787000000000148e+02
-4.321349999999999909e+02
-4.273086999999999875e+02
-4.232250000000000227e+02
-4.180274999999999750e+02
-4.198838000000000079e+02
-4.113450000000000273e+02
-4.154286999999999921e+02
-4.258238000000000056e+02
-4.083750000000000000e+02
-4.117162000000000148e+02
-4.235962999999999852e+02
-4.291650000000000205e+02
-4.328774999999999977e+02
-4.265663000000000125e+02
-4.258238000000000056e+02
-4.287937999999999761e+02
-4.228537999999999784e+02
-4.198838000000000079e+02
-4.462425000000000068e+02
-4.406738000000000284e+02
-4.343625000000000114e+02
-4.421587999999999852e+02
-4.369612000000000194e+02
-4.228537999999999784e+02
-4.421587999999999852e+02
-4.399311999999999898e+02
-4.165425000000000182e+02
-4.287937999999999761e+02
-4.443863000000000056e+02
-4.313924999999999841e+02
-4.202549999999999955e+02
-4.261949999999999932e+02
-4.306499999999999773e+02
-4.410450000000000159e+02
-4.514399999999999977e+02
-4.462425000000000068e+02
-4.388174999999999955e+02
-4.458711999999999875e+02
-4.235962999999999852e+02
-4.455000000000000000e+02
-4.484700000000000273e+02
-4.235962999999999852e+02
-4.191413000000000011e+02
-4.380749999999999886e+02
-4.466138000000000261e+02
-4.336200000000000045e+02
-4.339911999999999921e+02
-4.414162999999999784e+02
-4.443863000000000056e+02
-4.321349999999999909e+02
-4.603500000000000227e+02
-4.432724999999999795e+02
-4.629488000000000056e+02
-4.462425000000000068e+02
-4.447574999999999932e+02
-4.306499999999999773e+02
-4.403025000000000091e+02
-4.365899999999999750e+02
-4.399311999999999898e+02
-4.525536999999999921e+02
-4.273086999999999875e+02
-4.373324999999999818e+02
-4.432724999999999795e+02
-4.414162999999999784e+02
-4.599787999999999784e+02
-4.417875000000000227e+02
-4.403025000000000091e+02
-4.499549999999999841e+02
-4.406738000000000284e+02
-4.317638000000000034e+02
-4.299075000000000273e+02
-4.503263000000000034e+02
-4.480987999999999829e+02
-4.429012000000000171e+02
-4.592363000000000284e+02
-4.573799999999999955e+02
-4.317638000000000034e+02
-4.354762999999999806e+02
-4.514399999999999977e+02
-4.488412000000000148e+02
-4.313924999999999841e+02
-4.570088000000000079e+02
-4.536675000000000182e+02
-4.455000000000000000e+02
-4.317638000000000034e+02
-4.540387999999999806e+02
-4.317638000000000034e+02
-4.547812999999999874e+02
-4.384463000000000079e+02
-4.313924999999999841e+02
-4.558949999999999818e+02
-4.703736999999999853e+02
-4.499549999999999841e+02
-4.429012000000000171e+02
-4.506974999999999909e+02
-4.618349999999999795e+02
-4.455000000000000000e+02
-4.466138000000000261e+02
-4.429012000000000171e+02
-4.391888000000000147e+02
