-1.963913000000000011e+02
-1.807988000000000000e+02
-1.811699999999999875e+02
-2.015886999999999887e+02
-2.242350000000000136e+02
-2.138400000000000034e+02
-2.149538000000000011e+02
-2.257199999999999989e+02
-2.316599999999999966e+02
-2.309174999999999898e+02
-2.090137000000000000e+02
-2.524499999999999886e+02
-2.476237000000000137e+02
-2.387136999999999887e+02
-2.257199999999999989e+02
-2.613600000000000136e+02
-2.498513000000000090e+02
-2.409413000000000125e+02
-2.717549999999999955e+02
-2.650724999999999909e+02
-2.327737999999999943e+02
-2.817787000000000148e+02
-2.721263000000000147e+02
-2.721263000000000147e+02
-2.728686999999999898e+02
-2.632162000000000148e+02
-2.762099999999999795e+02
-2.880899999999999750e+02
-2.918025000000000091e+02
-2.635874999999999773e+02
-3.367237999999999829e+02
-2.780663000000000125e+02
-2.780663000000000125e+02
-3.311549999999999727e+02
-3.073949999999999818e+02
-3.081374999999999886e+02
-3.207599999999999909e+02
-3.307837999999999852e+02
-3.452624999999999886e+02
-3.244725000000000250e+02
-3.296700000000000159e+02
-3.534300000000000068e+02
-3.608550000000000182e+02
-3.430350000000000250e+02
-3.586274999999999977e+02
-3.612262999999999806e+02
-3.589986999999999853e+02
-3.812737000000000194e+02
-3.589986999999999853e+02
-3.927825000000000273e+02
-3.775611999999999853e+02
-3.716211999999999875e+02
-3.853575000000000159e+02
-3.641963000000000079e+02
-3.957524999999999977e+02
-4.083750000000000000e+02
-4.013213000000000079e+02
-3.916687999999999761e+02
-3.998362000000000194e+02
-3.935249999999999773e+02
-4.273086999999999875e+02
-4.365899999999999750e+02
-4.291650000000000205e+02
-3.794175000000000182e+02
-4.339911999999999921e+02
-4.417875000000000227e+02
-4.169137999999999806e+02
-4.228537999999999784e+02
-4.254524999999999864e+02
-4.555237000000000194e+02
-4.395600000000000023e+02
-4.176562999999999874e+02
-4.213686999999999898e+02
-4.310212000000000216e+02
-4.098600000000000136e+02
-4.354762999999999806e+02
-4.514399999999999977e+02
-4.525536999999999921e+02
-4.477275000000000205e+02
-4.521825000000000045e+02
-4.414162999999999784e+02
-4.384463000000000079e+02
-4.276800000000000068e+02
-4.436437999999999988e+02
-4.748288000000000011e+02
-4.495837000000000216e+02
-4.477275000000000205e+02
-4.596075000000000159e+02
-4.581225000000000023e+02
-4.592363000000000284e+02
-4.633199999999999932e+02
-4.785412999999999784e+02
-4.711161999999999921e+02
-4.714875000000000114e+02
-4.829961999999999875e+02
-5.008163000000000125e+02
-5.008163000000000125e+02
-4.826250000000000000e+02
-5.000738000000000056e+02
-4.982174999999999727e+02
-4.915350000000000250e+02
-5.052712000000000216e+02
-4.896786999999999921e+02
-5.149238000000000284e+02
-5.134388000000000147e+02
-5.219774999999999636e+02
-5.412825000000000273e+02
-5.412825000000000273e+02
-5.346000000000000227e+02
-5.583600000000000136e+02
-5.568750000000000000e+02
-5.591024999999999636e+02
-5.769225000000000136e+02
-5.654138000000000375e+02
-5.527912999999999784e+02
-5.665275000000000318e+02
-5.605874999999999773e+02
-5.743237000000000307e+02
-5.784075000000000273e+02
-5.724674999999999727e+02
-5.691263000000000147e+02
-5.709824999999999591e+02
-5.951137999999999693e+02
-5.802636999999999716e+02
-5.843474999999999682e+02
-5.583600000000000136e+02
-5.305162000000000262e+02
-5.576174999999999500e+02
-5.475937999999999874e+02
-5.383125000000000000e+02
-5.431386999999999716e+02
-5.594737999999999829e+02
-5.513062999999999647e+02
-5.672699999999999818e+02
-5.739524999999999864e+02
-5.598450000000000273e+02
-5.743237000000000307e+02
-5.587313000000000329e+02
-5.542762000000000171e+02
-5.925149999999999864e+02
-5.828624999999999545e+02
-5.947424999999999500e+02
-5.847187999999999874e+02
-5.839763000000000375e+02
-5.795212000000000216e+02
-6.025388000000000375e+02
-5.787786999999999580e+02
-5.806349999999999909e+02
-5.668986999999999625e+02
-5.724674999999999727e+02
-5.795212000000000216e+02
-5.869461999999999762e+02
-5.951137999999999693e+02
-5.780362999999999829e+02
-5.936287999999999556e+02
-5.765512999999999693e+02
-5.995687000000000353e+02
-5.888025000000000091e+02
-5.954850000000000136e+02
-5.772938000000000329e+02
-6.103350000000000364e+02
-6.121912999999999556e+02
-6.170175000000000409e+02
-6.118200000000000500e+02
-6.047662000000000262e+02
-5.836050000000000182e+02
-5.954850000000000136e+02
-5.940000000000000000e+02
-5.739524999999999864e+02
-5.531625000000000227e+02
-5.390549999999999500e+02
-5.394262999999999693e+02
-5.646712999999999738e+02
-5.379412999999999556e+02
-4.807687999999999988e+02
-5.238337000000000216e+02
-4.993312999999999988e+02
-4.904212999999999738e+02
-5.197500000000000000e+02
-5.282888000000000375e+02
-5.219774999999999636e+02
-5.264325000000000045e+02
-5.234624999999999773e+02
-5.282888000000000375e+02
-5.383125000000000000e+02
-5.423962000000000216e+02
-5.342287999999999784e+02
-5.294025000000000318e+02
-5.483361999999999625e+02
-5.409112999999999829e+02
-5.524199999999999591e+02
-5.420249999999999773e+02
-5.308875000000000455e+02
-5.449950000000000045e+02
-5.520488000000000284e+02
-5.464800000000000182e+02
-5.553899999999999864e+02
-5.483361999999999625e+02
-5.628150000000000546e+02
-5.397975000000000136e+02
-5.498211999999999762e+02
-5.338574999999999591e+02
-5.349713000000000420e+02
-5.461087999999999738e+02
-5.301449999999999818e+02
-5.579887999999999693e+02
-5.546475000000000364e+02
-5.487074999999999818e+02
-5.394262999999999693e+02
-5.691263000000000147e+02
-5.553899999999999864e+02
-5.531625000000000227e+02
-5.605874999999999773e+02
-5.490787000000000262e+02
-5.479650000000000318e+02
-5.754375000000000000e+02
-5.769225000000000136e+02
-5.472224999999999682e+02
-5.668986999999999625e+02
-5.639288000000000238e+02
-5.743237000000000307e+02
-5.535338000000000420e+02
-5.717250000000000227e+02
-5.598450000000000273e+02
-5.654138000000000375e+02
-5.687549999999999955e+02
-5.717250000000000227e+02
-5.772938000000000329e+02
-5.694974999999999454e+02
-5.620724999999999909e+02
-5.539049999999999727e+02
-5.487074999999999818e+02
-5.312586999999999762e+02
-5.520488000000000284e+02
-5.397975000000000136e+02
-5.542762000000000171e+02
-5.665275000000000318e+02
-5.631862999999999602e+02
-5.501924999999999955e+02
-5.483361999999999625e+02
-5.397975000000000136e+02
-5.475937999999999874e+02
-5.464800000000000182e+02
-5.394262999999999693e+02
-5.501924999999999955e+02
-5.505638000000000147e+02
-5.520488000000000284e+02
-5.591024999999999636e+02
-5.665275000000000318e+02
-5.568750000000000000e+02
-5.765512999999999693e+02
-5.728387000000000171e+02
-5.557612000000000307e+02
-5.628150000000000546e+02
-5.776649999999999636e+02
-5.698687999999999647e+02
-5.746950000000000500e+02
-5.791499999999999773e+02
-5.880599999999999454e+02
-5.836050000000000182e+02
-5.973411999999999580e+02
-5.914012000000000171e+02
-5.680125000000000455e+02
-5.880599999999999454e+02
-6.006825000000000045e+02
-5.828624999999999545e+02
-5.988261999999999716e+02
-6.140475000000000136e+02
-5.862037000000000262e+02
-5.839763000000000375e+02
-5.921436999999999671e+02
-5.772938000000000329e+02
-5.895449999999999591e+02
-6.010538000000000238e+02
-6.014249999999999545e+02
-5.965987999999999829e+02
-5.965987999999999829e+02
-5.769225000000000136e+02
-6.021675000000000182e+02
-6.144188000000000329e+02
-6.084787999999999784e+02
-5.977124999999999773e+02
-6.147899999999999636e+02
-6.088500000000000227e+02
-5.813775000000000546e+02
-5.836050000000000182e+02
-5.694974999999999454e+02
-5.895449999999999591e+02
-5.999400000000000546e+02
-5.605874999999999773e+02
-5.973411999999999580e+02
-6.107061999999999671e+02
-5.828624999999999545e+02
-5.810062000000000353e+02
-6.099637000000000171e+02
-6.021675000000000182e+02
-6.017962999999999738e+02
-6.095924999999999727e+02
-5.888025000000000091e+02
-6.237000000000000455e+02
-6.259275000000000091e+02
-6.077363000000000284e+02
-6.296399999999999864e+02
-6.303825000000000500e+02
-6.281549999999999727e+02
-6.248138000000000147e+02
-6.084787999999999784e+02
-5.824913000000000238e+02
-5.925149999999999864e+02
-6.084787999999999784e+02
-6.036525000000000318e+02
-5.880599999999999454e+02
-5.995687000000000353e+02
-5.873174999999999955e+02
-6.058799999999999955e+02
-6.173886999999999716e+02
-5.980837000000000216e+02
-5.973411999999999580e+02
-6.129338000000000193e+02
-5.932575000000000500e+02
-5.850900000000000318e+02
-6.363224999999999909e+02
-6.155325000000000273e+02
-6.003112999999999602e+02
-6.248138000000000147e+02
-6.058799999999999955e+02
-6.062513000000000147e+02
-5.936287999999999556e+02
-6.121912999999999556e+02
-6.110774999999999864e+02
-6.151612999999999829e+02
-6.166462000000000216e+02
-6.051375000000000455e+02
-6.467174999999999727e+02
-6.292686999999999671e+02
-6.173886999999999716e+02
-6.069937999999999647e+02
-6.237000000000000455e+02
-6.259275000000000091e+02
-6.389212999999999738e+02
-6.433763000000000147e+02
-6.418912000000000262e+02
-6.463463000000000420e+02
-6.482024999999999864e+02
-6.463463000000000420e+02
-6.571124999999999545e+02
-6.589687999999999874e+02
-5.635575000000000045e+02
-5.383125000000000000e+02
-5.286599999999999682e+02
-5.420249999999999773e+02
-5.427675000000000409e+02
-5.308875000000000455e+02
-5.308875000000000455e+02
-5.475937999999999874e+02
-5.453663000000000238e+02
-5.505638000000000147e+02
-5.550186999999999671e+02
-5.509349999999999454e+02
-5.565037999999999556e+02
-5.639288000000000238e+02
-5.420249999999999773e+02
-5.357137000000000171e+02
-5.501924999999999955e+02
-5.394262999999999693e+02
-5.468513000000000375e+02
-5.661562999999999874e+02
-5.680125000000000455e+02
-5.412825000000000273e+02
-5.375700000000000500e+02
-5.572463000000000193e+02
-5.483361999999999625e+02
-5.475937999999999874e+02
-5.431386999999999716e+02
-5.565037999999999556e+02
-5.505638000000000147e+02
-5.657849999999999682e+02
-5.594737999999999829e+02
-5.661562999999999874e+02
-5.780362999999999829e+02
-5.453663000000000238e+02
-5.557612000000000307e+02
-5.657849999999999682e+02
-5.624437000000000353e+02
-5.542762000000000171e+02
-5.694974999999999454e+02
-5.728387000000000171e+02
-5.791499999999999773e+02
-5.565037999999999556e+02
-5.594737999999999829e+02
-5.527912999999999784e+02
-5.576174999999999500e+02
-5.594737999999999829e+02
-5.717250000000000227e+02
-5.468513000000000375e+02
-5.490787000000000262e+02
-5.464800000000000182e+02
-5.397975000000000136e+02
-5.368274999999999864e+02
-5.412825000000000273e+02
-5.457374999999999545e+02
-5.346000000000000227e+02
-5.446237999999999602e+02
-5.468513000000000375e+02
-5.149238000000000284e+02
-5.249474999999999909e+02
-5.639288000000000238e+02
-5.490787000000000262e+02
-5.509349999999999454e+02
-5.394262999999999693e+02
-5.397975000000000136e+02
-5.483361999999999625e+02
