-1.251483999999999924e+03
-1.291578999999999951e+03
-1.264105999999999995e+03
-1.300859999999999900e+03
-1.336500000000000000e+03
-1.317566000000000031e+03
-1.306429000000000087e+03
-1.357289999999999964e+03
-1.340954999999999927e+03
-1.353577999999999975e+03
-1.384762999999999920e+03
-1.359145999999999958e+03
-1.393672000000000025e+03
-1.394786000000000058e+03
-1.407409000000000106e+03
-1.409265000000000100e+03
-1.446760999999999967e+03
-1.456041999999999916e+03
-1.450845000000000027e+03
-1.481659000000000106e+03
-1.473490999999999985e+03
-1.443790999999999940e+03
-1.499849999999999909e+03
-1.447875000000000000e+03
-1.478317999999999984e+03
-1.495394999999999982e+03
-1.474233999999999924e+03
-1.480915999999999940e+03
-1.547740999999999985e+03
-1.504675999999999931e+03
-1.545513999999999896e+03
-1.588208000000000084e+03
-1.558508000000000038e+03
-1.568160000000000082e+03
-1.604913999999999987e+03
-1.603799999999999955e+03
-1.585980000000000018e+03
-1.636840999999999894e+03
-1.629415999999999940e+03
-1.622363000000000056e+03
-1.682505000000000109e+03
-1.704779999999999973e+03
-1.666540999999999940e+03
-1.709978000000000065e+03
-1.706635999999999967e+03
-1.677679000000000087e+03
-1.704779999999999973e+03
-1.713690000000000055e+03
-1.721857999999999947e+03
-1.723343000000000075e+03
-1.722971000000000004e+03
-1.708864000000000033e+03
-1.740048999999999978e+03
-1.738934999999999945e+03
-1.753041999999999916e+03
-1.750815000000000055e+03
-1.780885999999999967e+03
-1.764922000000000025e+03
-1.800191000000000031e+03
-1.809101000000000113e+03
-1.777545000000000073e+03
-1.820239000000000033e+03
-1.832118999999999915e+03
-1.792023999999999887e+03
-1.842513999999999896e+03
-1.861818999999999960e+03
-1.804645999999999958e+03
-1.846597999999999956e+03
-1.880381000000000085e+03
-1.825807000000000016e+03
-1.901541999999999916e+03
-1.923817999999999984e+03
-1.886320999999999913e+03
-1.935326000000000022e+03
-1.916020999999999958e+03
-1.941637999999999920e+03
-1.942750999999999976e+03
-1.919733999999999924e+03
-1.932728000000000065e+03
-1.984330999999999904e+03
-1.960570999999999913e+03
-1.969853000000000065e+03
-1.981732999999999947e+03
-2.009948000000000093e+03
-1.986558999999999969e+03
-2.014773999999999887e+03
-2.061179999999999836e+03
-2.013660000000000082e+03
-2.025539999999999964e+03
-2.075288000000000011e+03
-2.027395999999999958e+03
-2.042246000000000095e+03
-2.094963999999999942e+03
-2.065264000000000124e+03
-2.083454999999999927e+03
-2.096820000000000164e+03
-2.095335000000000036e+03
-2.115382999999999811e+03
-2.150280000000000200e+03
-2.100903999999999996e+03
-2.127634000000000015e+03
-2.154735000000000127e+03
-2.153621000000000095e+03
-2.155478000000000065e+03
-2.196686000000000149e+03
-2.181835999999999785e+03
-2.155478000000000065e+03
-2.186663000000000011e+03
-2.188146999999999935e+03
-2.188518999999999778e+03
-2.203369000000000142e+03
-2.215990999999999985e+03
-2.199655999999999949e+03
-2.220074999999999818e+03
-2.250518000000000029e+03
-2.257570999999999913e+03
-2.172184000000000196e+03
-2.213393000000000029e+03
-2.182949999999999818e+03
-2.171440999999999804e+03
-2.225643999999999778e+03
-2.207824000000000069e+03
-2.228985000000000127e+03
-2.229356000000000222e+03
-2.234554000000000087e+03
-2.244577999999999975e+03
-2.247918999999999869e+03
-2.229356000000000222e+03
-2.233068999999999960e+03
-2.240123000000000047e+03
-2.243835000000000036e+03
-2.240123000000000047e+03
-2.256829000000000178e+03
-2.256458000000000084e+03
-2.267594999999999800e+03
-2.259056000000000040e+03
-2.290612999999999829e+03
-2.264625000000000000e+03
-2.286900000000000091e+03
-2.328108999999999924e+03
-2.335534000000000106e+03
-2.301750000000000000e+03
-2.336275999999999840e+03
-2.340360000000000127e+03
-2.309545999999999822e+03
-2.317342999999999847e+03
-2.361150000000000091e+03
-2.349269999999999982e+03
-2.329965000000000146e+03
-2.341103000000000065e+03
-2.378599000000000160e+03
-2.361150000000000091e+03
-2.337760999999999967e+03
-2.378969999999999800e+03
-2.364119999999999891e+03
-2.358179999999999836e+03
-2.406070999999999913e+03
-2.366719000000000051e+03
-2.337760999999999967e+03
-2.370059999999999945e+03
-2.363376999999999953e+03
-2.378228000000000065e+03
-2.390478999999999814e+03
-2.395304999999999836e+03
-2.407927000000000135e+03
-2.416465999999999894e+03
-2.391963999999999942e+03
-2.413125000000000000e+03
-2.407927000000000135e+03
-2.400130999999999858e+03
-2.420550000000000182e+03
-2.448021999999999935e+03
-2.417579999999999927e+03
-2.440969000000000051e+03
-2.451364000000000033e+03
-2.415353000000000065e+03
-2.385652999999999793e+03
-2.427231999999999971e+03
-2.398646000000000186e+03
-2.402730000000000018e+03
-2.439112999999999829e+03
-2.368204000000000178e+03
-2.343329999999999927e+03
-2.363748999999999796e+03
-2.383795999999999822e+03
-2.332934999999999945e+03
-2.392335000000000036e+03
-2.394563000000000102e+03
-2.367090000000000146e+03
-2.362264000000000124e+03
-2.398646000000000186e+03
-2.388994000000000142e+03
-2.405329000000000178e+03
-2.386394999999999982e+03
-2.399760000000000218e+03
-2.421664000000000215e+03
-2.374514999999999873e+03
-2.405699999999999818e+03
-2.423891000000000076e+03
-2.422777999999999793e+03
-2.425748000000000047e+03
-2.446538000000000011e+03
-2.423519999999999982e+03
-2.440597000000000207e+03
-2.462130000000000109e+03
-2.468440999999999804e+03
-2.458789000000000215e+03
-2.487003999999999905e+03
-2.493315000000000055e+03
-2.444309999999999945e+03
-2.460273999999999887e+03
-2.418322999999999865e+03
-2.395304999999999836e+03
-2.350384000000000015e+03
-2.337018999999999778e+03
-2.315485999999999876e+03
-2.316971000000000004e+03
-2.306576000000000022e+03
-2.298038000000000011e+03
-2.296923999999999978e+03
-2.324396000000000186e+03
-2.306947999999999865e+03
-2.318085000000000036e+03
-2.335905000000000200e+03
-2.329594000000000051e+03
-2.328108999999999924e+03
-2.329965000000000146e+03
-2.331079000000000178e+03
-2.347414000000000215e+03
-2.346670999999999822e+03
-2.363748999999999796e+03
-2.373771999999999935e+03
-2.371916000000000167e+03
-2.354838999999999942e+03
-2.367833000000000084e+03
-2.374514999999999873e+03
-2.343701000000000022e+03
-2.373030000000000200e+03
-2.401987999999999829e+03
-2.388994000000000142e+03
-2.393077999999999975e+03
-2.396789999999999964e+03
-2.401244999999999891e+03
-2.397161000000000058e+03
-2.432429999999999836e+03
-2.401615999999999985e+03
-2.423891000000000076e+03
-2.407556000000000040e+03
-2.407927000000000135e+03
-2.399760000000000218e+03
-2.421664000000000215e+03
-2.427603999999999814e+03
-2.423891000000000076e+03
-2.439855000000000018e+03
-2.446538000000000011e+03
-2.451364000000000033e+03
-2.443938999999999851e+03
-2.455818999999999960e+03
-2.476980000000000018e+03
-2.488117000000000189e+03
-2.466213999999999942e+03
-2.487003999999999905e+03
-2.478835999999999785e+03
-2.420920999999999822e+03
-2.454333999999999833e+03
-2.476608999999999924e+03
-2.444309999999999945e+03
-2.450250000000000000e+03
-2.460273999999999887e+03
-2.403101000000000113e+03
-2.398646000000000186e+03
-2.404215000000000146e+03
-2.383795999999999822e+03
-2.396047999999999774e+03
-2.417208999999999833e+03
-2.407556000000000040e+03
-2.395304999999999836e+03
-2.423891000000000076e+03
-2.397903999999999996e+03
-2.401987999999999829e+03
-2.434286000000000058e+03
-2.442824999999999818e+03
-2.394190999999999804e+03
-2.395304999999999836e+03
-2.393449000000000069e+03
-2.366719000000000051e+03
-2.396789999999999964e+03
-2.371173999999999978e+03
-2.351869000000000142e+03
-2.402730000000000018e+03
-2.377114000000000033e+03
-2.380083999999999833e+03
-2.412753999999999905e+03
-2.386394999999999982e+03
-2.321797999999999774e+03
-2.334420000000000073e+03
-2.285786000000000058e+03
-2.256085999999999785e+03
-2.272050000000000182e+03
-2.257943000000000211e+03
-2.227871000000000095e+03
-2.253115999999999985e+03
-2.243092999999999847e+03
-2.248289999999999964e+03
-2.251260000000000218e+03
-2.264996000000000095e+03
-2.238266000000000076e+03
-2.266110000000000127e+03
-2.288385000000000218e+03
-2.276134000000000015e+03
-2.269079999999999927e+03
-2.297295000000000073e+03
-2.292097000000000207e+03
-2.288385000000000218e+03
-2.298409000000000106e+03
-2.286900000000000091e+03
-2.301378999999999905e+03
-2.300635999999999967e+03
-2.287643000000000029e+03
-2.316228999999999814e+03
-2.316228999999999814e+03
-2.295068000000000211e+03
-2.311030999999999949e+03
-2.308432999999999993e+03
-2.302864000000000033e+03
-2.315856999999999971e+03
-2.307318999999999960e+03
-2.305090999999999894e+03
-2.326994999999999891e+03
-2.326623999999999796e+03
-2.315114999999999782e+03
-2.312887000000000171e+03
-2.287271000000000186e+03
-2.276134000000000015e+03
-2.265367000000000189e+03
-2.294695999999999913e+03
-2.285786000000000058e+03
-2.272791999999999916e+03
-2.319570000000000164e+03
-2.287643000000000029e+03
-2.299150999999999840e+03
-2.346670999999999822e+03
-2.306576000000000022e+03
-2.296181000000000040e+03
-2.338503999999999905e+03
-2.337389999999999873e+03
-2.329594000000000051e+03
-2.332563999999999851e+03
-2.305461999999999989e+03
-2.307318999999999960e+03
-2.303235000000000127e+03
-2.316228999999999814e+03
-2.334048999999999978e+03
-2.325510000000000218e+03
-2.304349000000000160e+03
-2.275019999999999982e+03
-2.281702999999999975e+03
-2.244577999999999975e+03
-2.276134000000000015e+03
-2.287271000000000186e+03
-2.289869999999999891e+03
-2.269451000000000022e+03
-2.285414999999999964e+03
-2.287271000000000186e+03
-2.268336999999999989e+03
-2.309916999999999916e+03
-2.285786000000000058e+03
-2.298409000000000106e+03
-2.321797999999999774e+03
-2.295438999999999851e+03
-2.285414999999999964e+03
-2.266853000000000065e+03
-2.280960000000000036e+03
-2.263882999999999811e+03
-2.252373999999999796e+03
-2.214505999999999858e+03
-2.205596000000000004e+03
-2.225271999999999935e+03
-2.220445999999999913e+03
-2.211536000000000058e+03
-2.222673999999999978e+03
-2.236409999999999854e+03
-2.217847000000000207e+03
-2.228242000000000189e+03
-2.236409999999999854e+03
-2.226014999999999873e+03
-2.234182999999999993e+03
-2.247175999999999931e+03
-2.224530000000000200e+03
-2.239751000000000204e+03
-2.262396999999999935e+03
-2.241235999999999876e+03
-2.257199999999999818e+03
-2.260913000000000011e+03
-2.236780999999999949e+03
-2.248289999999999964e+03
-2.271307999999999993e+03
-2.245320000000000164e+03
-2.277619000000000142e+03
-2.288014000000000124e+03
-2.236039000000000215e+03
-2.259427000000000135e+03
-2.233068999999999960e+03
-2.225643999999999778e+03
-2.218960999999999785e+03
-2.253115999999999985e+03
-2.231954999999999927e+03
-2.242349999999999909e+03
-2.236780999999999949e+03
-2.233440000000000055e+03
-2.248289999999999964e+03
-2.244206000000000131e+03
