-2.684137999999999806e+02
-2.773238000000000056e+02
-2.535637999999999863e+02
-3.133349999999999795e+02
-2.880899999999999750e+02
-2.795511999999999944e+02
-3.148199999999999932e+02
-2.984850000000000136e+02
-2.669286999999999921e+02
-3.021974999999999909e+02
-3.538011999999999944e+02
-3.125924999999999727e+02
-3.148199999999999932e+02
-3.229875000000000114e+02
-3.252149999999999750e+02
-3.137062000000000239e+02
-3.411786999999999921e+02
-3.396938000000000102e+02
-3.166761999999999944e+02
-3.448913000000000011e+02
-3.408075000000000045e+02
-3.404361999999999853e+02
-3.823874999999999886e+02
-3.560287000000000148e+02
-3.567712000000000216e+02
-3.500887000000000171e+02
-3.693937999999999988e+02
-3.341250000000000000e+02
-3.593700000000000045e+02
-3.608550000000000182e+02
-3.445199999999999818e+02
-3.775611999999999853e+02
-3.645674999999999955e+02
-3.708788000000000125e+02
-3.901836999999999875e+02
-3.742200000000000273e+02
-3.742200000000000273e+02
-4.091175000000000068e+02
-3.812737000000000194e+02
-3.734775000000000205e+02
-3.853575000000000159e+02
-3.916687999999999761e+02
-3.972375000000000114e+02
-4.061474999999999795e+02
-4.269375000000000000e+02
-4.254524999999999864e+02
-4.276800000000000068e+02
-4.492124999999999773e+02
-4.243387000000000171e+02
-4.373324999999999818e+02
-4.247099999999999795e+02
-4.139438000000000102e+02
-4.232250000000000227e+02
-4.417875000000000227e+02
-4.213686999999999898e+02
-4.514399999999999977e+02
-4.558949999999999818e+02
-4.573799999999999955e+02
-4.792837999999999852e+02
-4.573799999999999955e+02
-4.651763000000000261e+02
-4.696313000000000102e+02
-4.484700000000000273e+02
-4.714875000000000114e+02
-4.666612999999999829e+02
-4.462425000000000068e+02
-4.492124999999999773e+02
-4.677749999999999773e+02
-4.729725000000000250e+02
-4.718587999999999738e+02
-4.718587999999999738e+02
-4.547812999999999874e+02
-4.544100000000000250e+02
-4.566374999999999886e+02
-4.681462000000000216e+02
-4.826250000000000000e+02
-4.603500000000000227e+02
-4.714875000000000114e+02
-4.696313000000000102e+02
-4.859662000000000148e+02
-5.023013000000000261e+02
-4.755713000000000079e+02
-4.974750000000000227e+02
-4.826250000000000000e+02
-4.781700000000000159e+02
-4.870799999999999841e+02
-4.959900000000000091e+02
-4.596075000000000159e+02
-4.406738000000000284e+02
-4.540387999999999806e+02
-4.239674999999999727e+02
-4.458711999999999875e+02
-4.436437999999999988e+02
-4.358475000000000250e+02
-4.417875000000000227e+02
-4.332486999999999853e+02
-4.057762000000000171e+02
-4.477275000000000205e+02
-4.514399999999999977e+02
-4.273086999999999875e+02
-4.091175000000000068e+02
-4.391888000000000147e+02
-4.406738000000000284e+02
-4.250812999999999988e+02
-4.232250000000000227e+02
-3.920400000000000205e+02
-4.206263000000000147e+02
-4.087461999999999875e+02
-4.028061999999999898e+02
-4.154286999999999921e+02
-4.232250000000000227e+02
-4.154286999999999921e+02
-3.946388000000000034e+02
-4.087461999999999875e+02
-3.998362000000000194e+02
-3.942674999999999841e+02
-4.154286999999999921e+02
-4.221113000000000284e+02
-4.299075000000000273e+02
-4.358475000000000250e+02
-4.521825000000000045e+02
-4.132013000000000034e+02
-4.369612000000000194e+02
-4.250812999999999988e+02
-4.321349999999999909e+02
-4.421587999999999852e+02
-4.243387000000000171e+02
-4.362187999999999874e+02
-4.499549999999999841e+02
-4.273086999999999875e+02
-4.440149999999999864e+02
-4.570088000000000079e+02
-4.295362999999999829e+02
-4.287937999999999761e+02
-4.480987999999999829e+02
-4.258238000000000056e+02
-4.488412000000000148e+02
-4.484700000000000273e+02
-4.425299999999999727e+02
-4.484700000000000273e+02
-4.510688000000000102e+02
-4.477275000000000205e+02
-4.388174999999999955e+02
-4.547812999999999874e+02
-4.518111999999999853e+02
-4.399311999999999898e+02
-4.629488000000000056e+02
-4.685174999999999841e+02
-4.659187999999999761e+02
-4.789125000000000227e+02
-4.343625000000000114e+02
-4.633199999999999932e+02
-4.677749999999999773e+02
-4.737149999999999750e+02
-4.844812999999999761e+02
-4.844812999999999761e+02
-4.551524999999999750e+02
-4.807687999999999988e+02
-4.484700000000000273e+02
-4.614637000000000171e+02
-4.599787999999999784e+02
-4.763138000000000147e+02
-4.726012999999999806e+02
-4.733437999999999874e+02
-4.744574999999999818e+02
-4.592363000000000284e+02
-4.477275000000000205e+02
-4.640625000000000000e+02
-4.644336999999999875e+02
-4.566374999999999886e+02
-4.811399999999999864e+02
-4.525536999999999921e+02
-4.592363000000000284e+02
-4.718587999999999738e+02
-4.562663000000000011e+02
-4.584936999999999898e+02
-4.666612999999999829e+02
-4.443863000000000056e+02
-4.521825000000000045e+02
-4.696313000000000102e+02
-4.688888000000000034e+02
-4.633199999999999932e+02
-4.562663000000000011e+02
-4.688888000000000034e+02
-4.796549999999999727e+02
-4.874513000000000034e+02
-4.651763000000000261e+02
-4.536675000000000182e+02
-4.844812999999999761e+02
-4.532962999999999738e+02
-4.514399999999999977e+02
-4.803974999999999795e+02
-4.726012999999999806e+02
-4.640625000000000000e+02
-4.941338000000000079e+02
-4.815113000000000056e+02
-4.499549999999999841e+02
-4.766850000000000023e+02
-4.826250000000000000e+02
-4.518111999999999853e+02
-4.566374999999999886e+02
-4.759424999999999955e+02
-4.688888000000000034e+02
-4.648050000000000068e+02
-4.870799999999999841e+02
-4.666612999999999829e+02
-4.640625000000000000e+02
-4.607212999999999852e+02
-4.518111999999999853e+02
-4.425299999999999727e+02
-4.506974999999999909e+02
-4.443863000000000056e+02
-4.610924999999999727e+02
-4.462425000000000068e+02
-4.351050000000000182e+02
-4.458711999999999875e+02
-4.503263000000000034e+02
-4.480987999999999829e+02
-4.584936999999999898e+02
-4.544100000000000250e+02
-4.644336999999999875e+02
-4.662900000000000205e+02
-4.395600000000000023e+02
-4.529250000000000114e+02
-4.718587999999999738e+02
-4.618349999999999795e+02
-4.659187999999999761e+02
-4.648050000000000068e+02
-4.751999999999999886e+02
-4.581225000000000023e+02
-4.477275000000000205e+02
-4.443863000000000056e+02
-4.310212000000000216e+02
-4.525536999999999921e+02
-4.480987999999999829e+02
-4.532962999999999738e+02
-4.674037000000000148e+02
-4.510688000000000102e+02
-4.547812999999999874e+02
-4.655475000000000136e+02
-4.755713000000000079e+02
-4.688888000000000034e+02
-4.815113000000000056e+02
-4.700024999999999977e+02
-4.855950000000000273e+02
-4.700024999999999977e+02
-4.681462000000000216e+02
-4.837388000000000261e+02
-4.930199999999999818e+02
-4.863374999999999773e+02
-4.885649999999999977e+02
-5.141812999999999647e+02
-5.067563000000000102e+02
-4.822538000000000125e+02
-5.067563000000000102e+02
-5.130674999999999955e+02
-5.234624999999999773e+02
-4.893075000000000045e+02
-5.342287999999999784e+02
-5.126961999999999762e+02
-5.034150000000000205e+02
-4.837388000000000261e+02
-4.410450000000000159e+02
-4.146861999999999853e+02
-4.187699999999999818e+02
-4.031775000000000091e+02
-4.098600000000000136e+02
-4.406738000000000284e+02
-4.009499999999999886e+02
-3.990937999999999874e+02
-4.406738000000000284e+02
-4.488412000000000148e+02
-4.213686999999999898e+02
-4.161712999999999738e+02
-4.380749999999999886e+02
-4.406738000000000284e+02
-4.514399999999999977e+02
-4.473562999999999761e+02
-4.332486999999999853e+02
-4.455000000000000000e+02
-4.391888000000000147e+02
-4.261949999999999932e+02
-4.443863000000000056e+02
-4.440149999999999864e+02
-4.414162999999999784e+02
-4.492124999999999773e+02
-4.532962999999999738e+02
-4.633199999999999932e+02
-4.521825000000000045e+02
-4.681462000000000216e+02
-4.722300000000000182e+02
-4.718587999999999738e+02
-4.722300000000000182e+02
-4.774275000000000091e+02
-4.737149999999999750e+02
-4.577513000000000147e+02
-4.878224999999999909e+02
-4.867087000000000216e+02
-4.592363000000000284e+02
-4.696313000000000102e+02
-4.900500000000000114e+02
-4.777988000000000284e+02
-4.759424999999999955e+02
-4.982174999999999727e+02
-5.078700000000000045e+02
-4.948763000000000147e+02
-5.141812999999999647e+02
-5.048999999999999773e+02
-4.896786999999999921e+02
-4.870799999999999841e+02
-4.317638000000000034e+02
-4.425299999999999727e+02
-4.618349999999999795e+02
-4.403025000000000091e+02
-4.380749999999999886e+02
-4.484700000000000273e+02
-4.343625000000000114e+02
-4.154286999999999921e+02
-4.458711999999999875e+02
-4.336200000000000045e+02
-4.332486999999999853e+02
-4.495837000000000216e+02
-4.622062999999999988e+02
-4.480987999999999829e+02
-4.581225000000000023e+02
-4.714875000000000114e+02
-4.581225000000000023e+02
-4.685174999999999841e+02
-4.703736999999999853e+02
-4.714875000000000114e+02
-4.681462000000000216e+02
-4.570088000000000079e+02
-4.655475000000000136e+02
-4.796549999999999727e+02
-4.718587999999999738e+02
-4.703736999999999853e+02
-4.644336999999999875e+02
-4.714875000000000114e+02
-4.711161999999999921e+02
-4.848525000000000205e+02
-4.926487000000000194e+02
-4.807687999999999988e+02
-4.915350000000000250e+02
-5.086125000000000114e+02
-4.829961999999999875e+02
-5.030437999999999761e+02
-4.982174999999999727e+02
-4.900500000000000114e+02
-5.056424999999999841e+02
-5.108399999999999750e+02
-5.011875000000000000e+02
-5.063849999999999909e+02
-5.126961999999999762e+02
-4.907925000000000182e+02
-4.974750000000000227e+02
-5.052712000000000216e+02
-5.041575000000000273e+02
-5.052712000000000216e+02
-5.045287000000000148e+02
-5.019300000000000068e+02
-5.145525000000000091e+02
-5.115824999999999818e+02
-5.156662999999999784e+02
-5.219774999999999636e+02
-5.201213000000000193e+02
-5.123250000000000455e+02
-5.227200000000000273e+02
-5.301449999999999818e+02
-5.260612999999999602e+02
-5.149238000000000284e+02
-5.045287000000000148e+02
-5.256900000000000546e+02
-5.338574999999999591e+02
-5.294025000000000318e+02
-5.160375000000000227e+02
-5.156662999999999784e+02
-5.397975000000000136e+02
-5.312586999999999762e+02
-5.230911999999999580e+02
-5.186362000000000307e+02
-5.216063000000000329e+02
-5.201213000000000193e+02
-5.260612999999999602e+02
-5.275462999999999738e+02
-5.308875000000000455e+02
-5.357137000000000171e+02
-5.290312999999999874e+02
-5.323724999999999454e+02
-5.431386999999999716e+02
-5.457374999999999545e+02
-5.479650000000000318e+02
-5.357137000000000171e+02
-5.249474999999999909e+02
-5.368274999999999864e+02
-5.334863000000000284e+02
-5.223487999999999829e+02
-5.501924999999999955e+02
-5.535338000000000420e+02
-5.409112999999999829e+02
-5.568750000000000000e+02
-5.464800000000000182e+02
-5.412825000000000273e+02
-5.505638000000000147e+02
-5.438812000000000353e+02
-5.327437999999999647e+02
-5.446237999999999602e+02
-5.475937999999999874e+02
-5.409112999999999829e+02
-5.553899999999999864e+02
-5.642999999999999545e+02
-5.587313000000000329e+02
-5.479650000000000318e+02
