-1.885950000000000045e+03
-1.864788999999999987e+03
-1.876297000000000025e+03
-1.888548999999999978e+03
-1.891146999999999935e+03
-1.907111000000000104e+03
-1.949805000000000064e+03
-1.913050999999999931e+03
-1.940894999999999982e+03
-1.952031999999999925e+03
-1.943865000000000009e+03
-2.014402000000000044e+03
-2.013660000000000082e+03
-2.004750000000000000e+03
-2.014402000000000044e+03
-2.041875000000000000e+03
-2.028138999999999896e+03
-2.034078999999999951e+03
-2.057467999999999847e+03
-2.063778999999999996e+03
-2.058581000000000131e+03
-2.091623000000000047e+03
-2.110184999999999945e+03
-2.102389000000000124e+03
-2.157704999999999927e+03
-2.143226000000000113e+03
-2.112784000000000106e+03
-2.158076000000000022e+03
-2.168099999999999909e+03
-2.153621000000000095e+03
-2.153250000000000000e+03
-2.161416999999999916e+03
-2.159190000000000055e+03
-2.209679999999999836e+03
-2.178123999999999796e+03
-2.182579000000000178e+03
-2.231211999999999989e+03
-2.198914000000000215e+03
-2.228242000000000189e+03
-2.269079999999999927e+03
-2.249032000000000153e+03
-2.252744999999999891e+03
-2.305833999999999833e+03
-2.297295000000000073e+03
-2.269822999999999865e+03
-2.337760999999999967e+03
-2.325139000000000124e+03
-2.305461999999999989e+03
-2.351869000000000142e+03
-2.365605000000000018e+03
-2.345186000000000149e+03
-2.374885999999999967e+03
-2.404215000000000146e+03
-2.392706000000000131e+03
-2.399389000000000124e+03
-2.444681000000000040e+03
-2.386394999999999982e+03
-2.419807999999999993e+03
-2.452106000000000222e+03
-2.425748000000000047e+03
-2.407927000000000135e+03
-2.426860999999999876e+03
-2.408670000000000073e+03
-2.425005000000000109e+03
-2.433914999999999964e+03
-2.419436000000000149e+03
-2.466956000000000131e+03
-2.465471000000000004e+03
-2.462873000000000047e+03
-2.494429000000000087e+03
-2.495914000000000215e+03
-2.503338999999999942e+03
-2.538235999999999876e+03
-2.561625000000000000e+03
-2.546032000000000153e+03
-2.524128999999999905e+03
-2.582043999999999869e+03
-2.528954999999999927e+03
-2.555313999999999851e+03
-2.553085999999999785e+03
-2.550115999999999985e+03
-2.516704000000000178e+03
-2.528954999999999927e+03
-2.522643999999999778e+03
-2.552715000000000146e+03
-2.554199999999999818e+03
-2.530068999999999960e+03
-2.540835000000000036e+03
-2.524871000000000095e+03
-2.547889000000000124e+03
-2.514105000000000018e+03
-2.554199999999999818e+03
-2.547889000000000124e+03
-2.521900999999999840e+03
-2.576103999999999814e+03
-2.576846000000000004e+03
-2.578331000000000131e+03
-2.603947999999999865e+03
-2.605804000000000087e+03
-2.618054999999999836e+03
-2.599492000000000189e+03
-2.565708999999999833e+03
-2.591324999999999818e+03
-2.603947999999999865e+03
-2.567565000000000055e+03
-2.584271000000000186e+03
-2.607659999999999854e+03
-2.587612999999999829e+03
-2.592438999999999851e+03
-2.625108999999999924e+03
-2.595780000000000200e+03
-2.592438999999999851e+03
-2.639588000000000193e+03
-2.627708000000000084e+03
-2.619539999999999964e+03
-2.648869000000000142e+03
-2.641443999999999960e+03
-2.652210000000000036e+03
-2.675228000000000065e+03
-2.680795999999999822e+03
-2.673371000000000095e+03
-2.701958000000000084e+03
-2.660376999999999953e+03
-2.688963999999999942e+03
-2.701585999999999785e+03
-2.682280999999999949e+03
-2.689706000000000131e+03
-2.726831000000000131e+03
-2.679311000000000149e+03
-2.688221000000000004e+03
-2.736112999999999829e+03
-2.714579999999999927e+03
-2.698615999999999985e+03
-2.722748000000000047e+03
-2.708639999999999873e+03
-2.687849999999999909e+03
-2.767297999999999774e+03
-2.732028999999999996e+03
-2.727574000000000069e+03
-2.778063999999999851e+03
-2.771751999999999953e+03
-2.758387000000000171e+03
-2.789201000000000022e+03
-2.782518999999999778e+03
-2.766925999999999931e+03
-2.804422999999999774e+03
-2.769525000000000091e+03
-2.747992000000000189e+03
-2.802195000000000164e+03
-2.806278999999999996e+03
-2.811847000000000207e+03
-2.837835000000000036e+03
-2.847487999999999829e+03
-2.823728000000000065e+03
-2.863079999999999927e+03
-2.844518000000000029e+03
-2.849715000000000146e+03
-2.843775000000000091e+03
-2.837463999999999942e+03
-2.828554000000000087e+03
-2.830780999999999949e+03
-2.831894999999999982e+03
-2.777693000000000211e+03
-2.798110999999999876e+03
-2.837835000000000036e+03
-2.798481999999999971e+03
-2.818900999999999840e+03
-2.819271999999999935e+03
-2.764327999999999975e+03
-2.779177000000000135e+03
-2.802938000000000102e+03
-2.763956000000000131e+03
-2.784375000000000000e+03
-2.795884000000000015e+03
-2.758387000000000171e+03
-2.763585000000000036e+03
-2.789943999999999960e+03
-2.751704999999999927e+03
-2.744280000000000200e+03
-2.734998999999999796e+03
-2.745764999999999873e+03
-2.763956000000000131e+03
-2.689335000000000036e+03
-2.682280999999999949e+03
-2.670400999999999840e+03
-2.683023999999999887e+03
-2.675599000000000160e+03
-2.693047999999999774e+03
-2.686735999999999876e+03
-2.664460999999999785e+03
-2.696760000000000218e+03
-2.694161000000000058e+03
-2.673000000000000000e+03
-2.693789999999999964e+03
-2.710867000000000189e+03
-2.695275000000000091e+03
-2.687106999999999971e+03
-2.709382999999999811e+03
-2.713465999999999894e+03
-2.694903999999999996e+03
-2.729800999999999931e+03
-2.718291999999999916e+03
-2.697130999999999858e+03
-2.745021999999999935e+03
-2.737969000000000051e+03
-2.731286000000000058e+03
-2.750219999999999800e+03
-2.724974999999999909e+03
-2.749106000000000222e+03
-2.797739999999999782e+03
-2.755789000000000215e+03
-2.769153999999999996e+03
-2.784375000000000000e+03
-2.750963000000000193e+03
-2.768411000000000058e+03
-2.789572999999999865e+03
-2.766925999999999931e+03
-2.781034000000000106e+03
-2.801824000000000069e+03
-2.781034000000000106e+03
-2.797739999999999782e+03
-2.818530000000000200e+03
-2.808505999999999858e+03
-2.817416000000000167e+03
-2.822614000000000033e+03
-2.853798999999999978e+03
-2.830409999999999854e+03
-2.855655000000000200e+03
-2.843403999999999996e+03
-2.837835000000000036e+03
-2.796998000000000047e+03
-2.772865999999999985e+03
-2.747250000000000000e+03
-2.790686000000000149e+03
-2.688592999999999847e+03
-2.671514999999999873e+03
-2.698615999999999985e+03
-2.704927000000000135e+03
-2.694903999999999996e+03
-2.673000000000000000e+03
-2.698615999999999985e+03
-2.669288000000000011e+03
-2.711239000000000033e+03
-2.705670000000000073e+03
-2.692675999999999931e+03
-2.719405999999999949e+03
-2.711981000000000222e+03
-2.696760000000000218e+03
-2.719405999999999949e+03
-2.697873999999999796e+03
-2.700844000000000051e+03
-2.711981000000000222e+03
-2.723489999999999782e+03
-2.726460000000000036e+03
-2.722748000000000047e+03
-2.753932999999999993e+03
-2.736483999999999924e+03
-2.735369999999999891e+03
-2.734255999999999858e+03
-2.736855000000000018e+03
-2.717920999999999822e+03
-2.712724000000000160e+03
-2.719405999999999949e+03
-2.736855000000000018e+03
-2.725717999999999847e+03
-2.703443000000000211e+03
-2.708268999999999778e+03
-2.734626999999999953e+03
-2.735740999999999985e+03
-2.731286000000000058e+03
-2.720148999999999887e+03
-2.727945000000000164e+03
-2.737597000000000207e+03
-2.726460000000000036e+03
-2.727574000000000069e+03
-2.722376000000000204e+03
-2.727945000000000164e+03
-2.742052000000000135e+03
-2.719405999999999949e+03
-2.736855000000000018e+03
-2.733514000000000124e+03
-2.736855000000000018e+03
-2.752076000000000022e+03
-2.720148999999999887e+03
-2.734626999999999953e+03
-2.740568000000000211e+03
-2.731657000000000153e+03
-2.744650999999999840e+03
-2.769153999999999996e+03
-2.756159999999999854e+03
-2.770268000000000029e+03
-2.782518999999999778e+03
-2.761728999999999814e+03
-2.760614999999999782e+03
-2.776208000000000084e+03
-2.765813000000000102e+03
-2.756530999999999949e+03
-2.800710000000000036e+03
-2.781405000000000200e+03
-2.769153999999999996e+03
-2.793655999999999949e+03
-2.784375000000000000e+03
-2.782518999999999778e+03
-2.789201000000000022e+03
-2.779177000000000135e+03
-2.799596000000000004e+03
-2.814074999999999818e+03
-2.804422999999999774e+03
-2.799224999999999909e+03
-2.799224999999999909e+03
-2.778063999999999851e+03
-2.778434999999999945e+03
-2.789201000000000022e+03
-2.784746000000000095e+03
-2.791429000000000087e+03
-2.788458999999999833e+03
-2.759873000000000047e+03
-2.745021999999999935e+03
-2.717920999999999822e+03
-2.696018000000000029e+03
-2.680054000000000087e+03
-2.720891000000000076e+03
-2.707896999999999935e+03
-2.695275000000000091e+03
-2.714579999999999927e+03
-2.714579999999999927e+03
-2.705670000000000073e+03
-2.710867000000000189e+03
-2.703443000000000211e+03
-2.711239000000000033e+03
-2.733514000000000124e+03
-2.706041000000000167e+03
-2.719034999999999854e+03
-2.717920999999999822e+03
-2.714579999999999927e+03
-2.733514000000000124e+03
-2.730172999999999774e+03
-2.730914999999999964e+03
-2.717920999999999822e+03
-2.723119000000000142e+03
-2.726088999999999942e+03
-2.730172999999999774e+03
-2.736112999999999829e+03
-2.750590999999999894e+03
-2.750963000000000193e+03
-2.750219999999999800e+03
-2.747992000000000189e+03
-2.735369999999999891e+03
-2.771751999999999953e+03
-2.765070000000000164e+03
-2.735740999999999985e+03
-2.744280000000000200e+03
-2.769525000000000091e+03
-2.754304000000000087e+03
-2.765440999999999804e+03
-2.771751999999999953e+03
-2.762471000000000004e+03
-2.769896000000000186e+03
-2.769525000000000091e+03
-2.790315000000000055e+03
-2.812960999999999785e+03
-2.795512000000000171e+03
-2.787344999999999800e+03
-2.779548999999999978e+03
-2.805536000000000058e+03
-2.791429000000000087e+03
-2.769896000000000186e+03
-2.784003999999999905e+03
-2.768782000000000153e+03
-2.766925999999999931e+03
-2.751333999999999833e+03
-2.752818999999999960e+03
-2.775835999999999785e+03
-2.775835999999999785e+03
-2.754304000000000087e+03
-2.783260999999999967e+03
-2.804793999999999869e+03
-2.768039999999999964e+03
-2.783260999999999967e+03
-2.784375000000000000e+03
-2.792914000000000215e+03
-2.798481999999999971e+03
-2.804793999999999869e+03
-2.787344999999999800e+03
-2.779920000000000073e+03
-2.805536000000000058e+03
-2.802938000000000102e+03
-2.796998000000000047e+03
-2.807393000000000029e+03
-2.814074999999999818e+03
-2.800338999999999942e+03
-2.812590000000000146e+03
-2.822242000000000189e+03
-2.818900999999999840e+03
-2.842661000000000058e+03
-2.820014999999999873e+03
-2.834494000000000142e+03
-2.828925000000000182e+03
-2.841547999999999774e+03
-2.828554000000000087e+03
-2.849715000000000146e+03
-2.831152999999999793e+03
-2.825583999999999833e+03
-2.846373999999999796e+03
-2.843403999999999996e+03
-2.830780999999999949e+03
-2.817045000000000073e+03
-2.855655000000000200e+03
-2.825583999999999833e+03
-2.855655000000000200e+03
-2.865679000000000087e+03
-2.853798999999999978e+03
