-2.732400000000000091e+02
-2.665575000000000045e+02
-2.932875000000000227e+02
-2.947724999999999795e+02
-2.936587999999999852e+02
-3.137062000000000239e+02
-3.526875000000000000e+02
-3.111075000000000159e+02
-3.040536999999999921e+02
-3.560287000000000148e+02
-3.311549999999999727e+02
-3.356100000000000136e+02
-3.541725000000000136e+02
-3.374662000000000148e+02
-3.786750000000000114e+02
-3.712500000000000000e+02
-3.318974999999999795e+02
-3.734775000000000205e+02
-3.875849999999999795e+02
-3.538011999999999944e+02
-3.701363000000000056e+02
-3.964950000000000045e+02
-3.894413000000000125e+02
-3.775611999999999853e+02
-3.816449999999999818e+02
-3.968661999999999921e+02
-4.035488000000000284e+02
-4.150575000000000045e+02
-3.916687999999999761e+02
-3.883274999999999864e+02
-3.935249999999999773e+02
-4.046625000000000227e+02
-3.916687999999999761e+02
-4.039200000000000159e+02
-4.154286999999999921e+02
-4.050337999999999852e+02
-4.113450000000000273e+02
-4.343625000000000114e+02
-4.265663000000000125e+02
-4.228537999999999784e+02
-4.276800000000000068e+02
-4.462425000000000068e+02
-4.380749999999999886e+02
-4.202549999999999955e+02
-4.488412000000000148e+02
-4.703736999999999853e+02
-4.495837000000000216e+02
-4.607212999999999852e+02
-4.655475000000000136e+02
-4.384463000000000079e+02
-4.700024999999999977e+02
-4.956186999999999898e+02
-4.555237000000000194e+02
-4.729725000000000250e+02
-4.770561999999999898e+02
-4.462425000000000068e+02
-4.737149999999999750e+02
-4.777988000000000284e+02
-4.919062999999999874e+02
-4.982174999999999727e+02
-4.822538000000000125e+02
-4.714875000000000114e+02
-4.971037999999999784e+02
-5.026725000000000136e+02
-4.893075000000000045e+02
-4.930199999999999818e+02
-5.219774999999999636e+02
-5.152949999999999591e+02
-5.323724999999999454e+02
-5.342287999999999784e+02
-5.004449999999999932e+02
-5.067563000000000102e+02
-5.256900000000000546e+02
-5.301449999999999818e+02
-5.245761999999999716e+02
-5.238337000000000216e+02
-5.130674999999999955e+02
-5.123250000000000455e+02
-5.479650000000000318e+02
-5.501924999999999955e+02
-5.457374999999999545e+02
-5.687549999999999955e+02
-5.520488000000000284e+02
-5.565037999999999556e+02
-5.446237999999999602e+02
-5.743237000000000307e+02
-5.401688000000000329e+02
-5.249474999999999909e+02
-5.141812999999999647e+02
-5.212350000000000136e+02
-5.375700000000000500e+02
-5.331150000000000091e+02
-5.312586999999999762e+02
-5.449950000000000045e+02
-5.572463000000000193e+02
-5.457374999999999545e+02
-5.475937999999999874e+02
-5.479650000000000318e+02
-5.565037999999999556e+02
-5.490787000000000262e+02
-5.197500000000000000e+02
-5.371987000000000307e+02
-5.405399999999999636e+02
-5.245761999999999716e+02
-5.253187000000000353e+02
-5.516775000000000091e+02
-5.457374999999999545e+02
-5.754375000000000000e+02
-5.449950000000000045e+02
-5.683836999999999762e+02
-5.635575000000000045e+02
-5.565037999999999556e+02
-5.824913000000000238e+02
-5.824913000000000238e+02
-5.828624999999999545e+02
-5.858324999999999818e+02
-5.836050000000000182e+02
-5.791499999999999773e+02
-5.973411999999999580e+02
-5.839763000000000375e+02
-5.754375000000000000e+02
-5.713537999999999784e+02
-5.854611999999999625e+02
-5.873174999999999955e+02
-5.839763000000000375e+02
-5.869461999999999762e+02
-5.758088000000000193e+02
-5.847187999999999874e+02
-5.620724999999999909e+02
-5.728387000000000171e+02
-5.479650000000000318e+02
-5.542762000000000171e+02
-5.772938000000000329e+02
-5.579887999999999693e+02
-5.646712999999999738e+02
-5.746950000000000500e+02
-5.702400000000000091e+02
-5.676412000000000262e+02
-5.798925000000000409e+02
-5.509349999999999454e+02
-5.568750000000000000e+02
-5.557612000000000307e+02
-5.371987000000000307e+02
-5.605874999999999773e+02
-5.635575000000000045e+02
-5.709824999999999591e+02
-5.776649999999999636e+02
-5.709824999999999591e+02
-5.802636999999999716e+02
-5.713537999999999784e+02
-5.687549999999999955e+02
-5.661562999999999874e+02
-5.509349999999999454e+02
-5.980837000000000216e+02
-5.980837000000000216e+02
-5.769225000000000136e+02
-5.995687000000000353e+02
-5.947424999999999500e+02
-5.902875000000000227e+02
-5.843474999999999682e+02
-6.051375000000000455e+02
-5.798925000000000409e+02
-6.099637000000000171e+02
-5.824913000000000238e+02
-6.010538000000000238e+02
-6.073650000000000091e+02
-6.296399999999999864e+02
-6.058799999999999955e+02
-6.121912999999999556e+02
-6.188737999999999602e+02
-5.973411999999999580e+02
-5.914012000000000171e+02
-5.683836999999999762e+02
-5.806349999999999909e+02
-5.728387000000000171e+02
-5.598450000000000273e+02
-5.609587000000000216e+02
-5.761799999999999500e+02
-5.865750000000000455e+02
-5.550186999999999671e+02
-5.746950000000000500e+02
-5.977124999999999773e+02
-5.828624999999999545e+02
-5.850900000000000318e+02
-5.895449999999999591e+02
-6.032812999999999874e+02
-5.969700000000000273e+02
-6.095924999999999727e+02
-6.066224999999999454e+02
-5.991974999999999909e+02
-5.914012000000000171e+02
-6.173886999999999716e+02
-5.914012000000000171e+02
-5.969700000000000273e+02
-5.928862000000000307e+02
-5.906588000000000420e+02
-6.088500000000000227e+02
-5.772938000000000329e+02
-5.973411999999999580e+02
-6.199874999999999545e+02
-6.136762999999999693e+02
-6.114487000000000307e+02
-5.876888000000000147e+02
-6.222150000000000318e+02
-6.199874999999999545e+02
-6.144188000000000329e+02
-6.043949999999999818e+02
-6.203587999999999738e+02
-6.229574999999999818e+02
-6.277838000000000420e+02
-6.207300000000000182e+02
-6.381788000000000238e+02
-6.237000000000000455e+02
-6.303825000000000500e+02
-6.188737999999999602e+02
-6.392925000000000182e+02
-6.489450000000000500e+02
-6.433763000000000147e+02
-6.255562999999999647e+02
-6.255562999999999647e+02
-6.348374999999999773e+02
-6.259275000000000091e+02
-6.311250000000000000e+02
-6.444900000000000091e+02
-6.084787999999999784e+02
-6.118200000000000500e+02
-6.233287000000000262e+02
-6.207300000000000182e+02
-6.114487000000000307e+02
-6.173886999999999716e+02
-6.133049999999999500e+02
-6.081074999999999591e+02
-6.170175000000000409e+02
-6.114487000000000307e+02
-5.869461999999999762e+02
-5.642999999999999545e+02
-5.461087999999999738e+02
-5.550186999999999671e+02
-5.565037999999999556e+02
-5.668986999999999625e+02
-5.576174999999999500e+02
-5.472224999999999682e+02
-5.557612000000000307e+02
-5.505638000000000147e+02
-5.798925000000000409e+02
-5.553899999999999864e+02
-5.479650000000000318e+02
-5.758088000000000193e+02
-5.587313000000000329e+02
-5.383125000000000000e+02
-5.694974999999999454e+02
-5.724674999999999727e+02
-5.483361999999999625e+02
-5.650425000000000182e+02
-5.635575000000000045e+02
-5.605874999999999773e+02
-5.917725000000000364e+02
-5.680125000000000455e+02
-5.668986999999999625e+02
-5.802636999999999716e+02
-5.687549999999999955e+02
-5.691263000000000147e+02
-5.824913000000000238e+02
-5.925149999999999864e+02
-5.635575000000000045e+02
-5.691263000000000147e+02
-5.780362999999999829e+02
-5.813775000000000546e+02
-6.025388000000000375e+02
-5.810062000000000353e+02
-5.910299999999999727e+02
-5.780362999999999829e+02
-5.865750000000000455e+02
-5.847187999999999874e+02
-5.969700000000000273e+02
-5.787786999999999580e+02
-5.776649999999999636e+02
-5.899162999999999784e+02
-5.936287999999999556e+02
-5.806349999999999909e+02
-5.806349999999999909e+02
-5.873174999999999955e+02
-5.754375000000000000e+02
-5.709824999999999591e+02
-5.839763000000000375e+02
-5.724674999999999727e+02
-5.876888000000000147e+02
-5.932575000000000500e+02
-5.836050000000000182e+02
-5.787786999999999580e+02
-5.620724999999999909e+02
-5.843474999999999682e+02
-5.988261999999999716e+02
-6.040236999999999625e+02
-5.891738000000000284e+02
-5.947424999999999500e+02
-5.873174999999999955e+02
-5.958563000000000329e+02
-5.958563000000000329e+02
-5.843474999999999682e+02
-6.088500000000000227e+02
-6.155325000000000273e+02
-6.032812999999999874e+02
-6.170175000000000409e+02
-6.229574999999999818e+02
-6.181312000000000353e+02
-6.125625000000000000e+02
-6.125625000000000000e+02
-6.262988000000000284e+02
-6.088500000000000227e+02
-6.311250000000000000e+02
-5.810062000000000353e+02
-5.546475000000000364e+02
-5.475937999999999874e+02
-5.442525000000000546e+02
-5.609587000000000216e+02
-5.706113000000000284e+02
-5.605874999999999773e+02
-5.591024999999999636e+02
-5.513062999999999647e+02
-5.509349999999999454e+02
-5.557612000000000307e+02
-5.468513000000000375e+02
-5.713537999999999784e+02
-5.509349999999999454e+02
-5.576174999999999500e+02
-5.665275000000000318e+02
-5.483361999999999625e+02
-5.635575000000000045e+02
-5.813775000000000546e+02
-5.702400000000000091e+02
-5.661562999999999874e+02
-5.687549999999999955e+02
-5.576174999999999500e+02
-5.758088000000000193e+02
-5.810062000000000353e+02
-5.587313000000000329e+02
-5.624437000000000353e+02
-5.713537999999999784e+02
-5.702400000000000091e+02
-5.553899999999999864e+02
-5.702400000000000091e+02
-5.698687999999999647e+02
-5.680125000000000455e+02
-5.862037000000000262e+02
-5.631862999999999602e+02
-5.572463000000000193e+02
-5.680125000000000455e+02
-5.676412000000000262e+02
-5.628150000000000546e+02
-5.565037999999999556e+02
-5.646712999999999738e+02
-5.583600000000000136e+02
-5.479650000000000318e+02
-5.668986999999999625e+02
-5.494500000000000455e+02
-5.587313000000000329e+02
-5.732100000000000364e+02
-5.746950000000000500e+02
-5.617011999999999716e+02
-5.780362999999999829e+02
-5.739524999999999864e+02
-5.806349999999999909e+02
-5.698687999999999647e+02
-5.836050000000000182e+02
-5.769225000000000136e+02
-5.795212000000000216e+02
-5.583600000000000136e+02
-5.550186999999999671e+02
-5.397975000000000136e+02
-5.542762000000000171e+02
-5.531625000000000227e+02
-5.312586999999999762e+02
-5.513062999999999647e+02
-5.483361999999999625e+02
-5.579887999999999693e+02
-5.683836999999999762e+02
-5.743237000000000307e+02
-5.546475000000000364e+02
-5.706113000000000284e+02
-5.565037999999999556e+02
-5.594737999999999829e+02
-5.501924999999999955e+02
-5.631862999999999602e+02
-5.587313000000000329e+02
-5.464800000000000182e+02
-5.487074999999999818e+02
-5.576174999999999500e+02
-5.360850000000000364e+02
-5.531625000000000227e+02
-5.539049999999999727e+02
-5.338574999999999591e+02
-5.524199999999999591e+02
-5.371987000000000307e+02
-5.245761999999999716e+02
-5.516775000000000091e+02
-5.193787999999999556e+02
-5.394262999999999693e+02
-5.409112999999999829e+02
-5.464800000000000182e+02
-5.513062999999999647e+02
-5.661562999999999874e+02
-5.591024999999999636e+02
-5.487074999999999818e+02
-5.431386999999999716e+02
-5.542762000000000171e+02
-5.557612000000000307e+02
-5.583600000000000136e+02
-5.468513000000000375e+02
-5.550186999999999671e+02
-5.680125000000000455e+02
-5.702400000000000091e+02
