-6.017962999999999738e+02
-5.832337999999999738e+02
-5.884312999999999647e+02
-6.185025000000000546e+02
-6.121912999999999556e+02
-5.969700000000000273e+02
-5.999400000000000546e+02
-6.144188000000000329e+02
-6.055086999999999762e+02
-6.032812999999999874e+02
-6.144188000000000329e+02
-6.203587999999999738e+02
-6.344661999999999580e+02
-6.281549999999999727e+02
-6.277838000000000420e+02
-6.292686999999999671e+02
-6.381788000000000238e+02
-6.114487000000000307e+02
-6.437474999999999454e+02
-6.456037999999999784e+02
-6.541425000000000409e+02
-6.437474999999999454e+02
-6.597111999999999625e+02
-6.727050000000000409e+02
-6.723337000000000216e+02
-6.456037999999999784e+02
-6.611961999999999762e+02
-6.749325000000000045e+02
-6.663936999999999671e+02
-6.597111999999999625e+02
-6.693637999999999693e+02
-6.741900000000000546e+02
-6.767888000000000375e+02
-6.448613000000000284e+02
-6.775312999999999874e+02
-6.912675000000000409e+02
-7.042612000000000307e+02
-6.734474999999999909e+02
-6.801299999999999955e+02
-7.239375000000000000e+02
-7.031475000000000364e+02
-7.024049999999999727e+02
-7.213387000000000171e+02
-7.187400000000000091e+02
-7.161412000000000262e+02
-7.283925000000000409e+02
-7.012912999999999784e+02
-7.298775000000000546e+02
-7.339611999999999625e+02
-7.280212000000000216e+02
-7.291349999999999909e+02
-7.573500000000000227e+02
-7.343324999999999818e+02
-7.120575000000000045e+02
-7.283925000000000409e+02
-7.666313000000000102e+02
-7.577213000000000420e+02
-7.428713000000000193e+02
-7.298775000000000546e+02
-7.387875000000000227e+02
-7.658886999999999716e+02
-7.376738000000000284e+02
-7.603200000000000500e+02
-7.688587999999999738e+02
-7.532662000000000262e+02
-7.272786999999999580e+02
-6.975787000000000262e+02
-7.272786999999999580e+02
-7.113150000000000546e+02
-6.723337000000000216e+02
-6.771599999999999682e+02
-6.708487999999999829e+02
-6.856987000000000307e+02
-6.604537000000000262e+02
-6.500588000000000193e+02
-6.942374999999999545e+02
-6.875549999999999500e+02
-6.637949999999999591e+02
-6.946087999999999738e+02
-7.183687999999999647e+02
-6.797586999999999762e+02
-6.649088000000000420e+02
-6.723337000000000216e+02
-6.912675000000000409e+02
-6.819863000000000284e+02
-6.908962000000000216e+02
-6.897825000000000273e+02
-7.038899999999999864e+02
-6.760462999999999738e+02
-6.834713000000000420e+02
-7.038899999999999864e+02
-7.087161999999999580e+02
-6.972074999999999818e+02
-6.905249999999999773e+02
-6.986924999999999955e+02
-7.168836999999999762e+02
-7.168836999999999762e+02
-7.317337999999999738e+02
-7.035186999999999671e+02
-7.354461999999999762e+02
-7.246799999999999500e+02
-7.061174999999999500e+02
-7.280212000000000216e+02
-7.413862000000000307e+02
-7.146562999999999874e+02
-7.313624999999999545e+02
-7.365599999999999454e+02
-7.606912999999999556e+02
-7.610625000000000000e+02
-7.450987999999999829e+02
-7.391588000000000420e+02
-7.551224999999999454e+02
-7.569787999999999784e+02
-7.361888000000000147e+02
-7.528949999999999818e+02
-7.532662000000000262e+02
-7.773975000000000364e+02
-7.476974999999999909e+02
-7.751699999999999591e+02
-7.822237999999999829e+02
-7.566074999999999591e+02
-7.807387999999999693e+02
-7.759125000000000227e+02
-7.896486999999999625e+02
-7.937324999999999591e+02
-7.722000000000000455e+02
-8.186063000000000329e+02
-8.126662999999999784e+02
-7.933613000000000284e+02
-7.833374999999999773e+02
-7.948463000000000420e+02
-7.926187999999999647e+02
-7.881638000000000375e+02
-8.000438000000000329e+02
-8.026425000000000409e+02
-7.707150000000000318e+02
-7.926187999999999647e+02
-7.781399999999999864e+02
-7.981875000000000000e+02
-8.148936999999999671e+02
-7.751699999999999591e+02
-7.762838000000000420e+02
-7.759125000000000227e+02
-7.755412999999999784e+02
-7.514099999999999682e+02
-7.796250000000000000e+02
-7.662599999999999909e+02
-7.339611999999999625e+02
-7.566074999999999591e+02
-7.532662000000000262e+02
-7.710861999999999625e+02
-7.788825000000000500e+02
-7.629188000000000329e+02
-7.603200000000000500e+02
-7.803674999999999500e+02
-7.718287000000000262e+02
-7.710861999999999625e+02
-7.696013000000000375e+02
-7.696013000000000375e+02
-7.822237999999999829e+02
-7.822237999999999829e+02
-7.677450000000000045e+02
-7.399012000000000171e+02
-7.425000000000000000e+02
-7.432424999999999500e+02
-7.562363000000000284e+02
-7.629188000000000329e+02
-7.514099999999999682e+02
-7.528949999999999818e+02
-7.725711999999999762e+02
-7.410149999999999864e+02
-7.592061999999999671e+02
-7.632899999999999636e+02
-7.677450000000000045e+02
-7.655175000000000409e+02
-7.733138000000000147e+02
-7.699724999999999682e+02
-7.825950000000000273e+02
-7.963311999999999671e+02
-7.944750000000000227e+02
-7.803674999999999500e+02
-7.952174999999999727e+02
-7.814813000000000329e+02
-7.829661999999999580e+02
-7.822237999999999829e+02
-7.781399999999999864e+02
-7.900199999999999818e+02
-7.981875000000000000e+02
-7.974450000000000500e+02
-7.955887000000000171e+02
-8.070974999999999682e+02
-7.918763000000000147e+02
-7.844511999999999716e+02
-8.171213000000000193e+02
-7.744275000000000091e+02
-7.692300000000000182e+02
-7.948463000000000420e+02
-8.074687999999999874e+02
-7.198537999999999784e+02
-7.283925000000000409e+02
-7.246799999999999500e+02
-7.046325000000000500e+02
-7.001775000000000091e+02
-7.020338000000000420e+02
-7.020338000000000420e+02
-7.161412000000000262e+02
-7.358174999999999955e+02
-7.150275000000000318e+02
-7.142849999999999682e+02
-7.361888000000000147e+02
-7.172549999999999955e+02
-7.183687999999999647e+02
-7.450987999999999829e+02
-7.347037000000000262e+02
-7.179974999999999454e+02
-7.235662999999999556e+02
-7.283925000000000409e+02
-7.484400000000000546e+02
-7.280212000000000216e+02
-7.269075000000000273e+02
-7.413862000000000307e+02
-7.298775000000000546e+02
-7.113150000000000546e+02
-7.280212000000000216e+02
-7.488112999999999602e+02
-7.283925000000000409e+02
-7.347037000000000262e+02
-7.384162999999999784e+02
-7.373025000000000091e+02
-7.432424999999999500e+02
-7.569787999999999784e+02
-7.246799999999999500e+02
-7.328474999999999682e+02
-7.551224999999999454e+02
-7.298775000000000546e+02
-7.469550000000000409e+02
-7.584637000000000171e+02
-7.543799999999999955e+02
-7.410149999999999864e+02
-7.425000000000000000e+02
-7.406436999999999671e+02
-7.387875000000000227e+02
-7.198537999999999784e+02
-7.540086999999999762e+02
-7.573500000000000227e+02
-7.432424999999999500e+02
-7.235662999999999556e+02
-7.250512999999999693e+02
-7.046325000000000500e+02
-6.905249999999999773e+02
-7.098300000000000409e+02
-7.153986999999999625e+02
-7.016625000000000227e+02
-7.105724999999999909e+02
-7.050037999999999556e+02
-7.012912999999999784e+02
-6.949800000000000182e+02
-7.202250000000000227e+02
-7.142849999999999682e+02
-6.979500000000000455e+02
-7.068600000000000136e+02
-6.938663000000000238e+02
-7.020338000000000420e+02
-7.072313000000000329e+02
-7.202250000000000227e+02
-7.016625000000000227e+02
-7.057463000000000193e+02
-7.064887999999999693e+02
-7.135425000000000182e+02
-7.168836999999999762e+02
-6.998062999999999647e+02
-7.146562999999999874e+02
-7.042612000000000307e+02
-7.168836999999999762e+02
-6.957224999999999682e+02
-7.283925000000000409e+02
-7.135425000000000182e+02
-7.090874999999999773e+02
-7.243088000000000193e+02
-7.276499999999999773e+02
-7.176263000000000147e+02
-7.150275000000000318e+02
-7.076024999999999636e+02
-7.012912999999999784e+02
-7.076024999999999636e+02
-7.283925000000000409e+02
-7.287636999999999716e+02
-7.250512999999999693e+02
-7.209674999999999727e+02
-7.176263000000000147e+02
-7.295063000000000102e+02
-7.328474999999999682e+02
-7.083450000000000273e+02
-7.168836999999999762e+02
-7.250512999999999693e+02
-7.302487999999999602e+02
-7.254225000000000136e+02
-7.198537999999999784e+02
-7.317337999999999738e+02
-7.439850000000000136e+02
-7.298775000000000546e+02
-7.257938000000000329e+02
-7.187400000000000091e+02
-7.012912999999999784e+02
-6.986924999999999955e+02
-6.875549999999999500e+02
-7.198537999999999784e+02
-7.168836999999999762e+02
-6.916386999999999716e+02
-6.972074999999999818e+02
-6.942374999999999545e+02
-7.113150000000000546e+02
-6.905249999999999773e+02
-7.038899999999999864e+02
-7.050037999999999556e+02
-7.306200000000000045e+02
-7.142849999999999682e+02
-7.131712999999999738e+02
-7.001775000000000091e+02
-6.938663000000000238e+02
-7.079737999999999829e+02
-7.094587000000000216e+02
-7.012912999999999784e+02
-6.901536999999999580e+02
-7.083450000000000273e+02
-7.072313000000000329e+02
-7.109438000000000102e+02
-7.050037999999999556e+02
-7.139138000000000375e+02
-7.009199999999999591e+02
-7.027762000000000171e+02
-7.087161999999999580e+02
-6.957224999999999682e+02
-6.990638000000000147e+02
-6.760462999999999738e+02
-7.001775000000000091e+02
-6.968361999999999625e+02
-7.035186999999999671e+02
-6.946087999999999738e+02
-7.090874999999999773e+02
-6.972074999999999818e+02
-6.979500000000000455e+02
-6.879262999999999693e+02
-6.927525000000000546e+02
-6.968361999999999625e+02
-6.894112999999999829e+02
-7.053750000000000000e+02
-7.187400000000000091e+02
-7.064887999999999693e+02
-7.168836999999999762e+02
-6.975787000000000262e+02
-6.986924999999999955e+02
-7.150275000000000318e+02
-7.090874999999999773e+02
-7.321050000000000182e+02
-7.131712999999999738e+02
-7.027762000000000171e+02
-7.298775000000000546e+02
-7.191113000000000284e+02
-7.202250000000000227e+02
-7.191113000000000284e+02
-7.027762000000000171e+02
-7.231950000000000500e+02
-7.205963000000000420e+02
-6.994349999999999454e+02
-7.321050000000000182e+02
-7.213387000000000171e+02
-7.083450000000000273e+02
-7.139138000000000375e+02
-7.124288000000000238e+02
-7.176263000000000147e+02
-7.254225000000000136e+02
-7.198537999999999784e+02
-7.176263000000000147e+02
-7.127999999999999545e+02
-7.213387000000000171e+02
-7.168836999999999762e+02
-7.235662999999999556e+02
-7.295063000000000102e+02
-7.124288000000000238e+02
-7.291349999999999909e+02
-7.220811999999999671e+02
-7.361888000000000147e+02
-7.165125000000000455e+02
-7.309913000000000238e+02
-7.179974999999999454e+02
-7.187400000000000091e+02
-7.413862000000000307e+02
-7.150275000000000318e+02
-7.272786999999999580e+02
-7.280212000000000216e+02
-7.450987999999999829e+02
-7.328474999999999682e+02
-7.413862000000000307e+02
-7.217100000000000364e+02
-7.235662999999999556e+02
-7.428713000000000193e+02
-7.109438000000000102e+02
-7.124288000000000238e+02
-7.491825000000000045e+02
-7.272786999999999580e+02
-7.165125000000000455e+02
-7.324763000000000375e+02
-7.283925000000000409e+02
-7.187400000000000091e+02
-7.354461999999999762e+02
-7.250512999999999693e+02
-7.191113000000000284e+02
-7.235662999999999556e+02
-7.395299999999999727e+02
-7.287636999999999716e+02
-7.317337999999999738e+02
