-3.489750000000000000e+03
-3.506085000000000036e+03
-3.561400999999999840e+03
-3.544324000000000069e+03
-3.533929000000000087e+03
-3.568083999999999833e+03
-3.581449000000000069e+03
-3.549521000000000186e+03
-3.600010999999999967e+03
-3.608179000000000087e+03
-3.596670000000000073e+03
-3.631195999999999913e+03
-3.606322999999999865e+03
-3.618202999999999975e+03
-3.655699000000000069e+03
-3.673146999999999935e+03
-3.664237999999999829e+03
-3.699876999999999953e+03
-3.699505999999999858e+03
-3.697278999999999996e+03
-3.725864999999999782e+03
-3.733289999999999964e+03
-3.727349999999999909e+03
-3.761505000000000109e+03
-3.746284000000000106e+03
-3.729206000000000131e+03
-3.766702999999999975e+03
-3.775240999999999985e+03
-3.762619000000000142e+03
-3.818677000000000135e+03
-3.815708000000000084e+03
-3.819791000000000167e+03
-3.799373000000000047e+03
-3.860628999999999905e+03
-3.852090000000000146e+03
-3.837239999999999782e+03
-3.855802000000000135e+03
-3.851347999999999956e+03
-3.904807999999999993e+03
-3.880304999999999836e+03
-3.863228000000000065e+03
-3.866940000000000055e+03
-3.874735999999999876e+03
-3.895525999999999840e+03
-3.892184999999999945e+03
-3.919657000000000153e+03
-3.897010999999999967e+03
-3.923740999999999985e+03
-3.946759000000000015e+03
-3.960494999999999891e+03
-3.996505999999999858e+03
-3.953813000000000102e+03
-3.993164999999999964e+03
-3.992050999999999931e+03
-3.996135000000000218e+03
-4.011356000000000222e+03
-4.017666999999999916e+03
-4.005788000000000011e+03
-4.002445999999999913e+03
-3.993907000000000153e+03
-4.029547999999999774e+03
-4.001333000000000084e+03
-4.021380000000000109e+03
-4.045139999999999873e+03
-4.041427000000000135e+03
-4.071126999999999953e+03
-4.101198999999999614e+03
-4.085606000000000222e+03
-4.076695999999999913e+03
-4.092659999999999854e+03
-4.098229000000000269e+03
-4.103796999999999571e+03
-4.158371000000000095e+03
-4.137210000000000036e+03
-4.159855999999999767e+03
-4.170993999999999687e+03
-4.155400999999999840e+03
-4.151689000000000306e+03
-4.187699999999999818e+03
-4.121246000000000095e+03
-4.119390000000000327e+03
-4.089318999999999960e+03
-4.061846000000000004e+03
-4.095630000000000109e+03
-4.118646999999999935e+03
-4.106768000000000029e+03
-4.105283000000000357e+03
-4.128300000000000182e+03
-4.100085000000000036e+03
-4.108994999999999891e+03
-4.112707999999999629e+03
-4.098970999999999549e+03
-4.099342999999999847e+03
-4.145377000000000407e+03
-4.160228000000000065e+03
-4.084492000000000189e+03
-4.106768000000000029e+03
-4.105654000000000451e+03
-4.092659999999999854e+03
-4.151689000000000306e+03
-4.131640999999999622e+03
-4.123845000000000255e+03
-4.137953000000000429e+03
-4.166909999999999854e+03
-4.094887000000000171e+03
-4.167652000000000044e+03
-4.151689000000000306e+03
-4.136838999999999942e+03
-4.144635000000000218e+03
-4.148347999999999956e+03
-4.160228000000000065e+03
-4.153545000000000073e+03
-4.142779000000000451e+03
-4.169880000000000109e+03
-4.151689000000000306e+03
-4.189185000000000400e+03
-4.176190999999999804e+03
-4.199208999999999833e+03
-4.215914999999999964e+03
-4.178046999999999571e+03
-4.184729999999999563e+03
-4.251184000000000196e+03
-4.195868000000000393e+03
-4.208118999999999687e+03
-4.260465000000000146e+03
-4.213688000000000102e+03
-4.234849000000000160e+03
-4.242274000000000342e+03
-4.251926000000000386e+03
-4.194381999999999607e+03
-4.263064000000000306e+03
-4.181389000000000124e+03
-4.246729000000000269e+03
-4.264920000000000073e+03
-4.216286000000000058e+03
-4.267519000000000233e+03
-4.253411000000000058e+03
-4.235962000000000444e+03
-4.244872999999999593e+03
-4.279399000000000342e+03
-4.241530999999999949e+03
-4.279027000000000044e+03
-4.266404999999999745e+03
-4.252296999999999571e+03
-4.272345000000000255e+03
-4.244501000000000204e+03
-4.260094000000000051e+03
-4.283481999999999971e+03
-4.279770000000000437e+03
-4.274573000000000320e+03
-4.276800000000000182e+03
-4.267890000000000327e+03
-4.291649999999999636e+03
-4.280884000000000015e+03
-4.305386000000000422e+03
-4.283110999999999876e+03
-4.303529999999999745e+03
-4.273087000000000444e+03
-4.316152000000000044e+03
-4.258979999999999563e+03
-4.315780999999999949e+03
-4.287938000000000102e+03
-4.277913999999999760e+03
-4.297219000000000051e+03
-4.287565999999999804e+03
-4.250069999999999709e+03
-4.253411000000000058e+03
-4.245243999999999687e+03
-4.183987000000000080e+03
-4.193640000000000327e+03
-4.187699999999999818e+03
-4.199579999999999927e+03
-4.201807999999999993e+03
-4.208489999999999782e+03
-4.246356999999999971e+03
-4.230765000000000327e+03
-4.221112000000000080e+03
-4.246356999999999971e+03
-4.211088999999999942e+03
-4.218143000000000029e+03
-4.213688000000000102e+03
-4.235962000000000444e+03
-4.245985999999999876e+03
-4.238189999999999600e+03
-4.269746000000000095e+03
-4.249698999999999614e+03
-4.247100000000000364e+03
-4.250440999999999804e+03
-4.303529999999999745e+03
-4.279027000000000044e+03
-4.263805999999999585e+03
-4.294990999999999985e+03
-4.221854999999999563e+03
-4.321350000000000364e+03
-4.289421999999999571e+03
-4.253411000000000058e+03
-4.279399000000000342e+03
-4.307243000000000393e+03
-4.301673999999999978e+03
-4.295362000000000080e+03
-4.326546999999999571e+03
-4.310954999999999927e+03
-4.283110999999999876e+03
-4.328033000000000357e+03
-4.309470000000000255e+03
-4.317637999999999920e+03
-4.329145999999999731e+03
-4.333229999999999563e+03
-4.312069000000000415e+03
-4.348079999999999927e+03
-4.304644000000000233e+03
-4.299074999999999818e+03
-4.273087000000000444e+03
-4.303158999999999651e+03
-4.281626000000000204e+03
-4.321350000000000364e+03
-4.273829999999999927e+03
-4.302045000000000073e+03
-4.330631000000000313e+03
-4.281255000000000109e+03
-4.286823999999999614e+03
-4.309470000000000255e+03
-4.311698000000000320e+03
-4.269003999999999905e+03
-4.347337000000000444e+03
-4.342511000000000422e+03
-4.307984999999999673e+03
-4.330260000000000218e+03
-4.357360999999999876e+03
-4.301673999999999978e+03
-4.335828999999999724e+03
-4.387061999999999898e+03
-4.330631000000000313e+03
-4.317265999999999622e+03
-4.351421000000000276e+03
-4.332115999999999985e+03
-4.334344000000000051e+03
-4.394856999999999971e+03
-4.329145999999999731e+03
-4.363671999999999571e+03
-4.381863999999999578e+03
-4.365899999999999636e+03
-4.377037999999999556e+03
-4.396713999999999942e+03
-4.385576000000000022e+03
-4.386319000000000415e+03
-4.361444999999999709e+03
-4.420103000000000065e+03
-4.399684000000000196e+03
-4.417503999999999905e+03
-4.364414999999999964e+03
-4.403768000000000029e+03
-4.403395999999999731e+03
-4.413792000000000371e+03
-4.404510000000000218e+03
-4.429384000000000015e+03
-4.439036000000000058e+03
-4.398198999999999614e+03
-4.456113999999999578e+03
-4.450173999999999978e+03
-4.437921999999999571e+03
-4.504005000000000109e+03
-4.407850999999999658e+03
-4.451658999999999651e+03
-4.439408000000000357e+03
-4.474305000000000291e+03
-4.448317000000000007e+03
-4.461311999999999898e+03
-4.444975999999999658e+03
-4.484699999999999818e+03
-4.476161000000000058e+03
-4.481359000000000378e+03
-4.511059000000000196e+03
-4.474676000000000386e+03
-4.514399999999999636e+03
-4.480615999999999985e+03
-4.520711000000000240e+03
-4.492125000000000000e+03
-4.505860999999999876e+03
-4.509944999999999709e+03
-4.501405999999999949e+03
-4.485070999999999913e+03
-4.453144000000000233e+03
-4.488042000000000371e+03
-4.484328999999999724e+03
-4.455743000000000393e+03
-4.471706000000000131e+03
-4.462054000000000087e+03
-4.435694999999999709e+03
-4.443862000000000080e+03
-4.482100999999999658e+03
-4.457228000000000065e+03
-4.492125000000000000e+03
-4.470963999999999942e+03
-4.492496000000000095e+03
-4.490269000000000233e+03
-4.470963999999999942e+03
-4.494353000000000065e+03
-4.512914999999999964e+03
-4.478389000000000124e+03
-4.508831000000000131e+03
-4.515143000000000029e+03
-4.521453999999999724e+03
-4.528136000000000422e+03
-4.525167000000000371e+03
-4.545213999999999942e+03
-4.560435000000000400e+03
-4.527021999999999935e+03
-4.570829999999999927e+03
-4.519597999999999956e+03
-4.525908999999999651e+03
-4.532591000000000349e+03
-4.560064000000000306e+03
-4.560064000000000306e+03
-4.562662999999999556e+03
-4.570087000000000444e+03
-4.580854000000000269e+03
-4.588279000000000451e+03
-4.576399000000000342e+03
-4.580481999999999971e+03
-4.580854000000000269e+03
-4.618350000000000364e+03
-4.603500000000000000e+03
-4.600529999999999745e+03
-4.611667000000000371e+03
-4.598673999999999978e+03
-4.604613999999999578e+03
-4.602756999999999607e+03
-4.640253999999999905e+03
-4.620948999999999614e+03
-4.612780999999999949e+03
-4.651762999999999920e+03
-4.625033000000000357e+03
-4.622805000000000291e+03
-4.639511000000000422e+03
-4.607954999999999927e+03
-4.650649000000000342e+03
-4.639140000000000327e+03
-4.632828999999999724e+03
-4.642109999999999673e+03
-4.664014000000000124e+03
-4.631715000000000146e+03
-4.676636000000000422e+03
-4.669211000000000240e+03
-4.671067000000000007e+03
-4.669211000000000240e+03
-4.675150999999999840e+03
-4.671810000000000400e+03
-4.684061999999999898e+03
-4.682204999999999927e+03
-4.691485999999999876e+03
-4.669211000000000240e+03
-4.698539999999999964e+03
-4.698539999999999964e+03
-4.704479999999999563e+03
-4.691856999999999971e+03
-4.718587000000000444e+03
-4.669582999999999629e+03
-4.680349000000000160e+03
-4.700768000000000029e+03
-4.685917000000000371e+03
-4.665869999999999891e+03
-4.648421000000000276e+03
-4.614637999999999920e+03
-4.672552999999999884e+03
-4.646936999999999898e+03
-4.650649000000000342e+03
-4.639881999999999607e+03
-4.695569999999999709e+03
-4.645079999999999927e+03
-4.684061999999999898e+03
-4.674408999999999651e+03
-4.678863999999999578e+03
-4.674408999999999651e+03
-4.701510000000000218e+03
-4.679978000000000065e+03
-4.675521999999999935e+03
-4.715246000000000095e+03
-4.698168999999999869e+03
-4.726755000000000109e+03
-4.686659999999999854e+03
-4.641368000000000393e+03
-4.686288999999999760e+03
-4.706707999999999629e+03
-4.721186999999999898e+03
-4.707078999999999724e+03
-4.745317000000000007e+03
-4.691856999999999971e+03
-4.721929000000000087e+03
-4.717103000000000065e+03
-4.707078999999999724e+03
-4.737893000000000029e+03
-4.754970000000000255e+03
-4.730095999999999549e+03
-4.749400999999999840e+03
-4.757569000000000415e+03
-4.762024000000000342e+03
-4.771676000000000386e+03
-4.745317000000000007e+03
-4.763880000000000109e+03
-4.774274999999999636e+03
-4.813998999999999796e+03
-4.779100999999999658e+03
-4.784298999999999978e+03
-4.786154999999999745e+03
-4.775760000000000218e+03
-4.814740999999999985e+03
-4.812514000000000124e+03
-4.826993000000000393e+03
-4.822167000000000371e+03
-4.792837000000000444e+03
-4.826621000000000095e+03
