-5.642999999999999545e+02
-5.665275000000000318e+02
-5.869461999999999762e+02
-5.873174999999999955e+02
-5.810062000000000353e+02
-5.850900000000000318e+02
-6.055086999999999762e+02
-5.884312999999999647e+02
-5.928862000000000307e+02
-5.962274999999999636e+02
-6.121912999999999556e+02
-6.185025000000000546e+02
-6.233287000000000262e+02
-6.133049999999999500e+02
-6.248138000000000147e+02
-5.947424999999999500e+02
-6.055086999999999762e+02
-6.274125000000000227e+02
-6.404062999999999874e+02
-6.578550000000000182e+02
-6.378075000000000045e+02
-6.656512000000000171e+02
-6.493162999999999556e+02
-5.958563000000000329e+02
-6.077363000000000284e+02
-6.237000000000000455e+02
-6.262988000000000284e+02
-6.318674999999999500e+02
-5.854611999999999625e+02
-5.739524999999999864e+02
-5.954850000000000136e+02
-5.587313000000000329e+02
-5.654138000000000375e+02
-5.743237000000000307e+02
-6.006825000000000045e+02
-5.769225000000000136e+02
-5.839763000000000375e+02
-6.066224999999999454e+02
-6.017962999999999738e+02
-5.832337999999999738e+02
-5.839763000000000375e+02
-6.073650000000000091e+02
-5.991974999999999909e+02
-6.147899999999999636e+02
-5.850900000000000318e+02
-6.129338000000000193e+02
-6.277838000000000420e+02
-5.962274999999999636e+02
-6.077363000000000284e+02
-6.151612999999999829e+02
-6.237000000000000455e+02
-6.114487000000000307e+02
-6.069937999999999647e+02
-6.248138000000000147e+02
-6.066224999999999454e+02
-6.259275000000000091e+02
-6.251849999999999454e+02
-6.233287000000000262e+02
-6.259275000000000091e+02
-6.222150000000000318e+02
-6.114487000000000307e+02
-6.355800000000000409e+02
-6.303825000000000500e+02
-6.418912000000000262e+02
-6.192450000000000045e+02
-6.437474999999999454e+02
-6.467174999999999727e+02
-6.348374999999999773e+02
-6.136762999999999693e+02
-6.734474999999999909e+02
-6.567413000000000238e+02
-6.515438000000000329e+02
-6.430049999999999955e+02
-6.515438000000000329e+02
-6.585974999999999682e+02
-6.404062999999999874e+02
-6.274125000000000227e+02
-6.040236999999999625e+02
-6.036525000000000318e+02
-6.040236999999999625e+02
-6.107061999999999671e+02
-5.962274999999999636e+02
-6.359511999999999716e+02
-6.240711999999999762e+02
-5.951137999999999693e+02
-6.211013000000000375e+02
-6.110774999999999864e+02
-6.237000000000000455e+02
-6.378075000000000045e+02
-6.095924999999999727e+02
-6.288975000000000364e+02
-6.233287000000000262e+02
-6.144188000000000329e+02
-6.133049999999999500e+02
-6.563700000000000045e+02
-6.374362999999999602e+02
-6.348374999999999773e+02
-6.526575000000000273e+02
-6.355800000000000409e+02
-6.337237999999999829e+02
-6.422625000000000455e+02
-6.355800000000000409e+02
-6.366938000000000102e+02
-6.415199999999999818e+02
-6.422625000000000455e+02
-6.463463000000000420e+02
-6.552563000000000102e+02
-6.374362999999999602e+02
-6.482024999999999864e+02
-6.686213000000000193e+02
-6.511725000000000136e+02
-6.233287000000000262e+02
-6.626812999999999647e+02
-6.730761999999999716e+02
-6.567413000000000238e+02
-6.886688000000000329e+02
-6.508012999999999693e+02
-6.585974999999999682e+02
-6.782736999999999625e+02
-6.875549999999999500e+02
-6.686213000000000193e+02
-6.856987000000000307e+02
-6.875549999999999500e+02
-6.585974999999999682e+02
-7.064887999999999693e+02
-7.016625000000000227e+02
-6.682500000000000000e+02
-6.875549999999999500e+02
-7.038899999999999864e+02
-6.871838000000000193e+02
-6.831000000000000227e+02
-7.150275000000000318e+02
-7.064887999999999693e+02
-7.120575000000000045e+02
-7.031475000000000364e+02
-7.116862999999999602e+02
-7.046325000000000500e+02
-6.727050000000000409e+02
-6.055086999999999762e+02
-5.984550000000000409e+02
-5.862037000000000262e+02
-5.828624999999999545e+02
-5.858324999999999818e+02
-5.928862000000000307e+02
-5.836050000000000182e+02
-5.995687000000000353e+02
-5.884312999999999647e+02
-5.750662999999999556e+02
-5.817487999999999602e+02
-5.717250000000000227e+02
-5.758088000000000193e+02
-5.836050000000000182e+02
-5.772938000000000329e+02
-5.832337999999999738e+02
-5.817487999999999602e+02
-5.579887999999999693e+02
-5.865750000000000455e+02
-5.880599999999999454e+02
-5.698687999999999647e+02
-5.535338000000000420e+02
-5.795212000000000216e+02
-5.765512999999999693e+02
-5.661562999999999874e+02
-5.802636999999999716e+02
-5.798925000000000409e+02
-5.680125000000000455e+02
-5.743237000000000307e+02
-5.817487999999999602e+02
-5.646712999999999738e+02
-5.798925000000000409e+02
-6.029099999999999682e+02
-5.772938000000000329e+02
-5.817487999999999602e+02
-5.962274999999999636e+02
-5.750662999999999556e+02
-5.758088000000000193e+02
-5.884312999999999647e+02
-5.843474999999999682e+02
-5.995687000000000353e+02
-5.839763000000000375e+02
-5.761799999999999500e+02
-5.668986999999999625e+02
-5.561325000000000500e+02
-5.843474999999999682e+02
-5.602161999999999580e+02
-5.750662999999999556e+02
-5.724674999999999727e+02
-5.583600000000000136e+02
-5.928862000000000307e+02
-5.635575000000000045e+02
-5.594737999999999829e+02
-5.940000000000000000e+02
-5.676412000000000262e+02
-5.598450000000000273e+02
-5.973411999999999580e+02
-5.824913000000000238e+02
-5.683836999999999762e+02
-5.683836999999999762e+02
-5.565037999999999556e+02
-5.672699999999999818e+02
-5.858324999999999818e+02
-5.579887999999999693e+02
-5.780362999999999829e+02
-5.661562999999999874e+02
-5.750662999999999556e+02
-5.739524999999999864e+02
-5.642999999999999545e+02
-5.732100000000000364e+02
-5.654138000000000375e+02
-5.914012000000000171e+02
-5.798925000000000409e+02
-5.813775000000000546e+02
-5.813775000000000546e+02
-5.795212000000000216e+02
-5.620724999999999909e+02
-5.754375000000000000e+02
-5.750662999999999556e+02
-5.847187999999999874e+02
-5.680125000000000455e+02
-5.624437000000000353e+02
-5.639288000000000238e+02
-5.609587000000000216e+02
-5.739524999999999864e+02
-5.628150000000000546e+02
-5.661562999999999874e+02
-5.746950000000000500e+02
-5.743237000000000307e+02
-5.795212000000000216e+02
-5.483361999999999625e+02
-5.784075000000000273e+02
-5.902875000000000227e+02
-5.776649999999999636e+02
-5.546475000000000364e+02
-5.869461999999999762e+02
-5.702400000000000091e+02
-5.576174999999999500e+02
-5.869461999999999762e+02
-5.750662999999999556e+02
-5.691263000000000147e+02
-5.568750000000000000e+02
-5.639288000000000238e+02
-5.620724999999999909e+02
-5.739524999999999864e+02
-5.824913000000000238e+02
-5.665275000000000318e+02
-5.635575000000000045e+02
-5.739524999999999864e+02
-5.717250000000000227e+02
-5.646712999999999738e+02
-5.668986999999999625e+02
-5.513062999999999647e+02
-5.672699999999999818e+02
-5.776649999999999636e+02
-5.706113000000000284e+02
-5.668986999999999625e+02
-5.750662999999999556e+02
-5.642999999999999545e+02
-5.776649999999999636e+02
-5.628150000000000546e+02
-5.717250000000000227e+02
-5.858324999999999818e+02
-5.743237000000000307e+02
-5.553899999999999864e+02
-5.617011999999999716e+02
-5.810062000000000353e+02
-5.539049999999999727e+02
-5.713537999999999784e+02
-5.672699999999999818e+02
-5.539049999999999727e+02
-5.739524999999999864e+02
-5.828624999999999545e+02
-5.646712999999999738e+02
-5.420249999999999773e+02
-5.631862999999999602e+02
-5.709824999999999591e+02
-5.743237000000000307e+02
-5.724674999999999727e+02
-5.732100000000000364e+02
-5.631862999999999602e+02
-5.635575000000000045e+02
-5.650425000000000182e+02
-5.847187999999999874e+02
-5.624437000000000353e+02
-5.609587000000000216e+02
-5.598450000000000273e+02
-5.839763000000000375e+02
-5.713537999999999784e+02
-5.550186999999999671e+02
-5.661562999999999874e+02
-5.568750000000000000e+02
-5.594737999999999829e+02
-5.642999999999999545e+02
-5.876888000000000147e+02
-5.650425000000000182e+02
-5.668986999999999625e+02
-5.527912999999999784e+02
-5.787786999999999580e+02
-5.795212000000000216e+02
-5.665275000000000318e+02
-5.557612000000000307e+02
-5.676412000000000262e+02
-5.494500000000000455e+02
-5.665275000000000318e+02
-5.628150000000000546e+02
-5.498211999999999762e+02
-5.568750000000000000e+02
-5.676412000000000262e+02
-5.557612000000000307e+02
-5.527912999999999784e+02
-5.598450000000000273e+02
-5.431386999999999716e+02
-5.639288000000000238e+02
-5.461087999999999738e+02
-5.750662999999999556e+02
-5.542762000000000171e+02
-5.654138000000000375e+02
-5.557612000000000307e+02
-5.628150000000000546e+02
-5.750662999999999556e+02
-5.583600000000000136e+02
-5.453663000000000238e+02
-5.854611999999999625e+02
-5.661562999999999874e+02
-5.702400000000000091e+02
-5.661562999999999874e+02
-5.743237000000000307e+02
-5.542762000000000171e+02
-5.598450000000000273e+02
-5.639288000000000238e+02
-5.724674999999999727e+02
-5.583600000000000136e+02
-5.438812000000000353e+02
-5.605874999999999773e+02
-5.464800000000000182e+02
-5.605874999999999773e+02
-5.360850000000000364e+02
-5.583600000000000136e+02
-5.483361999999999625e+02
-5.509349999999999454e+02
-5.739524999999999864e+02
-5.557612000000000307e+02
-5.546475000000000364e+02
-5.553899999999999864e+02
-5.628150000000000546e+02
-5.561325000000000500e+02
-5.516775000000000091e+02
-5.553899999999999864e+02
-5.483361999999999625e+02
-5.416536999999999580e+02
-5.535338000000000420e+02
-5.591024999999999636e+02
-5.594737999999999829e+02
-5.698687999999999647e+02
-5.546475000000000364e+02
-5.505638000000000147e+02
-5.524199999999999591e+02
-5.472224999999999682e+02
-5.787786999999999580e+02
-5.668986999999999625e+02
-5.446237999999999602e+02
-5.646712999999999738e+02
-5.746950000000000500e+02
-5.501924999999999955e+02
-5.461087999999999738e+02
-5.520488000000000284e+02
-5.420249999999999773e+02
-5.550186999999999671e+02
-5.605874999999999773e+02
-5.683836999999999762e+02
-5.568750000000000000e+02
-5.542762000000000171e+02
-5.594737999999999829e+02
-5.602161999999999580e+02
-5.587313000000000329e+02
-5.505638000000000147e+02
-5.642999999999999545e+02
-5.709824999999999591e+02
-5.505638000000000147e+02
-5.550186999999999671e+02
-5.602161999999999580e+02
-5.609587000000000216e+02
-5.602161999999999580e+02
-5.535338000000000420e+02
-5.628150000000000546e+02
-5.501924999999999955e+02
-5.342287999999999784e+02
-5.539049999999999727e+02
-5.598450000000000273e+02
-5.624437000000000353e+02
-5.631862999999999602e+02
-5.472224999999999682e+02
-5.639288000000000238e+02
-5.464800000000000182e+02
-5.553899999999999864e+02
-5.568750000000000000e+02
-5.561325000000000500e+02
-5.583600000000000136e+02
-5.728387000000000171e+02
-5.531625000000000227e+02
-5.602161999999999580e+02
-5.761799999999999500e+02
-5.594737999999999829e+02
-5.479650000000000318e+02
-5.624437000000000353e+02
-5.490787000000000262e+02
-5.702400000000000091e+02
-5.539049999999999727e+02
-5.605874999999999773e+02
-5.646712999999999738e+02
-5.672699999999999818e+02
-5.379412999999999556e+02
-5.527912999999999784e+02
