-1.214730000000000018e+03
-1.247028999999999996e+03
-1.243316000000000031e+03
-1.253339999999999918e+03
-1.272644999999999982e+03
-1.252226000000000113e+03
-1.285267000000000053e+03
-1.327961000000000013e+03
-1.316080999999999904e+03
-1.319794000000000096e+03
-1.340212999999999965e+03
-1.322392000000000053e+03
-1.339470000000000027e+03
-1.347266000000000076e+03
-1.369540999999999940e+03
-1.360631000000000085e+03
-1.367314000000000078e+03
-1.386248000000000047e+03
-1.384019999999999982e+03
-1.381791999999999916e+03
-1.419660000000000082e+03
-1.422259000000000015e+03
-1.436738000000000056e+03
-1.463096000000000004e+03
-1.430797000000000025e+03
-1.482771999999999935e+03
-1.519154999999999973e+03
-1.480173999999999978e+03
-1.493538999999999987e+03
-1.526951000000000022e+03
-1.484258000000000038e+03
-1.472749000000000024e+03
-1.552567999999999984e+03
-1.495766000000000076e+03
-1.519526000000000067e+03
-1.544028999999999996e+03
-1.544770999999999958e+03
-1.554051999999999907e+03
-1.589692999999999984e+03
-1.572615000000000009e+03
-1.554051999999999907e+03
-1.588578999999999951e+03
-1.574471000000000004e+03
-1.577069999999999936e+03
-1.600459000000000060e+03
-1.607512999999999920e+03
-1.583381000000000085e+03
-1.615308999999999969e+03
-1.614566000000000031e+03
-1.619392000000000053e+03
-1.644637999999999920e+03
-1.641666999999999916e+03
-1.639440000000000055e+03
-1.679905999999999949e+03
-1.673595000000000027e+03
-1.625333000000000084e+03
-1.656888999999999896e+03
-1.659115999999999985e+03
-1.621249000000000024e+03
-1.692156999999999925e+03
-1.691786000000000058e+03
-1.665056000000000040e+03
-1.735964999999999918e+03
-1.744503999999999905e+03
-1.696240999999999985e+03
-1.734851000000000113e+03
-1.786454999999999927e+03
-1.720000999999999976e+03
-1.745989000000000033e+03
-1.765294000000000096e+03
-1.736708000000000084e+03
-1.750073000000000093e+03
-1.795365000000000009e+03
-1.757498000000000047e+03
-1.761210000000000036e+03
-1.796107999999999947e+03
-1.776059999999999945e+03
-1.796849999999999909e+03
-1.795365000000000009e+03
-1.799449000000000069e+03
-1.826549999999999955e+03
-1.818753999999999905e+03
-1.822465999999999894e+03
-1.840656999999999925e+03
-1.866644999999999982e+03
-1.855135999999999967e+03
-1.880752999999999929e+03
-1.891146999999999935e+03
-1.902655999999999949e+03
-1.895973999999999933e+03
-1.922703999999999951e+03
-1.912680000000000064e+03
-1.912308999999999969e+03
-1.917877999999999929e+03
-1.898201000000000022e+03
-1.915650000000000091e+03
-1.917134999999999991e+03
-1.916393000000000029e+03
-1.907482999999999947e+03
-1.962426999999999907e+03
-1.955002999999999929e+03
-1.955002999999999929e+03
-1.959828999999999951e+03
-1.983960000000000036e+03
-2.023313000000000102e+03
-2.029994999999999891e+03
-1.999551999999999907e+03
-2.024797000000000025e+03
-2.044103000000000065e+03
-2.029252999999999929e+03
-2.058952999999999975e+03
-2.090137000000000171e+03
-2.077885999999999967e+03
-2.058210000000000036e+03
-2.099418999999999869e+03
-2.087539000000000215e+03
-2.103130999999999858e+03
-2.114268999999999778e+03
-2.087539000000000215e+03
-2.132088999999999942e+03
-2.151021999999999935e+03
-2.111670000000000073e+03
-2.168471000000000004e+03
-2.154364000000000033e+03
-2.159561000000000149e+03
-2.157333999999999833e+03
-2.184434999999999945e+03
-2.165873000000000047e+03
-2.162159999999999854e+03
-2.212278999999999996e+03
-2.174411000000000058e+03
-2.193715999999999894e+03
-2.203739999999999782e+03
-2.194086999999999989e+03
-2.174039999999999964e+03
-2.196686000000000149e+03
-2.190375000000000000e+03
-2.163644999999999982e+03
-2.257570999999999913e+03
-2.228242000000000189e+03
-2.168471000000000004e+03
-2.217105000000000018e+03
-2.205224999999999909e+03
-2.200769999999999982e+03
-2.190003999999999905e+03
-2.223045000000000073e+03
-2.208195000000000164e+03
-2.206338999999999942e+03
-2.217847000000000207e+03
-2.220445999999999913e+03
-2.214876999999999953e+03
-2.252001999999999953e+03
-2.208938000000000102e+03
-2.228242000000000189e+03
-2.275391000000000076e+03
-2.237523999999999887e+03
-2.253487999999999829e+03
-2.268708999999999833e+03
-2.265739000000000033e+03
-2.269079999999999927e+03
-2.245690999999999804e+03
-2.207824000000000069e+03
-2.219704000000000178e+03
-2.234925000000000182e+03
-2.202998000000000047e+03
-2.212650000000000091e+03
-2.221559999999999945e+03
-2.185177000000000135e+03
-2.160675000000000182e+03
-2.207081000000000131e+03
-2.185920000000000073e+03
-2.171070000000000164e+03
-2.206710000000000036e+03
-2.201141000000000076e+03
-2.205967999999999847e+03
-2.212278999999999996e+03
-2.188518999999999778e+03
-2.197429000000000087e+03
-2.238637000000000171e+03
-2.212278999999999996e+03
-2.211536000000000058e+03
-2.232326000000000022e+03
-2.218219000000000051e+03
-2.228614000000000033e+03
-2.234925000000000182e+03
-2.224159000000000106e+03
-2.236409999999999854e+03
-2.230469999999999800e+03
-2.235295999999999822e+03
-2.260541000000000167e+03
-2.280217999999999847e+03
-2.260913000000000011e+03
-2.228614000000000033e+03
-2.290612999999999829e+03
-2.282815999999999804e+03
-2.258313999999999851e+03
-2.313259000000000015e+03
-2.302121000000000095e+03
-2.295068000000000211e+03
-2.295438999999999851e+03
-2.299521999999999935e+03
-2.332934999999999945e+03
-2.348527999999999793e+03
-2.327365999999999985e+03
-2.347784999999999854e+03
-2.376371000000000095e+03
-2.310659999999999854e+03
-2.346300000000000182e+03
-2.366347000000000207e+03
-2.345929000000000087e+03
-2.361150000000000091e+03
-2.398275000000000091e+03
-2.389735999999999876e+03
-2.399760000000000218e+03
-2.406443000000000211e+03
-2.393077999999999975e+03
-2.427603999999999814e+03
-2.432059000000000196e+03
-2.417579999999999927e+03
-2.426119000000000142e+03
-2.446538000000000011e+03
-2.437626999999999953e+03
-2.433543999999999869e+03
-2.457675000000000182e+03
-2.424634000000000015e+03
-2.354838999999999942e+03
-2.367460999999999785e+03
-2.372288000000000011e+03
-2.342586999999999989e+03
-2.345557999999999993e+03
-2.361893000000000029e+03
-2.337760999999999967e+03
-2.370802000000000135e+03
-2.371173999999999978e+03
-2.364862999999999829e+03
-2.403844000000000051e+03
-2.392335000000000036e+03
-2.327737999999999829e+03
-2.312887000000000171e+03
-2.299150999999999840e+03
-2.295809999999999945e+03
-2.306204999999999927e+03
-2.319199000000000069e+03
-2.287643000000000029e+03
-2.307690000000000055e+03
-2.325139000000000124e+03
-2.306576000000000022e+03
-2.318827999999999975e+03
-2.354838999999999942e+03
-2.328851000000000113e+03
-2.360036000000000058e+03
-2.388994000000000142e+03
-2.334420000000000073e+03
-2.356695000000000164e+03
-2.391592999999999847e+03
-2.351869000000000142e+03
-2.363005999999999858e+03
-2.367090000000000146e+03
-2.358922999999999774e+03
-2.355581000000000131e+03
-2.387137000000000171e+03
-2.363376999999999953e+03
-2.325510000000000218e+03
-2.327365999999999985e+03
-2.337389999999999873e+03
-2.345929000000000087e+03
-2.367090000000000146e+03
-2.372288000000000011e+03
-2.358550999999999931e+03
-2.370802000000000135e+03
-2.371545000000000073e+03
-2.370431000000000040e+03
-2.388251000000000204e+03
-2.366719000000000051e+03
-2.389735999999999876e+03
-2.401615999999999985e+03
-2.417951000000000022e+03
-2.397161000000000058e+03
-2.411639999999999873e+03
-2.419436000000000149e+03
-2.358550999999999931e+03
-2.363376999999999953e+03
-2.359293999999999869e+03
-2.368574999999999818e+03
-2.400130999999999858e+03
-2.397903999999999996e+03
-2.378969999999999800e+03
-2.391963999999999942e+03
-2.375628999999999905e+03
-2.347414000000000215e+03
-2.380083999999999833e+03
-2.380454999999999927e+03
-2.364490999999999985e+03
-2.383054000000000087e+03
-2.404958000000000084e+03
-2.361521000000000186e+03
-2.377485000000000127e+03
-2.367090000000000146e+03
-2.363005999999999858e+03
-2.384166999999999916e+03
-2.386394999999999982e+03
-2.394190999999999804e+03
-2.380826000000000022e+03
-2.370802000000000135e+03
-2.362635000000000218e+03
-2.358179999999999836e+03
-2.354096000000000004e+03
-2.352981999999999971e+03
-2.365976000000000113e+03
-2.344815000000000055e+03
-2.329594000000000051e+03
-2.354838999999999942e+03
-2.353353999999999814e+03
-2.351126000000000204e+03
-2.374885999999999967e+03
-2.370802000000000135e+03
-2.356695000000000164e+03
-2.374885999999999967e+03
-2.371545000000000073e+03
-2.372659000000000106e+03
-2.370431000000000040e+03
-2.340360000000000127e+03
-2.308804000000000087e+03
-2.355581000000000131e+03
-2.348898999999999887e+03
-2.319570000000000164e+03
-2.359293999999999869e+03
-2.348527999999999793e+03
-2.318085000000000036e+03
-2.320313000000000102e+03
-2.343329999999999927e+03
-2.328480000000000018e+03
-2.351126000000000204e+03
-2.329594000000000051e+03
-2.325139000000000124e+03
-2.355581000000000131e+03
-2.338875000000000000e+03
-2.342586999999999989e+03
-2.386394999999999982e+03
-2.359293999999999869e+03
-2.354096000000000004e+03
-2.362264000000000124e+03
-2.351126000000000204e+03
-2.302864000000000033e+03
-2.278360999999999876e+03
-2.260541000000000167e+03
-2.262025999999999840e+03
-2.270193999999999960e+03
-2.291355000000000018e+03
-2.278360999999999876e+03
-2.296923999999999978e+03
-2.306576000000000022e+03
-2.274648999999999887e+03
-2.279103999999999814e+03
-2.301750000000000000e+03
-2.277248000000000047e+03
-2.287643000000000029e+03
-2.304349000000000160e+03
-2.258684999999999945e+03
-2.268708999999999833e+03
-2.316599999999999909e+03
-2.296552000000000135e+03
-2.287271000000000186e+03
-2.317342999999999847e+03
-2.291355000000000018e+03
-2.288014000000000124e+03
-2.307318999999999960e+03
-2.301007999999999811e+03
-2.308061000000000149e+03
-2.308432999999999993e+03
-2.302864000000000033e+03
-2.305090999999999894e+03
-2.316971000000000004e+03
-2.316971000000000004e+03
-2.295438999999999851e+03
-2.324768000000000029e+03
-2.325880999999999858e+03
-2.317713999999999942e+03
-2.326994999999999891e+03
-2.319940999999999804e+03
-2.321797999999999774e+03
-2.335905000000000200e+03
-2.331079000000000178e+03
-2.316599999999999909e+03
-2.344443999999999960e+03
-2.336275999999999840e+03
-2.314744000000000142e+03
-2.335163000000000011e+03
-2.335163000000000011e+03
-2.298780000000000200e+03
-2.338503999999999905e+03
-2.344443999999999960e+03
-2.318827999999999975e+03
-2.330708000000000084e+03
-2.317342999999999847e+03
-2.332563999999999851e+03
-2.333306000000000040e+03
-2.330708000000000084e+03
-2.338132999999999811e+03
-2.358179999999999836e+03
-2.344443999999999960e+03
-2.371545000000000073e+03
-2.376742000000000189e+03
-2.348155999999999949e+03
-2.365976000000000113e+03
-2.371916000000000167e+03
-2.361521000000000186e+03
-2.367833000000000084e+03
-2.391592999999999847e+03
-2.384909999999999854e+03
-2.378599000000000160e+03
-2.419807999999999993e+03
