1.243725000000000023e+02
1.043243999999999971e+02
9.875552000000000419e+01
9.467163999999999646e+01
7.202469999999999573e+01
7.313848000000000127e+01
8.836020000000000607e+01
5.494668000000000063e+01
2.004811000000000121e+01
6.645578000000000429e+01
4.789271000000000100e+01
1.782054000000000116e+01
6.868335000000000434e+01
3.267099999999999937e+01
8.539011000000000351e+00
1.856306999999999974e+01
3.972496000000000294e+01
-1.670625000000000071e+01
3.823991999999999791e+01
7.425226999999999800e-01
-2.970000000000000195e+00
-2.598749999999999893e+00
4.826397000000000048e+00
-7.053749999999999964e+00
2.970091000000000037e+00
8.910272000000000858e+00
-2.153249999999999886e+01
-3.712499999999999911e+00
-4.714874999999999972e+01
-2.524500000000000099e+01
-2.190374999999999872e+01
-3.564000000000000057e+01
-5.531624999999999659e+01
-2.784375000000000000e+01
-6.348375000000000057e+01
-8.501624999999999943e+01
-6.014249999999999829e+01
-8.241750000000000398e+01
-9.244124999999999659e+01
-5.346000000000000085e+01
-7.944750000000000512e+01
-1.032074999999999960e+02
-8.353125000000000000e+01
-6.756749999999999545e+01
-8.464499999999999602e+01
-5.717249999999999943e+01
-6.719625000000000625e+01
-8.761499999999999488e+01
-7.387874999999999659e+01
-8.278874999999999318e+01
-8.724375000000000568e+01
-1.091474999999999937e+02
-1.013512000000000057e+02
-1.095187999999999988e+02
-8.093250000000000455e+01
-8.687250000000000227e+01
-1.065488000000000000e+02
-1.239975000000000023e+02
-9.021375000000000455e+01
-1.321649999999999920e+02
-9.801000000000000512e+01
-9.281250000000000000e+01
-1.466437999999999988e+02
-1.262249999999999943e+02
-1.006086999999999989e+02
-1.692899999999999920e+02
-1.551825000000000045e+02
-1.280812999999999988e+02
-1.466437999999999988e+02
-1.473862000000000023e+02
-1.447874999999999943e+02
-1.574099999999999966e+02
-1.410749999999999886e+02
-1.470149999999999864e+02
-1.496137999999999977e+02
-1.507274999999999920e+02
-1.440449999999999875e+02
-1.837687999999999988e+02
-1.600088000000000079e+02
-1.689187000000000012e+02
-1.822838000000000136e+02
-1.815412000000000035e+02
-1.819124999999999943e+02
-1.934211999999999989e+02
-1.993613000000000000e+02
-1.562961999999999989e+02
-1.911938000000000102e+02
-2.101274999999999977e+02
-2.030737000000000023e+02
-2.097563000000000102e+02
-2.260911999999999864e+02
-2.249774999999999920e+02
-2.268337999999999965e+02
-2.227500000000000000e+02
-2.246062000000000012e+02
-2.130974999999999966e+02
-2.424262999999999977e+02
-2.650724999999999909e+02
-2.350012999999999863e+02
-2.427975000000000136e+02
-2.182949999999999875e+02
-2.509650000000000034e+02
-2.743537999999999784e+02
-2.442824999999999989e+02
-2.635874999999999773e+02
-2.747250000000000227e+02
-2.446536999999999864e+02
-2.687850000000000250e+02
-2.739825000000000159e+02
-2.643299999999999841e+02
-2.698987000000000194e+02
-2.888324999999999818e+02
-2.661861999999999853e+02
-2.992275000000000205e+02
-3.133349999999999795e+02
-2.992275000000000205e+02
-3.103650000000000091e+02
-2.661861999999999853e+02
-2.591324999999999932e+02
-2.665575000000000045e+02
-2.324025000000000034e+02
-2.416836999999999875e+02
-2.647013000000000034e+02
-2.465099999999999909e+02
-2.461387000000000000e+02
-2.353725000000000023e+02
-2.773238000000000056e+02
-2.491086999999999989e+02
-2.565337999999999852e+02
-2.550488000000000000e+02
-2.754674999999999727e+02
-2.572762000000000171e+02
-2.513362999999999943e+02
-2.654438000000000102e+02
-2.580187000000000239e+02
-2.866050000000000182e+02
-2.851200000000000045e+02
-3.029399999999999977e+02
-2.866050000000000182e+02
-2.728686999999999898e+02
-2.799225000000000136e+02
-2.888324999999999818e+02
-3.070237000000000194e+02
-3.081374999999999886e+02
-3.344961999999999875e+02
-3.096225000000000023e+02
-3.411786999999999921e+02
-3.389513000000000034e+02
-3.385799999999999841e+02
-3.389513000000000034e+02
-3.534300000000000068e+02
-3.519449999999999932e+02
-3.500887000000000171e+02
-3.849863000000000284e+02
-3.448913000000000011e+02
-3.330113000000000056e+02
-3.456338000000000079e+02
-3.422925000000000182e+02
-3.070237000000000194e+02
-3.259574999999999818e+02
-3.025688000000000102e+02
-2.806650000000000205e+02
-3.163050000000000068e+02
-3.133349999999999795e+02
-3.237300000000000182e+02
-3.036825000000000045e+02
-3.055387999999999806e+02
-2.992275000000000205e+02
-3.255862000000000194e+02
-2.925450000000000159e+02
-3.096225000000000023e+02
-3.315262000000000171e+02
-2.995987999999999829e+02
-3.025688000000000102e+02
-3.222450000000000045e+02
-3.300412999999999784e+02
-3.326399999999999864e+02
-3.411786999999999921e+02
-3.367237999999999829e+02
-3.326399999999999864e+02
-3.586274999999999977e+02
-3.482325000000000159e+02
-3.404361999999999853e+02
-3.144488000000000056e+02
-3.296700000000000159e+02
-3.081374999999999886e+02
-3.170475000000000136e+02
-3.140774999999999864e+02
-3.311549999999999727e+02
-3.467475000000000023e+02
-3.289275000000000091e+02
-3.215024999999999977e+02
-3.512024999999999864e+02
-3.281850000000000023e+02
-3.367237999999999829e+02
-3.582563000000000102e+02
-3.608550000000000182e+02
-3.359812999999999761e+02
-3.549150000000000205e+02
-3.081374999999999886e+02
-2.357437999999999931e+02
-2.379713000000000136e+02
-2.539350000000000023e+02
-2.457675000000000125e+02
-2.517075000000000102e+02
-2.598750000000000000e+02
-2.398274999999999864e+02
-2.680425000000000182e+02
-2.483662999999999954e+02
-2.580187000000000239e+02
-2.580187000000000239e+02
-2.468813000000000102e+02
-2.305461999999999989e+02
-2.394562999999999988e+02
-2.212649999999999864e+02
-2.208937999999999988e+02
-2.197800000000000011e+02
-2.160674999999999955e+02
-2.298037999999999954e+02
-2.298037999999999954e+02
-2.041875000000000000e+02
-2.034449999999999932e+02
-2.398274999999999864e+02
-2.179238000000000000e+02
-2.253488000000000113e+02
-2.260911999999999864e+02
-2.279474999999999909e+02
-2.320312999999999874e+02
-2.253488000000000113e+02
-2.268337999999999965e+02
-2.208937999999999988e+02
-2.090137000000000000e+02
-2.175525000000000091e+02
-2.205225000000000080e+02
-2.368574999999999875e+02
-2.327737999999999943e+02
-2.401987000000000023e+02
-2.457675000000000125e+02
-2.316599999999999966e+02
-2.268337999999999965e+02
-2.398274999999999864e+02
-2.164387999999999863e+02
-2.197800000000000011e+02
-2.491086999999999989e+02
-2.535637999999999863e+02
-2.216362000000000023e+02
-2.123549999999999898e+02
-2.179238000000000000e+02
-1.941638000000000090e+02
-1.228837999999999937e+02
-1.381049999999999898e+02
-1.329074999999999989e+02
-1.529550000000000125e+02
-1.507274999999999920e+02
-1.436738000000000000e+02
-1.574099999999999966e+02
-1.585237999999999943e+02
-1.592663000000000011e+02
-1.440449999999999875e+02
-1.492425000000000068e+02
-1.518411999999999864e+02
-1.336500000000000057e+02
-1.407038000000000011e+02
-1.362487000000000137e+02
-1.284524999999999864e+02
-1.481288000000000125e+02
-1.236263000000000005e+02
-1.150875000000000057e+02
-1.544399999999999977e+02
-1.343925000000000125e+02
-1.262249999999999943e+02
-1.503562000000000012e+02
-1.529550000000000125e+02
-1.184287000000000063e+02
-1.566674999999999898e+02
-1.555537999999999954e+02
-1.507274999999999920e+02
-1.280812999999999988e+02
-1.485000000000000000e+02
-1.258538000000000068e+02
-1.481288000000000125e+02
-1.607512999999999863e+02
-1.351349999999999909e+02
-1.611225000000000023e+02
-1.262249999999999943e+02
-1.269675000000000011e+02
-1.280812999999999988e+02
-1.239975000000000023e+02
-1.325363000000000113e+02
-1.199137000000000057e+02
-1.158299999999999983e+02
-1.273388000000000062e+02
-1.395900000000000034e+02
-1.232549999999999955e+02
-1.314225000000000136e+02
-1.429311999999999898e+02
-1.180575000000000045e+02
-1.262249999999999943e+02
-1.369912999999999954e+02
-1.303086999999999875e+02
-1.306800000000000068e+02
-1.529550000000000125e+02
-1.496137999999999977e+02
-1.436738000000000000e+02
-1.392187999999999874e+02
-1.451588000000000136e+02
-1.373625000000000114e+02
-1.514699999999999989e+02
-1.429311999999999898e+02
-1.303086999999999875e+02
-1.429311999999999898e+02
-1.410749999999999886e+02
-1.533262000000000000e+02
-1.429311999999999898e+02
-1.581525000000000034e+02
-1.566674999999999898e+02
-1.581525000000000034e+02
-1.455300000000000011e+02
-1.588950000000000102e+02
-1.614937999999999931e+02
-1.291949999999999932e+02
-1.440449999999999875e+02
-1.655774999999999864e+02
-1.277099999999999937e+02
-1.418174999999999955e+02
-1.600088000000000079e+02
-1.336500000000000057e+02
-1.373625000000000114e+02
-1.536974999999999909e+02
-1.525837999999999965e+02
-1.481288000000000125e+02
-1.366200000000000045e+02
-1.366200000000000045e+02
-1.273388000000000062e+02
-1.477574999999999932e+02
-1.347637000000000000e+02
-1.425600000000000023e+02
-1.488711999999999875e+02
-1.522125000000000057e+02
-1.555537999999999954e+02
-1.510988000000000113e+02
-1.622363000000000000e+02
-1.570388000000000090e+02
-1.466437999999999988e+02
-1.451588000000000136e+02
-1.351349999999999909e+02
-1.291949999999999932e+02
-1.425600000000000023e+02
-1.399612999999999943e+02
-1.355063000000000102e+02
-1.421887999999999863e+02
-1.462725000000000080e+02
-1.603799999999999955e+02
-1.611225000000000023e+02
-1.265962999999999994e+02
-1.536974999999999909e+02
-1.522125000000000057e+02
-1.455300000000000011e+02
-1.459011999999999887e+02
-1.499850000000000136e+02
-1.529550000000000125e+02
-1.588950000000000102e+02
-1.648350000000000080e+02
-1.570388000000000090e+02
-1.607512999999999863e+02
-1.748586999999999989e+02
-1.518411999999999864e+02
-1.741162999999999954e+02
-1.759724999999999966e+02
-1.640925000000000011e+02
-1.600088000000000079e+02
-1.566674999999999898e+02
-1.707750000000000057e+02
-1.681762999999999977e+02
-1.559250000000000114e+02
-1.796850000000000023e+02
-1.559250000000000114e+02
-1.518411999999999864e+02
-1.644636999999999887e+02
-1.570388000000000090e+02
-1.481288000000000125e+02
-1.355063000000000102e+02
-1.381049999999999898e+02
-1.566674999999999898e+02
-1.488711999999999875e+02
-1.470149999999999864e+02
-1.570388000000000090e+02
-1.507274999999999920e+02
-1.369912999999999954e+02
-1.440449999999999875e+02
-1.529550000000000125e+02
-1.588950000000000102e+02
-1.347637000000000000e+02
-1.440449999999999875e+02
-1.585237999999999943e+02
-1.503562000000000012e+02
-1.577812999999999874e+02
-1.737450000000000045e+02
-1.525837999999999965e+02
-1.540688000000000102e+02
-1.581525000000000034e+02
-1.451588000000000136e+02
-1.425600000000000023e+02
-1.618650000000000091e+02
-1.525837999999999965e+02
-1.392187999999999874e+02
-1.343925000000000125e+02
-1.536974999999999909e+02
-1.462725000000000080e+02
-1.559250000000000114e+02
-1.718887000000000000e+02
-1.741162999999999954e+02
