-2.415724000000000160e+03
-2.436143000000000029e+03
-2.446909000000000106e+03
-2.461387000000000171e+03
-2.438740999999999985e+03
-2.472896000000000186e+03
-2.484405000000000200e+03
-2.451735000000000127e+03
-2.487375000000000000e+03
-2.452849000000000160e+03
-2.471411000000000058e+03
-2.501853999999999814e+03
-2.482548999999999978e+03
-2.513362999999999829e+03
-2.520416000000000167e+03
-2.528583999999999833e+03
-2.513362999999999829e+03
-2.554570999999999913e+03
-2.535266000000000076e+03
-2.547518000000000029e+03
-2.563853000000000065e+03
-2.582414999999999964e+03
-2.565338000000000193e+03
-2.558655000000000200e+03
-2.580929999999999836e+03
-2.543434000000000196e+03
-2.567936000000000149e+03
-2.567936000000000149e+03
-2.565338000000000193e+03
-2.608030999999999949e+03
-2.647384000000000015e+03
-2.598007999999999811e+03
-2.623623999999999796e+03
-2.599864000000000033e+03
-2.605804000000000087e+03
-2.644041999999999916e+03
-2.630306000000000040e+03
-2.639588000000000193e+03
-2.612856999999999971e+03
-2.619539999999999964e+03
-2.617684000000000196e+03
-2.624365999999999985e+03
-2.680054000000000087e+03
-2.645898999999999887e+03
-2.657778999999999996e+03
-2.673742000000000189e+03
-2.645155999999999949e+03
-2.640701000000000022e+03
-2.671885999999999967e+03
-2.646269999999999982e+03
-2.681539000000000215e+03
-2.713094999999999800e+03
-2.686735999999999876e+03
-2.713838000000000193e+03
-2.721634000000000015e+03
-2.721262000000000171e+03
-2.719034999999999854e+03
-2.725717999999999847e+03
-2.689706000000000131e+03
-2.745764999999999873e+03
-2.724603999999999814e+03
-2.729059000000000196e+03
-2.743166000000000167e+03
-2.726831000000000131e+03
-2.724231999999999971e+03
-2.753561000000000149e+03
-2.734998999999999796e+03
-2.737597000000000207e+03
-2.743166000000000167e+03
-2.754675000000000182e+03
-2.700844000000000051e+03
-2.801452999999999975e+03
-2.754304000000000087e+03
-2.796998000000000047e+03
-2.801824000000000069e+03
-2.794769999999999982e+03
-2.775835999999999785e+03
-2.799596000000000004e+03
-2.826326000000000022e+03
-2.806278999999999996e+03
-2.833380000000000109e+03
-2.824099000000000160e+03
-2.792541999999999916e+03
-2.825583999999999833e+03
-2.814818000000000211e+03
-2.809248999999999796e+03
-2.826326000000000022e+03
-2.846001999999999953e+03
-2.798110999999999876e+03
-2.821128999999999905e+03
-2.870134000000000015e+03
-2.858625000000000000e+03
-2.846001999999999953e+03
-2.898719999999999800e+03
-2.861965999999999894e+03
-2.851570999999999913e+03
-2.893893999999999778e+03
-2.893521999999999935e+03
-2.905402999999999793e+03
-2.926563999999999851e+03
-2.950695000000000164e+03
-2.913570000000000164e+03
-2.912456000000000131e+03
-2.882014000000000124e+03
-2.820757999999999811e+03
-2.882385000000000218e+03
-2.876074000000000069e+03
-2.821500000000000000e+03
-2.905773999999999887e+03
-2.841547999999999774e+03
-2.862708999999999833e+03
-2.884983999999999924e+03
-2.887210999999999785e+03
-2.878300999999999931e+03
-2.890181000000000040e+03
-2.919510000000000218e+03
-2.910228999999999814e+03
-2.923222000000000207e+03
-2.899833999999999833e+03
-2.896492000000000189e+03
-2.943641000000000076e+03
-2.944755000000000109e+03
-2.888695999999999913e+03
-2.965545000000000073e+03
-2.935844999999999800e+03
-2.911713999999999942e+03
-2.958490999999999985e+03
-2.971856000000000222e+03
-2.910599999999999909e+03
-2.958862999999999829e+03
-2.957376999999999953e+03
-2.941414000000000215e+03
-2.953293999999999869e+03
-2.957376999999999953e+03
-2.936588000000000193e+03
-2.945869000000000142e+03
-2.970742000000000189e+03
-2.935103000000000065e+03
-2.924335999999999785e+03
-2.904289000000000215e+03
-2.915425999999999931e+03
-2.879043999999999869e+03
-2.892038000000000011e+03
-2.880157000000000153e+03
-2.909856999999999971e+03
-2.859739000000000033e+03
-2.841547999999999774e+03
-2.824099000000000160e+03
-2.825213000000000193e+03
-2.824099000000000160e+03
-2.791057999999999993e+03
-2.821871000000000095e+03
-2.830039000000000215e+03
-2.773608999999999924e+03
-2.843403999999999996e+03
-2.791800000000000182e+03
-2.805536000000000058e+03
-2.810362999999999829e+03
-2.818900999999999840e+03
-2.822985000000000127e+03
-2.834494000000000142e+03
-2.779920000000000073e+03
-2.812960999999999785e+03
-2.822614000000000033e+03
-2.807021000000000186e+03
-2.841175999999999931e+03
-2.817416000000000167e+03
-2.866050000000000182e+03
-2.845260000000000218e+03
-2.881643000000000029e+03
-2.857139999999999873e+03
-2.856025999999999840e+03
-2.911342999999999847e+03
-2.884612999999999829e+03
-2.889438999999999851e+03
-2.908001000000000204e+03
-2.862708999999999833e+03
-2.877188000000000102e+03
-2.851943000000000211e+03
-2.822242000000000189e+03
-2.844518000000000029e+03
-2.879786000000000058e+03
-2.845260000000000218e+03
-2.855655000000000200e+03
-2.876074000000000069e+03
-2.853798999999999978e+03
-2.844518000000000029e+03
-2.857882999999999811e+03
-2.860110000000000127e+03
-2.871619000000000142e+03
-2.905773999999999887e+03
-2.871989999999999782e+03
-2.872731999999999971e+03
-2.875702999999999975e+03
-2.849344000000000051e+03
-2.886097000000000207e+03
-2.893150999999999840e+03
-2.882385000000000218e+03
-2.901318999999999960e+03
-2.945498000000000047e+03
-2.895378999999999905e+03
-2.894635999999999967e+03
-2.902804000000000087e+03
-2.910971000000000004e+03
-2.882014000000000124e+03
-2.927306000000000040e+03
-2.888324999999999818e+03
-2.884240999999999985e+03
-2.947353999999999814e+03
-2.893521999999999935e+03
-2.884612999999999829e+03
-2.921737999999999829e+03
-2.874960000000000036e+03
-2.875331000000000131e+03
-2.907259000000000015e+03
-2.891666000000000167e+03
-2.911342999999999847e+03
-2.941041999999999916e+03
-2.905030999999999949e+03
-2.920623999999999796e+03
-2.941784999999999854e+03
-2.955150000000000091e+03
-2.932503999999999905e+03
-2.955893000000000029e+03
-2.937329999999999927e+03
-2.825583999999999833e+03
-2.860110000000000127e+03
-2.888695999999999913e+03
-2.860110000000000127e+03
-2.871619000000000142e+03
-2.875702999999999975e+03
-2.848601000000000113e+03
-2.841547999999999774e+03
-2.859367000000000189e+03
-2.834123000000000047e+03
-2.858253999999999905e+03
-2.860110000000000127e+03
-2.835235999999999876e+03
-2.812219000000000051e+03
-2.846744999999999891e+03
-2.800338999999999942e+03
-2.806278999999999996e+03
-2.815931000000000040e+03
-2.803309000000000196e+03
-2.805536000000000058e+03
-2.832266000000000076e+03
-2.809990999999999985e+03
-2.801452999999999975e+03
-2.812219000000000051e+03
-2.765440999999999804e+03
-2.760985999999999876e+03
-2.795884000000000015e+03
-2.796998000000000047e+03
-2.800710000000000036e+03
-2.815931000000000040e+03
-2.795141000000000076e+03
-2.764327999999999975e+03
-2.809990999999999985e+03
-2.782146999999999935e+03
-2.818530000000000200e+03
-2.816673999999999978e+03
-2.794398999999999887e+03
-2.767668999999999869e+03
-2.829666999999999916e+03
-2.772494999999999891e+03
-2.832266000000000076e+03
-2.824099000000000160e+03
-2.839320000000000164e+03
-2.824469999999999800e+03
-2.858253999999999905e+03
-2.836721000000000004e+03
-2.831152999999999793e+03
-2.864193999999999960e+03
-2.857139999999999873e+03
-2.846001999999999953e+03
-2.892038000000000011e+03
-2.860110000000000127e+03
-2.873846000000000004e+03
-2.872360999999999876e+03
-2.884983999999999924e+03
-2.883126999999999953e+03
-2.932132999999999811e+03
-2.892409000000000106e+03
-2.890923999999999978e+03
-2.920623999999999796e+03
-2.877559000000000196e+03
-2.900576000000000022e+03
-2.915425999999999931e+03
-2.904289000000000215e+03
-2.882014000000000124e+03
-2.925079000000000178e+03
-2.912827999999999975e+03
-2.892038000000000011e+03
-2.923222000000000207e+03
-2.913199000000000069e+03
-2.943269999999999982e+03
-2.920623999999999796e+03
-2.935103000000000065e+03
-2.907259000000000015e+03
-2.982251000000000204e+03
-2.955150000000000091e+03
-2.912456000000000131e+03
-2.942527999999999793e+03
-2.945126000000000204e+03
-2.922480000000000018e+03
-2.986335000000000036e+03
-2.967030000000000200e+03
-2.984106999999999971e+03
-2.997844000000000051e+03
-2.984106999999999971e+03
-2.967771999999999935e+03
-2.965545000000000073e+03
-2.977795999999999822e+03
-2.948096000000000004e+03
-2.993760000000000218e+03
-2.980394999999999982e+03
-2.964431000000000040e+03
-2.998958000000000084e+03
-2.982623000000000047e+03
-2.975940000000000055e+03
-2.997472000000000207e+03
-3.020489999999999782e+03
-2.987449000000000069e+03
-3.001927000000000135e+03
-2.982251000000000204e+03
-2.961090000000000146e+03
-2.970742000000000189e+03
-3.025315999999999804e+03
-2.938815000000000055e+03
-2.997844000000000051e+03
-3.007867000000000189e+03
-3.005639999999999873e+03
-2.984849999999999909e+03
-3.039423999999999978e+03
-3.011208999999999833e+03
-3.037195999999999913e+03
-3.062440999999999804e+03
-3.037195999999999913e+03
-3.052789000000000215e+03
-3.055016000000000076e+03
-3.013436000000000149e+03
-2.996358999999999924e+03
-3.025688000000000102e+03
-3.018634000000000015e+03
-3.004896999999999935e+03
-3.039795000000000073e+03
-3.009724000000000160e+03
-3.024202999999999975e+03
-3.062070000000000164e+03
-3.030885000000000218e+03
-3.047963000000000193e+03
-3.103650000000000091e+03
-3.076177000000000135e+03
-3.062440999999999804e+03
-3.081375000000000000e+03
-3.033112999999999829e+03
-3.047963000000000193e+03
-3.031626999999999953e+03
-3.054644999999999982e+03
-2.990789999999999964e+03
-3.073208000000000084e+03
-3.052045999999999822e+03
-3.019748000000000047e+03
-3.055759000000000015e+03
-3.055387000000000171e+03
-3.071722000000000207e+03
-3.088429000000000087e+03
-3.065411000000000058e+03
-3.024945000000000164e+03
-3.088800000000000182e+03
-3.075434999999999945e+03
-3.058728999999999814e+03
-3.071722000000000207e+03
-3.093626000000000204e+03
-3.053902999999999793e+03
-3.076548999999999978e+03
-3.097338999999999942e+03
-3.053902999999999793e+03
-3.115159000000000106e+03
-3.093255000000000109e+03
-3.093255000000000109e+03
-3.099938000000000102e+03
-3.120356000000000222e+03
-3.105135000000000218e+03
-3.117757999999999811e+03
-3.104021000000000186e+03
-3.086943999999999960e+03
-3.121469999999999800e+03
-3.106990999999999985e+03
-3.046106000000000222e+03
-3.054644999999999982e+03
-3.065782000000000153e+03
-3.056873000000000047e+03
-3.088057999999999993e+03
-3.074693000000000211e+03
-3.073949999999999818e+03
-3.115900999999999840e+03
-3.067639000000000124e+03
-3.093998000000000047e+03
-3.085458999999999833e+03
-3.105135000000000218e+03
-3.092512000000000171e+03
-3.101793999999999869e+03
-3.099565999999999804e+03
-3.118128999999999905e+03
-3.094369000000000142e+03
-3.123326000000000022e+03
-3.108847000000000207e+03
-3.153025999999999840e+03
-3.133349999999999909e+03
-3.115900999999999840e+03
-3.163791999999999916e+03
