-1.059919000000000096e+03
-1.059175999999999931e+03
-1.045810999999999922e+03
-1.068828999999999951e+03
-1.074026000000000067e+03
-1.078109999999999900e+03
-1.122288999999999987e+03
-1.143820999999999913e+03
-1.099270999999999958e+03
-1.132683999999999969e+03
-1.143450000000000045e+03
-1.118576000000000022e+03
-1.166838999999999942e+03
-1.176490999999999985e+03
-1.138624000000000024e+03
-1.228837999999999965e+03
-1.210645999999999958e+03
-1.157557000000000016e+03
-1.248513999999999896e+03
-1.252969000000000051e+03
-1.215844000000000051e+03
-1.247028999999999996e+03
-1.271160000000000082e+03
-1.266704999999999927e+03
-1.287865999999999985e+03
-1.314596000000000004e+03
-1.306799999999999955e+03
-1.303087999999999965e+03
-1.343924999999999955e+03
-1.301603000000000065e+03
-1.340584000000000060e+03
-1.378451000000000022e+03
-1.329817999999999984e+03
-1.348750999999999976e+03
-1.409635999999999967e+03
-1.353205999999999904e+03
-1.391444999999999936e+03
-1.413348999999999933e+03
-1.389588999999999942e+03
-1.421144999999999982e+03
-1.427085000000000036e+03
-1.460498000000000047e+03
-1.442306000000000040e+03
-1.430797000000000025e+03
-1.441564000000000078e+03
-1.468294000000000096e+03
-1.502077999999999975e+03
-1.476833000000000084e+03
-1.512844000000000051e+03
-1.518040999999999940e+03
-1.505047000000000025e+03
-1.508388999999999896e+03
-1.513958000000000084e+03
-1.505419000000000096e+03
-1.495394999999999982e+03
-1.524353000000000065e+03
-1.509131000000000085e+03
-1.492054000000000087e+03
-1.543286000000000058e+03
-1.548113000000000056e+03
-1.503191000000000031e+03
-1.549597999999999956e+03
-1.546627999999999929e+03
-1.513214999999999918e+03
-1.538460000000000036e+03
-1.536604000000000042e+03
-1.518784000000000106e+03
-1.556279999999999973e+03
-1.540316000000000031e+03
-1.542544000000000096e+03
-1.576699000000000069e+03
-1.559992999999999938e+03
-1.565190000000000055e+03
-1.596746000000000095e+03
-1.548483999999999924e+03
-1.580039999999999964e+03
-1.624961000000000013e+03
-1.594519000000000005e+03
-1.610111000000000104e+03
-1.622733999999999924e+03
-1.626075000000000045e+03
-1.634614000000000033e+03
-1.636098999999999933e+03
-1.628301999999999907e+03
-1.634242999999999938e+03
-1.679905999999999949e+03
-1.663570999999999913e+03
-1.660601000000000113e+03
-1.693642000000000053e+03
-1.727797000000000025e+03
-1.674337999999999965e+03
-1.722971000000000004e+03
-1.696240999999999985e+03
-1.686588999999999942e+03
-1.704779999999999973e+03
-1.681391000000000076e+03
-1.686218000000000075e+03
-1.709234999999999900e+03
-1.688444999999999936e+03
-1.693270999999999958e+03
-1.702923999999999978e+03
-1.672109999999999900e+03
-1.665056000000000040e+03
-1.709234999999999900e+03
-1.701067999999999984e+03
-1.687330999999999904e+03
-1.733738000000000056e+03
-1.719630000000000109e+03
-1.716660000000000082e+03
-1.748587999999999965e+03
-1.722971000000000004e+03
-1.691414999999999964e+03
-1.730025000000000091e+03
-1.719630000000000109e+03
-1.715546000000000049e+03
-1.748215999999999894e+03
-1.752299999999999955e+03
-1.744133000000000038e+03
-1.739676999999999907e+03
-1.744875000000000000e+03
-1.733738000000000056e+03
-1.760096000000000004e+03
-1.787940000000000055e+03
-1.737078999999999951e+03
-1.781628999999999905e+03
-1.777173999999999978e+03
-1.772347999999999956e+03
-1.772719000000000051e+03
-1.789054000000000087e+03
-1.757868999999999915e+03
-1.784970000000000027e+03
-1.787568999999999960e+03
-1.749329999999999927e+03
-1.806131000000000085e+03
-1.812442999999999984e+03
-1.782000000000000000e+03
-1.784598999999999933e+03
-1.822465999999999894e+03
-1.801305000000000064e+03
-1.798335000000000036e+03
-1.843627999999999929e+03
-1.800191000000000031e+03
-1.805388999999999896e+03
-1.823579999999999927e+03
-1.805759999999999991e+03
-1.796849999999999909e+03
-1.839172000000000025e+03
-1.803903999999999996e+03
-1.829891000000000076e+03
-1.844740999999999985e+03
-1.831005000000000109e+03
-1.820980999999999995e+03
-1.854394000000000005e+03
-1.841770999999999958e+03
-1.829148999999999887e+03
-1.875925999999999931e+03
-1.889290999999999940e+03
-1.864788999999999987e+03
-1.883351000000000113e+03
-1.901913999999999987e+03
-1.900057000000000016e+03
-1.880752999999999929e+03
-1.897459000000000060e+03
-1.900429000000000087e+03
-1.889662000000000035e+03
-1.892260999999999967e+03
-1.893003999999999905e+03
-1.913422000000000025e+03
-1.899685999999999922e+03
-1.929758000000000038e+03
-1.914164999999999964e+03
-1.921961000000000013e+03
-1.940523999999999887e+03
-1.923817999999999984e+03
-1.940523999999999887e+03
-1.947949000000000069e+03
-1.950175999999999931e+03
-1.956858999999999924e+03
-1.963912000000000035e+03
-1.960200000000000045e+03
-1.969480999999999995e+03
-1.945721000000000004e+03
-1.974679000000000087e+03
-1.983588999999999942e+03
-1.980248000000000047e+03
-1.985816000000000031e+03
-1.993240999999999985e+03
-1.978019999999999982e+03
-1.991756000000000085e+03
-1.988414999999999964e+03
-1.994355000000000018e+03
-2.025539999999999964e+03
-2.000665999999999940e+03
-2.035934999999999945e+03
-2.034450000000000045e+03
-2.001409000000000106e+03
-1.981361000000000104e+03
-1.983588999999999942e+03
-2.007720000000000027e+03
-1.990643000000000029e+03
-1.998809999999999945e+03
-1.984330999999999904e+03
-1.986930000000000064e+03
-2.022569999999999936e+03
-2.021455999999999904e+03
-1.990643000000000029e+03
-2.038534000000000106e+03
-2.032594000000000051e+03
-2.019229000000000042e+03
-2.071574999999999818e+03
-2.061179999999999836e+03
-2.061179999999999836e+03
-2.083454999999999927e+03
-2.086425000000000182e+03
-2.055610999999999876e+03
-2.091623000000000047e+03
-2.103501999999999953e+03
-2.073059999999999945e+03
-2.107215000000000146e+03
-2.106844000000000051e+03
-2.120208999999999833e+03
-2.129119000000000142e+03
-2.152878999999999905e+03
-2.119836999999999989e+03
-2.134315999999999804e+03
-2.153621000000000095e+03
-2.119094999999999800e+03
-2.145824999999999818e+03
-2.170699000000000069e+03
-2.146938999999999851e+03
-2.160304000000000087e+03
-2.169585000000000036e+03
-2.151393999999999778e+03
-2.166244000000000142e+03
-2.155478000000000065e+03
-2.129860999999999876e+03
-2.153992000000000189e+03
-2.175896000000000186e+03
-2.183320999999999913e+03
-2.188518999999999778e+03
-2.216362999999999829e+03
-2.221188999999999851e+03
-2.204110999999999876e+03
-2.227871000000000095e+03
-2.250889000000000124e+03
-2.207081000000000131e+03
-2.227128999999999905e+03
-2.279846000000000004e+03
-2.253858999999999924e+03
-2.254972000000000207e+03
-2.263139999999999873e+03
-2.281331000000000131e+03
-2.280588999999999942e+03
-2.272050000000000182e+03
-2.290240999999999985e+03
-2.309545999999999822e+03
-2.316599999999999909e+03
-2.300635999999999967e+03
-2.309545999999999822e+03
-2.316971000000000004e+03
-2.315856999999999971e+03
-2.273164000000000215e+03
-2.296181000000000040e+03
-2.293954000000000178e+03
-2.295068000000000211e+03
-2.284300999999999931e+03
-2.275762000000000171e+03
-2.259798999999999978e+03
-2.270936000000000149e+03
-2.239380000000000109e+03
-2.269451000000000022e+03
-2.264253999999999905e+03
-2.264253999999999905e+03
-2.280960000000000036e+03
-2.272050000000000182e+03
-2.246434000000000196e+03
-2.265739000000000033e+03
-2.267224000000000160e+03
-2.241235999999999876e+03
-2.234925000000000182e+03
-2.249032000000000153e+03
-2.277989999999999782e+03
-2.263139999999999873e+03
-2.255715000000000146e+03
-2.286900000000000091e+03
-2.286900000000000091e+03
-2.289869999999999891e+03
-2.298038000000000011e+03
-2.296181000000000040e+03
-2.254601000000000113e+03
-2.207824000000000069e+03
-2.230099000000000160e+03
-2.248289999999999964e+03
-2.229728000000000065e+03
-2.277248000000000047e+03
-2.243835000000000036e+03
-2.237523999999999887e+03
-2.256458000000000084e+03
-2.254601000000000113e+03
-2.252001999999999953e+03
-2.268336999999999989e+03
-2.239751000000000204e+03
-2.234182999999999993e+03
-2.252744999999999891e+03
-2.232697999999999865e+03
-2.223416000000000167e+03
-2.220445999999999913e+03
-2.221931000000000040e+03
-2.223788000000000011e+03
-2.227128999999999905e+03
-2.238637000000000171e+03
-2.230469999999999800e+03
-2.225643999999999778e+03
-2.257199999999999818e+03
-2.228242000000000189e+03
-2.233440000000000055e+03
-2.255344000000000051e+03
-2.233440000000000055e+03
-2.233811000000000149e+03
-2.241235999999999876e+03
-2.218960999999999785e+03
-2.221931000000000040e+03
-2.234925000000000182e+03
-2.223045000000000073e+03
-2.229728000000000065e+03
-2.244949000000000069e+03
-2.246434000000000196e+03
-2.252001999999999953e+03
-2.260913000000000011e+03
-2.257199999999999818e+03
-2.227128999999999905e+03
-2.252001999999999953e+03
-2.264625000000000000e+03
-2.234925000000000182e+03
-2.270565000000000055e+03
-2.277989999999999782e+03
-2.251630999999999858e+03
-2.275391000000000076e+03
-2.299150999999999840e+03
-2.273534999999999854e+03
-2.278360999999999876e+03
-2.285786000000000058e+03
-2.263139999999999873e+03
-2.280217999999999847e+03
-2.287271000000000186e+03
-2.257943000000000211e+03
-2.275762000000000171e+03
-2.284672999999999774e+03
-2.273534999999999854e+03
-2.292469000000000051e+03
-2.307318999999999960e+03
-2.296923999999999978e+03
-2.314744000000000142e+03
-2.324396000000000186e+03
-2.293583000000000084e+03
-2.334420000000000073e+03
-2.314001000000000204e+03
-2.312516000000000076e+03
-2.308061000000000149e+03
-2.312144999999999982e+03
-2.309175000000000182e+03
-2.326994999999999891e+03
-2.321054999999999836e+03
-2.303978000000000065e+03
-2.321797999999999774e+03
-2.320684000000000196e+03
-2.321425999999999931e+03
-2.315856999999999971e+03
-2.338132999999999811e+03
-2.296923999999999978e+03
-2.288755999999999858e+03
-2.325510000000000218e+03
-2.340360000000000127e+03
-2.308804000000000087e+03
-2.328108999999999924e+03
-2.323282000000000153e+03
-2.338875000000000000e+03
-2.311773999999999887e+03
-2.301007999999999811e+03
-2.310289000000000215e+03
-2.311402999999999793e+03
-2.319199000000000069e+03
-2.303606000000000222e+03
-2.348898999999999887e+03
-2.355952999999999975e+03
-2.350384000000000015e+03
-2.367090000000000146e+03
-2.363376999999999953e+03
-2.349269999999999982e+03
-2.366347000000000207e+03
-2.344443999999999960e+03
-2.327365999999999985e+03
-2.346300000000000182e+03
-2.337018999999999778e+03
-2.347414000000000215e+03
-2.358179999999999836e+03
-2.344072999999999865e+03
-2.354838999999999942e+03
-2.335163000000000011e+03
-2.322539999999999964e+03
-2.330335999999999785e+03
-2.324025000000000091e+03
-2.341103000000000065e+03
-2.341103000000000065e+03
-2.357809000000000196e+03
-2.353724999999999909e+03
-2.375628999999999905e+03
-2.375257999999999811e+03
-2.368945999999999913e+03
-2.352610999999999876e+03
-2.358922999999999774e+03
-2.347041999999999916e+03
