-2.703070999999999913e+03
-2.716436000000000149e+03
-2.717550000000000182e+03
-2.731286000000000058e+03
-2.729059000000000196e+03
-2.762099999999999909e+03
-2.760985999999999876e+03
-2.778806000000000040e+03
-2.827068999999999960e+03
-2.782146999999999935e+03
-2.830039000000000215e+03
-2.824840999999999894e+03
-2.819271999999999935e+03
-2.833751000000000204e+03
-2.869762000000000171e+03
-2.858625000000000000e+03
-2.883126999999999953e+03
-2.910599999999999909e+03
-2.871248000000000047e+03
-2.949210000000000036e+03
-2.923965000000000146e+03
-2.946981999999999971e+03
-2.951438000000000102e+03
-2.961460999999999785e+03
-2.949581000000000131e+03
-2.968514999999999873e+03
-2.981880000000000109e+03
-2.913199000000000069e+03
-3.030143000000000029e+03
-3.011208999999999833e+03
-3.019376000000000204e+03
-2.991161000000000058e+03
-3.028286000000000058e+03
-3.013436000000000149e+03
-3.029400000000000091e+03
-3.063184000000000196e+03
-3.030885000000000218e+03
-3.065782000000000153e+03
-3.082489000000000033e+03
-3.091398999999999887e+03
-3.091769999999999982e+03
-3.145230000000000018e+03
-3.117757999999999811e+03
-3.117757999999999811e+03
-3.160451000000000022e+03
-3.118128999999999905e+03
-3.192750000000000000e+03
-3.137804999999999836e+03
-3.145972000000000207e+03
-3.170103999999999814e+03
-3.216880999999999858e+03
-3.181612999999999829e+03
-3.186438999999999851e+03
-3.209456000000000131e+03
-3.185695999999999913e+03
-3.236929000000000087e+03
-3.200916999999999916e+03
-3.247695000000000164e+03
-3.217251999999999953e+03
-3.252521000000000186e+03
-3.245096000000000004e+03
-3.267371000000000095e+03
-3.271826000000000022e+03
-3.261059999999999945e+03
-3.305239000000000033e+03
-3.307094999999999800e+03
-3.298184999999999945e+03
-3.270713000000000193e+03
-3.340878999999999905e+03
-3.300041000000000167e+03
-3.303010999999999967e+03
-3.326400000000000091e+03
-3.321202999999999975e+03
-3.337538000000000011e+03
-3.318231999999999971e+03
-3.381715999999999894e+03
-3.352016000000000076e+03
-3.369835999999999785e+03
-3.389884000000000015e+03
-3.343106000000000222e+03
-3.448541000000000167e+03
-3.349789000000000215e+03
-3.411045000000000073e+03
-3.402505999999999858e+03
-3.391369000000000142e+03
-3.388769999999999982e+03
-3.386170999999999822e+03
-3.413643999999999778e+03
-3.364639000000000124e+03
-3.432577999999999975e+03
-3.409559999999999945e+03
-3.416614000000000033e+03
-3.410302000000000135e+03
-3.405476000000000113e+03
-3.386541999999999916e+03
-3.435547999999999774e+03
-3.409931000000000040e+03
-3.379117000000000189e+03
-3.425894999999999982e+03
-3.466731999999999971e+03
-3.447798999999999978e+03
-3.440744999999999891e+03
-3.481954000000000178e+03
-3.436289999999999964e+03
-3.476755999999999858e+03
-3.454853000000000065e+03
-3.426266000000000076e+03
-3.496804000000000087e+03
-3.482695999999999913e+03
-3.481954000000000178e+03
-3.470815999999999804e+03
-3.480097000000000207e+03
-3.477498999999999796e+03
-3.517594000000000051e+03
-3.530588000000000193e+03
-3.444458000000000084e+03
-3.497916999999999916e+03
-3.483809999999999945e+03
-3.494204999999999927e+03
-3.481210999999999785e+03
-3.487521999999999935e+03
-3.507570000000000164e+03
-3.473414999999999964e+03
-3.498289000000000215e+03
-3.488264999999999873e+03
-3.487150999999999840e+03
-3.518708000000000084e+03
-3.527989000000000033e+03
-3.493833999999999833e+03
-3.465619000000000142e+03
-3.498659999999999854e+03
-3.495690000000000055e+03
-3.485295000000000073e+03
-3.468588999999999942e+03
-3.504971000000000004e+03
-3.533557999999999993e+03
-3.511653999999999996e+03
-3.465619000000000142e+03
-3.550635000000000218e+03
-3.497175000000000182e+03
-3.502373000000000047e+03
-3.529103000000000065e+03
-3.548407000000000153e+03
-3.514994999999999891e+03
-3.548407000000000153e+03
-3.543952999999999975e+03
-3.472672999999999774e+03
-3.560659000000000106e+03
-3.532815000000000055e+03
-3.492349000000000160e+03
-3.538755000000000109e+03
-3.527989000000000033e+03
-3.522420000000000073e+03
-3.527246000000000095e+03
-3.527617000000000189e+03
-3.525018999999999778e+03
-3.587760000000000218e+03
-3.520563999999999851e+03
-3.516851000000000113e+03
-3.548778999999999996e+03
-3.529474000000000160e+03
-3.543210000000000036e+03
-3.545438000000000102e+03
-3.541724999999999909e+03
-3.552862999999999829e+03
-3.557318000000000211e+03
-3.587018000000000029e+03
-3.532815000000000055e+03
-3.534670999999999822e+03
-3.540610999999999876e+03
-3.523534000000000106e+03
-3.543210000000000036e+03
-3.580335000000000036e+03
-3.549521000000000186e+03
-3.572539000000000215e+03
-3.594443000000000211e+03
-3.573652999999999793e+03
-3.573652999999999793e+03
-3.596298999999999978e+03
-3.533186000000000149e+03
-3.572539000000000215e+03
-3.568826000000000022e+03
-3.554719000000000051e+03
-3.561030000000000200e+03
-3.613748000000000047e+03
-3.548036000000000058e+03
-3.565114000000000033e+03
-3.636021999999999935e+03
-3.587760000000000218e+03
-3.605951000000000022e+03
-3.660525000000000091e+03
-3.572539000000000215e+03
-3.595927000000000135e+03
-3.614860999999999876e+03
-3.603353000000000065e+03
-3.613005000000000109e+03
-3.611148999999999887e+03
-3.606693999999999960e+03
-3.608179000000000087e+03
-3.591844000000000051e+03
-3.614489999999999782e+03
-3.592958000000000084e+03
-3.606693999999999960e+03
-3.664608999999999924e+03
-3.623771000000000186e+03
-3.618574000000000069e+03
-3.615974999999999909e+03
-3.585903999999999996e+03
-3.640106000000000222e+03
-3.621172999999999774e+03
-3.656440999999999804e+03
-3.633052000000000135e+03
-3.652728999999999814e+03
-3.670548999999999978e+03
-3.656813000000000102e+03
-3.689110999999999876e+03
-3.648644999999999982e+03
-3.712500000000000000e+03
-3.700990999999999985e+03
-3.672034000000000106e+03
-3.672775999999999840e+03
-3.669063999999999851e+03
-3.685027999999999793e+03
-3.677231000000000222e+03
-3.677603000000000065e+03
-3.611891000000000076e+03
-3.658668999999999869e+03
-3.579221000000000004e+03
-3.613376000000000204e+03
-3.623400000000000091e+03
-3.600753999999999905e+03
-3.595184999999999945e+03
-3.628226000000000113e+03
-3.643076000000000022e+03
-3.599639999999999873e+03
-3.661268000000000029e+03
-3.630824999999999818e+03
-3.668693000000000211e+03
-3.649759000000000015e+03
-3.611148999999999887e+03
-3.642704999999999927e+03
-3.654956000000000131e+03
-3.660525000000000091e+03
-3.639735000000000127e+03
-3.663494999999999891e+03
-3.627855000000000018e+03
-3.632681000000000040e+03
-3.663865999999999985e+03
-3.676489000000000033e+03
-3.654956000000000131e+03
-3.675375000000000000e+03
-3.691338999999999942e+03
-3.659039999999999964e+03
-3.696536000000000058e+03
-3.668693000000000211e+03
-3.709159000000000106e+03
-3.712500000000000000e+03
-3.725494000000000142e+03
-3.667949999999999818e+03
-3.739230000000000018e+03
-3.749253999999999905e+03
-3.755565000000000055e+03
-3.757420999999999822e+03
-3.757050000000000182e+03
-3.716213000000000193e+03
-3.736630999999999858e+03
-3.732918999999999869e+03
-3.693565999999999804e+03
-3.708416000000000167e+03
-3.729949000000000069e+03
-3.717326000000000022e+03
-3.708416000000000167e+03
-3.759648999999999887e+03
-3.742943000000000211e+03
-3.741458000000000084e+03
-3.761505000000000109e+03
-3.752224000000000160e+03
-3.755193999999999960e+03
-3.741458000000000084e+03
-3.769672999999999774e+03
-3.741458000000000084e+03
-3.768559000000000196e+03
-3.718440000000000055e+03
-3.701362999999999829e+03
-3.747025999999999840e+03
-3.709530000000000200e+03
-3.757791999999999916e+03
-3.760019999999999982e+03
-3.768929999999999836e+03
-3.752965999999999894e+03
-3.819048999999999978e+03
-3.757050000000000182e+03
-3.754822999999999865e+03
-3.843550999999999931e+03
-3.742199999999999818e+03
-3.795659999999999854e+03
-3.811623999999999796e+03
-3.833155999999999949e+03
-3.765960000000000036e+03
-3.829443999999999960e+03
-3.809396000000000186e+03
-3.716954999999999927e+03
-3.780438999999999851e+03
-3.738858999999999924e+03
-3.752224000000000160e+03
-3.711014999999999873e+03
-3.717697999999999865e+03
-3.728463999999999942e+03
-3.765588999999999942e+03
-3.767815999999999804e+03
-3.746284000000000106e+03
-3.770786000000000058e+03
-3.765588999999999942e+03
-3.758534999999999854e+03
-3.759648999999999887e+03
-3.772643000000000029e+03
-3.773755999999999858e+03
-3.773014000000000124e+03
-3.790833999999999833e+03
-3.773385000000000218e+03
-3.794545999999999822e+03
-3.780438999999999851e+03
-3.772271000000000186e+03
-3.790463000000000193e+03
-3.794175000000000182e+03
-3.781181000000000040e+03
-3.797516000000000076e+03
-3.823503999999999905e+03
-3.791947999999999865e+03
-3.823503999999999905e+03
-3.821275999999999840e+03
-3.780438999999999851e+03
-3.794916999999999916e+03
-3.824246000000000095e+03
-3.804570000000000164e+03
-3.808282000000000153e+03
-3.838353999999999814e+03
-3.826103000000000065e+03
-3.860628999999999905e+03
-3.835012000000000171e+03
-3.866197999999999865e+03
-3.845036000000000058e+03
-3.861000000000000000e+03
-3.884389000000000124e+03
-3.863599000000000160e+03
-3.877335000000000036e+03
-3.833527999999999793e+03
-3.907777999999999793e+03
-3.824989000000000033e+03
-3.883646000000000186e+03
-3.891070999999999913e+03
-3.877706000000000131e+03
-3.861000000000000000e+03
-3.799373000000000047e+03
-3.799001000000000204e+03
-3.762989999999999782e+03
-3.787121000000000095e+03
-3.789719999999999800e+03
-3.795289000000000215e+03
-3.773014000000000124e+03
-3.807168999999999869e+03
-3.758905999999999949e+03
-3.771157000000000153e+03
-3.753338000000000193e+03
-3.662751999999999953e+03
-3.667579000000000178e+03
-3.659782000000000153e+03
-3.656070000000000164e+03
-3.661639000000000124e+03
-3.703219000000000051e+03
-3.662010000000000218e+03
-3.678715999999999894e+03
-3.677603000000000065e+03
-3.667949999999999818e+03
-3.653842999999999847e+03
-3.689110999999999876e+03
-3.671291000000000167e+03
-3.648644999999999982e+03
-3.667579000000000178e+03
-3.644190000000000055e+03
-3.618945000000000164e+03
-3.655327999999999975e+03
-3.649759000000000015e+03
-3.650130000000000109e+03
-3.660896000000000186e+03
-3.674260999999999967e+03
-3.662010000000000218e+03
-3.673889999999999873e+03
-3.659411000000000058e+03
-3.680572999999999865e+03
-3.667949999999999818e+03
-3.664980000000000018e+03
-3.655699000000000069e+03
-3.688739999999999782e+03
-3.717326000000000022e+03
-3.651244000000000142e+03
-3.730320000000000164e+03
-3.711385999999999967e+03
-3.687626000000000204e+03
-3.720295999999999822e+03
-3.701733999999999924e+03
-3.707302000000000135e+03
-3.713985000000000127e+03
-3.699135000000000218e+03
-3.661268000000000029e+03
-3.715099000000000160e+03
-3.680201000000000022e+03
-3.703960999999999785e+03
-3.685769999999999982e+03
-3.720666999999999916e+03
-3.682057999999999993e+03
-3.715099000000000160e+03
