-4.982174999999999727e+02
-4.596075000000000159e+02
-5.145525000000000091e+02
-5.256900000000000546e+02
-5.126961999999999762e+02
-4.904212999999999738e+02
-5.242050000000000409e+02
-5.056424999999999841e+02
-5.097262999999999806e+02
-5.357137000000000171e+02
-5.242050000000000409e+02
-5.628150000000000546e+02
-5.323724999999999454e+02
-5.498211999999999762e+02
-5.409112999999999829e+02
-5.197500000000000000e+02
-5.093550000000000182e+02
-5.412825000000000273e+02
-5.394262999999999693e+02
-5.453663000000000238e+02
-5.438812000000000353e+02
-5.746950000000000500e+02
-5.412825000000000273e+02
-5.357137000000000171e+02
-5.238337000000000216e+02
-5.453663000000000238e+02
-5.494500000000000455e+02
-5.657849999999999682e+02
-5.475937999999999874e+02
-5.245761999999999716e+02
-5.468513000000000375e+02
-5.334863000000000284e+02
-5.746950000000000500e+02
-5.475937999999999874e+02
-5.672699999999999818e+02
-5.732100000000000364e+02
-5.746950000000000500e+02
-5.683836999999999762e+02
-5.635575000000000045e+02
-5.780362999999999829e+02
-5.642999999999999545e+02
-5.613300000000000409e+02
-5.631862999999999602e+02
-5.468513000000000375e+02
-5.490787000000000262e+02
-5.561325000000000500e+02
-5.431386999999999716e+02
-5.631862999999999602e+02
-5.605874999999999773e+02
-5.546475000000000364e+02
-5.550186999999999671e+02
-5.620724999999999909e+02
-5.650425000000000182e+02
-5.624437000000000353e+02
-5.709824999999999591e+02
-5.628150000000000546e+02
-5.617011999999999716e+02
-5.743237000000000307e+02
-5.587313000000000329e+02
-5.676412000000000262e+02
-5.713537999999999784e+02
-5.490787000000000262e+02
-5.368274999999999864e+02
-5.680125000000000455e+02
-5.435099999999999909e+02
-5.479650000000000318e+02
-5.735811999999999671e+02
-5.605874999999999773e+02
-5.453663000000000238e+02
-5.631862999999999602e+02
-5.642999999999999545e+02
-5.639288000000000238e+02
-5.758088000000000193e+02
-5.761799999999999500e+02
-5.539049999999999727e+02
-5.657849999999999682e+02
-5.598450000000000273e+02
-5.539049999999999727e+02
-5.583600000000000136e+02
-5.568750000000000000e+02
-5.609587000000000216e+02
-5.743237000000000307e+02
-5.791499999999999773e+02
-5.758088000000000193e+02
-5.635575000000000045e+02
-5.572463000000000193e+02
-5.706113000000000284e+02
-5.672699999999999818e+02
-5.765512999999999693e+02
-5.524199999999999591e+02
-5.943713000000000193e+02
-5.940000000000000000e+02
-5.914012000000000171e+02
-5.724674999999999727e+02
-5.869461999999999762e+02
-5.594737999999999829e+02
-5.858324999999999818e+02
-5.813775000000000546e+02
-5.839763000000000375e+02
-5.858324999999999818e+02
-5.891738000000000284e+02
-5.754375000000000000e+02
-5.813775000000000546e+02
-5.780362999999999829e+02
-5.787786999999999580e+02
-5.962274999999999636e+02
-5.988261999999999716e+02
-5.657849999999999682e+02
-5.739524999999999864e+02
-5.880599999999999454e+02
-5.836050000000000182e+02
-5.672699999999999818e+02
-5.921436999999999671e+02
-5.817487999999999602e+02
-5.965987999999999829e+02
-5.876888000000000147e+02
-5.769225000000000136e+02
-5.798925000000000409e+02
-5.914012000000000171e+02
-5.862037000000000262e+02
-5.780362999999999829e+02
-5.910299999999999727e+02
-5.843474999999999682e+02
-5.784075000000000273e+02
-6.014249999999999545e+02
-5.995687000000000353e+02
-5.876888000000000147e+02
-5.698687999999999647e+02
-5.906588000000000420e+02
-5.910299999999999727e+02
-5.925149999999999864e+02
-5.758088000000000193e+02
-5.977124999999999773e+02
-6.081074999999999591e+02
-5.854611999999999625e+02
-5.791499999999999773e+02
-5.969700000000000273e+02
-5.839763000000000375e+02
-5.873174999999999955e+02
-6.077363000000000284e+02
-5.698687999999999647e+02
-5.765512999999999693e+02
-5.880599999999999454e+02
-5.884312999999999647e+02
-5.568750000000000000e+02
-6.066224999999999454e+02
-5.854611999999999625e+02
-5.813775000000000546e+02
-5.772938000000000329e+02
-5.810062000000000353e+02
-5.899162999999999784e+02
-5.776649999999999636e+02
-5.709824999999999591e+02
-5.880599999999999454e+02
-6.103350000000000364e+02
-5.932575000000000500e+02
-5.902875000000000227e+02
-6.021675000000000182e+02
-5.921436999999999671e+02
-5.973411999999999580e+02
-6.103350000000000364e+02
-5.899162999999999784e+02
-5.980837000000000216e+02
-5.795212000000000216e+02
-5.869461999999999762e+02
-5.761799999999999500e+02
-5.906588000000000420e+02
-5.787786999999999580e+02
-6.062513000000000147e+02
-6.203587999999999738e+02
-5.940000000000000000e+02
-5.836050000000000182e+02
-6.047662000000000262e+02
-6.081074999999999591e+02
-5.958563000000000329e+02
-6.062513000000000147e+02
-5.977124999999999773e+02
-5.943713000000000193e+02
-5.802636999999999716e+02
-5.932575000000000500e+02
-6.095924999999999727e+02
-5.910299999999999727e+02
-6.114487000000000307e+02
-6.043949999999999818e+02
-5.947424999999999500e+02
-6.047662000000000262e+02
-6.014249999999999545e+02
-6.017962999999999738e+02
-5.921436999999999671e+02
-5.810062000000000353e+02
-5.991974999999999909e+02
-6.021675000000000182e+02
-5.813775000000000546e+02
-6.066224999999999454e+02
-6.062513000000000147e+02
-5.854611999999999625e+02
-5.969700000000000273e+02
-5.932575000000000500e+02
-5.943713000000000193e+02
-6.029099999999999682e+02
-5.832337999999999738e+02
-5.947424999999999500e+02
-6.021675000000000182e+02
-5.984550000000000409e+02
-5.902875000000000227e+02
-5.895449999999999591e+02
-5.995687000000000353e+02
-5.810062000000000353e+02
-6.025388000000000375e+02
-5.888025000000000091e+02
-5.732100000000000364e+02
-5.906588000000000420e+02
-5.936287999999999556e+02
-5.724674999999999727e+02
-5.828624999999999545e+02
-5.828624999999999545e+02
-5.914012000000000171e+02
-5.854611999999999625e+02
-5.921436999999999671e+02
-5.958563000000000329e+02
-5.969700000000000273e+02
-5.962274999999999636e+02
-5.813775000000000546e+02
-5.880599999999999454e+02
-5.795212000000000216e+02
-5.720963000000000420e+02
-5.847187999999999874e+02
-5.802636999999999716e+02
-5.654138000000000375e+02
-5.798925000000000409e+02
-5.750662999999999556e+02
-5.635575000000000045e+02
-5.865750000000000455e+02
-5.784075000000000273e+02
-5.776649999999999636e+02
-5.810062000000000353e+02
-5.739524999999999864e+02
-5.802636999999999716e+02
-5.995687000000000353e+02
-5.906588000000000420e+02
-5.921436999999999671e+02
-5.821200000000000045e+02
-5.694974999999999454e+02
-5.902875000000000227e+02
-5.869461999999999762e+02
-6.017962999999999738e+02
-5.791499999999999773e+02
-5.854611999999999625e+02
-5.761799999999999500e+02
-5.854611999999999625e+02
-5.932575000000000500e+02
-6.051375000000000455e+02
-5.754375000000000000e+02
-5.932575000000000500e+02
-5.869461999999999762e+02
-5.854611999999999625e+02
-5.921436999999999671e+02
-5.962274999999999636e+02
-5.784075000000000273e+02
-5.821200000000000045e+02
-5.969700000000000273e+02
-5.813775000000000546e+02
-5.813775000000000546e+02
-5.980837000000000216e+02
-5.858324999999999818e+02
-5.876888000000000147e+02
-6.014249999999999545e+02
-5.735811999999999671e+02
-5.936287999999999556e+02
-5.847187999999999874e+02
-5.810062000000000353e+02
-5.698687999999999647e+02
-5.832337999999999738e+02
-5.873174999999999955e+02
-5.743237000000000307e+02
-5.928862000000000307e+02
-5.884312999999999647e+02
-5.899162999999999784e+02
-5.988261999999999716e+02
-5.828624999999999545e+02
-5.821200000000000045e+02
-6.229574999999999818e+02
-6.047662000000000262e+02
-5.858324999999999818e+02
-6.244424999999999955e+02
-5.880599999999999454e+02
-5.936287999999999556e+02
-6.051375000000000455e+02
-6.014249999999999545e+02
-5.906588000000000420e+02
-6.043949999999999818e+02
-5.991974999999999909e+02
-5.973411999999999580e+02
-6.055086999999999762e+02
-5.980837000000000216e+02
-6.017962999999999738e+02
-5.806349999999999909e+02
-6.062513000000000147e+02
-6.133049999999999500e+02
-6.092213000000000420e+02
-6.058799999999999955e+02
-5.891738000000000284e+02
-6.010538000000000238e+02
-6.103350000000000364e+02
-6.084787999999999784e+02
-6.107061999999999671e+02
-6.140475000000000136e+02
-6.032812999999999874e+02
-5.891738000000000284e+02
-5.932575000000000500e+02
-5.917725000000000364e+02
-6.125625000000000000e+02
-6.029099999999999682e+02
-6.003112999999999602e+02
-5.876888000000000147e+02
-5.921436999999999671e+02
-5.858324999999999818e+02
-6.118200000000000500e+02
-5.988261999999999716e+02
-5.899162999999999784e+02
-5.965987999999999829e+02
-5.925149999999999864e+02
-5.817487999999999602e+02
-6.073650000000000091e+02
-6.118200000000000500e+02
-6.114487000000000307e+02
-6.140475000000000136e+02
-6.069937999999999647e+02
-6.103350000000000364e+02
-6.051375000000000455e+02
-6.129338000000000193e+02
-5.977124999999999773e+02
-6.003112999999999602e+02
-6.003112999999999602e+02
-5.932575000000000500e+02
-6.069937999999999647e+02
-5.962274999999999636e+02
-6.162749999999999773e+02
-6.181312000000000353e+02
-5.936287999999999556e+02
-5.813775000000000546e+02
-6.162749999999999773e+02
-6.010538000000000238e+02
-5.973411999999999580e+02
-6.021675000000000182e+02
-5.869461999999999762e+02
-5.973411999999999580e+02
-5.962274999999999636e+02
-5.888025000000000091e+02
-5.862037000000000262e+02
-5.943713000000000193e+02
-6.040236999999999625e+02
-5.865750000000000455e+02
-5.876888000000000147e+02
-6.010538000000000238e+02
-5.910299999999999727e+02
-6.118200000000000500e+02
-6.014249999999999545e+02
-5.865750000000000455e+02
-5.962274999999999636e+02
-6.014249999999999545e+02
-5.943713000000000193e+02
-6.062513000000000147e+02
-6.136762999999999693e+02
-5.891738000000000284e+02
-6.129338000000000193e+02
-6.036525000000000318e+02
-5.906588000000000420e+02
-6.166462000000000216e+02
-6.170175000000000409e+02
-6.177599999999999909e+02
-6.099637000000000171e+02
-6.188737999999999602e+02
-6.099637000000000171e+02
-5.984550000000000409e+02
-6.107061999999999671e+02
-6.288975000000000364e+02
-6.125625000000000000e+02
-6.292686999999999671e+02
-6.051375000000000455e+02
-6.021675000000000182e+02
-6.084787999999999784e+02
-6.199874999999999545e+02
-6.129338000000000193e+02
-6.203587999999999738e+02
-6.222150000000000318e+02
-5.947424999999999500e+02
-6.211013000000000375e+02
-6.162749999999999773e+02
-6.251849999999999454e+02
-6.266699999999999591e+02
-6.237000000000000455e+02
-6.147899999999999636e+02
-6.192450000000000045e+02
-6.092213000000000420e+02
-6.270412999999999784e+02
-6.218437999999999874e+02
-6.107061999999999671e+02
-6.051375000000000455e+02
-6.021675000000000182e+02
-6.248138000000000147e+02
-6.262988000000000284e+02
-6.125625000000000000e+02
-6.129338000000000193e+02
-6.225861999999999625e+02
-6.222150000000000318e+02
-6.170175000000000409e+02
-6.136762999999999693e+02
-6.240711999999999762e+02
-6.259275000000000091e+02
-6.114487000000000307e+02
-6.237000000000000455e+02
