-3.097338999999999942e+03
-3.109960999999999785e+03
-3.114045000000000073e+03
-3.097338999999999942e+03
-3.137063000000000102e+03
-3.184583000000000084e+03
-3.190521999999999935e+03
-3.210199000000000069e+03
-3.247324000000000069e+03
-3.209827999999999975e+03
-3.217251999999999953e+03
-3.227275999999999840e+03
-3.218737999999999829e+03
-3.268485000000000127e+03
-3.257719000000000051e+03
-3.278137000000000171e+03
-3.235443999999999960e+03
-3.291873999999999796e+03
-3.285934000000000196e+03
-3.340135999999999967e+03
-3.303010999999999967e+03
-3.309693999999999960e+03
-3.334195999999999913e+03
-3.331969000000000051e+03
-3.349045999999999822e+03
-3.313777999999999793e+03
-3.366123999999999796e+03
-3.360184000000000196e+03
-3.325286000000000058e+03
-3.387655999999999949e+03
-3.357956000000000131e+03
-3.415128999999999905e+03
-3.405476000000000113e+03
-3.440744999999999891e+03
-3.395452999999999975e+03
-3.421811000000000149e+03
-3.425152999999999793e+03
-3.419583999999999833e+03
-3.442230000000000018e+03
-3.452996000000000095e+03
-3.493090999999999894e+03
-3.521677000000000135e+03
-3.463762000000000171e+03
-3.507940999999999804e+03
-3.528360000000000127e+03
-3.520563999999999851e+03
-3.471929999999999836e+03
-3.513510000000000218e+03
-3.493463000000000193e+03
-3.516108999999999924e+03
-3.513510000000000218e+03
-3.520563999999999851e+03
-3.509054999999999836e+03
-3.568826000000000022e+03
-3.549521000000000186e+03
-3.538755000000000109e+03
-3.576251000000000204e+03
-3.527989000000000033e+03
-3.591101000000000113e+03
-3.598155000000000200e+03
-3.608179000000000087e+03
-3.622286000000000058e+03
-3.631938999999999851e+03
-3.630454000000000178e+03
-3.604465999999999894e+03
-3.616717999999999847e+03
-3.583675999999999931e+03
-3.620800999999999931e+03
-3.632309999999999945e+03
-3.659039999999999964e+03
-3.670177000000000135e+03
-3.635650999999999840e+03
-3.675746000000000095e+03
-3.587760000000000218e+03
-3.667208000000000084e+03
-3.673146999999999935e+03
-3.673146999999999935e+03
-3.703219000000000051e+03
-3.718811000000000149e+03
-3.700619999999999891e+03
-3.724751000000000204e+03
-3.784150999999999840e+03
-3.699135000000000218e+03
-3.761134000000000015e+03
-3.765960000000000036e+03
-3.653842999999999847e+03
-3.649387000000000171e+03
-3.696164999999999964e+03
-3.652356999999999971e+03
-3.682429000000000087e+03
-3.721409999999999854e+03
-3.685398999999999887e+03
-3.678715999999999894e+03
-3.703219000000000051e+03
-3.700248999999999796e+03
-3.719182999999999993e+03
-3.700990999999999985e+03
-3.668320999999999913e+03
-3.702476000000000113e+03
-3.706931000000000040e+03
-3.700990999999999985e+03
-3.667208000000000084e+03
-3.715099000000000160e+03
-3.676489000000000033e+03
-3.663123999999999796e+03
-3.673146999999999935e+03
-3.680943999999999960e+03
-3.647902999999999793e+03
-3.728092999999999847e+03
-3.726235999999999876e+03
-3.721039000000000215e+03
-3.746655000000000200e+03
-3.731434000000000196e+03
-3.725494000000000142e+03
-3.717697999999999865e+03
-3.742199999999999818e+03
-3.710643999999999778e+03
-3.739230000000000018e+03
-3.747396999999999935e+03
-3.721780999999999949e+03
-3.732918999999999869e+03
-3.738858999999999924e+03
-3.737001999999999953e+03
-3.744056000000000040e+03
-3.757420999999999822e+03
-3.726235999999999876e+03
-3.775983999999999924e+03
-3.772643000000000029e+03
-3.758905999999999949e+03
-3.737744999999999891e+03
-3.785264999999999873e+03
-3.751110000000000127e+03
-3.787492000000000189e+03
-3.753708999999999833e+03
-3.699505999999999858e+03
-3.724380000000000109e+03
-3.715099000000000160e+03
-3.741085999999999785e+03
-3.708788000000000011e+03
-3.740715000000000146e+03
-3.717697999999999865e+03
-3.729577999999999975e+03
-3.737001999999999953e+03
-3.744056000000000040e+03
-3.732547999999999774e+03
-3.771900000000000091e+03
-3.777840000000000146e+03
-3.744798999999999978e+03
-3.789349000000000160e+03
-3.784893999999999778e+03
-3.759277999999999793e+03
-3.787864000000000033e+03
-3.737373999999999796e+03
-3.744427000000000135e+03
-3.788235000000000127e+03
-3.810139000000000124e+03
-3.784893999999999778e+03
-3.820163000000000011e+03
-3.802713999999999942e+03
-3.800485999999999876e+03
-3.806054999999999836e+03
-3.832414000000000215e+03
-3.799744000000000142e+03
-3.803827999999999975e+03
-3.809768000000000029e+03
-3.808282000000000153e+03
-3.843179999999999836e+03
-3.818306000000000040e+03
-3.849119999999999891e+03
-3.813851000000000113e+03
-3.825360000000000127e+03
-3.796773999999999887e+03
-3.843922999999999774e+03
-3.805313000000000102e+03
-3.775240999999999985e+03
-3.819420000000000073e+03
-3.790833999999999833e+03
-3.805313000000000102e+03
-3.802713999999999942e+03
-3.804570000000000164e+03
-3.802713999999999942e+03
-3.816449999999999818e+03
-3.799001000000000204e+03
-3.762989999999999782e+03
-3.798630000000000109e+03
-3.817193000000000211e+03
-3.774126999999999953e+03
-3.825731000000000222e+03
-3.808282000000000153e+03
-3.760762000000000171e+03
-3.783038000000000011e+03
-3.793061000000000149e+03
-3.788978000000000065e+03
-3.819048999999999978e+03
-3.812737999999999829e+03
-3.788235000000000127e+03
-3.817563999999999851e+03
-3.812737999999999829e+03
-3.811251999999999953e+03
-3.836126000000000204e+03
-3.837981999999999971e+03
-3.823875000000000000e+03
-3.867682999999999993e+03
-3.881418999999999869e+03
-3.877335000000000036e+03
-3.851347999999999956e+03
-3.900353000000000065e+03
-3.839467999999999847e+03
-3.857659000000000106e+03
-3.859885999999999967e+03
-3.840581000000000131e+03
-3.848376999999999953e+03
-3.862114000000000033e+03
-3.841324000000000069e+03
-3.844664999999999964e+03
-3.882532000000000153e+03
-3.848748999999999796e+03
-3.845036000000000058e+03
-3.838353999999999814e+03
-3.862856000000000222e+03
-3.854688999999999851e+03
-3.895155000000000200e+03
-3.841695000000000164e+03
-3.837981999999999971e+03
-3.811623999999999796e+03
-3.811623999999999796e+03
-3.833527999999999793e+03
-3.861000000000000000e+03
-3.843922999999999774e+03
-3.855802000000000135e+03
-3.826844999999999800e+03
-3.840210000000000036e+03
-3.825731000000000222e+03
-3.874735999999999876e+03
-3.812737999999999829e+03
-3.829815000000000055e+03
-3.882903999999999996e+03
-3.839096000000000004e+03
-3.859514999999999873e+03
-3.855059999999999945e+03
-3.869909999999999854e+03
-3.873994000000000142e+03
-3.855059999999999945e+03
-3.884018000000000029e+03
-3.872880000000000109e+03
-3.891443000000000211e+03
-3.868795999999999822e+03
-3.889215000000000146e+03
-3.873251000000000204e+03
-3.911489999999999782e+03
-3.856173999999999978e+03
-3.938963000000000193e+03
-3.931166000000000167e+03
-3.912603999999999814e+03
-3.925226000000000113e+03
-3.943045999999999822e+03
-3.920028999999999996e+03
-3.935992000000000189e+03
-3.931909000000000106e+03
-3.950471000000000004e+03
-3.933393999999999778e+03
-3.956039999999999964e+03
-3.949356999999999971e+03
-3.954554999999999836e+03
-3.953813000000000102e+03
-3.970889999999999873e+03
-3.942304000000000087e+03
-3.974603000000000065e+03
-3.955297999999999774e+03
-3.961980000000000018e+03
-4.016554000000000087e+03
-3.948985999999999876e+03
-3.986481999999999971e+03
-3.975715999999999894e+03
-3.981655999999999949e+03
-4.016925000000000182e+03
-4.018409999999999854e+03
-3.990938000000000102e+03
-4.023235999999999876e+03
-4.032146000000000186e+03
-4.029918999999999869e+03
-3.996135000000000218e+03
-4.012469999999999800e+03
-3.940447999999999865e+03
-3.948244000000000142e+03
-3.951585000000000036e+03
-3.917800999999999931e+03
-3.978686000000000149e+03
-3.934878999999999905e+03
-3.932280000000000200e+03
-3.937106000000000222e+03
-3.925969000000000051e+03
-3.934507999999999811e+03
-3.964208000000000084e+03
-3.941932999999999993e+03
-3.989081000000000131e+03
-3.965693000000000211e+03
-3.947501000000000204e+03
-3.950099999999999909e+03
-3.973489000000000033e+03
-3.959751999999999953e+03
-3.956411000000000058e+03
-3.954184000000000196e+03
-3.991679999999999836e+03
-3.977572999999999865e+03
-3.944902999999999793e+03
-3.986853999999999814e+03
-3.949356999999999971e+03
-3.972003999999999905e+03
-3.979429000000000087e+03
-3.978686000000000149e+03
-3.969405000000000200e+03
-3.986110999999999876e+03
-4.021009000000000015e+03
-3.967920000000000073e+03
-4.011356000000000222e+03
-3.984255000000000109e+03
-4.001333000000000084e+03
-3.995764000000000124e+03
-4.026206000000000131e+03
-3.976829999999999927e+03
-4.005416000000000167e+03
-4.023235999999999876e+03
-4.006159000000000106e+03
-4.024349999999999909e+03
-4.027690999999999804e+03
-4.028063000000000102e+03
-4.012469999999999800e+03
-4.050708999999999833e+03
-4.035858999999999924e+03
-4.053307999999999993e+03
-4.075954000000000178e+03
-4.030289999999999964e+03
-4.019523999999999887e+03
-4.044396999999999935e+03
-4.000960999999999785e+03
-4.002818000000000211e+03
-4.027320000000000164e+03
-4.025835000000000036e+03
-4.039943000000000211e+03
-4.027690999999999804e+03
-4.012099000000000160e+03
-4.028804999999999836e+03
-4.067786000000000058e+03
-4.029547999999999774e+03
-4.030289999999999964e+03
-4.060731999999999971e+03
-4.057762000000000171e+03
-4.057019999999999982e+03
-4.085235000000000127e+03
-4.068157000000000153e+03
-4.076324999999999818e+03
-4.117904999999999745e+03
-4.073726000000000113e+03
-4.085606000000000222e+03
-4.100085000000000036e+03
-4.093773999999999887e+03
-4.088204999999999927e+03
-4.104539999999999964e+03
-4.085235000000000127e+03
-4.096001000000000204e+03
-4.121246000000000095e+03
-4.107881000000000313e+03
-4.125701000000000022e+03
-4.140921999999999571e+03
-4.137953000000000429e+03
-4.133868999999999687e+03
-4.124958999999999833e+03
-4.175078000000000429e+03
-4.114935000000000400e+03
-4.179533000000000357e+03
-4.146119999999999891e+03
-4.158743000000000393e+03
-4.178789999999999964e+03
-4.165425000000000182e+03
-4.150945999999999913e+03
-4.183244999999999891e+03
-4.162454999999999927e+03
-4.182131000000000313e+03
-4.185844000000000051e+03
-4.189555999999999585e+03
-4.163198000000000320e+03
-4.192525999999999840e+03
-4.180645999999999731e+03
-4.179904000000000451e+03
-4.189185000000000400e+03
-4.225567000000000007e+03
-4.175448999999999614e+03
-4.238189999999999600e+03
-4.246729000000000269e+03
-4.208489999999999782e+03
-4.219256000000000313e+03
-4.237076000000000022e+03
-4.211088999999999942e+03
-4.216658000000000357e+03
-4.194011000000000422e+03
-4.161341000000000349e+03
-4.158000000000000000e+03
-4.152802999999999884e+03
-4.134239999999999782e+03
-4.168395000000000437e+03
-4.121988999999999578e+03
-4.150203999999999724e+03
-4.140180000000000291e+03
-4.148719000000000051e+03
-4.154658999999999651e+03
-4.179533000000000357e+03
-4.164311999999999898e+03
-4.152430999999999585e+03
-4.183615999999999985e+03
-4.163198000000000320e+03
-4.195125000000000000e+03
