-1.730024999999999977e+02
-1.648350000000000080e+02
-1.689187000000000012e+02
-1.804275000000000091e+02
-2.231211999999999875e+02
-2.012175000000000011e+02
-2.156963000000000079e+02
-2.197800000000000011e+02
-2.687850000000000250e+02
-2.706413000000000011e+02
-2.728686999999999898e+02
-2.903174999999999955e+02
-3.244725000000000250e+02
-3.352386999999999944e+02
-3.274424999999999955e+02
-3.593700000000000045e+02
-3.708788000000000125e+02
-3.575138000000000034e+02
-3.846150000000000091e+02
-3.861000000000000227e+02
-4.165425000000000182e+02
-4.265663000000000125e+02
-4.213686999999999898e+02
-4.302787000000000148e+02
-4.618349999999999795e+02
-4.284225000000000136e+02
-4.365899999999999750e+02
-4.993312999999999988e+02
-4.492124999999999773e+02
-4.700024999999999977e+02
-5.041575000000000273e+02
-4.907925000000000182e+02
-5.201213000000000193e+02
-5.242050000000000409e+02
-5.357137000000000171e+02
-5.093550000000000182e+02
-5.178936999999999671e+02
-5.264325000000000045e+02
-5.193787999999999556e+02
-5.457374999999999545e+02
-5.505638000000000147e+02
-5.271749999999999545e+02
-5.605874999999999773e+02
-5.602161999999999580e+02
-5.568750000000000000e+02
-5.732100000000000364e+02
-5.947424999999999500e+02
-5.914012000000000171e+02
-5.940000000000000000e+02
-6.151612999999999829e+02
-5.973411999999999580e+02
-6.392925000000000182e+02
-6.530286999999999580e+02
-6.496875000000000000e+02
-6.727050000000000409e+02
-6.756749999999999545e+02
-6.764175000000000182e+02
-6.526575000000000273e+02
-6.756749999999999545e+02
-6.823574999999999591e+02
-6.979500000000000455e+02
-6.849561999999999671e+02
-6.882975000000000136e+02
-7.176263000000000147e+02
-6.983211999999999762e+02
-7.105724999999999909e+02
-7.406436999999999671e+02
-7.536375000000000455e+02
-7.540086999999999762e+02
-7.584637000000000171e+02
-7.692300000000000182e+02
-7.610625000000000000e+02
-7.814813000000000329e+02
-7.818524999999999636e+02
-7.978162999999999556e+02
-8.349412999999999556e+02
-8.323424999999999727e+02
-8.074687999999999874e+02
-8.238038000000000238e+02
-8.635275000000000318e+02
-8.497912999999999784e+02
-8.297437999999999647e+02
-8.754075000000000273e+02
-8.397675000000000409e+02
-8.390249999999999773e+02
-8.835750000000000455e+02
-8.676113000000000284e+02
-8.668687999999999647e+02
-9.032513000000000147e+02
-9.043650000000000091e+02
-8.999099999999999682e+02
-8.995388000000000375e+02
-9.125325000000000273e+02
-9.062213000000000420e+02
-9.199574999999999818e+02
-9.366638000000000375e+02
-9.685911999999999580e+02
-9.496575000000000273e+02
-9.173587999999999738e+02
-9.652500000000000000e+02
-9.452024999999999864e+02
-9.258975000000000364e+02
-9.749025000000000318e+02
-9.466875000000000000e+02
-9.667350000000000136e+02
-9.522563000000000102e+02
-9.953212999999999511e+02
-9.630225000000000364e+02
-9.778724999999999454e+02
-9.815850000000000364e+02
-9.804713000000000420e+02
-9.845549999999999500e+02
-1.017967999999999961e+03
-9.979199999999999591e+02
-9.945787000000000262e+02
-1.067714999999999918e+03
-1.026134999999999991e+03
-1.018710000000000036e+03
-1.061031999999999925e+03
-1.049523999999999887e+03
-1.033189000000000078e+03
-1.072912000000000035e+03
-1.073284000000000106e+03
-1.065858999999999924e+03
-1.092960000000000036e+03
-1.104469000000000051e+03
-1.104097999999999956e+03
-1.117462999999999965e+03
-1.115605999999999995e+03
-1.133055000000000064e+03
-1.124886999999999944e+03
-1.145676999999999907e+03
-1.141964999999999918e+03
-1.159041999999999916e+03
-1.131941000000000031e+03
-1.127857999999999947e+03
-1.164982999999999947e+03
-1.171294000000000096e+03
-1.156815000000000055e+03
-1.183173999999999978e+03
-1.193940000000000055e+03
-1.192826000000000022e+03
-1.227723999999999933e+03
-1.206933999999999969e+03
-1.221784000000000106e+03
-1.229951000000000022e+03
-1.276729000000000042e+03
-1.247028999999999996e+03
-1.241830999999999904e+03
-1.290464999999999918e+03
-1.243316000000000031e+03
-1.269674999999999955e+03
-1.311625999999999976e+03
-1.277843000000000075e+03
-1.269674999999999955e+03
-1.260394000000000005e+03
-1.240346000000000004e+03
-1.239604000000000042e+03
-1.254083000000000084e+03
-1.266334000000000060e+03
-1.278213999999999942e+03
-1.281925999999999931e+03
-1.260021999999999935e+03
-1.268560999999999922e+03
-1.293434999999999945e+03
-1.260021999999999935e+03
-1.303459000000000060e+03
-1.281183999999999969e+03
-1.262621000000000095e+03
-1.277843000000000075e+03
-1.291208000000000084e+03
-1.275986000000000104e+03
-1.289351000000000113e+03
-1.301230999999999995e+03
-1.292320999999999913e+03
-1.318308999999999969e+03
-1.329817999999999984e+03
-1.350607999999999947e+03
-1.341698000000000093e+03
-1.368798999999999978e+03
-1.355433999999999969e+03
-1.354319999999999936e+03
-1.402583000000000084e+03
-1.392188000000000102e+03
-1.381421000000000049e+03
-1.424115000000000009e+03
-1.416318999999999960e+03
-1.409265000000000100e+03
-1.435252999999999929e+03
-1.417432000000000016e+03
-1.405551999999999907e+03
-1.419288999999999987e+03
-1.417060999999999922e+03
-1.443048999999999978e+03
-1.448989000000000033e+03
-1.471263999999999896e+03
-1.468294000000000096e+03
-1.415948000000000093e+03
-1.384019999999999982e+03
-1.398127999999999929e+03
-1.405181000000000040e+03
-1.380679000000000087e+03
-1.384019999999999982e+03
-1.367684999999999945e+03
-1.348750999999999976e+03
-1.328703999999999951e+03
-1.375109999999999900e+03
-1.356919000000000096e+03
-1.336500000000000000e+03
-1.347637999999999920e+03
-1.317938000000000102e+03
-1.298633000000000038e+03
-1.338728000000000065e+03
-1.319422000000000025e+03
-1.300489000000000033e+03
-1.329445999999999913e+03
-1.326105000000000018e+03
-1.309398999999999887e+03
-1.350607999999999947e+03
-1.354319999999999936e+03
-1.335015000000000100e+03
-1.325363000000000056e+03
-1.328703999999999951e+03
-1.340584000000000060e+03
-1.352835000000000036e+03
-1.332045000000000073e+03
-1.335385999999999967e+03
-1.374367999999999938e+03
-1.344296000000000049e+03
-1.359517000000000053e+03
-1.356547000000000025e+03
-1.360259999999999991e+03
-1.344666999999999916e+03
-1.350979000000000042e+03
-1.353205999999999904e+03
-1.337614000000000033e+03
-1.351349999999999909e+03
-1.382535000000000082e+03
-1.337614000000000033e+03
-1.358775000000000091e+03
-1.391444999999999936e+03
-1.356919000000000096e+03
-1.379565000000000055e+03
-1.419288999999999987e+03
-1.420402000000000044e+03
-1.410750000000000000e+03
-1.434881000000000085e+03
-1.431911000000000058e+03
-1.425599999999999909e+03
-1.461611000000000104e+03
-1.462724999999999909e+03
-1.441564000000000078e+03
-1.450103000000000065e+03
-1.443790999999999940e+03
-1.435252999999999929e+03
-1.413720000000000027e+03
-1.435994999999999891e+03
-1.417432000000000016e+03
-1.435624000000000024e+03
-1.402211000000000013e+03
-1.372883000000000038e+03
-1.373253999999999905e+03
-1.324619999999999891e+03
-1.339470000000000027e+03
-1.346894999999999982e+03
-1.335385999999999967e+03
-1.337242999999999938e+03
-1.368426999999999907e+03
-1.351349999999999909e+03
-1.345780999999999949e+03
-1.336871000000000095e+03
-1.311998000000000047e+03
-1.345410000000000082e+03
-1.342440000000000055e+03
-1.341326000000000022e+03
-1.349865000000000009e+03
-1.349493999999999915e+03
-1.337614000000000033e+03
-1.355433999999999969e+03
-1.356175999999999931e+03
-1.317938000000000102e+03
-1.301603000000000065e+03
-1.311625999999999976e+03
-1.314596000000000004e+03
-1.304573000000000093e+03
-1.327589999999999918e+03
-1.333159000000000106e+03
-1.336871000000000095e+03
-1.340954999999999927e+03
-1.306799999999999955e+03
-1.325363000000000056e+03
-1.350607999999999947e+03
-1.331301999999999907e+03
-1.336871000000000095e+03
-1.355805000000000064e+03
-1.344666999999999916e+03
-1.349493999999999915e+03
-1.365458000000000084e+03
-1.367684999999999945e+03
-1.358403999999999996e+03
-1.357661000000000058e+03
-1.371769000000000005e+03
-1.347637999999999920e+03
-1.362488000000000056e+03
-1.390702999999999975e+03
-1.358775000000000091e+03
-1.359888999999999896e+03
-1.377709000000000060e+03
-1.348009000000000015e+03
-1.392930000000000064e+03
-1.398499000000000024e+03
-1.355433999999999969e+03
-1.408894000000000005e+03
-1.390702999999999975e+03
-1.394044000000000096e+03
-1.412234999999999900e+03
-1.430797000000000025e+03
-1.419660000000000082e+03
-1.440078999999999951e+03
-1.434881000000000085e+03
-1.399613000000000056e+03
-1.418174999999999955e+03
-1.438222999999999956e+03
-1.414834000000000060e+03
-1.418546000000000049e+03
-1.431911000000000058e+03
-1.441192999999999984e+03
-1.427085000000000036e+03
-1.440450000000000045e+03
-1.435994999999999891e+03
-1.410750000000000000e+03
-1.443048999999999978e+03
-1.429313000000000102e+03
-1.398869999999999891e+03
-1.406665999999999940e+03
-1.398127999999999929e+03
-1.408151000000000067e+03
-1.445646999999999935e+03
-1.405551999999999907e+03
-1.383277000000000044e+03
-1.391444999999999936e+03
-1.374367999999999938e+03
-1.388104000000000042e+03
-1.386618999999999915e+03
-1.373625000000000000e+03
-1.372510999999999967e+03
-1.384391000000000076e+03
-1.376223999999999933e+03
-1.388104000000000042e+03
-1.373996000000000095e+03
-1.384391000000000076e+03
-1.373996000000000095e+03
-1.387732999999999947e+03
-1.402211000000000013e+03
-1.372510999999999967e+03
-1.392930000000000064e+03
-1.395156999999999925e+03
-1.377709000000000060e+03
-1.402583000000000084e+03
-1.397384999999999991e+03
-1.399983999999999924e+03
-1.398869999999999891e+03
-1.387361000000000104e+03
-1.410008000000000038e+03
-1.423000999999999976e+03
-1.403695999999999913e+03
-1.398869999999999891e+03
-1.428569999999999936e+03
-1.404439000000000078e+03
-1.417432000000000016e+03
-1.416690000000000055e+03
-1.439708000000000084e+03
-1.411864000000000033e+03
-1.428569999999999936e+03
-1.442306000000000040e+03
-1.459012999999999920e+03
-1.457898999999999887e+03
-1.448989000000000033e+03
-1.448617999999999938e+03
-1.480915999999999940e+03
-1.453815000000000055e+03
-1.465324000000000069e+03
-1.492054000000000087e+03
-1.462354000000000042e+03
-1.483144000000000005e+03
-1.481659000000000106e+03
-1.473119999999999891e+03
-1.464210000000000036e+03
-1.449730999999999995e+03
-1.447133000000000038e+03
-1.436738000000000056e+03
-1.465694999999999936e+03
-1.453443999999999960e+03
-1.433767000000000053e+03
-1.464210000000000036e+03
-1.464580999999999904e+03
-1.452329999999999927e+03
-1.474605000000000018e+03
-1.460498000000000047e+03
-1.490940000000000055e+03
-1.496509000000000015e+03
-1.484628999999999905e+03
-1.492424999999999955e+03
-1.526951000000000022e+03
-1.481659000000000106e+03
-1.494652000000000044e+03
-1.500593000000000075e+03
-1.489454999999999927e+03
-1.494652000000000044e+03
-1.514700000000000045e+03
-1.508759999999999991e+03
-1.505419000000000096e+03
