-1.117090999999999894e+03
-1.120432000000000016e+03
-1.092588999999999942e+03
-1.110779999999999973e+03
-1.160898999999999887e+03
-1.159785000000000082e+03
-1.115605999999999995e+03
-1.179089999999999918e+03
-1.193198000000000093e+03
-1.143450000000000045e+03
-1.205819999999999936e+03
-1.212874000000000024e+03
-1.199880000000000109e+03
-1.252226000000000113e+03
-1.243316000000000031e+03
-1.219184999999999945e+03
-1.290464999999999918e+03
-1.276729000000000042e+03
-1.247028999999999996e+03
-1.300859999999999900e+03
-1.310141000000000076e+03
-1.306799999999999955e+03
-1.290094000000000051e+03
-1.305685999999999922e+03
-1.308655999999999949e+03
-1.338728000000000065e+03
-1.329817999999999984e+03
-1.374367999999999938e+03
-1.384391000000000076e+03
-1.400355000000000018e+03
-1.355433999999999969e+03
-1.423000999999999976e+03
-1.408894000000000005e+03
-1.343554000000000087e+03
-1.417804000000000087e+03
-1.401469000000000051e+03
-1.389588999999999942e+03
-1.453815000000000055e+03
-1.437480000000000018e+03
-1.418174999999999955e+03
-1.464580999999999904e+03
-1.465324000000000069e+03
-1.437851000000000113e+03
-1.444162000000000035e+03
-1.513958000000000084e+03
-1.459755000000000109e+03
-1.480545000000000073e+03
-1.522125000000000000e+03
-1.499107999999999947e+03
-1.527323000000000093e+03
-1.541800999999999931e+03
-1.516184999999999945e+03
-1.561848999999999933e+03
-1.564818999999999960e+03
-1.543656999999999925e+03
-1.583009999999999991e+03
-1.562962999999999965e+03
-1.538460000000000036e+03
-1.569644999999999982e+03
-1.605655999999999949e+03
-1.581153999999999996e+03
-1.609368999999999915e+03
-1.621990999999999985e+03
-1.599345000000000027e+03
-1.587836000000000013e+03
-1.665798999999999978e+03
-1.598973999999999933e+03
-1.606027000000000044e+03
-1.671739000000000033e+03
-1.614938000000000102e+03
-1.630159000000000106e+03
-1.679163999999999987e+03
-1.637212999999999965e+03
-1.630159000000000106e+03
-1.662086000000000013e+03
-1.640554000000000087e+03
-1.680277000000000044e+03
-1.675823000000000093e+03
-1.664684999999999945e+03
-1.699953999999999951e+03
-1.704409000000000106e+03
-1.685474999999999909e+03
-1.712948000000000093e+03
-1.748587999999999965e+03
-1.718516000000000076e+03
-1.686960000000000036e+03
-1.729653999999999996e+03
-1.755641000000000076e+03
-1.740790999999999940e+03
-1.762694999999999936e+03
-1.757498000000000047e+03
-1.756384000000000015e+03
-1.802419000000000096e+03
-1.758982999999999947e+03
-1.797221000000000004e+03
-1.827291999999999916e+03
-1.801305000000000064e+03
-1.794993999999999915e+03
-1.839544000000000096e+03
-1.836202999999999975e+03
-1.827663999999999987e+03
-1.861448000000000093e+03
-1.811328999999999951e+03
-1.813184999999999945e+03
-1.879638999999999896e+03
-1.847711000000000013e+03
-1.829519999999999982e+03
-1.832490000000000009e+03
-1.839172000000000025e+03
-1.818383000000000038e+03
-1.841770999999999958e+03
-1.841028999999999996e+03
-1.830634000000000015e+03
-1.861448000000000093e+03
-1.840286000000000058e+03
-1.838800999999999931e+03
-1.890034000000000106e+03
-1.908224999999999909e+03
-1.852909000000000106e+03
-1.897829999999999927e+03
-1.896715999999999894e+03
-1.861818999999999960e+03
-1.866644999999999982e+03
-1.887064000000000078e+03
-1.878525000000000091e+03
-1.900429000000000087e+03
-1.904141000000000076e+03
-1.880381000000000085e+03
-1.930128999999999905e+03
-1.917134999999999991e+03
-1.915278999999999996e+03
-1.918619999999999891e+03
-1.954631000000000085e+03
-1.910824000000000069e+03
-1.923817999999999984e+03
-1.977648999999999887e+03
-1.939780999999999949e+03
-1.971337999999999965e+03
-1.987300999999999931e+03
-1.965026000000000067e+03
-1.983218000000000075e+03
-1.987300999999999931e+03
-1.978391000000000076e+03
-2.005492999999999938e+03
-2.040390000000000100e+03
-1.991384999999999991e+03
-2.048929000000000087e+03
-2.040019000000000005e+03
-2.025911000000000058e+03
-2.054126000000000204e+03
-2.056724999999999909e+03
-2.066748999999999796e+03
-2.074173999999999978e+03
-2.110556000000000040e+03
-2.083083999999999833e+03
-2.090137000000000171e+03
-2.100903999999999996e+03
-2.090509000000000015e+03
-2.090137000000000171e+03
-2.132831000000000131e+03
-2.104987999999999829e+03
-2.107585999999999785e+03
-2.112041000000000167e+03
-2.062293999999999869e+03
-2.050784999999999854e+03
-2.065635000000000218e+03
-2.053012000000000171e+03
-2.055610999999999876e+03
-2.081969999999999800e+03
-2.068976000000000113e+03
-2.083083999999999833e+03
-2.105730000000000018e+03
-2.086054000000000087e+03
-2.119836999999999989e+03
-2.122065000000000055e+03
-2.145824999999999818e+03
-2.062293999999999869e+03
-2.071574999999999818e+03
-2.122436000000000149e+03
-2.058581000000000131e+03
-2.089023999999999887e+03
-2.145824999999999818e+03
-2.125777999999999793e+03
-2.128748000000000047e+03
-2.138400000000000091e+03
-2.113525999999999840e+03
-2.142855000000000018e+03
-2.160675000000000182e+03
-2.132088999999999942e+03
-2.132831000000000131e+03
-2.139514000000000124e+03
-2.131346000000000004e+03
-2.165873000000000047e+03
-2.180722000000000207e+03
-2.152878999999999905e+03
-2.190746000000000095e+03
-2.189260999999999967e+03
-2.190003999999999905e+03
-2.189632999999999811e+03
-2.139885000000000218e+03
-2.117610000000000127e+03
-2.123920999999999822e+03
-2.140626999999999953e+03
-2.089023999999999887e+03
-2.073802000000000135e+03
-2.076771999999999935e+03
-2.088652999999999793e+03
-2.087166999999999916e+03
-2.090509000000000015e+03
-2.102760000000000218e+03
-2.099789999999999964e+03
-2.116496000000000095e+03
-2.104244999999999891e+03
-2.109070999999999913e+03
-2.122436000000000149e+03
-2.145824999999999818e+03
-2.104615999999999985e+03
-2.110927000000000135e+03
-2.119465999999999894e+03
-2.120579999999999927e+03
-2.126148999999999887e+03
-2.116867000000000189e+03
-2.150280000000000200e+03
-2.165501000000000204e+03
-2.117610000000000127e+03
-2.159561000000000149e+03
-2.181835999999999785e+03
-2.153992000000000189e+03
-2.153250000000000000e+03
-2.179980000000000018e+03
-2.155106000000000222e+03
-2.170327999999999975e+03
-2.190746000000000095e+03
-2.177010000000000218e+03
-2.166244000000000142e+03
-2.213764000000000124e+03
-2.191117000000000189e+03
-2.171070000000000164e+03
-2.217476000000000113e+03
-2.191860000000000127e+03
-2.177010000000000218e+03
-2.192974000000000160e+03
-2.198170999999999822e+03
-2.165130000000000109e+03
-2.188889999999999873e+03
-2.198170999999999822e+03
-2.185177000000000135e+03
-2.193344999999999800e+03
-2.149538000000000011e+03
-2.132831000000000131e+03
-2.150280000000000200e+03
-2.167728999999999814e+03
-2.117610000000000127e+03
-2.163644999999999982e+03
-2.172554999999999836e+03
-2.162159999999999854e+03
-2.188518999999999778e+03
-2.158447999999999865e+03
-2.183693000000000211e+03
-2.202626000000000204e+03
-2.192231000000000222e+03
-2.184063999999999851e+03
-2.213021000000000186e+03
-2.230840999999999894e+03
-2.188518999999999778e+03
-2.207824000000000069e+03
-2.244206000000000131e+03
-2.201884000000000015e+03
-2.226757999999999811e+03
-2.239380000000000109e+03
-2.217105000000000018e+03
-2.246063000000000102e+03
-2.251630999999999858e+03
-2.226014999999999873e+03
-2.252373999999999796e+03
-2.260170000000000073e+03
-2.238637000000000171e+03
-2.234182999999999993e+03
-2.275762000000000171e+03
-2.222302000000000135e+03
-2.241606999999999971e+03
-2.226385999999999967e+03
-2.233440000000000055e+03
-2.234925000000000182e+03
-2.244206000000000131e+03
-2.241606999999999971e+03
-2.253115999999999985e+03
-2.244949000000000069e+03
-2.232326000000000022e+03
-2.242721000000000004e+03
-2.276876000000000204e+03
-2.244206000000000131e+03
-2.263510999999999967e+03
-2.277248000000000047e+03
-2.256458000000000084e+03
-2.246434000000000196e+03
-2.267594999999999800e+03
-2.260913000000000011e+03
-2.257943000000000211e+03
-2.269079999999999927e+03
-2.253115999999999985e+03
-2.270936000000000149e+03
-2.296552000000000135e+03
-2.282445000000000164e+03
-2.282074000000000069e+03
-2.315485999999999876e+03
-2.305461999999999989e+03
-2.271679000000000087e+03
-2.303235000000000127e+03
-2.288385000000000218e+03
-2.298409000000000106e+03
-2.321797999999999774e+03
-2.311402999999999793e+03
-2.316599999999999909e+03
-2.331820999999999913e+03
-2.323653999999999996e+03
-2.334420000000000073e+03
-2.347414000000000215e+03
-2.335534000000000106e+03
-2.351126000000000204e+03
-2.345186000000000149e+03
-2.328851000000000113e+03
-2.338875000000000000e+03
-2.350012000000000171e+03
-2.359664999999999964e+03
-2.341103000000000065e+03
-2.362264000000000124e+03
-2.364490999999999985e+03
-2.339617000000000189e+03
-2.367090000000000146e+03
-2.357065999999999804e+03
-2.310289000000000215e+03
-2.351126000000000204e+03
-2.325139000000000124e+03
-2.310289000000000215e+03
-2.325510000000000218e+03
-2.343701000000000022e+03
-2.329222000000000207e+03
-2.367090000000000146e+03
-2.368574999999999818e+03
-2.342215999999999894e+03
-2.361521000000000186e+03
-2.341844999999999800e+03
-2.371916000000000167e+03
-2.338132999999999811e+03
-2.311402999999999793e+03
-2.318456000000000131e+03
-2.317342999999999847e+03
-2.326251999999999953e+03
-2.301378999999999905e+03
-2.333306000000000040e+03
-2.307318999999999960e+03
-2.325139000000000124e+03
-2.346670999999999822e+03
-2.333677000000000135e+03
-2.314373000000000047e+03
-2.340731000000000222e+03
-2.348155999999999949e+03
-2.325510000000000218e+03
-2.348898999999999887e+03
-2.362264000000000124e+03
-2.343701000000000022e+03
-2.355952999999999975e+03
-2.372659000000000106e+03
-2.341844999999999800e+03
-2.356324000000000069e+03
-2.369318000000000211e+03
-2.361893000000000029e+03
-2.383054000000000087e+03
-2.339617000000000189e+03
-2.309545999999999822e+03
-2.319199000000000069e+03
-2.338132999999999811e+03
-2.309916999999999916e+03
-2.298780000000000200e+03
-2.329965000000000146e+03
-2.336275999999999840e+03
-2.286528999999999996e+03
-2.269451000000000022e+03
-2.278360999999999876e+03
-2.273905999999999949e+03
-2.287271000000000186e+03
-2.293954000000000178e+03
-2.289498999999999796e+03
-2.305090999999999894e+03
-2.295809999999999945e+03
-2.287271000000000186e+03
-2.305461999999999989e+03
-2.289126999999999953e+03
-2.269079999999999927e+03
-2.300264999999999873e+03
-2.289498999999999796e+03
-2.271307999999999993e+03
-2.296552000000000135e+03
-2.288755999999999858e+03
-2.271679000000000087e+03
-2.264253999999999905e+03
-2.281331000000000131e+03
-2.276134000000000015e+03
-2.283188000000000102e+03
-2.293954000000000178e+03
-2.275019999999999982e+03
-2.287643000000000029e+03
-2.299893999999999778e+03
-2.288385000000000218e+03
-2.294324999999999818e+03
-2.270193999999999960e+03
-2.247547999999999774e+03
-2.254230000000000018e+03
-2.168842999999999847e+03
-2.152135999999999967e+03
-2.161789000000000215e+03
