-3.376146999999999935e+03
-3.377260999999999967e+03
-3.378746000000000095e+03
-3.396565999999999804e+03
-3.435918999999999869e+03
-3.429978999999999814e+03
-3.478983999999999924e+03
-3.434434000000000196e+03
-3.494204999999999927e+03
-3.431463999999999942e+03
-3.431463999999999942e+03
-3.505713999999999942e+03
-3.408445999999999913e+03
-3.492349000000000160e+03
-3.481954000000000178e+03
-3.521306000000000040e+03
-3.475271000000000186e+03
-3.532815000000000055e+03
-3.516480000000000018e+03
-3.533186000000000149e+03
-3.551748999999999796e+03
-3.558059999999999945e+03
-3.547293999999999869e+03
-3.544695000000000164e+03
-3.582934000000000196e+03
-3.602239000000000033e+03
-3.578478999999999814e+03
-3.598896999999999935e+03
-3.608179000000000087e+03
-3.654585000000000036e+03
-3.595556000000000040e+03
-3.614119000000000142e+03
-3.636393999999999778e+03
-3.609664000000000215e+03
-3.633795000000000073e+03
-3.698021000000000186e+03
-3.644932999999999993e+03
-3.687998000000000047e+03
-3.698393000000000029e+03
-3.735889000000000124e+03
-3.685769999999999982e+03
-3.715469999999999800e+03
-3.724009000000000015e+03
-3.699876999999999953e+03
-3.730690999999999804e+03
-3.699876999999999953e+03
-3.712128999999999905e+03
-3.741829000000000178e+03
-3.748510999999999967e+03
-3.708416000000000167e+03
-3.737373999999999796e+03
-3.764103999999999814e+03
-3.744427000000000135e+03
-3.739601000000000113e+03
-3.772643000000000029e+03
-3.737001999999999953e+03
-3.783038000000000011e+03
-3.802713999999999942e+03
-3.786007999999999811e+03
-3.844293999999999869e+03
-3.799373000000000047e+03
-3.723266000000000076e+03
-3.752965999999999894e+03
-3.750367000000000189e+03
-3.751481000000000222e+03
-3.809768000000000029e+03
-3.792318999999999960e+03
-3.789719999999999800e+03
-3.739601000000000113e+03
-3.816820999999999913e+03
-3.790833999999999833e+03
-3.851719000000000051e+03
-3.819048999999999978e+03
-3.791576000000000022e+03
-3.848376999999999953e+03
-3.811623999999999796e+03
-3.858030000000000200e+03
-3.855059999999999945e+03
-3.859885999999999967e+03
-3.840952999999999975e+03
-3.868795999999999822e+03
-3.833527999999999793e+03
-3.884389000000000124e+03
-3.844664999999999964e+03
-3.917800999999999931e+03
-3.891813999999999851e+03
-3.884760000000000218e+03
-3.911119000000000142e+03
-3.895155000000000200e+03
-3.916688000000000102e+03
-3.924112999999999829e+03
-3.928195999999999913e+03
-3.888472999999999956e+03
-3.969034000000000106e+03
-3.981655999999999949e+03
-3.946759000000000015e+03
-3.987224999999999909e+03
-3.976458999999999833e+03
-3.952327999999999975e+03
-3.961237999999999829e+03
-3.994650000000000091e+03
-3.921514000000000124e+03
-4.000960999999999785e+03
-3.987224999999999909e+03
-3.953070000000000164e+03
-4.001704000000000178e+03
-4.002445999999999913e+03
-3.998362999999999829e+03
-4.071126999999999953e+03
-4.026577999999999975e+03
-4.049965999999999894e+03
-4.041798999999999978e+03
-4.086719999999999800e+03
-4.054791999999999916e+03
-4.044025999999999840e+03
-4.072612999999999829e+03
-4.078552000000000135e+03
-4.077438999999999851e+03
-4.103055000000000291e+03
-4.064074000000000069e+03
-4.097856999999999971e+03
-4.082264999999999873e+03
-4.037715000000000146e+03
-4.042541000000000167e+03
-4.068528999999999996e+03
-3.995021000000000186e+03
-4.010985000000000127e+03
-4.045510999999999967e+03
-4.008757999999999811e+03
-4.019152999999999793e+03
-4.009128999999999905e+03
-4.055905999999999949e+03
-4.059619000000000142e+03
-4.068528999999999996e+03
-4.081893999999999778e+03
-4.045510999999999967e+03
-4.081150999999999840e+03
-4.050338000000000193e+03
-4.034373999999999796e+03
-4.085606000000000222e+03
-4.057762000000000171e+03
-4.071498999999999796e+03
-4.060731999999999971e+03
-4.096372999999999593e+03
-4.082635999999999967e+03
-4.109365999999999985e+03
-4.099713999999999942e+03
-4.088204999999999927e+03
-4.104911000000000058e+03
-4.105654000000000451e+03
-4.095630000000000109e+03
-4.118275999999999840e+03
-4.163569000000000415e+03
-4.120131999999999607e+03
-4.150945999999999913e+03
-4.149090000000000146e+03
-4.103426000000000386e+03
-4.140180000000000291e+03
-4.163198000000000320e+03
-4.160599000000000160e+03
-4.165796000000000276e+03
-4.162083999999999833e+03
-4.139809000000000196e+03
-4.166167000000000371e+03
-4.161712000000000444e+03
-4.196609999999999673e+03
-4.201807999999999993e+03
-4.182502000000000407e+03
-4.202550000000000182e+03
-4.188070999999999913e+03
-4.213315999999999804e+03
-4.191042000000000371e+03
-4.233734999999999673e+03
-4.225939000000000306e+03
-4.257865999999999985e+03
-4.256381000000000313e+03
-4.201807999999999993e+03
-4.262320999999999913e+03
-4.219256000000000313e+03
-4.238561999999999898e+03
-4.207747999999999593e+03
-4.227423999999999978e+03
-4.284225000000000364e+03
-4.241159999999999854e+03
-4.289793999999999869e+03
-4.269003999999999905e+03
-4.259350999999999658e+03
-4.278655999999999949e+03
-4.271230999999999767e+03
-4.244872999999999593e+03
-4.280512999999999920e+03
-4.288680000000000291e+03
-4.287938000000000102e+03
-4.307613999999999578e+03
-4.284967999999999847e+03
-4.283481999999999971e+03
-4.294619999999999891e+03
-4.311326000000000022e+03
-4.234849000000000160e+03
-4.248956000000000131e+03
-4.309470000000000255e+03
-4.280512999999999920e+03
-4.280512999999999920e+03
-4.312069000000000415e+03
-4.259350999999999658e+03
-4.289793999999999869e+03
-4.283110999999999876e+03
-4.238561999999999898e+03
-4.293877000000000407e+03
-4.304271999999999935e+03
-4.251555000000000291e+03
-4.292764000000000124e+03
-4.303529999999999745e+03
-4.288309000000000196e+03
-4.312811999999999898e+03
-4.321350000000000364e+03
-4.285338999999999942e+03
-4.313554000000000087e+03
-4.289793999999999869e+03
-4.292393000000000029e+03
-4.309470000000000255e+03
-4.347337000000000444e+03
-4.313925000000000182e+03
-4.334715000000000146e+03
-4.380006999999999607e+03
-4.362930000000000291e+03
-4.333972999999999956e+03
-4.354020000000000437e+03
-4.359960000000000036e+03
-4.299074999999999818e+03
-4.325805000000000291e+03
-4.295362000000000080e+03
-4.247470999999999549e+03
-4.313925000000000182e+03
-4.276057999999999993e+03
-4.268631999999999607e+03
-4.274944000000000415e+03
-4.323948999999999614e+03
-4.243015999999999622e+03
-4.300189000000000306e+03
-4.299074999999999818e+03
-4.256010000000000218e+03
-4.304644000000000233e+03
-4.269375000000000000e+03
-4.305015000000000327e+03
-4.307243000000000393e+03
-4.317637999999999920e+03
-4.201436999999999898e+03
-4.253783000000000357e+03
-4.219998999999999796e+03
-4.186586000000000240e+03
-4.258609000000000378e+03
-4.204777000000000044e+03
-4.222969000000000051e+03
-4.240046000000000276e+03
-4.288309000000000196e+03
-4.222225999999999658e+03
-4.260465000000000146e+03
-4.234849000000000160e+03
-4.230394000000000233e+03
-4.259722999999999956e+03
-4.249328000000000429e+03
-4.230765000000000327e+03
-4.230021999999999935e+03
-4.276429000000000087e+03
-4.247470999999999549e+03
-4.239304000000000087e+03
-4.263064000000000306e+03
-4.215543999999999869e+03
-4.266033999999999651e+03
-4.256381000000000313e+03
-4.253411000000000058e+03
-4.248213999999999942e+03
-4.274201000000000022e+03
-4.250813000000000102e+03
-4.217770999999999731e+03
-4.240788999999999760e+03
-4.231136000000000422e+03
-4.235962000000000444e+03
-4.243759000000000015e+03
-4.263064000000000306e+03
-4.237448000000000320e+03
-4.261949999999999818e+03
-4.236333999999999833e+03
-4.237448000000000320e+03
-4.242645000000000437e+03
-4.222597999999999956e+03
-4.274944000000000415e+03
-4.251926000000000386e+03
-4.239675000000000182e+03
-4.240788999999999760e+03
-4.289421999999999571e+03
-4.252296999999999571e+03
-4.258979999999999563e+03
-4.287194999999999709e+03
-4.260465000000000146e+03
-4.259722999999999956e+03
-4.249698999999999614e+03
-4.248585000000000036e+03
-4.247470999999999549e+03
-4.257494999999999891e+03
-4.234849000000000160e+03
-4.266404999999999745e+03
-4.270488999999999578e+03
-4.245614999999999782e+03
-4.269003999999999905e+03
-4.275314999999999600e+03
-4.270859999999999673e+03
-4.231136000000000422e+03
-4.289421999999999571e+03
-4.240046000000000276e+03
-4.279027000000000044e+03
-4.294990999999999985e+03
-4.277913999999999760e+03
-4.259350999999999658e+03
-4.278655999999999949e+03
-4.310583999999999833e+03
-4.265292000000000371e+03
-4.326918999999999869e+03
-4.309099000000000160e+03
-4.266033999999999651e+03
-4.302045000000000073e+03
-4.261207999999999629e+03
-4.263805999999999585e+03
-4.307613999999999578e+03
-4.316152000000000044e+03
-4.276057999999999993e+03
-4.310954999999999927e+03
-4.323948999999999614e+03
-4.307613999999999578e+03
-4.294248999999999796e+03
-4.319493999999999687e+03
-4.313182999999999993e+03
-4.323948999999999614e+03
-4.327289999999999964e+03
-4.316152000000000044e+03
-4.320979000000000269e+03
-4.335457999999999629e+03
-4.342511000000000422e+03
-4.343996000000000095e+03
-4.356618999999999687e+03
-4.310954999999999927e+03
-4.356247999999999593e+03
-4.340283999999999651e+03
-4.328404000000000451e+03
-4.296475999999999658e+03
-4.350679000000000087e+03
-4.313182999999999993e+03
-4.339912999999999556e+03
-4.364043999999999869e+03
-4.325063000000000102e+03
-4.320235999999999876e+03
-4.340654999999999745e+03
-4.315780999999999949e+03
-4.352905999999999949e+03
-4.337685000000000400e+03
-4.361073999999999614e+03
-4.320606999999999971e+03
-4.333600999999999658e+03
-4.361444999999999709e+03
-4.307243000000000393e+03
-4.342511000000000422e+03
-4.360331000000000131e+03
-4.324690999999999804e+03
-4.328774999999999636e+03
-4.339912999999999556e+03
-4.307243000000000393e+03
-4.381863999999999578e+03
-4.343625000000000000e+03
-4.335086000000000240e+03
-4.356989999999999782e+03
-4.355876000000000204e+03
-4.352163999999999760e+03
-4.352534999999999854e+03
-4.378150999999999840e+03
-4.337685000000000400e+03
-4.371469000000000051e+03
-4.338055999999999585e+03
-4.338798999999999978e+03
-4.379636000000000422e+03
-4.313925000000000182e+03
-4.303158999999999651e+03
-4.284225000000000364e+03
-4.284595999999999549e+03
-4.284967999999999847e+03
-4.280140999999999622e+03
-4.235591000000000349e+03
-4.268631999999999607e+03
-4.264920000000000073e+03
-4.237448000000000320e+03
-4.299074999999999818e+03
-4.273829999999999927e+03
-4.266404999999999745e+03
-4.293506000000000313e+03
-4.273458999999999833e+03
-4.281626000000000204e+03
-4.293135000000000218e+03
-4.255639000000000124e+03
-4.285338999999999942e+03
-4.296104999999999563e+03
-4.298703999999999724e+03
-4.294990999999999985e+03
-4.269746000000000095e+03
-4.269746000000000095e+03
-4.276800000000000182e+03
-4.267519000000000233e+03
-4.269375000000000000e+03
-4.277913999999999760e+03
-4.272716000000000349e+03
-4.279027000000000044e+03
-4.292393000000000029e+03
-4.270118000000000393e+03
