-3.152655000000000200e+03
-3.206856999999999971e+03
-3.229503999999999905e+03
-3.219108999999999924e+03
-3.209085000000000036e+03
-3.243981999999999971e+03
-3.236929000000000087e+03
-3.284077999999999975e+03
-3.309322999999999865e+03
-3.299298999999999978e+03
-3.306353000000000065e+03
-3.297443000000000211e+03
-3.321202999999999975e+03
-3.334195999999999913e+03
-3.347190000000000055e+03
-3.311179000000000087e+03
-3.330112999999999829e+03
-3.365751999999999953e+03
-3.343106000000000222e+03
-3.399907000000000153e+03
-3.370949999999999818e+03
-3.391739999999999782e+03
-3.447427000000000135e+03
-3.433320000000000164e+03
-3.448913000000000011e+03
-3.382088000000000193e+03
-3.402876999999999953e+03
-3.400650000000000091e+03
-3.415500000000000000e+03
-3.428864999999999782e+03
-3.386541999999999916e+03
-3.409188999999999851e+03
-3.432949000000000069e+03
-3.443715000000000146e+03
-3.438518000000000029e+03
-3.452996000000000095e+03
-3.411416000000000167e+03
-3.440744999999999891e+03
-3.484552000000000135e+03
-3.477498999999999796e+03
-3.473414999999999964e+03
-3.471929999999999836e+03
-3.513510000000000218e+03
-3.480097000000000207e+03
-3.578106999999999971e+03
-3.506827999999999975e+03
-3.466360999999999876e+03
-3.520563999999999851e+03
-3.516108999999999924e+03
-3.481583000000000084e+03
-3.574394999999999982e+03
-3.552862999999999829e+03
-3.552119999999999891e+03
-3.589615999999999985e+03
-3.556574999999999818e+03
-3.581449000000000069e+03
-3.606322999999999865e+03
-3.601496000000000095e+03
-3.541353999999999814e+03
-3.585532000000000153e+03
-3.578106999999999971e+03
-3.559545000000000073e+03
-3.583304999999999836e+03
-3.575509000000000015e+03
-3.563257999999999811e+03
-3.573280999999999949e+03
-3.608920999999999822e+03
-3.569940000000000055e+03
-3.626740999999999985e+03
-3.620800999999999931e+03
-3.600010999999999967e+03
-3.613748000000000047e+03
-3.604838000000000193e+03
-3.628226000000000113e+03
-3.633423999999999978e+03
-3.644561000000000149e+03
-3.617460000000000036e+03
-3.612262000000000171e+03
-3.624885000000000218e+03
-3.631568000000000211e+03
-3.650873000000000047e+03
-3.642333999999999833e+03
-3.625998999999999796e+03
-3.623028999999999996e+03
-3.650501000000000204e+03
-3.622286000000000058e+03
-3.664237999999999829e+03
-3.631195999999999913e+03
-3.656440999999999804e+03
-3.632309999999999945e+03
-3.641963000000000193e+03
-3.649387000000000171e+03
-3.654585000000000036e+03
-3.669434999999999945e+03
-3.625626999999999953e+03
-3.657554999999999836e+03
-3.678715999999999894e+03
-3.657554999999999836e+03
-3.663865999999999985e+03
-3.702105000000000018e+03
-3.686884000000000015e+03
-3.695793999999999869e+03
-3.702847999999999956e+03
-3.728092999999999847e+03
-3.707673999999999978e+03
-3.719925000000000182e+03
-3.695422999999999774e+03
-3.721409999999999854e+03
-3.678344999999999800e+03
-3.726606999999999971e+03
-3.661268000000000029e+03
-3.710643999999999778e+03
-3.677231000000000222e+03
-3.669063999999999851e+03
-3.702476000000000113e+03
-3.733661000000000058e+03
-3.690967999999999847e+03
-3.718440000000000055e+03
-3.737373999999999796e+03
-3.711014999999999873e+03
-3.779695999999999913e+03
-3.728092999999999847e+03
-3.725494000000000142e+03
-3.750367000000000189e+03
-3.722894999999999982e+03
-3.777097999999999956e+03
-3.793432999999999993e+03
-3.775240999999999985e+03
-3.772271000000000186e+03
-3.808282000000000153e+03
-3.791576000000000022e+03
-3.790090999999999894e+03
-3.810139000000000124e+03
-3.835755000000000109e+03
-3.805313000000000102e+03
-3.800856999999999971e+03
-3.812365999999999985e+03
-3.803085000000000036e+03
-3.816449999999999818e+03
-3.799001000000000204e+03
-3.791204999999999927e+03
-3.800485999999999876e+03
-3.803827999999999975e+03
-3.823132999999999811e+03
-3.816449999999999818e+03
-3.840210000000000036e+03
-3.800856999999999971e+03
-3.818677000000000135e+03
-3.782666000000000167e+03
-3.830557999999999993e+03
-3.873251000000000204e+03
-3.865454999999999927e+03
-3.826474000000000160e+03
-3.851719000000000051e+03
-3.837981999999999971e+03
-3.822018999999999778e+03
-3.873251000000000204e+03
-3.895896999999999935e+03
-3.881789999999999964e+03
-3.917059000000000196e+03
-3.921143000000000029e+03
-3.910005000000000109e+03
-3.908519999999999982e+03
-3.963835999999999785e+03
-3.928195999999999913e+03
-3.936735000000000127e+03
-3.957896000000000186e+03
-3.956411000000000058e+03
-3.924855000000000018e+03
-3.972746000000000095e+03
-3.964579000000000178e+03
-3.934135999999999967e+03
-3.980170999999999822e+03
-3.959010000000000218e+03
-3.950471000000000004e+03
-3.977943999999999960e+03
-3.972375000000000000e+03
-3.948985999999999876e+03
-3.994278999999999996e+03
-4.029918999999999869e+03
-3.949356999999999971e+03
-4.030289999999999964e+03
-3.989824000000000069e+03
-4.005788000000000011e+03
-3.992050999999999931e+03
-4.010614000000000033e+03
-4.002445999999999913e+03
-4.008014999999999873e+03
-4.037715000000000146e+03
-4.028434000000000196e+03
-4.052936000000000149e+03
-4.066672999999999774e+03
-4.062960000000000036e+03
-4.074097999999999956e+03
-4.060731999999999971e+03
-4.071869999999999891e+03
-4.087090999999999894e+03
-4.053307999999999993e+03
-4.077438999999999851e+03
-4.082264999999999873e+03
-4.108252000000000407e+03
-4.077438999999999851e+03
-4.101940999999999804e+03
-4.128671000000000276e+03
-4.119019000000000233e+03
-4.108623999999999796e+03
-4.119390000000000327e+03
-4.125329999999999927e+03
-4.109365999999999985e+03
-4.142779000000000451e+03
-4.124958999999999833e+03
-4.124587000000000444e+03
-4.123474000000000160e+03
-4.116048999999999978e+03
-4.099713999999999942e+03
-4.143149999999999636e+03
-4.093402999999999793e+03
-4.118646999999999935e+03
-4.116048999999999978e+03
-4.105283000000000357e+03
-4.108252000000000407e+03
-4.143520999999999731e+03
-4.156144000000000233e+03
-4.114192000000000007e+03
-4.146862000000000080e+03
-4.136095999999999549e+03
-4.104911000000000058e+03
-4.139065999999999804e+03
-4.143149999999999636e+03
-4.126444000000000415e+03
-4.105654000000000451e+03
-4.101198999999999614e+03
-4.112707999999999629e+03
-4.127557999999999993e+03
-4.157256999999999607e+03
-4.133868999999999687e+03
-4.114935000000000400e+03
-4.142036000000000058e+03
-4.109365999999999985e+03
-4.166909999999999854e+03
-4.141293999999999869e+03
-4.155400999999999840e+03
-4.149461000000000240e+03
-4.156144000000000233e+03
-4.169137999999999920e+03
-4.195125000000000000e+03
-4.223340000000000146e+03
-4.171735999999999876e+03
-4.231136000000000422e+03
-4.186215000000000146e+03
-4.210717999999999847e+03
-4.201807999999999993e+03
-4.144264000000000124e+03
-4.051822999999999865e+03
-4.082635999999999967e+03
-4.062217999999999847e+03
-4.045139999999999873e+03
-4.080409000000000106e+03
-4.073355000000000018e+03
-4.075954000000000178e+03
-4.124958999999999833e+03
-4.058505000000000109e+03
-4.108994999999999891e+03
-4.121618000000000393e+03
-4.123845000000000255e+03
-4.096001000000000204e+03
-4.142779000000000451e+03
-4.107881000000000313e+03
-4.147234000000000378e+03
-4.132012999999999920e+03
-4.130155999999999949e+03
-4.111222999999999956e+03
-4.121618000000000393e+03
-4.105283000000000357e+03
-4.114935000000000400e+03
-4.124216000000000349e+03
-4.134981999999999971e+03
-4.124216000000000349e+03
-4.096001000000000204e+03
-4.134981999999999971e+03
-4.139438000000000102e+03
-4.124958999999999833e+03
-4.167652000000000044e+03
-4.131270000000000437e+03
-4.161341000000000349e+03
-4.166538999999999760e+03
-4.130155999999999949e+03
-4.135354000000000269e+03
-4.141293999999999869e+03
-4.112707999999999629e+03
-4.167280999999999949e+03
-4.181389000000000124e+03
-4.160228000000000065e+03
-4.178046999999999571e+03
-4.197353000000000065e+03
-4.149461000000000240e+03
-4.178418999999999869e+03
-4.198095000000000255e+03
-4.212944999999999709e+03
-4.213688000000000102e+03
-4.211460000000000036e+03
-4.220740999999999985e+03
-4.221484000000000378e+03
-4.221112000000000080e+03
-4.235962000000000444e+03
-4.218514000000000124e+03
-4.229650999999999840e+03
-4.223340000000000146e+03
-4.249328000000000429e+03
-4.255268000000000029e+03
-4.241530999999999949e+03
-4.223711000000000240e+03
-4.222225999999999658e+03
-4.242645000000000437e+03
-4.221854999999999563e+03
-4.271974000000000160e+03
-4.268261000000000422e+03
-4.246356999999999971e+03
-4.258609000000000378e+03
-4.249328000000000429e+03
-4.289051000000000386e+03
-4.289421999999999571e+03
-4.290164999999999964e+03
-4.283481999999999971e+03
-4.328774999999999636e+03
-4.303529999999999745e+03
-4.309470000000000255e+03
-4.310583999999999833e+03
-4.324690999999999804e+03
-4.338798999999999978e+03
-4.316152000000000044e+03
-4.355134000000000015e+03
-4.328033000000000357e+03
-4.318380000000000109e+03
-4.338427999999999884e+03
-4.336942000000000007e+03
-4.280884000000000015e+03
-4.320606999999999971e+03
-4.329145999999999731e+03
-4.295734000000000378e+03
-4.345109999999999673e+03
-4.316895000000000437e+03
-4.316152000000000044e+03
-4.321350000000000364e+03
-4.295734000000000378e+03
-4.305386000000000422e+03
-4.294248999999999796e+03
-4.289051000000000386e+03
-4.307243000000000393e+03
-4.330260000000000218e+03
-4.276429000000000087e+03
-4.302787999999999556e+03
-4.324319999999999709e+03
-4.315409999999999854e+03
-4.302787999999999556e+03
-4.312069000000000415e+03
-4.310954999999999927e+03
-4.319493999999999687e+03
-4.361073999999999614e+03
-4.326176000000000386e+03
-4.330631000000000313e+03
-4.337314000000000306e+03
-4.359588999999999942e+03
-4.312811999999999898e+03
-4.342881999999999607e+03
-4.376667000000000371e+03
-4.352163999999999760e+03
-4.302045000000000073e+03
-4.261578999999999724e+03
-4.256752000000000407e+03
-4.238932999999999993e+03
-4.244872999999999593e+03
-4.248956000000000131e+03
-4.248213999999999942e+03
-4.260094000000000051e+03
-4.231878999999999905e+03
-4.243759000000000015e+03
-4.231136000000000422e+03
-4.246356999999999971e+03
-4.237819000000000415e+03
-4.261949999999999818e+03
-4.253411000000000058e+03
-4.280140999999999622e+03
-4.259722999999999956e+03
-4.266033999999999651e+03
-4.290164999999999964e+03
-4.281626000000000204e+03
-4.280884000000000015e+03
-4.280884000000000015e+03
-4.270118000000000393e+03
-4.290908000000000357e+03
-4.307613999999999578e+03
-4.326546999999999571e+03
-4.266033999999999651e+03
-4.326176000000000386e+03
-4.317265999999999622e+03
-4.299817000000000007e+03
-4.300560000000000400e+03
-4.327661000000000058e+03
-4.345853000000000065e+03
-4.336570999999999913e+03
-4.381493000000000393e+03
-4.332487000000000080e+03
-4.345109999999999673e+03
-4.332487000000000080e+03
-4.318380000000000109e+03
-4.351792000000000371e+03
-4.319864999999999782e+03
-4.350679000000000087e+03
-4.335828999999999724e+03
-4.352163999999999760e+03
-4.304644000000000233e+03
