-4.479502000000000407e+03
-4.465765999999999622e+03
-4.505860999999999876e+03
-4.554494999999999891e+03
-4.531478000000000065e+03
-4.501034999999999854e+03
-4.517740999999999985e+03
-4.554865999999999985e+03
-4.489154999999999745e+03
-4.516627000000000407e+03
-4.564146999999999935e+03
-4.510315999999999804e+03
-4.551895999999999731e+03
-4.563033999999999651e+03
-4.578255000000000109e+03
-4.573800000000000182e+03
-4.583081000000000131e+03
-4.576027000000000044e+03
-4.593104999999999563e+03
-4.604984999999999673e+03
-4.604984999999999673e+03
-4.622434000000000196e+03
-4.629859000000000378e+03
-4.623176000000000386e+03
-4.650649000000000342e+03
-4.679605999999999767e+03
-4.646936999999999898e+03
-4.610554000000000087e+03
-4.678121000000000095e+03
-4.672180999999999585e+03
-4.658073999999999614e+03
-4.630229999999999563e+03
-4.671439000000000306e+03
-4.657331000000000131e+03
-4.699654000000000451e+03
-4.722671000000000276e+03
-4.662899999999999636e+03
-4.705594000000000051e+03
-4.632828999999999724e+03
-4.632086000000000240e+03
-4.672923999999999978e+03
-4.693713999999999942e+03
-4.687030999999999949e+03
-4.683319000000000415e+03
-4.707078999999999724e+03
-4.697796999999999571e+03
-4.682204999999999927e+03
-4.720073000000000320e+03
-4.678863999999999578e+03
-4.701881000000000313e+03
-4.717103000000000065e+03
-4.689259000000000015e+03
-4.724155999999999949e+03
-4.725270000000000437e+03
-4.720814999999999600e+03
-4.725640999999999622e+03
-4.760909999999999854e+03
-4.708564000000000306e+03
-4.723784999999999854e+03
-4.715246000000000095e+03
-4.696684000000000196e+03
-4.701139000000000124e+03
-4.755341000000000349e+03
-4.708935000000000400e+03
-4.712646999999999935e+03
-4.710048999999999978e+03
-4.720444000000000415e+03
-4.720814999999999600e+03
-4.708564000000000306e+03
-4.710048999999999978e+03
-4.717103000000000065e+03
-4.724155999999999949e+03
-4.741975999999999658e+03
-4.717103000000000065e+03
-4.728610999999999876e+03
-4.690743999999999687e+03
-4.744203999999999724e+03
-4.743090000000000146e+03
-4.733809000000000196e+03
-4.737893000000000029e+03
-4.729354000000000269e+03
-4.762395000000000437e+03
-4.726012999999999920e+03
-4.777615999999999985e+03
-4.738264000000000124e+03
-4.727868999999999687e+03
-4.739748999999999796e+03
-4.740119999999999891e+03
-4.729354000000000269e+03
-4.732694999999999709e+03
-4.788011000000000422e+03
-4.733065999999999804e+03
-4.806203000000000429e+03
-4.747545000000000073e+03
-4.729354000000000269e+03
-4.771305000000000291e+03
-4.782070999999999913e+03
-4.757198000000000320e+03
-4.750515000000000327e+03
-4.752743000000000393e+03
-4.756083999999999833e+03
-4.773904000000000451e+03
-4.758682999999999993e+03
-4.756826000000000022e+03
-4.816969000000000051e+03
-4.743090000000000146e+03
-4.808430000000000291e+03
-4.768335000000000036e+03
-4.761652000000000044e+03
-4.771305000000000291e+03
-4.812514000000000124e+03
-4.792466000000000349e+03
-4.787269000000000233e+03
-4.786896999999999935e+03
-4.764622999999999593e+03
-4.772418999999999869e+03
-4.794323000000000320e+03
-4.812514000000000124e+03
-4.783555999999999585e+03
-4.812143000000000029e+03
-4.789125000000000000e+03
-4.783185000000000400e+03
-4.834788999999999760e+03
-4.820310000000000400e+03
-4.833304000000000087e+03
-4.834788999999999760e+03
-4.843698999999999614e+03
-4.851865999999999985e+03
-4.788011000000000422e+03
-4.772046999999999571e+03
-4.734551000000000386e+03
-4.761280999999999949e+03
-4.764251000000000204e+03
-4.784298999999999978e+03
-4.763509000000000015e+03
-4.748658999999999651e+03
-4.767592999999999847e+03
-4.764622999999999593e+03
-4.757569000000000415e+03
-4.737520999999999731e+03
-4.780957999999999629e+03
-4.777244999999999891e+03
-4.746802999999999884e+03
-4.779844000000000051e+03
-4.789868000000000393e+03
-4.751256999999999607e+03
-4.786154999999999745e+03
-4.766850000000000364e+03
-4.786525999999999840e+03
-4.764251000000000204e+03
-4.799890999999999622e+03
-4.762395000000000437e+03
-4.786896999999999935e+03
-4.795064999999999600e+03
-4.790609999999999673e+03
-4.789868000000000393e+03
-4.852237000000000080e+03
-4.803975000000000364e+03
-4.765364999999999782e+03
-4.797663999999999760e+03
-4.735293999999999869e+03
-4.778359000000000378e+03
-4.826250000000000000e+03
-4.743090000000000146e+03
-4.804345999999999549e+03
-4.793208999999999833e+03
-4.779100999999999658e+03
-4.741975999999999658e+03
-4.790238999999999578e+03
-4.784670000000000073e+03
-4.734921999999999571e+03
-4.802118999999999687e+03
-4.774274999999999636e+03
-4.782070999999999913e+03
-4.777244999999999891e+03
-4.789125000000000000e+03
-4.783185000000000400e+03
-4.817340000000000146e+03
-4.790609999999999673e+03
-4.783927999999999884e+03
-4.816969000000000051e+03
-4.785783999999999651e+03
-4.806573999999999614e+03
-4.824765000000000327e+03
-4.847411000000000058e+03
-4.787269000000000233e+03
-4.848895999999999731e+03
-4.831448000000000320e+03
-4.859662999999999556e+03
-4.823650999999999840e+03
-4.835159999999999854e+03
-4.851494999999999891e+03
-4.831076000000000022e+03
-4.856320999999999913e+03
-4.835530999999999949e+03
-4.864859999999999673e+03
-4.878225000000000364e+03
-4.839243999999999687e+03
-4.891590000000000146e+03
-4.879338999999999942e+03
-4.861519000000000233e+03
-4.891219000000000051e+03
-4.899015000000000327e+03
-4.903470000000000255e+03
-4.888248999999999796e+03
-4.900500000000000000e+03
-4.912751000000000204e+03
-4.930570999999999913e+03
-4.917578000000000429e+03
-4.883421999999999571e+03
-4.913122999999999593e+03
-4.901984999999999673e+03
-4.903841000000000349e+03
-4.943194000000000415e+03
-4.933542000000000371e+03
-4.929828999999999724e+03
-4.972150999999999840e+03
-4.953217999999999847e+03
-4.974006999999999607e+03
-4.978462000000000444e+03
-4.956559000000000196e+03
-4.937253999999999905e+03
-4.936511000000000422e+03
-4.939480999999999767e+03
-4.914979000000000269e+03
-4.925002000000000407e+03
-4.927972999999999956e+03
-4.938738999999999578e+03
-4.935396999999999935e+03
-4.952475000000000364e+03
-4.958043999999999869e+03
-4.968439000000000306e+03
-4.969180999999999585e+03
-4.944307999999999993e+03
-4.964354999999999563e+03
-4.950247999999999593e+03
-4.958043999999999869e+03
-4.959899999999999636e+03
-4.969552999999999884e+03
-4.958414999999999964e+03
-4.982546000000000276e+03
-5.006305999999999585e+03
-4.998139000000000124e+03
-5.006305999999999585e+03
-5.040090000000000146e+03
-5.001479999999999563e+03
-5.023384000000000015e+03
-5.056425000000000182e+03
-5.020042000000000371e+03
-5.028581000000000131e+03
-5.058652000000000044e+03
-5.059765999999999622e+03
-5.043802999999999884e+03
-5.075359000000000378e+03
-5.051599000000000160e+03
-5.034520999999999731e+03
-5.050113999999999578e+03
-5.054939999999999600e+03
-5.058280999999999949e+03
-5.059024000000000342e+03
-5.074615999999999985e+03
-5.038975999999999658e+03
-5.144411000000000058e+03
-5.088724000000000160e+03
-5.097634000000000015e+03
-5.113597999999999956e+03
-5.112854999999999563e+03
-5.091323000000000320e+03
-5.149979999999999563e+03
-5.111740999999999985e+03
-5.125478000000000065e+03
-5.149238000000000284e+03
-5.128076000000000022e+03
-5.140698999999999614e+03
-5.149609000000000378e+03
-5.108029000000000451e+03
-5.100975000000000364e+03
-5.105059000000000196e+03
-5.148865999999999985e+03
-5.122506999999999607e+03
-5.138470999999999549e+03
-5.154805999999999585e+03
-5.128076000000000022e+03
-5.182649999999999636e+03
-5.162230999999999767e+03
-5.158519000000000233e+03
-5.174854000000000269e+03
-5.196015000000000327e+03
-5.160746000000000095e+03
-5.214207000000000335e+03
-5.220518000000000029e+03
-5.185248999999999796e+03
-5.198613999999999578e+03
-5.187104999999999563e+03
-5.216805000000000291e+03
-5.216434000000000196e+03
-5.223115999999999985e+03
-5.217546999999999571e+03
-5.233140000000000327e+03
-5.247618999999999687e+03
-5.230542000000000371e+03
-5.239079999999999927e+03
-5.262840000000000146e+03
-5.251703000000000429e+03
-5.260240999999999985e+03
-5.282145000000000437e+03
-5.258014000000000124e+03
-5.278061999999999898e+03
-5.306646999999999935e+03
-5.262840000000000146e+03
-5.161859999999999673e+03
-5.138100000000000364e+03
-5.119167000000000371e+03
-5.126591000000000349e+03
-5.137356999999999971e+03
-5.111369999999999891e+03
-5.144783000000000357e+03
-5.122136000000000422e+03
-5.129932999999999993e+03
-5.162974000000000160e+03
-5.136614999999999782e+03
-5.151465000000000146e+03
-5.178565999999999804e+03
-5.190445999999999913e+03
-5.155177999999999884e+03
-5.203811999999999898e+03
-5.183393000000000029e+03
-5.178938000000000102e+03
-5.190074999999999818e+03
-5.206409999999999854e+03
-5.202326000000000022e+03
-5.187847999999999956e+03
-5.275091000000000349e+03
-5.212350000000000364e+03
-5.199355999999999767e+03
-5.254671999999999571e+03
-5.226828999999999724e+03
-5.240564999999999600e+03
-5.245390999999999622e+03
-5.219033000000000357e+03
-5.256158000000000357e+03
-5.262469000000000051e+03
-5.275091000000000349e+03
-5.241679000000000087e+03
-5.275091000000000349e+03
-5.265067000000000007e+03
-5.260613000000000284e+03
-5.272863999999999578e+03
-5.283630000000000109e+03
-5.282887999999999920e+03
-5.287713999999999942e+03
-5.280288999999999760e+03
-5.254671999999999571e+03
-5.262840000000000146e+03
-5.252444999999999709e+03
-5.241679000000000087e+03
-5.262469000000000051e+03
-5.254671999999999571e+03
-5.242792000000000371e+03
-5.269521999999999935e+03
-5.245390999999999622e+03
-5.262469000000000051e+03
-5.283630000000000109e+03
-5.283259000000000015e+03
-5.285485999999999876e+03
-5.296994999999999891e+03
-5.290684000000000196e+03
-5.260240999999999985e+03
-5.308503999999999905e+03
-5.312958999999999833e+03
-5.282145000000000437e+03
-5.324838999999999942e+03
-5.319640999999999622e+03
-5.283259000000000015e+03
-5.316300000000000182e+03
-5.316300000000000182e+03
-5.309988999999999578e+03
-5.304048999999999978e+03
-5.340802999999999884e+03
-5.321497999999999593e+03
-5.321497999999999593e+03
-5.339689000000000306e+03
-5.344144000000000233e+03
-5.317413999999999760e+03
-5.348970000000000255e+03
-5.363448999999999614e+03
-5.324838999999999942e+03
-5.379042000000000371e+03
-5.338945999999999913e+03
-5.382753999999999905e+03
-5.389064999999999600e+03
-5.337090000000000146e+03
-5.379042000000000371e+03
-5.396860999999999876e+03
-5.350826000000000022e+03
-5.410597999999999956e+03
-5.371615999999999985e+03
-5.371615999999999985e+03
-5.350826000000000022e+03
-5.410969000000000051e+03
-5.372729999999999563e+03
-5.360850000000000364e+03
-5.411711000000000240e+03
-5.349712000000000444e+03
-5.381269000000000233e+03
-5.399088999999999942e+03
-5.433614999999999782e+03
-5.382011000000000422e+03
-5.433614999999999782e+03
-5.420250000000000000e+03
-5.416537999999999556e+03
-5.428417000000000371e+03
