-4.803974999999999795e+02
-4.993312999999999988e+02
-5.023013000000000261e+02
-5.041575000000000273e+02
-5.123250000000000455e+02
-4.959900000000000091e+02
-5.100975000000000250e+02
-5.238337000000000216e+02
-5.123250000000000455e+02
-5.164088000000000420e+02
-5.264325000000000045e+02
-5.383125000000000000e+02
-5.156662999999999784e+02
-5.190075000000000500e+02
-5.501924999999999955e+02
-5.349713000000000420e+02
-5.204924999999999500e+02
-5.490787000000000262e+02
-5.539049999999999727e+02
-5.487074999999999818e+02
-5.624437000000000353e+02
-5.420249999999999773e+02
-5.379412999999999556e+02
-5.379412999999999556e+02
-5.435099999999999909e+02
-5.435099999999999909e+02
-5.542762000000000171e+02
-5.546475000000000364e+02
-5.420249999999999773e+02
-5.657849999999999682e+02
-5.587313000000000329e+02
-5.453663000000000238e+02
-5.639288000000000238e+02
-5.739524999999999864e+02
-5.802636999999999716e+02
-5.802636999999999716e+02
-5.505638000000000147e+02
-5.520488000000000284e+02
-5.784075000000000273e+02
-5.654138000000000375e+02
-5.810062000000000353e+02
-5.932575000000000500e+02
-6.066224999999999454e+02
-5.583600000000000136e+02
-5.828624999999999545e+02
-5.899162999999999784e+02
-5.635575000000000045e+02
-5.661562999999999874e+02
-5.824913000000000238e+02
-5.858324999999999818e+02
-5.873174999999999955e+02
-5.917725000000000364e+02
-5.724674999999999727e+02
-5.761799999999999500e+02
-5.602161999999999580e+02
-5.668986999999999625e+02
-5.784075000000000273e+02
-5.717250000000000227e+02
-6.099637000000000171e+02
-5.928862000000000307e+02
-5.758088000000000193e+02
-5.943713000000000193e+02
-6.032812999999999874e+02
-5.965987999999999829e+02
-6.036525000000000318e+02
-6.125625000000000000e+02
-5.973411999999999580e+02
-5.873174999999999955e+02
-5.850900000000000318e+02
-5.914012000000000171e+02
-5.928862000000000307e+02
-5.869461999999999762e+02
-6.069937999999999647e+02
-6.036525000000000318e+02
-5.984550000000000409e+02
-6.259275000000000091e+02
-5.984550000000000409e+02
-6.069937999999999647e+02
-5.999400000000000546e+02
-6.021675000000000182e+02
-6.296399999999999864e+02
-6.084787999999999784e+02
-6.047662000000000262e+02
-6.133049999999999500e+02
-6.177599999999999909e+02
-6.181312000000000353e+02
-6.229574999999999818e+02
-6.418912000000000262e+02
-6.274125000000000227e+02
-6.285262000000000171e+02
-6.307537999999999556e+02
-6.285262000000000171e+02
-6.485737000000000307e+02
-6.407775000000000318e+02
-6.467174999999999727e+02
-6.571124999999999545e+02
-6.567413000000000238e+02
-6.426336999999999762e+02
-6.437474999999999454e+02
-6.314963000000000193e+02
-6.504299999999999500e+02
-6.192450000000000045e+02
-6.459750000000000227e+02
-6.359511999999999716e+02
-6.084787999999999784e+02
-6.437474999999999454e+02
-6.385499999999999545e+02
-6.081074999999999591e+02
-6.203587999999999738e+02
-6.073650000000000091e+02
-6.025388000000000375e+02
-6.073650000000000091e+02
-6.166462000000000216e+02
-6.110774999999999864e+02
-6.058799999999999955e+02
-6.081074999999999591e+02
-6.017962999999999738e+02
-6.329813000000000329e+02
-6.240711999999999762e+02
-6.214724999999999682e+02
-6.185025000000000546e+02
-6.478311999999999671e+02
-6.233287000000000262e+02
-6.355800000000000409e+02
-6.266699999999999591e+02
-6.181312000000000353e+02
-6.262988000000000284e+02
-6.255562999999999647e+02
-6.203587999999999738e+02
-6.407775000000000318e+02
-6.374362999999999602e+02
-5.977124999999999773e+02
-6.233287000000000262e+02
-6.456037999999999784e+02
-6.188737999999999602e+02
-6.237000000000000455e+02
-6.370650000000000546e+02
-6.285262000000000171e+02
-6.396638000000000375e+02
-6.233287000000000262e+02
-5.813775000000000546e+02
-6.285262000000000171e+02
-6.055086999999999762e+02
-5.925149999999999864e+02
-6.088500000000000227e+02
-5.969700000000000273e+02
-6.077363000000000284e+02
-6.043949999999999818e+02
-5.999400000000000546e+02
-5.921436999999999671e+02
-5.888025000000000091e+02
-5.917725000000000364e+02
-5.906588000000000420e+02
-5.858324999999999818e+02
-6.058799999999999955e+02
-5.910299999999999727e+02
-5.951137999999999693e+02
-6.032812999999999874e+02
-5.914012000000000171e+02
-5.928862000000000307e+02
-6.029099999999999682e+02
-5.977124999999999773e+02
-6.029099999999999682e+02
-6.192450000000000045e+02
-6.159036999999999580e+02
-6.014249999999999545e+02
-6.088500000000000227e+02
-5.973411999999999580e+02
-5.980837000000000216e+02
-5.977124999999999773e+02
-6.021675000000000182e+02
-6.170175000000000409e+02
-6.125625000000000000e+02
-5.906588000000000420e+02
-6.051375000000000455e+02
-6.196163000000000238e+02
-5.914012000000000171e+02
-5.902875000000000227e+02
-5.951137999999999693e+02
-5.902875000000000227e+02
-5.914012000000000171e+02
-5.947424999999999500e+02
-5.943713000000000193e+02
-5.605874999999999773e+02
-5.999400000000000546e+02
-6.010538000000000238e+02
-6.058799999999999955e+02
-5.962274999999999636e+02
-5.902875000000000227e+02
-5.798925000000000409e+02
-5.858324999999999818e+02
-6.058799999999999955e+02
-6.077363000000000284e+02
-6.047662000000000262e+02
-5.969700000000000273e+02
-5.776649999999999636e+02
-6.077363000000000284e+02
-5.951137999999999693e+02
-5.984550000000000409e+02
-6.125625000000000000e+02
-6.170175000000000409e+02
-5.891738000000000284e+02
-6.229574999999999818e+02
-6.125625000000000000e+02
-6.003112999999999602e+02
-6.147899999999999636e+02
-6.051375000000000455e+02
-5.880599999999999454e+02
-6.032812999999999874e+02
-6.069937999999999647e+02
-6.010538000000000238e+02
-6.207300000000000182e+02
-6.240711999999999762e+02
-6.099637000000000171e+02
-6.136762999999999693e+02
-6.225861999999999625e+02
-6.240711999999999762e+02
-6.006825000000000045e+02
-6.159036999999999580e+02
-6.166462000000000216e+02
-6.095924999999999727e+02
-6.081074999999999591e+02
-6.010538000000000238e+02
-6.062513000000000147e+02
-6.043949999999999818e+02
-5.969700000000000273e+02
-6.029099999999999682e+02
-6.069937999999999647e+02
-5.713537999999999784e+02
-5.906588000000000420e+02
-6.222150000000000318e+02
-5.965987999999999829e+02
-5.962274999999999636e+02
-5.940000000000000000e+02
-5.969700000000000273e+02
-6.003112999999999602e+02
-6.121912999999999556e+02
-6.069937999999999647e+02
-6.133049999999999500e+02
-6.196163000000000238e+02
-6.017962999999999738e+02
-6.151612999999999829e+02
-6.103350000000000364e+02
-6.047662000000000262e+02
-6.051375000000000455e+02
-5.962274999999999636e+02
-5.932575000000000500e+02
-6.047662000000000262e+02
-6.032812999999999874e+02
-5.995687000000000353e+02
-6.025388000000000375e+02
-6.218437999999999874e+02
-6.032812999999999874e+02
-6.032812999999999874e+02
-5.965987999999999829e+02
-5.943713000000000193e+02
-6.118200000000000500e+02
-6.066224999999999454e+02
-5.988261999999999716e+02
-5.873174999999999955e+02
-6.025388000000000375e+02
-5.980837000000000216e+02
-5.980837000000000216e+02
-6.014249999999999545e+02
-6.177599999999999909e+02
-6.058799999999999955e+02
-5.876888000000000147e+02
-6.014249999999999545e+02
-6.010538000000000238e+02
-6.058799999999999955e+02
-5.791499999999999773e+02
-5.832337999999999738e+02
-5.902875000000000227e+02
-6.032812999999999874e+02
-5.876888000000000147e+02
-5.951137999999999693e+02
-5.869461999999999762e+02
-5.691263000000000147e+02
-5.810062000000000353e+02
-5.880599999999999454e+02
-5.928862000000000307e+02
-5.843474999999999682e+02
-6.144188000000000329e+02
-6.144188000000000329e+02
-6.159036999999999580e+02
-5.984550000000000409e+02
-6.277838000000000420e+02
-6.095924999999999727e+02
-5.850900000000000318e+02
-6.058799999999999955e+02
-6.296399999999999864e+02
-6.110774999999999864e+02
-5.940000000000000000e+02
-6.144188000000000329e+02
-5.988261999999999716e+02
-5.988261999999999716e+02
-6.318674999999999500e+02
-6.185025000000000546e+02
-6.103350000000000364e+02
-6.192450000000000045e+02
-6.084787999999999784e+02
-6.040236999999999625e+02
-6.181312000000000353e+02
-5.995687000000000353e+02
-6.014249999999999545e+02
-6.062513000000000147e+02
-6.073650000000000091e+02
-5.880599999999999454e+02
-6.203587999999999738e+02
-6.006825000000000045e+02
-5.943713000000000193e+02
-6.040236999999999625e+02
-6.066224999999999454e+02
-5.906588000000000420e+02
-5.984550000000000409e+02
-6.025388000000000375e+02
-6.032812999999999874e+02
-6.218437999999999874e+02
-6.262988000000000284e+02
-6.114487000000000307e+02
-6.199874999999999545e+02
-6.055086999999999762e+02
-6.066224999999999454e+02
-6.147899999999999636e+02
-6.092213000000000420e+02
-6.118200000000000500e+02
-6.181312000000000353e+02
-6.043949999999999818e+02
-6.177599999999999909e+02
-6.270412999999999784e+02
-5.984550000000000409e+02
-6.036525000000000318e+02
-6.181312000000000353e+02
-6.125625000000000000e+02
-5.965987999999999829e+02
-6.081074999999999591e+02
-6.125625000000000000e+02
-5.988261999999999716e+02
-5.995687000000000353e+02
-6.092213000000000420e+02
-6.066224999999999454e+02
-6.129338000000000193e+02
-6.047662000000000262e+02
-5.940000000000000000e+02
-6.203587999999999738e+02
-6.173886999999999716e+02
-6.099637000000000171e+02
-6.288975000000000364e+02
-6.355800000000000409e+02
-6.088500000000000227e+02
-6.110774999999999864e+02
-6.173886999999999716e+02
-5.828624999999999545e+02
-6.092213000000000420e+02
-6.066224999999999454e+02
-6.088500000000000227e+02
-6.303825000000000500e+02
-6.151612999999999829e+02
-5.969700000000000273e+02
-6.047662000000000262e+02
-5.962274999999999636e+02
-6.159036999999999580e+02
-6.170175000000000409e+02
-6.129338000000000193e+02
-6.211013000000000375e+02
-6.240711999999999762e+02
-6.043949999999999818e+02
-6.103350000000000364e+02
-6.107061999999999671e+02
-6.359511999999999716e+02
-6.248138000000000147e+02
-6.248138000000000147e+02
-6.303825000000000500e+02
-6.170175000000000409e+02
-6.259275000000000091e+02
-6.240711999999999762e+02
-6.262988000000000284e+02
-6.151612999999999829e+02
-6.237000000000000455e+02
-6.363224999999999909e+02
-6.385499999999999545e+02
-6.144188000000000329e+02
-6.244424999999999955e+02
-6.092213000000000420e+02
-6.222150000000000318e+02
-6.248138000000000147e+02
-6.095924999999999727e+02
-6.288975000000000364e+02
-6.229574999999999818e+02
-6.222150000000000318e+02
-6.385499999999999545e+02
-6.266699999999999591e+02
-6.244424999999999955e+02
-6.203587999999999738e+02
-6.281549999999999727e+02
-6.185025000000000546e+02
-6.322387999999999693e+02
-6.159036999999999580e+02
-6.255562999999999647e+02
-6.222150000000000318e+02
-6.133049999999999500e+02
-6.088500000000000227e+02
-6.140475000000000136e+02
-6.099637000000000171e+02
-6.021675000000000182e+02
-6.170175000000000409e+02
-6.155325000000000273e+02
-6.329813000000000329e+02
-6.300112000000000307e+02
-6.203587999999999738e+02
-6.352087000000000216e+02
-6.251849999999999454e+02
