-1.130455999999999904e+03
-1.131569999999999936e+03
-1.225496000000000095e+03
-1.177976000000000113e+03
-1.182059999999999945e+03
-1.220298999999999978e+03
-1.206191000000000031e+03
-1.192826000000000022e+03
-1.218442999999999984e+03
-1.245544000000000096e+03
-1.233663999999999987e+03
-1.285267000000000053e+03
-1.288238000000000056e+03
-1.252969000000000051e+03
-1.279327999999999975e+03
-1.294920000000000073e+03
-1.313111000000000104e+03
-1.305315000000000055e+03
-1.316080999999999904e+03
-1.322392000000000053e+03
-1.363972999999999956e+03
-1.297890000000000100e+03
-1.358403999999999996e+03
-1.407409000000000106e+03
-1.356547000000000025e+03
-1.362858999999999924e+03
-1.402583000000000084e+03
-1.386990000000000009e+03
-1.384019999999999982e+03
-1.391444999999999936e+03
-1.404067999999999984e+03
-1.405181000000000040e+03
-1.435252999999999929e+03
-1.474233999999999924e+03
-1.407779999999999973e+03
-1.481659000000000106e+03
-1.503191000000000031e+03
-1.472377999999999929e+03
-1.479431000000000040e+03
-1.526951000000000022e+03
-1.513958000000000084e+03
-1.508388999999999896e+03
-1.546999000000000024e+03
-1.546999000000000024e+03
-1.542914999999999964e+03
-1.591176999999999907e+03
-1.574099999999999909e+03
-1.581153999999999996e+03
-1.576699000000000069e+03
-1.585980000000000018e+03
-1.604171000000000049e+03
-1.632385999999999967e+03
-1.606769999999999982e+03
-1.647607999999999947e+03
-1.624961000000000013e+03
-1.600829999999999927e+03
-1.634984999999999900e+03
-1.682875999999999976e+03
-1.619763999999999896e+03
-1.679905999999999949e+03
-1.680277000000000044e+03
-1.665798999999999978e+03
-1.668026000000000067e+03
-1.706265000000000100e+03
-1.685846000000000004e+03
-1.645750999999999976e+03
-1.720000999999999976e+03
-1.722971000000000004e+03
-1.666912000000000035e+03
-1.713318999999999960e+03
-1.752671000000000049e+03
-1.685474999999999909e+03
-1.731138999999999896e+03
-1.740790999999999940e+03
-1.743390000000000100e+03
-1.744133000000000038e+03
-1.757868999999999915e+03
-1.762694999999999936e+03
-1.768634999999999991e+03
-1.810586000000000013e+03
-1.774575000000000045e+03
-1.781628999999999905e+03
-1.788682000000000016e+03
-1.790166999999999916e+03
-1.801305000000000064e+03
-1.789054000000000087e+03
-1.792023999999999887e+03
-1.829148999999999887e+03
-1.809101000000000113e+03
-1.825065000000000055e+03
-1.850309999999999945e+03
-1.819867999999999938e+03
-1.836944999999999936e+03
-1.869986000000000104e+03
-1.897459000000000060e+03
-1.877411000000000058e+03
-1.913050999999999931e+03
-1.911566000000000031e+03
-1.885578999999999951e+03
-1.869615000000000009e+03
-1.891519000000000005e+03
-1.897087999999999965e+03
-1.863304000000000087e+03
-1.907111000000000104e+03
-1.892633000000000038e+03
-1.897087999999999965e+03
-1.913794000000000096e+03
-1.881865999999999985e+03
-1.911566000000000031e+03
-1.935698000000000093e+03
-1.902285000000000082e+03
-1.944979000000000042e+03
-1.927159000000000106e+03
-1.883351000000000113e+03
-1.859962999999999965e+03
-1.869243999999999915e+03
-1.899315000000000055e+03
-1.913050999999999931e+03
-1.912308999999999969e+03
-1.921589999999999918e+03
-1.921589999999999918e+03
-1.918249000000000024e+03
-1.943123000000000047e+03
-1.947205999999999904e+03
-1.941637999999999920e+03
-1.911938000000000102e+03
-1.887064000000000078e+03
-1.881865999999999985e+03
-1.907854000000000042e+03
-1.880381000000000085e+03
-1.903769999999999982e+03
-1.914536000000000058e+03
-1.918619999999999891e+03
-1.919733999999999924e+03
-1.929758000000000038e+03
-1.934954999999999927e+03
-1.945721000000000004e+03
-1.926045000000000073e+03
-1.916020999999999958e+03
-1.967625000000000000e+03
-1.949805000000000064e+03
-1.923817999999999984e+03
-1.949063000000000102e+03
-1.956115999999999985e+03
-1.940523999999999887e+03
-1.965396999999999935e+03
-1.964284000000000106e+03
-1.957972999999999956e+03
-1.960942999999999984e+03
-1.953145999999999958e+03
-1.953888999999999896e+03
-1.961684999999999945e+03
-1.980618999999999915e+03
-1.952403999999999996e+03
-1.944236000000000104e+03
-1.950919000000000096e+03
-1.967996000000000095e+03
-1.983218000000000075e+03
-1.962056000000000040e+03
-1.990270999999999958e+03
-1.989156999999999925e+03
-1.989156999999999925e+03
-1.979134000000000015e+03
-2.031108999999999924e+03
-2.015516000000000076e+03
-2.015516000000000076e+03
-2.027395999999999958e+03
-2.018857999999999947e+03
-2.017000999999999976e+03
-2.039646999999999935e+03
-2.028509999999999991e+03
-2.016630000000000109e+03
-2.048929000000000087e+03
-2.032594000000000051e+03
-2.071204000000000178e+03
-2.044103000000000065e+03
-2.081969999999999800e+03
-2.054126000000000204e+03
-2.045959000000000060e+03
-2.048186000000000149e+03
-2.070460999999999785e+03
-2.061922999999999774e+03
-2.077885999999999967e+03
-2.062664999999999964e+03
-2.079742000000000189e+03
-2.107585999999999785e+03
-2.080856000000000222e+03
-2.094221000000000004e+03
-2.112041000000000167e+03
-2.099418999999999869e+03
-2.108329000000000178e+03
-2.131717999999999847e+03
-2.119094999999999800e+03
-2.130231999999999971e+03
-2.187775999999999840e+03
-2.172184000000000196e+03
-2.137286000000000058e+03
-2.154735000000000127e+03
-2.149538000000000011e+03
-2.128376000000000204e+03
-2.144710999999999785e+03
-2.159561000000000149e+03
-2.134688000000000102e+03
-2.156961999999999989e+03
-2.110556000000000040e+03
-2.080114000000000033e+03
-2.103501999999999953e+03
-2.096449000000000069e+03
-2.055610999999999876e+03
-2.066376999999999953e+03
-2.092364999999999782e+03
-2.070090000000000146e+03
-2.089394999999999982e+03
-2.087909999999999854e+03
-2.063778999999999996e+03
-2.056353999999999814e+03
-2.075288000000000011e+03
-2.051898999999999887e+03
-2.056353999999999814e+03
-2.070090000000000146e+03
-2.056724999999999909e+03
-2.062664999999999964e+03
-2.099418999999999869e+03
-2.064521000000000186e+03
-2.105358999999999924e+03
-2.102018000000000029e+03
-2.073059999999999945e+03
-2.074173999999999978e+03
-2.128005000000000109e+03
-2.101275000000000091e+03
-2.080114000000000033e+03
-2.112041000000000167e+03
-2.115753999999999905e+03
-2.079742000000000189e+03
-2.128005000000000109e+03
-2.106101000000000113e+03
-2.090509000000000015e+03
-2.123920999999999822e+03
-2.120951000000000022e+03
-2.126519999999999982e+03
-2.131717999999999847e+03
-2.110184999999999945e+03
-2.132831000000000131e+03
-2.134315999999999804e+03
-2.125034999999999854e+03
-2.137286000000000058e+03
-2.167728999999999814e+03
-2.140626999999999953e+03
-2.140255999999999858e+03
-2.139143000000000029e+03
-2.145454000000000178e+03
-2.150280000000000200e+03
-2.163273999999999887e+03
-2.164016000000000076e+03
-2.148052000000000135e+03
-2.188518999999999778e+03
-2.149538000000000011e+03
-2.136543999999999869e+03
-2.172925999999999931e+03
-2.180722000000000207e+03
-2.161416999999999916e+03
-2.174039999999999964e+03
-2.166985999999999876e+03
-2.171070000000000164e+03
-2.181465000000000146e+03
-2.154364000000000033e+03
-2.168471000000000004e+03
-2.184806000000000040e+03
-2.189260999999999967e+03
-2.156219999999999800e+03
-2.212650000000000091e+03
-2.174039999999999964e+03
-2.156590999999999894e+03
-2.213764000000000124e+03
-2.198914000000000215e+03
-2.184434999999999945e+03
-2.178123999999999796e+03
-2.164759000000000015e+03
-2.164016000000000076e+03
-2.181835999999999785e+03
-2.185177000000000135e+03
-2.158447999999999865e+03
-2.164016000000000076e+03
-2.168842999999999847e+03
-2.136543999999999869e+03
-2.157704999999999927e+03
-2.170699000000000069e+03
-2.138400000000000091e+03
-2.168842999999999847e+03
-2.175525000000000091e+03
-2.164387000000000171e+03
-2.175153999999999996e+03
-2.179237999999999829e+03
-2.118724000000000160e+03
-2.165873000000000047e+03
-2.138400000000000091e+03
-2.087166999999999916e+03
-2.119094999999999800e+03
-2.120579999999999927e+03
-2.112041000000000167e+03
-2.131717999999999847e+03
-2.139514000000000124e+03
-2.115382999999999811e+03
-2.107958000000000084e+03
-2.110927000000000135e+03
-2.111298999999999978e+03
-2.086795999999999822e+03
-2.131717999999999847e+03
-2.095706000000000131e+03
-2.112784000000000106e+03
-2.161416999999999916e+03
-2.119836999999999989e+03
-2.129119000000000142e+03
-2.124664000000000215e+03
-2.094221000000000004e+03
-2.078257999999999811e+03
-2.104244999999999891e+03
-2.093478999999999814e+03
-2.082711999999999989e+03
-2.107958000000000084e+03
-2.084940000000000055e+03
-2.087909999999999854e+03
-2.099789999999999964e+03
-2.105730000000000018e+03
-2.111298999999999978e+03
-2.119465999999999894e+03
-2.105358999999999924e+03
-2.102760000000000218e+03
-2.114639999999999873e+03
-2.117610000000000127e+03
-2.111670000000000073e+03
-2.143597000000000207e+03
-2.119465999999999894e+03
-2.108699999999999818e+03
-2.145083000000000084e+03
-2.140255999999999858e+03
-2.148423999999999978e+03
-2.143226000000000113e+03
-2.139885000000000218e+03
-2.114268999999999778e+03
-2.147309999999999945e+03
-2.156961999999999989e+03
-2.127262000000000171e+03
-2.164759000000000015e+03
-2.168099999999999909e+03
-2.169213999999999942e+03
-2.152507999999999811e+03
-2.155106000000000222e+03
-2.139885000000000218e+03
-2.161789000000000215e+03
-2.186291000000000167e+03
-2.172184000000000196e+03
-2.166614999999999782e+03
-2.175525000000000091e+03
-2.185548999999999978e+03
-2.179608999999999924e+03
-2.194086999999999989e+03
-2.190003999999999905e+03
-2.185548999999999978e+03
-2.191860000000000127e+03
-2.193344999999999800e+03
-2.198914000000000215e+03
-2.221559999999999945e+03
-2.207824000000000069e+03
-2.202255000000000109e+03
-2.205967999999999847e+03
-2.231583999999999833e+03
-2.213764000000000124e+03
-2.228985000000000127e+03
-2.229728000000000065e+03
-2.232697999999999865e+03
-2.228242000000000189e+03
-2.236409999999999854e+03
-2.252744999999999891e+03
-2.244206000000000131e+03
-2.237894999999999982e+03
-2.250518000000000029e+03
-2.252373999999999796e+03
-2.244206000000000131e+03
-2.273534999999999854e+03
-2.262396999999999935e+03
-2.260541000000000167e+03
-2.272791999999999916e+03
-2.272050000000000182e+03
-2.251260000000000218e+03
-2.258684999999999945e+03
-2.267965999999999894e+03
-2.261284000000000106e+03
-2.270565000000000055e+03
-2.277989999999999782e+03
-2.273534999999999854e+03
-2.276876000000000204e+03
-2.293954000000000178e+03
-2.295438999999999851e+03
-2.298038000000000011e+03
-2.314744000000000142e+03
-2.313630000000000109e+03
-2.330335999999999785e+03
-2.323282000000000153e+03
-2.315856999999999971e+03
-2.332193000000000211e+03
-2.355210000000000036e+03
-2.323282000000000153e+03
-2.338503999999999905e+03
-2.352239999999999782e+03
-2.353724999999999909e+03
-2.347041999999999916e+03
-2.361521000000000186e+03
-2.351126000000000204e+03
-2.346670999999999822e+03
-2.394934000000000196e+03
-2.353724999999999909e+03
