-4.455000000000000000e+02
-4.532962999999999738e+02
-4.287937999999999761e+02
-4.429012000000000171e+02
-4.558949999999999818e+02
-4.480987999999999829e+02
-4.343625000000000114e+02
-4.640625000000000000e+02
-4.592363000000000284e+02
-4.473562999999999761e+02
-4.722300000000000182e+02
-4.518111999999999853e+02
-4.636913000000000125e+02
-4.581225000000000023e+02
-4.610924999999999727e+02
-4.629488000000000056e+02
-4.997024999999999864e+02
-4.674037000000000148e+02
-4.417875000000000227e+02
-4.904212999999999738e+02
-4.774275000000000091e+02
-4.748288000000000011e+02
-4.948763000000000147e+02
-4.800262000000000171e+02
-4.985887000000000171e+02
-4.915350000000000250e+02
-4.911637999999999806e+02
-4.818824999999999932e+02
-4.870799999999999841e+02
-4.740862000000000194e+02
-4.863374999999999773e+02
-5.112112000000000194e+02
-5.008163000000000125e+02
-5.156662999999999784e+02
-5.063849999999999909e+02
-5.019300000000000068e+02
-5.171512000000000171e+02
-5.238337000000000216e+02
-5.123250000000000455e+02
-5.048999999999999773e+02
-5.156662999999999784e+02
-5.149238000000000284e+02
-5.193787999999999556e+02
-5.275462999999999738e+02
-5.160375000000000227e+02
-5.305162000000000262e+02
-5.308875000000000455e+02
-5.282888000000000375e+02
-5.171512000000000171e+02
-5.346000000000000227e+02
-5.178936999999999671e+02
-5.479650000000000318e+02
-5.524199999999999591e+02
-5.516775000000000091e+02
-5.498211999999999762e+02
-5.613300000000000409e+02
-5.620724999999999909e+02
-5.427675000000000409e+02
-5.561325000000000500e+02
-5.635575000000000045e+02
-5.587313000000000329e+02
-5.839763000000000375e+02
-5.683836999999999762e+02
-5.761799999999999500e+02
-5.813775000000000546e+02
-5.735811999999999671e+02
-5.605874999999999773e+02
-5.706113000000000284e+02
-5.769225000000000136e+02
-5.754375000000000000e+02
-5.483361999999999625e+02
-5.583600000000000136e+02
-5.646712999999999738e+02
-5.550186999999999671e+02
-5.798925000000000409e+02
-5.698687999999999647e+02
-5.557612000000000307e+02
-5.602161999999999580e+02
-5.546475000000000364e+02
-5.609587000000000216e+02
-5.598450000000000273e+02
-5.435099999999999909e+02
-5.639288000000000238e+02
-5.854611999999999625e+02
-5.746950000000000500e+02
-5.746950000000000500e+02
-5.617011999999999716e+02
-5.906588000000000420e+02
-5.735811999999999671e+02
-5.720963000000000420e+02
-5.587313000000000329e+02
-5.668986999999999625e+02
-5.873174999999999955e+02
-5.639288000000000238e+02
-5.746950000000000500e+02
-5.988261999999999716e+02
-5.635575000000000045e+02
-5.806349999999999909e+02
-5.869461999999999762e+02
-5.888025000000000091e+02
-5.795212000000000216e+02
-5.583600000000000136e+02
-5.494500000000000455e+02
-5.657849999999999682e+02
-5.709824999999999591e+02
-5.587313000000000329e+02
-5.709824999999999591e+02
-5.977124999999999773e+02
-5.346000000000000227e+02
-5.479650000000000318e+02
-5.914012000000000171e+02
-5.750662999999999556e+02
-5.728387000000000171e+02
-5.531625000000000227e+02
-5.758088000000000193e+02
-5.854611999999999625e+02
-5.683836999999999762e+02
-5.490787000000000262e+02
-5.828624999999999545e+02
-5.817487999999999602e+02
-5.609587000000000216e+02
-5.709824999999999591e+02
-5.646712999999999738e+02
-5.780362999999999829e+02
-5.687549999999999955e+02
-5.891738000000000284e+02
-5.847187999999999874e+02
-6.003112999999999602e+02
-5.676412000000000262e+02
-5.947424999999999500e+02
-6.032812999999999874e+02
-5.954850000000000136e+02
-5.839763000000000375e+02
-5.921436999999999671e+02
-5.836050000000000182e+02
-5.828624999999999545e+02
-5.724674999999999727e+02
-5.988261999999999716e+02
-6.047662000000000262e+02
-5.943713000000000193e+02
-6.214724999999999682e+02
-6.162749999999999773e+02
-6.107061999999999671e+02
-6.069937999999999647e+02
-6.207300000000000182e+02
-6.144188000000000329e+02
-6.311250000000000000e+02
-6.237000000000000455e+02
-6.110774999999999864e+02
-6.244424999999999955e+02
-6.058799999999999955e+02
-6.344661999999999580e+02
-6.277838000000000420e+02
-6.203587999999999738e+02
-6.489450000000000500e+02
-6.344661999999999580e+02
-6.378075000000000045e+02
-6.426336999999999762e+02
-6.508012999999999693e+02
-6.548849999999999909e+02
-6.422625000000000455e+02
-6.344661999999999580e+02
-6.363224999999999909e+02
-6.240711999999999762e+02
-6.359511999999999716e+02
-6.270412999999999784e+02
-6.229574999999999818e+02
-6.162749999999999773e+02
-6.262988000000000284e+02
-6.147899999999999636e+02
-6.218437999999999874e+02
-6.047662000000000262e+02
-6.055086999999999762e+02
-6.244424999999999955e+02
-6.144188000000000329e+02
-5.888025000000000091e+02
-6.181312000000000353e+02
-6.266699999999999591e+02
-6.288975000000000364e+02
-6.095924999999999727e+02
-6.203587999999999738e+02
-6.151612999999999829e+02
-6.140475000000000136e+02
-6.043949999999999818e+02
-5.958563000000000329e+02
-6.032812999999999874e+02
-6.114487000000000307e+02
-5.910299999999999727e+02
-5.969700000000000273e+02
-6.092213000000000420e+02
-6.140475000000000136e+02
-6.162749999999999773e+02
-6.155325000000000273e+02
-6.029099999999999682e+02
-6.207300000000000182e+02
-6.047662000000000262e+02
-6.040236999999999625e+02
-6.066224999999999454e+02
-6.274125000000000227e+02
-6.066224999999999454e+02
-5.958563000000000329e+02
-6.103350000000000364e+02
-6.181312000000000353e+02
-5.917725000000000364e+02
-6.207300000000000182e+02
-6.237000000000000455e+02
-6.352087000000000216e+02
-6.244424999999999955e+02
-6.103350000000000364e+02
-6.366938000000000102e+02
-6.270412999999999784e+02
-6.211013000000000375e+02
-6.248138000000000147e+02
-6.229574999999999818e+02
-6.374362999999999602e+02
-6.433763000000000147e+02
-6.188737999999999602e+02
-6.452324999999999591e+02
-6.415199999999999818e+02
-6.329813000000000329e+02
-6.363224999999999909e+02
-6.303825000000000500e+02
-6.411486999999999625e+02
-6.537712000000000216e+02
-6.686213000000000193e+02
-6.541425000000000409e+02
-6.548849999999999909e+02
-6.630525000000000091e+02
-6.745612999999999602e+02
-6.522862999999999829e+02
-6.526575000000000273e+02
-6.912675000000000409e+02
-6.760462999999999738e+02
-6.571124999999999545e+02
-6.808724999999999454e+02
-6.890399999999999636e+02
-6.652799999999999727e+02
-6.723337000000000216e+02
-6.559987999999999602e+02
-6.660225000000000364e+02
-6.853274999999999864e+02
-6.552563000000000102e+02
-6.129338000000000193e+02
-6.314963000000000193e+02
-6.192450000000000045e+02
-6.292686999999999671e+02
-6.222150000000000318e+02
-6.274125000000000227e+02
-6.262988000000000284e+02
-6.396638000000000375e+02
-6.255562999999999647e+02
-6.467174999999999727e+02
-6.352087000000000216e+02
-6.344661999999999580e+02
-6.225861999999999625e+02
-6.322387999999999693e+02
-6.277838000000000420e+02
-6.296399999999999864e+02
-6.430049999999999955e+02
-6.474600000000000364e+02
-6.237000000000000455e+02
-6.051375000000000455e+02
-5.899162999999999784e+02
-5.873174999999999955e+02
-6.073650000000000091e+02
-6.051375000000000455e+02
-5.906588000000000420e+02
-5.917725000000000364e+02
-6.051375000000000455e+02
-5.858324999999999818e+02
-6.051375000000000455e+02
-5.888025000000000091e+02
-5.850900000000000318e+02
-5.991974999999999909e+02
-5.836050000000000182e+02
-5.895449999999999591e+02
-5.891738000000000284e+02
-6.036525000000000318e+02
-5.810062000000000353e+02
-6.006825000000000045e+02
-6.017962999999999738e+02
-5.969700000000000273e+02
-6.003112999999999602e+02
-5.888025000000000091e+02
-6.010538000000000238e+02
-6.066224999999999454e+02
-6.140475000000000136e+02
-5.984550000000000409e+02
-6.032812999999999874e+02
-5.958563000000000329e+02
-5.965987999999999829e+02
-6.021675000000000182e+02
-6.077363000000000284e+02
-6.058799999999999955e+02
-6.166462000000000216e+02
-6.084787999999999784e+02
-6.088500000000000227e+02
-6.062513000000000147e+02
-5.932575000000000500e+02
-5.531625000000000227e+02
-5.509349999999999454e+02
-5.676412000000000262e+02
-5.475937999999999874e+02
-5.531625000000000227e+02
-5.498211999999999762e+02
-5.505638000000000147e+02
-5.591024999999999636e+02
-5.442525000000000546e+02
-5.542762000000000171e+02
-5.687549999999999955e+02
-5.397975000000000136e+02
-5.498211999999999762e+02
-5.858324999999999818e+02
-5.776649999999999636e+02
-5.520488000000000284e+02
-5.617011999999999716e+02
-5.676412000000000262e+02
-5.587313000000000329e+02
-5.531625000000000227e+02
-5.761799999999999500e+02
-5.531625000000000227e+02
-5.513062999999999647e+02
-5.557612000000000307e+02
-5.561325000000000500e+02
-5.739524999999999864e+02
-5.598450000000000273e+02
-5.524199999999999591e+02
-5.516775000000000091e+02
-5.791499999999999773e+02
-5.464800000000000182e+02
-5.412825000000000273e+02
-5.746950000000000500e+02
-5.520488000000000284e+02
-5.642999999999999545e+02
-5.587313000000000329e+02
-5.802636999999999716e+02
-5.754375000000000000e+02
-5.676412000000000262e+02
-5.624437000000000353e+02
-5.802636999999999716e+02
-5.813775000000000546e+02
-5.520488000000000284e+02
-5.605874999999999773e+02
-5.925149999999999864e+02
-5.650425000000000182e+02
-5.902875000000000227e+02
-5.925149999999999864e+02
-5.750662999999999556e+02
-5.869461999999999762e+02
-5.910299999999999727e+02
-5.743237000000000307e+02
-5.687549999999999955e+02
-5.958563000000000329e+02
-6.029099999999999682e+02
-5.772938000000000329e+02
-5.880599999999999454e+02
-5.917725000000000364e+02
-5.921436999999999671e+02
-5.921436999999999671e+02
-6.222150000000000318e+02
-5.940000000000000000e+02
-5.810062000000000353e+02
-6.084787999999999784e+02
-6.133049999999999500e+02
-6.185025000000000546e+02
-6.322387999999999693e+02
-6.303825000000000500e+02
-6.396638000000000375e+02
-6.329813000000000329e+02
-6.207300000000000182e+02
-6.314963000000000193e+02
-6.344661999999999580e+02
-6.170175000000000409e+02
-6.114487000000000307e+02
-6.281549999999999727e+02
-6.344661999999999580e+02
-6.292686999999999671e+02
-6.288975000000000364e+02
-6.125625000000000000e+02
-6.311250000000000000e+02
-6.233287000000000262e+02
-6.095924999999999727e+02
-6.474600000000000364e+02
-6.396638000000000375e+02
-6.392925000000000182e+02
-6.225861999999999625e+02
-6.482024999999999864e+02
-6.385499999999999545e+02
-6.314963000000000193e+02
-6.370650000000000546e+02
-6.355800000000000409e+02
-6.363224999999999909e+02
-6.240711999999999762e+02
-6.381788000000000238e+02
-6.411486999999999625e+02
-6.177599999999999909e+02
-6.463463000000000420e+02
-6.467174999999999727e+02
-6.366938000000000102e+02
-6.422625000000000455e+02
-6.593400000000000318e+02
-6.255562999999999647e+02
-5.661562999999999874e+02
-5.943713000000000193e+02
-5.928862000000000307e+02
-5.869461999999999762e+02
-5.795212000000000216e+02
-5.806349999999999909e+02
-5.802636999999999716e+02
-5.772938000000000329e+02
-5.821200000000000045e+02
-5.936287999999999556e+02
