-1.258165999999999940e+03
-1.232549999999999955e+03
-1.267448000000000093e+03
-1.276357999999999947e+03
-1.306429000000000087e+03
-1.303829999999999927e+03
-1.328333000000000084e+03
-1.318680000000000064e+03
-1.320536000000000058e+03
-1.334271999999999935e+03
-1.323134999999999991e+03
-1.380679000000000087e+03
-1.405551999999999907e+03
-1.354319999999999936e+03
-1.404439000000000078e+03
-1.430055000000000064e+03
-1.422630000000000109e+03
-1.394786000000000058e+03
-1.499107999999999947e+03
-1.451959000000000060e+03
-1.421516000000000076e+03
-1.515070999999999913e+03
-1.477945999999999913e+03
-1.465324000000000069e+03
-1.509874000000000024e+03
-1.528065000000000055e+03
-1.520269000000000005e+03
-1.551083000000000084e+03
-1.519154999999999973e+03
-1.551825000000000045e+03
-1.560734999999999900e+03
-1.580781999999999925e+03
-1.601943999999999960e+03
-1.606027000000000044e+03
-1.614938000000000102e+03
-1.626075000000000045e+03
-1.644637999999999920e+03
-1.658374000000000024e+03
-1.643894999999999982e+03
-1.660972999999999956e+03
-1.658002999999999929e+03
-1.654661000000000058e+03
-1.650205999999999904e+03
-1.693270999999999958e+03
-1.663570999999999913e+03
-1.689558999999999969e+03
-1.715916999999999916e+03
-1.684361000000000104e+03
-1.750443999999999960e+03
-1.740420000000000073e+03
-1.731138999999999896e+03
-1.732994999999999891e+03
-1.764922000000000025e+03
-1.745617999999999938e+03
-1.792766000000000076e+03
-1.796107999999999947e+03
-1.757125999999999976e+03
-1.779771999999999935e+03
-1.797593000000000075e+03
-1.831748000000000047e+03
-1.825807000000000016e+03
-1.858478000000000065e+03
-1.862932000000000016e+03
-1.855135999999999967e+03
-1.871099999999999909e+03
-1.874441000000000031e+03
-1.875183999999999969e+03
-1.900799999999999955e+03
-1.886320999999999913e+03
-1.896715999999999894e+03
-1.917506000000000085e+03
-1.933840999999999894e+03
-1.918990999999999985e+03
-1.930500000000000000e+03
-1.951661000000000058e+03
-1.940523999999999887e+03
-1.949063000000000102e+03
-1.947205999999999904e+03
-1.942380000000000109e+03
-1.945349999999999909e+03
-1.974307000000000016e+03
-1.963170000000000073e+03
-1.991013999999999896e+03
-1.999181000000000040e+03
-1.982846000000000004e+03
-2.014402000000000044e+03
-2.014030999999999949e+03
-2.006978000000000065e+03
-2.015887999999999920e+03
-2.050784999999999854e+03
-2.049670999999999822e+03
-2.018857999999999947e+03
-2.041503999999999905e+03
-2.029252999999999929e+03
-2.059324000000000069e+03
-2.077885999999999967e+03
-2.063778999999999996e+03
-2.079742000000000189e+03
-2.100161000000000058e+03
-2.080856000000000222e+03
-2.106101000000000113e+03
-2.136172999999999774e+03
-2.102018000000000029e+03
-2.147309999999999945e+03
-2.146938999999999851e+03
-2.145454000000000178e+03
-2.174411000000000058e+03
-2.159561000000000149e+03
-2.155478000000000065e+03
-2.185177000000000135e+03
-2.169956000000000131e+03
-2.159932999999999993e+03
-2.216733999999999924e+03
-2.215619999999999891e+03
-2.195572999999999865e+03
-2.225643999999999778e+03
-2.231583999999999833e+03
-2.219704000000000178e+03
-2.256458000000000084e+03
-2.254601000000000113e+03
-2.228614000000000033e+03
-2.273164000000000215e+03
-2.282815999999999804e+03
-2.268336999999999989e+03
-2.314373000000000047e+03
-2.318827999999999975e+03
-2.292469000000000051e+03
-2.299521999999999935e+03
-2.351498000000000047e+03
-2.327737999999999829e+03
-2.337389999999999873e+03
-2.359293999999999869e+03
-2.342215999999999894e+03
-2.400501999999999953e+03
-2.414981000000000222e+03
-2.377114000000000033e+03
-2.396789999999999964e+03
-2.446166000000000167e+03
-2.401244999999999891e+03
-2.431688000000000102e+03
-2.455076000000000022e+03
-2.458045999999999822e+03
-2.462130000000000109e+03
-2.472896000000000186e+03
-2.445795000000000073e+03
-2.423891000000000076e+03
-2.452478000000000065e+03
-2.430945000000000164e+03
-2.421291999999999916e+03
-2.455447999999999865e+03
-2.412753999999999905e+03
-2.409413000000000011e+03
-2.429088999999999942e+03
-2.420920999999999822e+03
-2.435771000000000186e+03
-2.433914999999999964e+03
-2.416465999999999894e+03
-2.426119000000000142e+03
-2.426119000000000142e+03
-2.427974999999999909e+03
-2.399760000000000218e+03
-2.417951000000000022e+03
-2.433543999999999869e+03
-2.438740999999999985e+03
-2.442083000000000084e+03
-2.462873000000000047e+03
-2.433914999999999964e+03
-2.463244000000000142e+03
-2.468070000000000164e+03
-2.432059000000000196e+03
-2.466585000000000036e+03
-2.432429999999999836e+03
-2.417208999999999833e+03
-2.478094000000000051e+03
-2.450992000000000189e+03
-2.427974999999999909e+03
-2.455076000000000022e+03
-2.460644999999999982e+03
-2.469925999999999931e+03
-2.461016000000000076e+03
-2.488117000000000189e+03
-2.507050999999999931e+03
-2.489231000000000222e+03
-2.506679999999999836e+03
-2.494057999999999993e+03
-2.491458999999999833e+03
-2.520788000000000011e+03
-2.496655999999999949e+03
-2.486632999999999811e+03
-2.524128999999999905e+03
-2.501110999999999876e+03
-2.492201000000000022e+03
-2.497027999999999793e+03
-2.489603000000000065e+03
-2.514476000000000113e+03
-2.527840999999999894e+03
-2.492943999999999960e+03
-2.541206000000000131e+03
-2.536380000000000109e+03
-2.540463999999999942e+03
-2.537123000000000047e+03
-2.523757999999999811e+03
-2.522643999999999778e+03
-2.515590000000000146e+03
-2.545289999999999964e+03
-2.519673999999999978e+03
-2.528583999999999833e+03
-2.516333000000000084e+03
-2.523385999999999967e+03
-2.544547999999999774e+03
-2.540835000000000036e+03
-2.542690999999999804e+03
-2.522643999999999778e+03
-2.573876000000000204e+03
-2.548630999999999858e+03
-2.535266000000000076e+03
-2.552715000000000146e+03
-2.555684999999999945e+03
-2.574989999999999782e+03
-2.570905999999999949e+03
-2.544547999999999774e+03
-2.578331000000000131e+03
-2.569420999999999822e+03
-2.544918999999999869e+03
-2.577960000000000036e+03
-2.599492000000000189e+03
-2.581300999999999931e+03
-2.581672999999999774e+03
-2.582414999999999964e+03
-2.584271000000000186e+03
-2.581300999999999931e+03
-2.604318999999999960e+03
-2.586869999999999891e+03
-2.589097000000000207e+03
-2.618054999999999836e+03
-2.596150999999999840e+03
-2.578702999999999975e+03
-2.596893999999999778e+03
-2.590210999999999785e+03
-2.578702999999999975e+03
-2.632905000000000200e+03
-2.601719999999999800e+03
-2.585014000000000124e+03
-2.638474000000000160e+03
-2.619539999999999964e+03
-2.623623999999999796e+03
-2.628449999999999818e+03
-2.560510999999999967e+03
-2.576846000000000004e+03
-2.612114999999999782e+03
-2.586869999999999891e+03
-2.550487999999999829e+03
-2.567193999999999960e+03
-2.560882999999999811e+03
-2.533409999999999854e+03
-2.554199999999999818e+03
-2.557541000000000167e+03
-2.547518000000000029e+03
-2.577588999999999942e+03
-2.550858999999999924e+03
-2.574989999999999782e+03
-2.586869999999999891e+03
-2.578702999999999975e+03
-2.589097000000000207e+03
-2.584271000000000186e+03
-2.582043999999999869e+03
-2.605061000000000149e+03
-2.595038000000000011e+03
-2.589469000000000051e+03
-2.606545999999999822e+03
-2.590210999999999785e+03
-2.632905000000000200e+03
-2.622510000000000218e+03
-2.621025000000000091e+03
-2.625108999999999924e+03
-2.602833999999999833e+03
-2.619911000000000058e+03
-2.636617000000000189e+03
-2.576846000000000004e+03
-2.615085000000000036e+03
-2.598378999999999905e+03
-2.580188000000000102e+03
-2.619539999999999964e+03
-2.599492000000000189e+03
-2.596893999999999778e+03
-2.613599999999999909e+03
-2.583528999999999996e+03
-2.587240999999999985e+03
-2.600606000000000222e+03
-2.606916999999999916e+03
-2.597635999999999967e+03
-2.586498999999999796e+03
-2.602833999999999833e+03
-2.603204999999999927e+03
-2.609144999999999982e+03
-2.613228999999999814e+03
-2.613599999999999909e+03
-2.630677000000000135e+03
-2.652581000000000131e+03
-2.581672999999999774e+03
-2.595780000000000200e+03
-2.611001000000000204e+03
-2.587983999999999924e+03
-2.591324999999999818e+03
-2.607659999999999854e+03
-2.614342999999999847e+03
-2.564594999999999800e+03
-2.550115999999999985e+03
-2.555313999999999851e+03
-2.583900000000000091e+03
-2.573134000000000015e+03
-2.563110000000000127e+03
-2.580559000000000196e+03
-2.580929999999999836e+03
-2.566822999999999865e+03
-2.560882999999999811e+03
-2.588726000000000113e+03
-2.562739000000000033e+03
-2.603947999999999865e+03
-2.606545999999999822e+03
-2.561996000000000095e+03
-2.598007999999999811e+03
-2.636246000000000095e+03
-2.599864000000000033e+03
-2.589469000000000051e+03
-2.626222000000000207e+03
-2.612856999999999971e+03
-2.609144999999999982e+03
-2.615827999999999975e+03
-2.603204999999999927e+03
-2.605432999999999993e+03
-2.593552000000000135e+03
-2.595409000000000106e+03
-2.603947999999999865e+03
-2.619168999999999869e+03
-2.617313000000000102e+03
-2.597635999999999967e+03
-2.647755000000000109e+03
-2.612856999999999971e+03
-2.616199000000000069e+03
-2.649610999999999876e+03
-2.630306000000000040e+03
-2.621025000000000091e+03
-2.670771999999999935e+03
-2.629934999999999945e+03
-2.632534000000000106e+03
-2.671143999999999778e+03
-2.644041999999999916e+03
-2.637360000000000127e+03
-2.663719000000000051e+03
-2.655550999999999931e+03
-2.651096000000000004e+03
-2.643300000000000182e+03
-2.643300000000000182e+03
-2.638103000000000065e+03
-2.645898999999999887e+03
-2.650353999999999814e+03
-2.563853000000000065e+03
-2.579815999999999804e+03
-2.590210999999999785e+03
-2.558284000000000106e+03
-2.611744000000000142e+03
-2.593923999999999978e+03
-2.577217999999999847e+03
-2.599864000000000033e+03
-2.619168999999999869e+03
-2.571648999999999887e+03
-2.616570000000000164e+03
-2.603204999999999927e+03
-2.582414999999999964e+03
-2.609144999999999982e+03
-2.585385000000000218e+03
-2.586869999999999891e+03
-2.600235000000000127e+03
-2.603947999999999865e+03
-2.611001000000000204e+03
-2.613971000000000004e+03
-2.614342999999999847e+03
-2.596521999999999935e+03
-2.619168999999999869e+03
-2.638103000000000065e+03
-2.634760999999999967e+03
-2.634760999999999967e+03
-2.618797999999999774e+03
-2.599864000000000033e+03
-2.607289000000000215e+03
-2.593552000000000135e+03
-2.598750000000000000e+03
-2.606545999999999822e+03
-2.617313000000000102e+03
-2.601349000000000160e+03
-2.621396000000000186e+03
-2.637360000000000127e+03
-2.614713999999999942e+03
-2.631048999999999978e+03
-2.624737999999999829e+03
-2.643670999999999822e+03
-2.633275999999999840e+03
-2.644784999999999854e+03
-2.632905000000000200e+03
-2.629193000000000211e+03
-2.658893000000000029e+03
-2.636617000000000189e+03
-2.674114000000000033e+03
-2.655179999999999836e+03
-2.618054999999999836e+03
-2.612856999999999971e+03
-2.658893000000000029e+03
-2.616570000000000164e+03
-2.612114999999999782e+03
-2.643300000000000182e+03
-2.620282000000000153e+03
