-1.733737000000000137e+02
-1.815412000000000035e+02
-1.963913000000000011e+02
-2.123549999999999898e+02
-1.967624999999999886e+02
-1.826550000000000011e+02
-1.730024999999999977e+02
-1.726313000000000102e+02
-1.574099999999999966e+02
-1.581525000000000034e+02
-1.919362000000000137e+02
-1.874812000000000012e+02
-2.027024999999999864e+02
-1.956487999999999943e+02
-1.752299999999999898e+02
-1.904512000000000000e+02
-2.160674999999999955e+02
-1.945349999999999966e+02
-2.153249999999999886e+02
-2.112412999999999954e+02
-2.130974999999999966e+02
-1.971338000000000079e+02
-2.023312999999999988e+02
-2.060437000000000012e+02
-2.413125000000000000e+02
-2.071574999999999989e+02
-2.034449999999999932e+02
-2.491086999999999989e+02
-2.309174999999999898e+02
-2.272050000000000125e+02
-2.487375000000000114e+02
-2.513362999999999943e+02
-2.439113000000000113e+02
-2.439113000000000113e+02
-2.528213000000000079e+02
-2.353725000000000023e+02
-2.383425000000000011e+02
-2.773238000000000056e+02
-2.717549999999999955e+02
-2.643299999999999841e+02
-2.721263000000000147e+02
-2.817787000000000148e+02
-2.706413000000000011e+02
-2.609886999999999944e+02
-2.624737999999999829e+02
-2.899463000000000079e+02
-2.877187999999999874e+02
-2.962574999999999932e+02
-2.788086999999999875e+02
-2.903174999999999955e+02
-2.762099999999999795e+02
-2.958863000000000056e+02
-2.921738000000000284e+02
-2.929162999999999784e+02
-2.713838000000000079e+02
-2.892038000000000011e+02
-3.036825000000000045e+02
-2.958863000000000056e+02
-3.059100000000000250e+02
-3.163050000000000068e+02
-2.936587999999999852e+02
-3.148199999999999932e+02
-3.140774999999999864e+02
-2.966288000000000125e+02
-2.847486999999999853e+02
-2.840063000000000102e+02
-3.029399999999999977e+02
-3.211313000000000102e+02
-2.970000000000000000e+02
-2.962574999999999932e+02
-3.241012999999999806e+02
-3.196462000000000216e+02
-3.107363000000000284e+02
-3.419212999999999738e+02
-3.563999999999999773e+02
-3.415500000000000114e+02
-3.274424999999999955e+02
-3.200174999999999841e+02
-3.541725000000000136e+02
-3.538011999999999944e+02
-3.311549999999999727e+02
-3.575138000000000034e+02
-3.563999999999999773e+02
-3.493462999999999852e+02
-3.482325000000000159e+02
-3.619687999999999874e+02
-3.541725000000000136e+02
-3.675375000000000227e+02
-3.749624999999999773e+02
-3.500887000000000171e+02
-3.604837999999999738e+02
-3.705074999999999932e+02
-3.775611999999999853e+02
-3.771899999999999977e+02
-3.712500000000000000e+02
-3.771899999999999977e+02
-3.905550000000000068e+02
-3.909261999999999944e+02
-3.909261999999999944e+02
-3.794175000000000182e+02
-3.768188000000000102e+02
-3.790462999999999738e+02
-3.597411999999999921e+02
-3.864712999999999852e+02
-3.645674999999999955e+02
-3.731062999999999761e+02
-3.901836999999999875e+02
-3.545437999999999761e+02
-3.849863000000000284e+02
-4.083750000000000000e+02
-3.667950000000000159e+02
-3.864712999999999852e+02
-3.849863000000000284e+02
-3.797887999999999806e+02
-3.727350000000000136e+02
-4.068899999999999864e+02
-4.117162000000000148e+02
-3.682799999999999727e+02
-3.883274999999999864e+02
-4.005788000000000011e+02
-3.875849999999999795e+02
-4.050337999999999852e+02
-3.994649999999999750e+02
-4.165425000000000182e+02
-4.250812999999999988e+02
-4.228537999999999784e+02
-4.050337999999999852e+02
-3.879562999999999988e+02
-3.905550000000000068e+02
-3.942674999999999841e+02
-3.938962000000000216e+02
-3.883274999999999864e+02
-3.853575000000000159e+02
-3.983512999999999806e+02
-4.091175000000000068e+02
-4.002074999999999818e+02
-4.054049999999999727e+02
-4.299075000000000273e+02
-4.009499999999999886e+02
-4.183987000000000194e+02
-4.224825000000000159e+02
-3.968661999999999921e+02
-4.217400000000000091e+02
-4.325063000000000102e+02
-3.990937999999999874e+02
-4.124587000000000216e+02
-4.325063000000000102e+02
-4.247099999999999795e+02
-4.299075000000000273e+02
-4.235962999999999852e+02
-4.287937999999999761e+02
-4.247099999999999795e+02
-4.243387000000000171e+02
-4.054049999999999727e+02
-4.080038000000000125e+02
-4.191413000000000011e+02
-3.890699999999999932e+02
-4.046625000000000227e+02
-4.150575000000000045e+02
-4.046625000000000227e+02
-3.901836999999999875e+02
-4.228537999999999784e+02
-4.124587000000000216e+02
-4.224825000000000159e+02
-4.247099999999999795e+02
-4.287937999999999761e+02
-4.154286999999999921e+02
-4.161712999999999738e+02
-4.221113000000000284e+02
-4.094886999999999944e+02
-4.072613000000000056e+02
-4.250812999999999988e+02
-4.143149999999999977e+02
-4.198838000000000079e+02
-4.176562999999999874e+02
-4.206263000000000147e+02
-4.391888000000000147e+02
-4.046625000000000227e+02
-4.102312999999999761e+02
-4.284225000000000136e+02
-4.154286999999999921e+02
-4.172850000000000250e+02
-4.562663000000000011e+02
-4.176562999999999874e+02
-4.269375000000000000e+02
-4.295362999999999829e+02
-4.250812999999999988e+02
-4.172850000000000250e+02
-4.109737999999999829e+02
-4.117162000000000148e+02
-3.983512999999999806e+02
-4.169137999999999806e+02
-4.016924999999999955e+02
-4.002074999999999818e+02
-4.039200000000000159e+02
-4.217400000000000091e+02
-4.209975000000000023e+02
-4.028061999999999898e+02
-3.901836999999999875e+02
-4.050337999999999852e+02
-4.016924999999999955e+02
-3.790462999999999738e+02
-3.868424999999999727e+02
-4.183987000000000194e+02
-3.883274999999999864e+02
-4.031775000000000091e+02
-4.120874999999999773e+02
-4.191413000000000011e+02
-4.009499999999999886e+02
-4.031775000000000091e+02
-3.957524999999999977e+02
-3.994649999999999750e+02
-4.206263000000000147e+02
-4.169137999999999806e+02
-4.028061999999999898e+02
-3.979800000000000182e+02
-4.024350000000000023e+02
-3.938962000000000216e+02
-4.020638000000000147e+02
-3.901836999999999875e+02
-4.024350000000000023e+02
-4.154286999999999921e+02
-3.979800000000000182e+02
-3.964950000000000045e+02
-4.031775000000000091e+02
-4.016924999999999955e+02
-4.158000000000000114e+02
-4.109737999999999829e+02
-4.065187999999999988e+02
-3.946388000000000034e+02
-3.861000000000000227e+02
-4.109737999999999829e+02
-3.723636999999999944e+02
-4.035488000000000284e+02
-4.005788000000000011e+02
-3.938962000000000216e+02
-3.909261999999999944e+02
-4.016924999999999955e+02
-4.120874999999999773e+02
-3.920400000000000205e+02
-3.946388000000000034e+02
-3.879562999999999988e+02
-4.128299999999999841e+02
-4.061474999999999795e+02
-3.968661999999999921e+02
-3.924112999999999829e+02
-4.243387000000000171e+02
-3.809024999999999750e+02
-3.886988000000000056e+02
-4.094886999999999944e+02
-4.013213000000000079e+02
-4.050337999999999852e+02
-4.009499999999999886e+02
-3.723636999999999944e+02
-3.886988000000000056e+02
-3.886988000000000056e+02
-3.857287999999999784e+02
-3.961236999999999853e+02
-3.846150000000000091e+02
-3.656811999999999898e+02
-3.712500000000000000e+02
-4.050337999999999852e+02
-3.935249999999999773e+02
-3.831299999999999955e+02
-3.842436999999999898e+02
-3.835013000000000147e+02
-3.935249999999999773e+02
-3.783036999999999921e+02
-3.664238000000000284e+02
-3.953813000000000102e+02
-3.868424999999999727e+02
-3.753337000000000216e+02
-3.924112999999999829e+02
-3.831299999999999955e+02
-3.790462999999999738e+02
-3.835013000000000147e+02
-3.835013000000000147e+02
-3.872137000000000171e+02
-3.946388000000000034e+02
-4.080038000000000125e+02
-3.820163000000000011e+02
-3.890699999999999932e+02
-4.002074999999999818e+02
-3.868424999999999727e+02
-3.935249999999999773e+02
-3.753337000000000216e+02
-3.861000000000000227e+02
-3.879562999999999988e+02
-3.994649999999999750e+02
-3.783036999999999921e+02
-3.886988000000000056e+02
-3.994649999999999750e+02
-3.820163000000000011e+02
-3.924112999999999829e+02
-3.809024999999999750e+02
-3.727350000000000136e+02
-3.764474999999999909e+02
-3.886988000000000056e+02
-3.727350000000000136e+02
-3.790462999999999738e+02
-3.786750000000000114e+02
-3.838725000000000023e+02
-3.794175000000000182e+02
-3.842436999999999898e+02
-3.898125000000000000e+02
-4.024350000000000023e+02
-3.961236999999999853e+02
-3.916687999999999761e+02
-3.853575000000000159e+02
-4.135724999999999909e+02
-3.901836999999999875e+02
-3.875849999999999795e+02
-4.024350000000000023e+02
-4.020638000000000147e+02
-3.983512999999999806e+02
-3.990937999999999874e+02
-4.042912999999999784e+02
-4.024350000000000023e+02
-4.098600000000000136e+02
-3.953813000000000102e+02
-3.976087999999999738e+02
-4.091175000000000068e+02
-4.087461999999999875e+02
-3.909261999999999944e+02
-4.143149999999999977e+02
-3.946388000000000034e+02
-3.964950000000000045e+02
-4.117162000000000148e+02
-4.020638000000000147e+02
-4.117162000000000148e+02
-4.209975000000000023e+02
-4.028061999999999898e+02
-3.968661999999999921e+02
-4.013213000000000079e+02
-4.031775000000000091e+02
-4.054049999999999727e+02
-3.924112999999999829e+02
-4.094886999999999944e+02
-3.790462999999999738e+02
-4.016924999999999955e+02
-3.909261999999999944e+02
-4.098600000000000136e+02
-3.998362000000000194e+02
-4.109737999999999829e+02
-4.124587000000000216e+02
-4.195124999999999886e+02
-4.135724999999999909e+02
-3.990937999999999874e+02
-4.124587000000000216e+02
-4.124587000000000216e+02
-3.957524999999999977e+02
-4.009499999999999886e+02
-4.013213000000000079e+02
-3.857287999999999784e+02
-3.901836999999999875e+02
-3.979800000000000182e+02
-3.875849999999999795e+02
-3.890699999999999932e+02
-3.909261999999999944e+02
-3.812737000000000194e+02
-3.701363000000000056e+02
-3.842436999999999898e+02
-3.909261999999999944e+02
-3.901836999999999875e+02
-3.816449999999999818e+02
-3.853575000000000159e+02
-3.797887999999999806e+02
-3.920400000000000205e+02
-3.872137000000000171e+02
-3.835013000000000147e+02
-3.797887999999999806e+02
-3.816449999999999818e+02
-3.916687999999999761e+02
-3.827588000000000079e+02
-3.779325000000000045e+02
-3.831299999999999955e+02
-3.853575000000000159e+02
-3.938962000000000216e+02
-3.849863000000000284e+02
-3.957524999999999977e+02
-4.009499999999999886e+02
-3.861000000000000227e+02
-3.916687999999999761e+02
-3.976087999999999738e+02
-3.790462999999999738e+02
-3.872137000000000171e+02
-3.946388000000000034e+02
-3.879562999999999988e+02
-3.972375000000000114e+02
-3.935249999999999773e+02
-3.994649999999999750e+02
-3.976087999999999738e+02
-3.816449999999999818e+02
-3.983512999999999806e+02
-3.957524999999999977e+02
-3.812737000000000194e+02
-3.920400000000000205e+02
-4.120874999999999773e+02
-4.146861999999999853e+02
-4.020638000000000147e+02
-3.898125000000000000e+02
-4.020638000000000147e+02
-3.909261999999999944e+02
-3.972375000000000114e+02
-3.912975000000000136e+02
-4.150575000000000045e+02
-4.213686999999999898e+02
-4.135724999999999909e+02
-4.094886999999999944e+02
-4.091175000000000068e+02
-4.054049999999999727e+02
-3.920400000000000205e+02
