-2.747250000000000227e+02
-2.409413000000000125e+02
-2.687850000000000250e+02
-2.673000000000000114e+02
-2.862337999999999738e+02
-2.910600000000000023e+02
-2.929162999999999784e+02
-2.944012000000000171e+02
-2.717549999999999955e+02
-2.981136999999999944e+02
-3.070237000000000194e+02
-3.081374999999999886e+02
-3.066524999999999750e+02
-2.929162999999999784e+02
-2.821499999999999773e+02
-3.118500000000000227e+02
-3.070237000000000194e+02
-2.951437000000000239e+02
-3.259574999999999818e+02
-3.237300000000000182e+02
-3.125924999999999727e+02
-3.196462000000000216e+02
-3.278138000000000147e+02
-3.500887000000000171e+02
-3.422925000000000182e+02
-3.036825000000000045e+02
-3.122212999999999852e+02
-3.367237999999999829e+02
-3.118500000000000227e+02
-3.170475000000000136e+02
-3.408075000000000045e+02
-3.530586999999999875e+02
-3.374662000000000148e+02
-3.222450000000000045e+02
-3.460049999999999955e+02
-3.307837999999999852e+02
-3.441487000000000194e+02
-3.415500000000000114e+02
-3.426637999999999806e+02
-3.567712000000000216e+02
-3.526875000000000000e+02
-3.370950000000000273e+02
-3.541725000000000136e+02
-3.571424999999999841e+02
-3.460049999999999955e+02
-3.597411999999999921e+02
-3.801600000000000250e+02
-3.708788000000000125e+02
-3.434062999999999874e+02
-3.608550000000000182e+02
-3.615975000000000250e+02
-3.734775000000000205e+02
-3.976087999999999738e+02
-3.437774999999999750e+02
-3.775611999999999853e+02
-3.727350000000000136e+02
-3.474900000000000091e+02
-3.693937999999999988e+02
-3.805312999999999874e+02
-3.742200000000000273e+02
-3.705074999999999932e+02
-3.627112000000000194e+02
-3.660525000000000091e+02
-3.835013000000000147e+02
-3.827588000000000079e+02
-3.868424999999999727e+02
-3.820163000000000011e+02
-3.983512999999999806e+02
-3.831299999999999955e+02
-3.857287999999999784e+02
-3.757049999999999841e+02
-3.719925000000000068e+02
-3.998362000000000194e+02
-3.935249999999999773e+02
-3.805312999999999874e+02
-3.942674999999999841e+02
-3.990937999999999874e+02
-3.950099999999999909e+02
-4.161712999999999738e+02
-4.054049999999999727e+02
-3.938962000000000216e+02
-3.890699999999999932e+02
-4.176562999999999874e+02
-4.005788000000000011e+02
-3.705074999999999932e+02
-3.990937999999999874e+02
-3.760763000000000034e+02
-3.801600000000000250e+02
-3.946388000000000034e+02
-3.979800000000000182e+02
-3.976087999999999738e+02
-4.050337999999999852e+02
-3.950099999999999909e+02
-3.894413000000000125e+02
-4.054049999999999727e+02
-3.861000000000000227e+02
-4.106025000000000205e+02
-4.235962999999999852e+02
-3.972375000000000114e+02
-3.820163000000000011e+02
-4.150575000000000045e+02
-3.931537000000000148e+02
-4.020638000000000147e+02
-4.235962999999999852e+02
-3.857287999999999784e+02
-3.946388000000000034e+02
-4.005788000000000011e+02
-3.872137000000000171e+02
-3.771899999999999977e+02
-4.054049999999999727e+02
-4.183987000000000194e+02
-3.946388000000000034e+02
-3.901836999999999875e+02
-3.990937999999999874e+02
-4.076324999999999932e+02
-4.057762000000000171e+02
-3.931537000000000148e+02
-4.221113000000000284e+02
-4.072613000000000056e+02
-4.258238000000000056e+02
-4.187699999999999818e+02
-4.276800000000000068e+02
-4.035488000000000284e+02
-4.024350000000000023e+02
-4.195124999999999886e+02
-4.484700000000000273e+02
-4.224825000000000159e+02
-4.120874999999999773e+02
-4.217400000000000091e+02
-4.039200000000000159e+02
-4.102312999999999761e+02
-4.221113000000000284e+02
-4.183987000000000194e+02
-4.206263000000000147e+02
-4.195124999999999886e+02
-4.276800000000000068e+02
-4.299075000000000273e+02
-4.135724999999999909e+02
-4.172850000000000250e+02
-4.414162999999999784e+02
-4.128299999999999841e+02
-4.083750000000000000e+02
-4.332486999999999853e+02
-4.150575000000000045e+02
-4.139438000000000102e+02
-4.269375000000000000e+02
-4.076324999999999932e+02
-4.087461999999999875e+02
-3.990937999999999874e+02
-4.068899999999999864e+02
-4.109737999999999829e+02
-4.106025000000000205e+02
-3.924112999999999829e+02
-4.016924999999999955e+02
-4.295362999999999829e+02
-4.247099999999999795e+02
-4.254524999999999864e+02
-4.280511999999999944e+02
-4.280511999999999944e+02
-4.161712999999999738e+02
-4.395600000000000023e+02
-4.365899999999999750e+02
-4.202549999999999955e+02
-4.098600000000000136e+02
-4.102312999999999761e+02
-4.310212000000000216e+02
-4.239674999999999727e+02
-4.239674999999999727e+02
-3.927825000000000273e+02
-4.106025000000000205e+02
-4.395600000000000023e+02
-4.250812999999999988e+02
-4.365899999999999750e+02
-4.395600000000000023e+02
-4.261949999999999932e+02
-4.265663000000000125e+02
-4.191413000000000011e+02
-4.102312999999999761e+02
-4.106025000000000205e+02
-4.499549999999999841e+02
-4.432724999999999795e+02
-4.165425000000000182e+02
-4.224825000000000159e+02
-4.198838000000000079e+02
-4.317638000000000034e+02
-4.399311999999999898e+02
-4.087461999999999875e+02
-4.395600000000000023e+02
-4.492124999999999773e+02
-4.117162000000000148e+02
-4.209975000000000023e+02
-4.265663000000000125e+02
-4.035488000000000284e+02
-4.139438000000000102e+02
-4.250812999999999988e+02
-4.080038000000000125e+02
-4.224825000000000159e+02
-4.388174999999999955e+02
-3.983512999999999806e+02
-4.191413000000000011e+02
-4.432724999999999795e+02
-4.291650000000000205e+02
-4.209975000000000023e+02
-4.328774999999999977e+02
-4.388174999999999955e+02
-4.191413000000000011e+02
-4.351050000000000182e+02
-4.183987000000000194e+02
-4.295362999999999829e+02
-4.325063000000000102e+02
-4.195124999999999886e+02
-4.139438000000000102e+02
-4.191413000000000011e+02
-4.202549999999999955e+02
-4.247099999999999795e+02
-4.232250000000000227e+02
-4.306499999999999773e+02
-4.466138000000000261e+02
-4.384463000000000079e+02
-4.172850000000000250e+02
-4.351050000000000182e+02
-4.284225000000000136e+02
-3.990937999999999874e+02
-4.247099999999999795e+02
-4.180274999999999750e+02
-3.976087999999999738e+02
-4.113450000000000273e+02
-4.336200000000000045e+02
-4.109737999999999829e+02
-4.013213000000000079e+02
-4.299075000000000273e+02
-4.258238000000000056e+02
-4.317638000000000034e+02
-4.369612000000000194e+02
-4.395600000000000023e+02
-4.306499999999999773e+02
-4.302787000000000148e+02
-4.299075000000000273e+02
-4.273086999999999875e+02
-4.406738000000000284e+02
-4.239674999999999727e+02
-4.087461999999999875e+02
-4.466138000000000261e+02
-4.358475000000000250e+02
-4.158000000000000114e+02
-4.447574999999999932e+02
-4.510688000000000102e+02
-4.429012000000000171e+02
-4.488412000000000148e+02
-4.269375000000000000e+02
-4.087461999999999875e+02
-4.421587999999999852e+02
-4.094886999999999944e+02
-4.124587000000000216e+02
-4.317638000000000034e+02
-4.128299999999999841e+02
-4.113450000000000273e+02
-4.276800000000000068e+02
-4.250812999999999988e+02
-4.016924999999999955e+02
-4.388174999999999955e+02
-4.124587000000000216e+02
-4.158000000000000114e+02
-4.165425000000000182e+02
-4.068899999999999864e+02
-4.002074999999999818e+02
-4.232250000000000227e+02
-4.117162000000000148e+02
-4.239674999999999727e+02
-4.254524999999999864e+02
-4.132013000000000034e+02
-4.050337999999999852e+02
-4.161712999999999738e+02
-4.198838000000000079e+02
-4.124587000000000216e+02
-4.146861999999999853e+02
-4.351050000000000182e+02
-4.061474999999999795e+02
-4.113450000000000273e+02
-4.102312999999999761e+02
-4.206263000000000147e+02
-4.332486999999999853e+02
-4.054049999999999727e+02
-4.158000000000000114e+02
-4.395600000000000023e+02
-4.495837000000000216e+02
-4.287937999999999761e+02
-4.403025000000000091e+02
-4.458711999999999875e+02
-4.113450000000000273e+02
-4.247099999999999795e+02
-4.261949999999999932e+02
-4.358475000000000250e+02
-4.343625000000000114e+02
-4.209975000000000023e+02
-4.172850000000000250e+02
-4.377038000000000011e+02
-4.369612000000000194e+02
-4.068899999999999864e+02
-4.132013000000000034e+02
-4.269375000000000000e+02
-4.165425000000000182e+02
-4.143149999999999977e+02
-4.061474999999999795e+02
-4.172850000000000250e+02
-4.358475000000000250e+02
-4.299075000000000273e+02
-4.276800000000000068e+02
-4.291650000000000205e+02
-4.150575000000000045e+02
-3.912975000000000136e+02
-4.273086999999999875e+02
-4.150575000000000045e+02
-4.057762000000000171e+02
-4.213686999999999898e+02
-4.273086999999999875e+02
-4.076324999999999932e+02
-4.083750000000000000e+02
-4.299075000000000273e+02
-4.091175000000000068e+02
-4.072613000000000056e+02
-4.380749999999999886e+02
-4.391888000000000147e+02
-4.339911999999999921e+02
-4.310212000000000216e+02
-4.172850000000000250e+02
-4.488412000000000148e+02
-4.395600000000000023e+02
-4.302787000000000148e+02
-4.555237000000000194e+02
-4.261949999999999932e+02
-4.206263000000000147e+02
-4.414162999999999784e+02
-4.455000000000000000e+02
-4.414162999999999784e+02
-4.651763000000000261e+02
-4.373324999999999818e+02
-4.473562999999999761e+02
-4.488412000000000148e+02
-4.403025000000000091e+02
-4.403025000000000091e+02
-4.373324999999999818e+02
-4.599787999999999784e+02
-4.651763000000000261e+02
-4.629488000000000056e+02
-4.599787999999999784e+02
-4.532962999999999738e+02
-4.588650000000000091e+02
-4.610924999999999727e+02
-4.596075000000000159e+02
-4.636913000000000125e+02
-4.796549999999999727e+02
-4.581225000000000023e+02
-4.766850000000000023e+02
-4.889361999999999853e+02
-4.711161999999999921e+02
-4.596075000000000159e+02
-4.622062999999999988e+02
-4.688888000000000034e+02
-4.800262000000000171e+02
-4.811399999999999864e+02
-4.726012999999999806e+02
-4.599787999999999784e+02
-4.726012999999999806e+02
-4.766850000000000023e+02
-4.581225000000000023e+02
-4.789125000000000227e+02
-4.603500000000000227e+02
-4.588650000000000091e+02
-4.822538000000000125e+02
-4.878224999999999909e+02
-4.818824999999999932e+02
-4.726012999999999806e+02
-4.844812999999999761e+02
-4.826250000000000000e+02
-4.729725000000000250e+02
-4.907925000000000182e+02
-4.792837999999999852e+02
-4.930199999999999818e+02
-4.707450000000000045e+02
-4.878224999999999909e+02
-5.100975000000000250e+02
-4.874513000000000034e+02
-4.829961999999999875e+02
-4.907925000000000182e+02
-4.740862000000000194e+02
-4.655475000000000136e+02
-4.777988000000000284e+02
-4.859662000000000148e+02
-4.833675000000000068e+02
-4.930199999999999818e+02
-5.019300000000000068e+02
-4.881938000000000102e+02
-4.867087000000000216e+02
-4.896786999999999921e+02
-4.848525000000000205e+02
-4.974750000000000227e+02
-4.937624999999999886e+02
-5.023013000000000261e+02
-5.089837999999999738e+02
-4.833675000000000068e+02
-5.056424999999999841e+02
-4.997024999999999864e+02
-4.930199999999999818e+02
-4.878224999999999909e+02
-5.093550000000000182e+02
-4.885649999999999977e+02
-4.796549999999999727e+02
-4.807687999999999988e+02
-4.915350000000000250e+02
-4.896786999999999921e+02
-5.011875000000000000e+02
