-1.960570999999999913e+03
-1.975791999999999916e+03
-1.967253999999999905e+03
-1.977648999999999887e+03
-2.001779999999999973e+03
-1.984702999999999975e+03
-1.991384999999999991e+03
-2.024797000000000025e+03
-2.015516000000000076e+03
-1.992499000000000024e+03
-2.017743999999999915e+03
-2.033708000000000084e+03
-2.019971000000000004e+03
-2.045215999999999894e+03
-2.057467999999999847e+03
-2.094592999999999847e+03
-2.077514999999999873e+03
-2.049670999999999822e+03
-2.103501999999999953e+03
-2.137657000000000153e+03
-2.086054000000000087e+03
-2.113155000000000200e+03
-2.157333999999999833e+03
-2.125034999999999854e+03
-2.124291999999999916e+03
-2.169585000000000036e+03
-2.139514000000000124e+03
-2.128748000000000047e+03
-2.195201000000000022e+03
-2.199284999999999854e+03
-2.178865999999999985e+03
-2.191117000000000189e+03
-2.176639000000000124e+03
-2.180351000000000113e+03
-2.217476000000000113e+03
-2.169213999999999942e+03
-2.191860000000000127e+03
-2.230469999999999800e+03
-2.194086999999999989e+03
-2.240494000000000142e+03
-2.246434000000000196e+03
-2.236780999999999949e+03
-2.286900000000000091e+03
-2.275762000000000171e+03
-2.255715000000000146e+03
-2.283929999999999836e+03
-2.292840000000000146e+03
-2.263139999999999873e+03
-2.293583000000000084e+03
-2.324025000000000091e+03
-2.288385000000000218e+03
-2.282445000000000164e+03
-2.305833999999999833e+03
-2.309916999999999916e+03
-2.323653999999999996e+03
-2.329222000000000207e+03
-2.341844999999999800e+03
-2.364490999999999985e+03
-2.392706000000000131e+03
-2.369318000000000211e+03
-2.357438000000000102e+03
-2.400873999999999796e+03
-2.384166999999999916e+03
-2.371916000000000167e+03
-2.362264000000000124e+03
-2.402730000000000018e+03
-2.374885999999999967e+03
-2.390106999999999971e+03
-2.426489999999999782e+03
-2.394563000000000102e+03
-2.424634000000000015e+03
-2.432429999999999836e+03
-2.437626999999999953e+03
-2.438369999999999891e+03
-2.490715999999999894e+03
-2.459530999999999949e+03
-2.438369999999999891e+03
-2.480320999999999913e+03
-2.522643999999999778e+03
-2.523757999999999811e+03
-2.475865999999999985e+03
-2.501481999999999971e+03
-2.571648999999999887e+03
-2.515960999999999785e+03
-2.491458999999999833e+03
-2.567565000000000055e+03
-2.556427000000000135e+03
-2.563110000000000127e+03
-2.551230000000000018e+03
-2.566451000000000022e+03
-2.539349999999999909e+03
-2.539349999999999909e+03
-2.530440000000000055e+03
-2.537494000000000142e+03
-2.544547999999999774e+03
-2.538235999999999876e+03
-2.537494000000000142e+03
-2.593923999999999978e+03
-2.559396999999999935e+03
-2.521159000000000106e+03
-2.533039000000000215e+03
-2.548260000000000218e+03
-2.516333000000000084e+03
-2.555313999999999851e+03
-2.570534999999999854e+03
-2.526356000000000222e+03
-2.546403999999999996e+03
-2.583900000000000091e+03
-2.506679999999999836e+03
-2.533409999999999854e+03
-2.572762000000000171e+03
-2.541949000000000069e+03
-2.517074999999999818e+03
-2.526356000000000222e+03
-2.538235999999999876e+03
-2.527099000000000160e+03
-2.551601000000000113e+03
-2.511876999999999953e+03
-2.530811000000000149e+03
-2.546032000000000153e+03
-2.513733999999999924e+03
-2.579074000000000069e+03
-2.575731999999999971e+03
-2.510764000000000124e+03
-2.543063000000000102e+03
-2.576846000000000004e+03
-2.530068999999999960e+03
-2.552344000000000051e+03
-2.605804000000000087e+03
-2.585755999999999858e+03
-2.571648999999999887e+03
-2.576103999999999814e+03
-2.603204999999999927e+03
-2.573134000000000015e+03
-2.563110000000000127e+03
-2.593552000000000135e+03
-2.584271000000000186e+03
-2.602833999999999833e+03
-2.589840000000000146e+03
-2.613971000000000004e+03
-2.593181000000000040e+03
-2.577960000000000036e+03
-2.603576000000000022e+03
-2.642186000000000149e+03
-2.587612999999999829e+03
-2.573876000000000204e+03
-2.625480000000000018e+03
-2.604318999999999960e+03
-2.585014000000000124e+03
-2.634760999999999967e+03
-2.628449999999999818e+03
-2.613971000000000004e+03
-2.604318999999999960e+03
-2.629193000000000211e+03
-2.616199000000000069e+03
-2.637360000000000127e+03
-2.625480000000000018e+03
-2.621768000000000029e+03
-2.648869000000000142e+03
-2.622139000000000124e+03
-2.636246000000000095e+03
-2.654809000000000196e+03
-2.659264000000000124e+03
-2.631048999999999978e+03
-2.661490999999999985e+03
-2.642186000000000149e+03
-2.621768000000000029e+03
-2.665204000000000178e+03
-2.638844999999999800e+03
-2.628820999999999913e+03
-2.652581000000000131e+03
-2.626594000000000051e+03
-2.618797999999999774e+03
-2.660376999999999953e+03
-2.647012000000000171e+03
-2.645155999999999949e+03
-2.654065999999999804e+03
-2.659264000000000124e+03
-2.657778999999999996e+03
-2.675599000000000160e+03
-2.683394999999999982e+03
-2.668916000000000167e+03
-2.687106999999999971e+03
-2.698987999999999829e+03
-2.649610999999999876e+03
-2.660748999999999796e+03
-2.665204000000000178e+03
-2.615085000000000036e+03
-2.648126000000000204e+03
-2.684509000000000015e+03
-2.647012000000000171e+03
-2.629934999999999945e+03
-2.649610999999999876e+03
-2.664833000000000084e+03
-2.646269999999999982e+03
-2.635875000000000000e+03
-2.651467999999999847e+03
-2.642186000000000149e+03
-2.634389999999999873e+03
-2.632534000000000106e+03
-2.627708000000000084e+03
-2.644784999999999854e+03
-2.606916999999999916e+03
-2.630677000000000135e+03
-2.656293999999999869e+03
-2.622510000000000218e+03
-2.623251999999999953e+03
-2.672257999999999811e+03
-2.661119999999999891e+03
-2.636989000000000033e+03
-2.642557999999999993e+03
-2.639588000000000193e+03
-2.650353999999999814e+03
-2.644041999999999916e+03
-2.629193000000000211e+03
-2.641443999999999960e+03
-2.657036000000000058e+03
-2.626965000000000146e+03
-2.623251999999999953e+03
-2.665574999999999818e+03
-2.626222000000000207e+03
-2.615827999999999975e+03
-2.657036000000000058e+03
-2.632163000000000011e+03
-2.648126000000000204e+03
-2.677826000000000022e+03
-2.659264000000000124e+03
-2.657407000000000153e+03
-2.697130999999999858e+03
-2.674485000000000127e+03
-2.651838999999999942e+03
-2.711610000000000127e+03
-2.697873999999999796e+03
-2.667059999999999945e+03
-2.689335000000000036e+03
-2.701585999999999785e+03
-2.664090000000000146e+03
-2.680425000000000182e+03
-2.701958000000000084e+03
-2.683023999999999887e+03
-2.724974999999999909e+03
-2.706784000000000106e+03
-2.694161000000000058e+03
-2.746135999999999967e+03
-2.733514000000000124e+03
-2.710867000000000189e+03
-2.739083000000000084e+03
-2.730172999999999774e+03
-2.707155000000000200e+03
-2.709382999999999811e+03
-2.726460000000000036e+03
-2.703813999999999851e+03
-2.725346000000000004e+03
-2.728688000000000102e+03
-2.682280999999999949e+03
-2.701958000000000084e+03
-2.711239000000000033e+03
-2.684137000000000171e+03
-2.702699999999999818e+03
-2.706413000000000011e+03
-2.681909999999999854e+03
-2.685623000000000047e+03
-2.700101000000000113e+03
-2.682280999999999949e+03
-2.698615999999999985e+03
-2.686364999999999782e+03
-2.685623000000000047e+03
-2.680054000000000087e+03
-2.683023999999999887e+03
-2.676340999999999894e+03
-2.693418999999999869e+03
-2.699730000000000018e+03
-2.678568999999999960e+03
-2.711610000000000127e+03
-2.726460000000000036e+03
-2.705298999999999978e+03
-2.713094999999999800e+03
-2.711239000000000033e+03
-2.710496000000000095e+03
-2.721634000000000015e+03
-2.713465999999999894e+03
-2.690820000000000164e+03
-2.694532000000000153e+03
-2.694161000000000058e+03
-2.663719000000000051e+03
-2.667059999999999945e+03
-2.705298999999999978e+03
-2.694532000000000153e+03
-2.685994000000000142e+03
-2.708268999999999778e+03
-2.701215000000000146e+03
-2.684880000000000109e+03
-2.698615999999999985e+03
-2.682652999999999793e+03
-2.667431000000000040e+03
-2.713094999999999800e+03
-2.673371000000000095e+03
-2.672628999999999905e+03
-2.719034999999999854e+03
-2.685251000000000204e+03
-2.699358999999999924e+03
-2.725717999999999847e+03
-2.726831000000000131e+03
-2.712353000000000065e+03
-2.744280000000000200e+03
-2.731657000000000153e+03
-2.741681000000000040e+03
-2.751333999999999833e+03
-2.742423999999999978e+03
-2.730172999999999774e+03
-2.728688000000000102e+03
-2.726088999999999942e+03
-2.733514000000000124e+03
-2.722376000000000204e+03
-2.742052000000000135e+03
-2.752818999999999960e+03
-2.763956000000000131e+03
-2.738340000000000146e+03
-2.737597000000000207e+03
-2.765070000000000164e+03
-2.750963000000000193e+03
-2.738710999999999785e+03
-2.768782000000000153e+03
-2.761356999999999971e+03
-2.727945000000000164e+03
-2.761728999999999814e+03
-2.771751999999999953e+03
-2.739454000000000178e+03
-2.786603000000000065e+03
-2.773980000000000018e+03
-2.739824999999999818e+03
-2.766925999999999931e+03
-2.759501000000000204e+03
-2.728315999999999804e+03
-2.731657000000000153e+03
-2.742052000000000135e+03
-2.726831000000000131e+03
-2.750590999999999894e+03
-2.744280000000000200e+03
-2.735369999999999891e+03
-2.765440999999999804e+03
-2.775465000000000146e+03
-2.727574000000000069e+03
-2.759130000000000109e+03
-2.775465000000000146e+03
-2.737226000000000113e+03
-2.757273999999999887e+03
-2.771010000000000218e+03
-2.764327999999999975e+03
-2.774722000000000207e+03
-2.797739999999999782e+03
-2.786974000000000160e+03
-2.779548999999999978e+03
-2.798853999999999814e+03
-2.781034000000000106e+03
-2.795512000000000171e+03
-2.787344999999999800e+03
-2.794769999999999982e+03
-2.792914000000000215e+03
-2.807393000000000029e+03
-2.792170999999999822e+03
-2.793284999999999854e+03
-2.785117000000000189e+03
-2.768039999999999964e+03
-2.776949999999999818e+03
-2.802565999999999804e+03
-2.795884000000000015e+03
-2.795512000000000171e+03
-2.814818000000000211e+03
-2.801452999999999975e+03
-2.781775999999999840e+03
-2.779920000000000073e+03
-2.761356999999999971e+03
-2.784003999999999905e+03
-2.791429000000000087e+03
-2.793655999999999949e+03
-2.785117000000000189e+03
-2.790686000000000149e+03
-2.802938000000000102e+03
-2.806278999999999996e+03
-2.792541999999999916e+03
-2.799967999999999847e+03
-2.797739999999999782e+03
-2.810362999999999829e+03
-2.791429000000000087e+03
-2.806650000000000091e+03
-2.822985000000000127e+03
-2.792914000000000215e+03
-2.795884000000000015e+03
-2.824469999999999800e+03
-2.808135000000000218e+03
-2.802938000000000102e+03
-2.839690999999999804e+03
-2.807021000000000186e+03
-2.818159000000000106e+03
-2.856396999999999935e+03
-2.816673999999999978e+03
-2.815188999999999851e+03
-2.859739000000000033e+03
-2.853056000000000040e+03
-2.839690999999999804e+03
-2.840804999999999836e+03
-2.870876000000000204e+03
-2.847115999999999985e+03
-2.864936000000000149e+03
-2.865307999999999993e+03
-2.860110000000000127e+03
-2.885726000000000113e+03
-2.856768999999999778e+03
-2.853798999999999978e+03
-2.876815999999999804e+03
-2.847487999999999829e+03
