-1.658744999999999891e+03
-1.662458000000000084e+03
-1.632385999999999967e+03
-1.692528999999999996e+03
-1.680277000000000044e+03
-1.691044000000000096e+03
-1.700695999999999913e+03
-1.721115000000000009e+03
-1.734108999999999924e+03
-1.738192999999999984e+03
-1.760468000000000075e+03
-1.734480000000000018e+03
-1.771233999999999924e+03
-1.799077999999999975e+03
-1.807615999999999985e+03
-1.811328999999999951e+03
-1.846969000000000051e+03
-1.829148999999999887e+03
-1.833974999999999909e+03
-1.865160000000000082e+03
-1.820609999999999900e+03
-1.862560999999999922e+03
-1.882238000000000056e+03
-1.891519000000000005e+03
-1.895230999999999995e+03
-1.929385999999999967e+03
-1.912308999999999969e+03
-1.894489000000000033e+03
-1.947205999999999904e+03
-1.938666999999999916e+03
-1.934584000000000060e+03
-1.975421000000000049e+03
-1.985444999999999936e+03
-1.954259999999999991e+03
-2.001037000000000035e+03
-2.009948000000000093e+03
-2.031851000000000113e+03
-2.034820999999999913e+03
-2.019229000000000042e+03
-2.025169000000000096e+03
-2.038904999999999973e+03
-2.029994999999999891e+03
-2.017743999999999915e+03
-2.039276000000000067e+03
-2.058952999999999975e+03
-2.020343000000000075e+03
-2.055981999999999971e+03
-2.103501999999999953e+03
-2.053012000000000171e+03
-2.106101000000000113e+03
-2.112784000000000106e+03
-2.122065000000000055e+03
-2.126148999999999887e+03
-2.128376000000000204e+03
-2.112413000000000011e+03
-2.145083000000000084e+03
-2.143597000000000207e+03
-2.089023999999999887e+03
-2.160675000000000182e+03
-2.151021999999999935e+03
-2.112413000000000011e+03
-2.156219999999999800e+03
-2.179608999999999924e+03
-2.145083000000000084e+03
-2.197429000000000087e+03
-2.215990999999999985e+03
-2.166985999999999876e+03
-2.202255000000000109e+03
-2.240864999999999782e+03
-2.224159000000000106e+03
-2.246063000000000102e+03
-2.282074000000000069e+03
-2.219704000000000178e+03
-2.274277999999999793e+03
-2.303235000000000127e+03
-2.264253999999999905e+03
-2.270565000000000055e+03
-2.331820999999999913e+03
-2.311030999999999949e+03
-2.327737999999999829e+03
-2.362635000000000218e+03
-2.338875000000000000e+03
-2.348155999999999949e+03
-2.355952999999999975e+03
-2.342215999999999894e+03
-2.371916000000000167e+03
-2.361893000000000029e+03
-2.340731000000000222e+03
-2.362635000000000218e+03
-2.380826000000000022e+03
-2.344443999999999960e+03
-2.347414000000000215e+03
-2.415353000000000065e+03
-2.382682999999999993e+03
-2.348898999999999887e+03
-2.435400000000000091e+03
-2.419065000000000055e+03
-2.397161000000000058e+03
-2.450250000000000000e+03
-2.401244999999999891e+03
-2.327365999999999985e+03
-2.323282000000000153e+03
-2.318827999999999975e+03
-2.322539999999999964e+03
-2.352239999999999782e+03
-2.351869000000000142e+03
-2.355210000000000036e+03
-2.404585999999999785e+03
-2.396418999999999869e+03
-2.373030000000000200e+03
-2.407556000000000040e+03
-2.422034999999999854e+03
-2.366347000000000207e+03
-2.414239000000000033e+03
-2.440597000000000207e+03
-2.429831000000000131e+03
-2.470297999999999774e+03
-2.445795000000000073e+03
-2.440597000000000207e+03
-2.468440999999999804e+03
-2.465842999999999847e+03
-2.449507999999999811e+03
-2.468440999999999804e+03
-2.450250000000000000e+03
-2.433543999999999869e+03
-2.436885000000000218e+03
-2.450992000000000189e+03
-2.440969000000000051e+03
-2.463614999999999782e+03
-2.471411000000000058e+03
-2.458045999999999822e+03
-2.495170999999999822e+03
-2.503338999999999942e+03
-2.484775999999999840e+03
-2.500369000000000142e+03
-2.506309000000000196e+03
-2.498141000000000076e+03
-2.556056000000000040e+03
-2.554570999999999913e+03
-2.533409999999999854e+03
-2.566451000000000022e+03
-2.577960000000000036e+03
-2.526356000000000222e+03
-2.572019999999999982e+03
-2.609516000000000076e+03
-2.572762000000000171e+03
-2.598378999999999905e+03
-2.629563999999999851e+03
-2.609516000000000076e+03
-2.621768000000000029e+03
-2.624737999999999829e+03
-2.557170000000000073e+03
-2.553085999999999785e+03
-2.553829000000000178e+03
-2.551601000000000113e+03
-2.543063000000000102e+03
-2.601719999999999800e+03
-2.587983999999999924e+03
-2.571648999999999887e+03
-2.596893999999999778e+03
-2.618054999999999836e+03
-2.618054999999999836e+03
-2.628449999999999818e+03
-2.619911000000000058e+03
-2.598378999999999905e+03
-2.624737999999999829e+03
-2.626222000000000207e+03
-2.624737999999999829e+03
-2.655179999999999836e+03
-2.649239999999999782e+03
-2.656293999999999869e+03
-2.673371000000000095e+03
-2.638474000000000160e+03
-2.638103000000000065e+03
-2.651838999999999942e+03
-2.654809000000000196e+03
-2.641072999999999865e+03
-2.667431000000000040e+03
-2.672257999999999811e+03
-2.662233999999999924e+03
-2.696018000000000029e+03
-2.691563000000000102e+03
-2.689706000000000131e+03
-2.699358999999999924e+03
-2.722005000000000109e+03
-2.704184999999999945e+03
-2.727202999999999975e+03
-2.744650999999999840e+03
-2.726088999999999942e+03
-2.688592999999999847e+03
-2.690077999999999975e+03
-2.671885999999999967e+03
-2.654438000000000102e+03
-2.660005999999999858e+03
-2.641072999999999865e+03
-2.681166999999999916e+03
-2.675228000000000065e+03
-2.655922999999999774e+03
-2.676713000000000193e+03
-2.650724999999999909e+03
-2.657407000000000153e+03
-2.657407000000000153e+03
-2.673371000000000095e+03
-2.657036000000000058e+03
-2.685623000000000047e+03
-2.680425000000000182e+03
-2.670771999999999935e+03
-2.694903999999999996e+03
-2.701215000000000146e+03
-2.688221000000000004e+03
-2.720519999999999982e+03
-2.713094999999999800e+03
-2.710496000000000095e+03
-2.691563000000000102e+03
-2.739824999999999818e+03
-2.732028999999999996e+03
-2.698987999999999829e+03
-2.757273999999999887e+03
-2.741309999999999945e+03
-2.738340000000000146e+03
-2.751333999999999833e+03
-2.711981000000000222e+03
-2.726460000000000036e+03
-2.775835999999999785e+03
-2.742795000000000073e+03
-2.733143000000000029e+03
-2.776579000000000178e+03
-2.701585999999999785e+03
-2.694532000000000153e+03
-2.720519999999999982e+03
-2.684137000000000171e+03
-2.707896999999999935e+03
-2.735369999999999891e+03
-2.719034999999999854e+03
-2.719034999999999854e+03
-2.734255999999999858e+03
-2.733143000000000029e+03
-2.695275000000000091e+03
-2.724231999999999971e+03
-2.744650999999999840e+03
-2.728688000000000102e+03
-2.742052000000000135e+03
-2.762471000000000004e+03
-2.732771000000000186e+03
-2.785860000000000127e+03
-2.771380999999999858e+03
-2.763585000000000036e+03
-2.789201000000000022e+03
-2.796255000000000109e+03
-2.777693000000000211e+03
-2.794027999999999793e+03
-2.790686000000000149e+03
-2.789201000000000022e+03
-2.799967999999999847e+03
-2.799967999999999847e+03
-2.798481999999999971e+03
-2.825583999999999833e+03
-2.825583999999999833e+03
-2.814074999999999818e+03
-2.829666999999999916e+03
-2.813704000000000178e+03
-2.815188999999999851e+03
-2.835978999999999814e+03
-2.822242000000000189e+03
-2.817416000000000167e+03
-2.835235999999999876e+03
-2.831894999999999982e+03
-2.825583999999999833e+03
-2.849344000000000051e+03
-2.869019999999999982e+03
-2.832266000000000076e+03
-2.874217999999999847e+03
-2.843403999999999996e+03
-2.834864999999999782e+03
-2.870134000000000015e+03
-2.851943000000000211e+03
-2.847858999999999924e+03
-2.855655000000000200e+03
-2.856396999999999935e+03
-2.873474999999999909e+03
-2.876074000000000069e+03
-2.864193999999999960e+03
-2.870505000000000109e+03
-2.908744000000000142e+03
-2.888695999999999913e+03
-2.876074000000000069e+03
-2.867164000000000215e+03
-2.837092999999999847e+03
-2.802565999999999804e+03
-2.851943000000000211e+03
-2.846001999999999953e+03
-2.806278999999999996e+03
-2.842661000000000058e+03
-2.844146000000000186e+03
-2.848972000000000207e+03
-2.869391000000000076e+03
-2.851943000000000211e+03
-2.826326000000000022e+03
-2.856768999999999778e+03
-2.864193999999999960e+03
-2.866050000000000182e+03
-2.879414999999999964e+03
-2.918025000000000091e+03
-2.875331000000000131e+03
-2.870876000000000204e+03
-2.926563999999999851e+03
-2.881643000000000029e+03
-2.894635999999999967e+03
-2.937701000000000022e+03
-2.904659999999999854e+03
-2.912456000000000131e+03
-2.936588000000000193e+03
-2.931018999999999778e+03
-2.862708999999999833e+03
-2.870134000000000015e+03
-2.866420999999999822e+03
-2.875702999999999975e+03
-2.871619000000000142e+03
-2.869019999999999982e+03
-2.889438999999999851e+03
-2.874217999999999847e+03
-2.894635999999999967e+03
-2.888695999999999913e+03
-2.889068000000000211e+03
-2.892038000000000011e+03
-2.912085000000000036e+03
-2.928420000000000073e+03
-2.921737999999999829e+03
-2.900947999999999865e+03
-2.934360000000000127e+03
-2.912456000000000131e+03
-2.916168999999999869e+03
-2.954036000000000058e+03
-2.932875000000000000e+03
-2.941784999999999854e+03
-2.962945999999999913e+03
-2.960719000000000051e+03
-2.959605000000000018e+03
-2.981880000000000109e+03
-2.976682999999999993e+03
-2.984106999999999971e+03
-2.983735999999999876e+03
-2.974826000000000022e+03
-2.996730000000000018e+03
-3.021603999999999814e+03
-2.986335000000000036e+03
-3.000070999999999913e+03
-3.029400000000000091e+03
-3.021603999999999814e+03
-2.970000000000000000e+03
-2.993389000000000124e+03
-2.968885999999999967e+03
-2.971485000000000127e+03
-2.989304999999999836e+03
-2.980394999999999982e+03
-2.974826000000000022e+03
-2.988934000000000196e+03
-3.000443000000000211e+03
-3.001556000000000040e+03
-2.993760000000000218e+03
-2.979652999999999793e+03
-3.004155000000000200e+03
-3.002670000000000073e+03
-2.996358999999999924e+03
-2.984106999999999971e+03
-2.995987999999999829e+03
-3.007125000000000000e+03
-3.014550000000000182e+03
-3.007867000000000189e+03
-2.980394999999999982e+03
-2.980394999999999982e+03
-3.001927000000000135e+03
-2.978909999999999854e+03
-2.980023999999999887e+03
-3.003784000000000106e+03
-2.978539000000000215e+03
-2.985221000000000004e+03
-2.986335000000000036e+03
-2.976311000000000149e+03
-2.976682999999999993e+03
-3.003784000000000106e+03
-2.980023999999999887e+03
-3.002670000000000073e+03
-3.015291999999999916e+03
-3.000813999999999851e+03
-2.994130999999999858e+03
-3.011951000000000022e+03
-3.011951000000000022e+03
-3.011579999999999927e+03
-3.021974999999999909e+03
-3.013065000000000055e+03
-3.026059000000000196e+03
-3.017891000000000076e+03
-3.041280000000000200e+03
-3.055387000000000171e+03
-3.043135999999999967e+03
-3.058728999999999814e+03
-3.037195999999999913e+03
-3.035710999999999785e+03
-3.045735000000000127e+03
-3.039795000000000073e+03
-3.037938999999999851e+03
-3.055759000000000015e+03
-3.062440999999999804e+03
-3.076548999999999978e+03
-3.082117000000000189e+03
-3.058728999999999814e+03
-3.065782000000000153e+03
-3.083974000000000160e+03
-3.070980000000000018e+03
-3.070237999999999829e+03
-3.079889999999999873e+03
