-4.421587999999999852e+02
-4.685174999999999841e+02
-4.633199999999999932e+02
-4.473562999999999761e+02
-4.521825000000000045e+02
-4.566374999999999886e+02
-4.714875000000000114e+02
-4.614637000000000171e+02
-4.417875000000000227e+02
-4.540387999999999806e+02
-4.837388000000000261e+02
-4.666612999999999829e+02
-4.755713000000000079e+02
-4.718587999999999738e+02
-4.818824999999999932e+02
-4.893075000000000045e+02
-5.160375000000000227e+02
-4.833675000000000068e+02
-4.900500000000000114e+02
-4.919062999999999874e+02
-4.922774999999999750e+02
-4.863374999999999773e+02
-4.948763000000000147e+02
-5.060138000000000034e+02
-4.993312999999999988e+02
-5.048999999999999773e+02
-4.945049999999999955e+02
-5.030437999999999761e+02
-5.082411999999999921e+02
-5.023013000000000261e+02
-5.334863000000000284e+02
-5.119538000000000011e+02
-4.974750000000000227e+02
-5.019300000000000068e+02
-5.130674999999999955e+02
-5.212350000000000136e+02
-5.041575000000000273e+02
-5.178936999999999671e+02
-5.271749999999999545e+02
-5.178936999999999671e+02
-5.171512000000000171e+02
-5.149238000000000284e+02
-5.227200000000000273e+02
-5.371987000000000307e+02
-5.204924999999999500e+02
-5.219774999999999636e+02
-5.394262999999999693e+02
-5.271749999999999545e+02
-5.034150000000000205e+02
-5.360850000000000364e+02
-5.282888000000000375e+02
-5.394262999999999693e+02
-5.446237999999999602e+02
-5.435099999999999909e+02
-5.349713000000000420e+02
-5.353424999999999727e+02
-5.383125000000000000e+02
-5.268038000000000238e+02
-5.308875000000000455e+02
-5.338574999999999591e+02
-5.126961999999999762e+02
-5.245761999999999716e+02
-5.242050000000000409e+02
-5.453663000000000238e+02
-5.405399999999999636e+02
-5.420249999999999773e+02
-5.379412999999999556e+02
-5.487074999999999818e+02
-5.431386999999999716e+02
-5.357137000000000171e+02
-5.672699999999999818e+02
-5.416536999999999580e+02
-5.446237999999999602e+02
-5.449950000000000045e+02
-5.331150000000000091e+02
-5.331150000000000091e+02
-5.535338000000000420e+02
-5.546475000000000364e+02
-5.542762000000000171e+02
-5.591024999999999636e+02
-5.479650000000000318e+02
-5.390549999999999500e+02
-5.739524999999999864e+02
-5.535338000000000420e+02
-5.576174999999999500e+02
-5.609587000000000216e+02
-5.572463000000000193e+02
-5.542762000000000171e+02
-5.557612000000000307e+02
-5.609587000000000216e+02
-5.464800000000000182e+02
-5.539049999999999727e+02
-5.732100000000000364e+02
-5.650425000000000182e+02
-5.639288000000000238e+02
-5.657849999999999682e+02
-5.646712999999999738e+02
-5.717250000000000227e+02
-5.624437000000000353e+02
-5.598450000000000273e+02
-5.642999999999999545e+02
-5.702400000000000091e+02
-5.709824999999999591e+02
-5.821200000000000045e+02
-5.717250000000000227e+02
-5.464800000000000182e+02
-5.940000000000000000e+02
-5.980837000000000216e+02
-5.802636999999999716e+02
-5.958563000000000329e+02
-5.821200000000000045e+02
-5.802636999999999716e+02
-5.880599999999999454e+02
-5.828624999999999545e+02
-5.880599999999999454e+02
-5.806349999999999909e+02
-5.869461999999999762e+02
-5.988261999999999716e+02
-5.980837000000000216e+02
-5.772938000000000329e+02
-5.850900000000000318e+02
-5.836050000000000182e+02
-5.717250000000000227e+02
-5.880599999999999454e+02
-5.687549999999999955e+02
-6.062513000000000147e+02
-5.988261999999999716e+02
-5.576174999999999500e+02
-5.642999999999999545e+02
-5.516775000000000091e+02
-5.509349999999999454e+02
-5.694974999999999454e+02
-5.713537999999999784e+02
-5.605874999999999773e+02
-5.687549999999999955e+02
-5.739524999999999864e+02
-5.565037999999999556e+02
-5.717250000000000227e+02
-5.631862999999999602e+02
-5.739524999999999864e+02
-5.810062000000000353e+02
-5.709824999999999591e+02
-5.546475000000000364e+02
-5.784075000000000273e+02
-5.680125000000000455e+02
-5.769225000000000136e+02
-5.620724999999999909e+02
-5.568750000000000000e+02
-5.602161999999999580e+02
-5.568750000000000000e+02
-5.676412000000000262e+02
-5.694974999999999454e+02
-5.546475000000000364e+02
-5.683836999999999762e+02
-5.709824999999999591e+02
-5.702400000000000091e+02
-5.739524999999999864e+02
-5.624437000000000353e+02
-5.787786999999999580e+02
-5.550186999999999671e+02
-5.665275000000000318e+02
-5.642999999999999545e+02
-5.553899999999999864e+02
-5.583600000000000136e+02
-5.891738000000000284e+02
-5.475937999999999874e+02
-5.591024999999999636e+02
-5.869461999999999762e+02
-5.676412000000000262e+02
-5.591024999999999636e+02
-5.657849999999999682e+02
-5.535338000000000420e+02
-5.550186999999999671e+02
-5.739524999999999864e+02
-5.683836999999999762e+02
-5.780362999999999829e+02
-5.583600000000000136e+02
-5.665275000000000318e+02
-5.550186999999999671e+02
-5.839763000000000375e+02
-5.587313000000000329e+02
-5.516775000000000091e+02
-5.862037000000000262e+02
-5.602161999999999580e+02
-5.661562999999999874e+02
-5.702400000000000091e+02
-5.579887999999999693e+02
-5.535338000000000420e+02
-5.698687999999999647e+02
-5.668986999999999625e+02
-5.535338000000000420e+02
-5.646712999999999738e+02
-5.717250000000000227e+02
-5.687549999999999955e+02
-5.743237000000000307e+02
-5.672699999999999818e+02
-5.572463000000000193e+02
-5.457374999999999545e+02
-5.717250000000000227e+02
-5.494500000000000455e+02
-5.691263000000000147e+02
-5.583600000000000136e+02
-5.483361999999999625e+02
-5.746950000000000500e+02
-5.628150000000000546e+02
-5.628150000000000546e+02
-5.724674999999999727e+02
-5.609587000000000216e+02
-5.650425000000000182e+02
-5.631862999999999602e+02
-5.520488000000000284e+02
-5.806349999999999909e+02
-5.754375000000000000e+02
-5.683836999999999762e+02
-5.639288000000000238e+02
-5.620724999999999909e+02
-5.713537999999999784e+02
-5.635575000000000045e+02
-5.713537999999999784e+02
-5.668986999999999625e+02
-5.613300000000000409e+02
-5.617011999999999716e+02
-5.806349999999999909e+02
-5.776649999999999636e+02
-5.672699999999999818e+02
-5.850900000000000318e+02
-5.565037999999999556e+02
-5.720963000000000420e+02
-5.591024999999999636e+02
-5.587313000000000329e+02
-5.691263000000000147e+02
-5.787786999999999580e+02
-5.635575000000000045e+02
-5.761799999999999500e+02
-5.758088000000000193e+02
-5.661562999999999874e+02
-5.505638000000000147e+02
-5.527912999999999784e+02
-5.587313000000000329e+02
-5.635575000000000045e+02
-5.642999999999999545e+02
-5.605874999999999773e+02
-5.587313000000000329e+02
-5.828624999999999545e+02
-5.565037999999999556e+02
-5.650425000000000182e+02
-5.750662999999999556e+02
-5.557612000000000307e+02
-5.635575000000000045e+02
-5.642999999999999545e+02
-5.706113000000000284e+02
-5.505638000000000147e+02
-5.312586999999999762e+02
-5.494500000000000455e+02
-5.423962000000000216e+02
-5.602161999999999580e+02
-5.509349999999999454e+02
-5.487074999999999818e+02
-5.706113000000000284e+02
-5.594737999999999829e+02
-5.561325000000000500e+02
-5.602161999999999580e+02
-5.379412999999999556e+02
-5.598450000000000273e+02
-5.724674999999999727e+02
-5.527912999999999784e+02
-5.605874999999999773e+02
-5.579887999999999693e+02
-5.475937999999999874e+02
-5.572463000000000193e+02
-5.360850000000000364e+02
-5.624437000000000353e+02
-5.646712999999999738e+02
-5.642999999999999545e+02
-5.709824999999999591e+02
-5.446237999999999602e+02
-5.561325000000000500e+02
-5.672699999999999818e+02
-5.527912999999999784e+02
-5.694974999999999454e+02
-5.568750000000000000e+02
-5.394262999999999693e+02
-5.694974999999999454e+02
-5.490787000000000262e+02
-5.334863000000000284e+02
-5.694974999999999454e+02
-5.542762000000000171e+02
-5.435099999999999909e+02
-5.654138000000000375e+02
-5.390549999999999500e+02
-5.498211999999999762e+02
-5.542762000000000171e+02
-5.665275000000000318e+02
-5.561325000000000500e+02
-5.423962000000000216e+02
-5.609587000000000216e+02
-5.810062000000000353e+02
-5.709824999999999591e+02
-5.858324999999999818e+02
-5.683836999999999762e+02
-5.654138000000000375e+02
-5.672699999999999818e+02
-5.620724999999999909e+02
-5.691263000000000147e+02
-5.776649999999999636e+02
-5.657849999999999682e+02
-5.617011999999999716e+02
-5.572463000000000193e+02
-5.568750000000000000e+02
-5.557612000000000307e+02
-5.780362999999999829e+02
-5.657849999999999682e+02
-5.516775000000000091e+02
-5.680125000000000455e+02
-5.654138000000000375e+02
-5.706113000000000284e+02
-5.594737999999999829e+02
-5.694974999999999454e+02
-5.847187999999999874e+02
-5.635575000000000045e+02
-5.702400000000000091e+02
-5.620724999999999909e+02
-5.839763000000000375e+02
-5.765512999999999693e+02
-5.568750000000000000e+02
-5.668986999999999625e+02
-5.821200000000000045e+02
-5.795212000000000216e+02
-5.724674999999999727e+02
-5.746950000000000500e+02
-5.813775000000000546e+02
-5.720963000000000420e+02
-5.713537999999999784e+02
-5.617011999999999716e+02
-5.906588000000000420e+02
-5.806349999999999909e+02
-5.850900000000000318e+02
-5.776649999999999636e+02
-5.676412000000000262e+02
-5.683836999999999762e+02
-5.594737999999999829e+02
-5.587313000000000329e+02
-5.780362999999999829e+02
-5.862037000000000262e+02
-5.720963000000000420e+02
-5.739524999999999864e+02
-5.824913000000000238e+02
-5.724674999999999727e+02
-5.694974999999999454e+02
-5.735811999999999671e+02
-5.668986999999999625e+02
-5.947424999999999500e+02
-5.880599999999999454e+02
-5.854611999999999625e+02
-5.906588000000000420e+02
-5.862037000000000262e+02
-5.687549999999999955e+02
-5.813775000000000546e+02
-5.876888000000000147e+02
-5.598450000000000273e+02
-5.732100000000000364e+02
-5.876888000000000147e+02
-5.732100000000000364e+02
-5.821200000000000045e+02
-5.743237000000000307e+02
-5.505638000000000147e+02
-5.810062000000000353e+02
-5.665275000000000318e+02
-5.620724999999999909e+02
-5.784075000000000273e+02
-5.769225000000000136e+02
-5.583600000000000136e+02
-5.609587000000000216e+02
-5.888025000000000091e+02
-5.691263000000000147e+02
-5.802636999999999716e+02
-5.772938000000000329e+02
-5.687549999999999955e+02
-5.676412000000000262e+02
-5.694974999999999454e+02
-5.758088000000000193e+02
-5.910299999999999727e+02
-5.802636999999999716e+02
-5.743237000000000307e+02
-5.769225000000000136e+02
-5.650425000000000182e+02
-5.798925000000000409e+02
-5.672699999999999818e+02
-5.839763000000000375e+02
-5.694974999999999454e+02
-5.728387000000000171e+02
-5.836050000000000182e+02
-5.661562999999999874e+02
-5.806349999999999909e+02
-5.888025000000000091e+02
-5.787786999999999580e+02
-5.739524999999999864e+02
-5.802636999999999716e+02
-5.991974999999999909e+02
-5.772938000000000329e+02
-5.672699999999999818e+02
-5.828624999999999545e+02
-5.854611999999999625e+02
-5.754375000000000000e+02
-5.787786999999999580e+02
-5.720963000000000420e+02
-5.676412000000000262e+02
-5.921436999999999671e+02
-5.806349999999999909e+02
-5.787786999999999580e+02
-5.847187999999999874e+02
-5.798925000000000409e+02
