-2.528954999999999927e+03
-2.499998000000000047e+03
-2.572391000000000076e+03
-2.524500000000000000e+03
-2.588355000000000018e+03
-2.590954000000000178e+03
-2.580559000000000196e+03
-2.577960000000000036e+03
-2.605804000000000087e+03
-2.617313000000000102e+03
-2.605061000000000149e+03
-2.641443999999999960e+03
-2.626965000000000146e+03
-2.607659999999999854e+03
-2.666688999999999851e+03
-2.636246000000000095e+03
-2.669659000000000106e+03
-2.662976000000000113e+03
-2.672628999999999905e+03
-2.652952999999999975e+03
-2.671514999999999873e+03
-2.665574999999999818e+03
-2.705298999999999978e+03
-2.716436000000000149e+03
-2.697501999999999953e+03
-2.735740999999999985e+03
-2.739454000000000178e+03
-2.745764999999999873e+03
-2.771751999999999953e+03
-2.749106000000000222e+03
-2.781775999999999840e+03
-2.811476000000000113e+03
-2.792541999999999916e+03
-2.779548999999999978e+03
-2.842661000000000058e+03
-2.815931000000000040e+03
-2.891666000000000167e+03
-2.818530000000000200e+03
-2.872731999999999971e+03
-2.838577999999999975e+03
-2.887583000000000084e+03
-2.897606000000000222e+03
-2.890181000000000040e+03
-2.899833999999999833e+03
-2.915797999999999774e+03
-2.924708000000000084e+03
-2.902804000000000087e+03
-2.914313000000000102e+03
-2.928048999999999978e+03
-2.922851000000000113e+03
-2.995615999999999985e+03
-2.902804000000000087e+03
-2.953664999999999964e+03
-2.974083999999999833e+03
-2.949952999999999975e+03
-2.971114000000000033e+03
-2.948096000000000004e+03
-2.999699999999999818e+03
-2.985963999999999942e+03
-2.998958000000000084e+03
-2.984849999999999909e+03
-3.002298999999999978e+03
-3.011208999999999833e+03
-3.021974999999999909e+03
-3.017519999999999982e+03
-3.016777999999999793e+03
-3.003784000000000106e+03
-3.037568000000000211e+03
-3.024574000000000069e+03
-3.039795000000000073e+03
-3.062440999999999804e+03
-3.063925999999999931e+03
-3.056501000000000204e+03
-3.076548999999999978e+03
-3.070608999999999924e+03
-3.056873000000000047e+03
-3.081375000000000000e+03
-3.049447999999999865e+03
-3.051675000000000182e+03
-3.078405000000000200e+03
-3.070237999999999829e+03
-3.096967999999999847e+03
-3.090284999999999854e+03
-3.099938000000000102e+03
-3.109590000000000146e+03
-3.153768999999999778e+03
-3.093626000000000204e+03
-3.111818000000000211e+03
-3.077291000000000167e+03
-3.060956000000000131e+03
-3.100309000000000196e+03
-3.111445999999999913e+03
-3.095481999999999971e+03
-3.115159000000000106e+03
-3.137804999999999836e+03
-3.099565999999999804e+03
-3.147085999999999785e+03
-3.151170000000000073e+03
-3.144487999999999829e+03
-3.185324999999999818e+03
-3.129637000000000171e+03
-3.169360999999999876e+03
-3.135949000000000069e+03
-3.156367000000000189e+03
-3.122213000000000193e+03
-3.144487999999999829e+03
-3.179385000000000218e+03
-3.146715000000000146e+03
-3.203144999999999982e+03
-3.171588999999999942e+03
-3.181240999999999985e+03
-3.178271000000000186e+03
-3.175300999999999931e+03
-3.206856999999999971e+03
-3.198318999999999960e+03
-3.223193000000000211e+03
-3.209827999999999975e+03
-3.235443999999999960e+03
-3.197576000000000022e+03
-3.235815000000000055e+03
-3.254376999999999953e+03
-3.290760000000000218e+03
-3.236557999999999993e+03
-3.287789999999999964e+03
-3.242126000000000204e+03
-3.236929000000000087e+03
-3.266257999999999811e+03
-3.252521000000000186e+03
-3.261802000000000135e+03
-3.242869000000000142e+03
-3.237670999999999822e+03
-3.243981999999999971e+03
-3.264030000000000200e+03
-3.269969999999999800e+03
-3.248438000000000102e+03
-3.283706000000000131e+03
-3.264030000000000200e+03
-3.275909999999999854e+03
-3.287047999999999774e+03
-3.293358999999999924e+03
-3.276280999999999949e+03
-3.269228000000000065e+03
-3.251036000000000058e+03
-3.261059999999999945e+03
-3.250293999999999869e+03
-3.234701000000000022e+03
-3.264771999999999935e+03
-3.275166999999999916e+03
-3.273311000000000149e+03
-3.278509000000000015e+03
-3.277394999999999982e+03
-3.277394999999999982e+03
-3.274425000000000182e+03
-3.269969999999999800e+03
-3.274425000000000182e+03
-3.264771999999999935e+03
-3.259574999999999818e+03
-3.288161000000000058e+03
-3.238414000000000215e+03
-3.284820000000000164e+03
-3.262173999999999978e+03
-3.252150000000000091e+03
-3.222079000000000178e+03
-3.274054000000000087e+03
-3.251407000000000153e+03
-3.272568999999999960e+03
-3.265143999999999778e+03
-3.241755000000000109e+03
-3.234701000000000022e+03
-3.244353999999999814e+03
-3.249179999999999836e+03
-3.251778999999999996e+03
-3.303382999999999811e+03
-3.270340999999999894e+03
-3.244353999999999814e+03
-3.247695000000000164e+03
-3.228389999999999873e+03
-3.201659999999999854e+03
-3.238414000000000215e+03
-3.205744000000000142e+03
-3.236186000000000149e+03
-3.217251999999999953e+03
-3.274425000000000182e+03
-3.240641000000000076e+03
-3.227275999999999840e+03
-3.245838999999999942e+03
-3.274795999999999822e+03
-3.253264000000000124e+03
-3.261059999999999945e+03
-3.236929000000000087e+03
-3.235072999999999865e+03
-3.232474000000000160e+03
-3.209456000000000131e+03
-3.259204000000000178e+03
-3.256605000000000018e+03
-3.252893000000000029e+03
-3.261802000000000135e+03
-3.271083999999999833e+03
-3.220222000000000207e+03
-3.264400999999999840e+03
-3.262173999999999978e+03
-3.175672999999999774e+03
-3.249550999999999931e+03
-3.272568999999999960e+03
-3.213168999999999869e+03
-3.265143999999999778e+03
-3.289275000000000091e+03
-3.234329999999999927e+03
-3.279994000000000142e+03
-3.258833000000000084e+03
-3.288532000000000153e+03
-3.280364999999999782e+03
-3.279623000000000047e+03
-3.280735999999999876e+03
-3.252893000000000029e+03
-3.277023999999999887e+03
-3.227646999999999935e+03
-3.225420000000000073e+03
-3.229132999999999811e+03
-3.217251999999999953e+03
-3.243981999999999971e+03
-3.242869000000000142e+03
-3.229503999999999905e+03
-3.223934999999999945e+03
-3.236186000000000149e+03
-3.249179999999999836e+03
-3.231731000000000222e+03
-3.229132999999999811e+03
-3.180869999999999891e+03
-3.196463000000000193e+03
-3.189038000000000011e+03
-3.207599999999999909e+03
-3.189780000000000200e+03
-3.209456000000000131e+03
-3.200175000000000182e+03
-3.190521999999999935e+03
-3.226163000000000011e+03
-3.194235000000000127e+03
-3.181983999999999924e+03
-3.198690000000000055e+03
-3.211313000000000102e+03
-3.138918999999999869e+03
-3.199804000000000087e+03
-3.213168999999999869e+03
-3.186809999999999945e+03
-3.188295000000000073e+03
-3.198318999999999960e+03
-3.216510000000000218e+03
-3.206485999999999876e+03
-3.226905000000000200e+03
-3.174559000000000196e+03
-3.228760999999999967e+03
-3.213539999999999964e+03
-3.219851000000000113e+03
-3.224677000000000135e+03
-3.181612999999999829e+03
-3.205744000000000142e+03
-3.222449999999999818e+03
-3.200545999999999822e+03
-3.191635999999999967e+03
-3.221335999999999785e+03
-3.208713999999999942e+03
-3.206485999999999876e+03
-3.240641000000000076e+03
-3.201659999999999854e+03
-3.212425999999999931e+03
-3.238414000000000215e+03
-3.251778999999999996e+03
-3.160451000000000022e+03
-3.247695000000000164e+03
-3.195349000000000160e+03
-3.186438999999999851e+03
-3.223934999999999945e+03
-3.185324999999999818e+03
-3.201289000000000215e+03
-3.226534000000000106e+03
-3.228760999999999967e+03
-3.203516000000000076e+03
-3.213539999999999964e+03
-3.210199000000000069e+03
-3.207228999999999814e+03
-3.202773999999999887e+03
-3.198690000000000055e+03
-3.220222000000000207e+03
-3.209085000000000036e+03
-3.204630000000000109e+03
-3.192378999999999905e+03
-3.225048999999999978e+03
-3.243610999999999876e+03
-3.202030999999999949e+03
-3.259945999999999913e+03
-3.179385000000000218e+03
-3.245096000000000004e+03
-3.268114000000000033e+03
-3.213539999999999964e+03
-3.216510000000000218e+03
-3.240269999999999982e+03
-3.259204000000000178e+03
-3.249179999999999836e+03
-3.236557999999999993e+03
-3.261802000000000135e+03
-3.238414000000000215e+03
-3.246581000000000131e+03
-3.257347000000000207e+03
-3.259574999999999818e+03
-3.236929000000000087e+03
-3.241755000000000109e+03
-3.237670999999999822e+03
-3.249550999999999931e+03
-3.281106999999999971e+03
-3.255862999999999829e+03
-3.281478999999999814e+03
-3.297813999999999851e+03
-3.251778999999999996e+03
-3.261059999999999945e+03
-3.295215000000000146e+03
-3.265885999999999967e+03
-3.281106999999999971e+03
-3.257347000000000207e+03
-3.303010999999999967e+03
-3.267371000000000095e+03
-3.284449000000000069e+03
-3.259574999999999818e+03
-3.268114000000000033e+03
-3.246952999999999975e+03
-3.301896999999999935e+03
-3.274795999999999822e+03
-3.281106999999999971e+03
-3.307094999999999800e+03
-3.297443000000000211e+03
-3.300041000000000167e+03
-3.333454000000000178e+03
-3.294101000000000113e+03
-3.263659000000000106e+03
-3.293730000000000018e+03
-3.291501999999999953e+03
-3.313405999999999949e+03
-3.305239000000000033e+03
-3.256233999999999924e+03
-3.286304999999999836e+03
-3.263288000000000011e+03
-3.326028999999999996e+03
-3.273311000000000149e+03
-3.318603999999999814e+03
-3.338280000000000200e+03
-3.270340999999999894e+03
-3.309322999999999865e+03
-3.296699999999999818e+03
-3.317489999999999782e+03
-3.304125000000000000e+03
-3.297443000000000211e+03
-3.320088999999999942e+03
-3.343849000000000160e+03
-3.353130000000000109e+03
-3.313034999999999854e+03
-3.363525000000000091e+03
-3.280364999999999782e+03
-3.360554999999999836e+03
-3.353130000000000109e+03
-3.339764999999999873e+03
-3.331969000000000051e+03
-3.317860999999999876e+03
-3.284077999999999975e+03
-3.311920999999999822e+03
-3.310065000000000055e+03
-3.293730000000000018e+03
-3.332340000000000146e+03
-3.287418999999999869e+03
-3.314519999999999982e+03
-3.336423999999999978e+03
-3.337909000000000106e+03
-3.294844000000000051e+03
-3.354614999999999782e+03
-3.313777999999999793e+03
-3.333824999999999818e+03
-3.323800999999999931e+03
-3.366494999999999891e+03
-3.333083000000000084e+03
-3.360554999999999836e+03
-3.353501000000000204e+03
-3.346447999999999865e+03
-3.352759000000000015e+03
-3.366865999999999985e+03
-3.343849000000000160e+03
-3.354244000000000142e+03
-3.370579000000000178e+03
-3.376146999999999935e+03
-3.340878999999999905e+03
-3.365380999999999858e+03
-3.353873000000000047e+03
-3.345704999999999927e+03
-3.387284999999999854e+03
-3.360184000000000196e+03
-3.376518999999999778e+03
-3.372063999999999851e+03
-3.411045000000000073e+03
-3.357213999999999942e+03
-3.416985000000000127e+03
-3.357956000000000131e+03
-3.369465000000000146e+03
-3.398422999999999774e+03
-3.390626000000000204e+03
-3.427380000000000109e+03
-3.421440000000000055e+03
-3.397679999999999836e+03
-3.435547999999999774e+03
-3.419213000000000193e+03
-3.444829000000000178e+03
-3.444085999999999785e+03
-3.430349999999999909e+03
-3.431835000000000036e+03
-3.414014999999999873e+03
