-1.942750999999999976e+03
-1.943493999999999915e+03
-1.952775000000000091e+03
-1.969853000000000065e+03
-1.961314000000000078e+03
-1.976905999999999949e+03
-2.014402000000000044e+03
-2.021827999999999975e+03
-2.014402000000000044e+03
-2.027395999999999958e+03
-1.982104000000000042e+03
-2.029252999999999929e+03
-2.061922999999999774e+03
-2.067862999999999829e+03
-2.088652999999999793e+03
-2.077885999999999967e+03
-2.082340999999999894e+03
-2.104244999999999891e+03
-2.120951000000000022e+03
-2.121322999999999865e+03
-2.109813999999999851e+03
-2.106844000000000051e+03
-2.092735999999999876e+03
-2.158818999999999960e+03
-2.154364000000000033e+03
-2.146195999999999913e+03
-2.184063999999999851e+03
-2.182579000000000178e+03
-2.155106000000000222e+03
-2.157704999999999927e+03
-2.185177000000000135e+03
-2.174411000000000058e+03
-2.197429000000000087e+03
-2.202626000000000204e+03
-2.199655999999999949e+03
-2.224900999999999840e+03
-2.204481999999999971e+03
-2.228242000000000189e+03
-2.244577999999999975e+03
-2.253487999999999829e+03
-2.221188999999999851e+03
-2.279103999999999814e+03
-2.291355000000000018e+03
-2.274277999999999793e+03
-2.303606000000000222e+03
-2.326623999999999796e+03
-2.312516000000000076e+03
-2.298409000000000106e+03
-2.358550999999999931e+03
-2.315856999999999971e+03
-2.305833999999999833e+03
-2.347414000000000215e+03
-2.344072999999999865e+03
-2.325139000000000124e+03
-2.340731000000000222e+03
-2.357809000000000196e+03
-2.325510000000000218e+03
-2.347414000000000215e+03
-2.397161000000000058e+03
-2.351126000000000204e+03
-2.371916000000000167e+03
-2.394934000000000196e+03
-2.376371000000000095e+03
-2.423148999999999887e+03
-2.423148999999999887e+03
-2.431315999999999804e+03
-2.456190000000000055e+03
-2.425005000000000109e+03
-2.425376000000000204e+03
-2.440597000000000207e+03
-2.443195999999999913e+03
-2.458789000000000215e+03
-2.496284999999999854e+03
-2.504081000000000131e+03
-2.523014999999999873e+03
-2.536009000000000015e+03
-2.521530000000000200e+03
-2.529697999999999865e+03
-2.547146000000000186e+03
-2.529697999999999865e+03
-2.537123000000000047e+03
-2.552344000000000051e+03
-2.550858999999999924e+03
-2.544547999999999774e+03
-2.564224000000000160e+03
-2.551230000000000018e+03
-2.559768999999999778e+03
-2.574989999999999782e+03
-2.595780000000000200e+03
-2.583528999999999996e+03
-2.613971000000000004e+03
-2.601349000000000160e+03
-2.605804000000000087e+03
-2.627708000000000084e+03
-2.618054999999999836e+03
-2.620282000000000153e+03
-2.647755000000000109e+03
-2.638103000000000065e+03
-2.606545999999999822e+03
-2.644414000000000215e+03
-2.626594000000000051e+03
-2.603576000000000022e+03
-2.622880999999999858e+03
-2.638474000000000160e+03
-2.625108999999999924e+03
-2.647755000000000109e+03
-2.649981999999999971e+03
-2.657778999999999996e+03
-2.689706000000000131e+03
-2.654438000000000102e+03
-2.661119999999999891e+03
-2.711981000000000222e+03
-2.729059000000000196e+03
-2.707896999999999935e+03
-2.732028999999999996e+03
-2.752447999999999865e+03
-2.757644999999999982e+03
-2.731657000000000153e+03
-2.775835999999999785e+03
-2.753190000000000055e+03
-2.737597000000000207e+03
-2.759873000000000047e+03
-2.752447999999999865e+03
-2.762099999999999909e+03
-2.766184000000000196e+03
-2.739454000000000178e+03
-2.760614999999999782e+03
-2.745021999999999935e+03
-2.733143000000000029e+03
-2.762471000000000004e+03
-2.777693000000000211e+03
-2.772865999999999985e+03
-2.786974000000000160e+03
-2.789572999999999865e+03
-2.782518999999999778e+03
-2.772865999999999985e+03
-2.772865999999999985e+03
-2.775094000000000051e+03
-2.793655999999999949e+03
-2.802565999999999804e+03
-2.791429000000000087e+03
-2.825954999999999927e+03
-2.828925000000000182e+03
-2.817416000000000167e+03
-2.830039000000000215e+03
-2.841918999999999869e+03
-2.824099000000000160e+03
-2.829295999999999822e+03
-2.841547999999999774e+03
-2.798853999999999814e+03
-2.826326000000000022e+03
-2.851943000000000211e+03
-2.827440000000000055e+03
-2.837463999999999942e+03
-2.844146000000000186e+03
-2.821871000000000095e+03
-2.824099000000000160e+03
-2.838206000000000131e+03
-2.831894999999999982e+03
-2.834864999999999782e+03
-2.879786000000000058e+03
-2.811105000000000018e+03
-2.796255000000000109e+03
-2.814818000000000211e+03
-2.832637000000000171e+03
-2.825213000000000193e+03
-2.855655000000000200e+03
-2.835606999999999971e+03
-2.850829000000000178e+03
-2.844146000000000186e+03
-2.846373999999999796e+03
-2.854170000000000073e+03
-2.855284000000000106e+03
-2.864936000000000149e+03
-2.863822999999999865e+03
-2.854170000000000073e+03
-2.868277999999999793e+03
-2.866791999999999916e+03
-2.866050000000000182e+03
-2.875702999999999975e+03
-2.842289999999999964e+03
-2.856025999999999840e+03
-2.895007999999999811e+03
-2.857510999999999967e+03
-2.866791999999999916e+03
-2.910228999999999814e+03
-2.875331000000000131e+03
-2.899833999999999833e+03
-2.920994999999999891e+03
-2.893150999999999840e+03
-2.883126999999999953e+03
-2.912827999999999975e+03
-2.908001000000000204e+03
-2.916168999999999869e+03
-2.916911000000000058e+03
-2.926193000000000211e+03
-2.926563999999999851e+03
-2.959233999999999924e+03
-2.991903999999999996e+03
-2.970000000000000000e+03
-2.924708000000000084e+03
-2.936588000000000193e+03
-2.928420000000000073e+03
-2.900204999999999927e+03
-2.902061000000000149e+03
-2.899090999999999894e+03
-2.861965999999999894e+03
-2.839320000000000164e+03
-2.844889000000000124e+03
-2.843032000000000153e+03
-2.819643999999999778e+03
-2.831894999999999982e+03
-2.853427000000000135e+03
-2.855284000000000106e+03
-2.867164000000000215e+03
-2.876074000000000069e+03
-2.878300999999999931e+03
-2.877188000000000102e+03
-2.916911000000000058e+03
-2.894264999999999873e+03
-2.882385000000000218e+03
-2.884612999999999829e+03
-2.853056000000000040e+03
-2.822614000000000033e+03
-2.828925000000000182e+03
-2.826697999999999865e+03
-2.838949000000000069e+03
-2.856768999999999778e+03
-2.840063000000000102e+03
-2.853056000000000040e+03
-2.875702999999999975e+03
-2.833380000000000109e+03
-2.858253999999999905e+03
-2.866791999999999916e+03
-2.860110000000000127e+03
-2.883498999999999796e+03
-2.898349000000000160e+03
-2.907259000000000015e+03
-2.879414999999999964e+03
-2.899090999999999894e+03
-2.885726000000000113e+03
-2.892038000000000011e+03
-2.897978000000000065e+03
-2.907630000000000109e+03
-2.900947999999999865e+03
-2.906887000000000171e+03
-2.901318999999999960e+03
-2.881271000000000186e+03
-2.904659999999999854e+03
-2.887583000000000084e+03
-2.888324999999999818e+03
-2.894635999999999967e+03
-2.900204999999999927e+03
-2.902061000000000149e+03
-2.900947999999999865e+03
-2.900204999999999927e+03
-2.920623999999999796e+03
-2.926193000000000211e+03
-2.906144999999999982e+03
-2.903175000000000182e+03
-2.934731000000000222e+03
-2.915425999999999931e+03
-2.928420000000000073e+03
-2.938072999999999865e+03
-2.919880999999999858e+03
-2.937329999999999927e+03
-2.956264000000000124e+03
-2.941414000000000215e+03
-2.942155999999999949e+03
-2.970742000000000189e+03
-2.965173999999999978e+03
-2.944755000000000109e+03
-2.974083999999999833e+03
-2.972969999999999800e+03
-2.965916000000000167e+03
-2.980023999999999887e+03
-3.013065000000000055e+03
-2.982251000000000204e+03
-2.983735999999999876e+03
-3.011951000000000022e+03
-2.983735999999999876e+03
-3.000443000000000211e+03
-3.020860999999999876e+03
-3.013065000000000055e+03
-3.000813999999999851e+03
-3.019005000000000109e+03
-3.004155000000000200e+03
-3.015291999999999916e+03
-3.025315999999999804e+03
-3.017519999999999982e+03
-3.019748000000000047e+03
-3.010838000000000193e+03
-3.034969000000000051e+03
-3.023831000000000131e+03
-3.026800999999999931e+03
-3.019376000000000204e+03
-3.023088999999999942e+03
-3.034226000000000113e+03
-3.015664000000000215e+03
-3.012693999999999960e+03
-3.023460000000000036e+03
-3.011951000000000022e+03
-3.017148999999999887e+03
-3.044992000000000189e+03
-3.022717999999999847e+03
-3.034969000000000051e+03
-3.046106000000000222e+03
-3.035340000000000146e+03
-3.036083000000000084e+03
-3.056130000000000109e+03
-3.021231999999999971e+03
-3.021231999999999971e+03
-3.021603999999999814e+03
-3.023831000000000131e+03
-3.024202999999999975e+03
-3.040909000000000106e+03
-3.031626999999999953e+03
-3.040166000000000167e+03
-3.068010000000000218e+03
-3.067268000000000029e+03
-3.067268000000000029e+03
-3.071722000000000207e+03
-3.065039999999999964e+03
-3.090655999999999949e+03
-3.095853999999999814e+03
-3.081746000000000095e+03
-3.108105000000000018e+03
-3.099565999999999804e+03
-3.081746000000000095e+03
-3.083231000000000222e+03
-3.119985000000000127e+03
-3.088800000000000182e+03
-3.102536000000000058e+03
-3.125925000000000182e+03
-3.097338999999999942e+03
-3.104764000000000124e+03
-3.120728000000000065e+03
-3.137434000000000196e+03
-3.112931000000000040e+03
-3.139661000000000058e+03
-3.138918999999999869e+03
-3.126666999999999916e+03
-3.139661000000000058e+03
-3.154139999999999873e+03
-3.117385999999999967e+03
-3.131494000000000142e+03
-3.135206000000000131e+03
-3.122583999999999833e+03
-3.158965999999999894e+03
-3.135206000000000131e+03
-3.142260000000000218e+03
-3.167134000000000015e+03
-3.150798999999999978e+03
-3.149313999999999851e+03
-3.180869999999999891e+03
-3.143373999999999796e+03
-3.157110000000000127e+03
-3.164905999999999949e+03
-3.124068999999999960e+03
-3.131123000000000047e+03
-3.144858999999999924e+03
-3.141889000000000124e+03
-3.148943000000000211e+03
-3.158594999999999800e+03
-3.130751000000000204e+03
-3.135577999999999975e+03
-3.125554000000000087e+03
-3.156367000000000189e+03
-3.104393000000000029e+03
-3.116643999999999778e+03
-3.126666999999999916e+03
-3.102536000000000058e+03
-3.097710000000000036e+03
-3.125182999999999993e+03
-3.118871000000000095e+03
-3.118128999999999905e+03
-3.088800000000000182e+03
-3.089541999999999916e+03
-3.109960999999999785e+03
-3.092141000000000076e+03
-3.101050999999999931e+03
-3.121099000000000160e+03
-3.129266000000000076e+03
-3.089170999999999822e+03
-3.112931000000000040e+03
-3.140403999999999996e+03
-3.116271999999999935e+03
-3.138918999999999869e+03
-3.140403999999999996e+03
-3.118500000000000000e+03
-3.123697999999999865e+03
-3.151170000000000073e+03
-3.135949000000000069e+03
-3.160822999999999865e+03
-3.173815999999999804e+03
-3.134463999999999942e+03
-3.153025999999999840e+03
-3.174929999999999836e+03
-3.134463999999999942e+03
-3.163420999999999822e+03
-3.166391000000000076e+03
-3.149684999999999945e+03
-3.158224000000000160e+03
-3.156739000000000033e+03
-3.117757999999999811e+03
-3.123326000000000022e+03
-3.118500000000000000e+03
-3.088057999999999993e+03
-3.096967999999999847e+03
-3.127409999999999854e+03
-3.119614000000000033e+03
-3.118871000000000095e+03
