-3.573652999999999793e+03
-3.607436000000000149e+03
-3.613748000000000047e+03
-3.618202999999999975e+03
-3.654585000000000036e+03
-3.637507999999999811e+03
-3.670548999999999978e+03
-3.613005000000000109e+03
-3.685769999999999982e+03
-3.636764999999999873e+03
-3.679088000000000193e+03
-3.692824000000000069e+03
-3.687626000000000204e+03
-3.705445999999999913e+03
-3.718068999999999960e+03
-3.707302000000000135e+03
-3.734775000000000091e+03
-3.732175999999999931e+03
-3.739230000000000018e+03
-3.724009000000000015e+03
-3.755193999999999960e+03
-3.705818000000000211e+03
-3.755565000000000055e+03
-3.770414999999999964e+03
-3.791204999999999927e+03
-3.775240999999999985e+03
-3.830929000000000087e+03
-3.774498999999999796e+03
-3.773755999999999858e+03
-3.821275999999999840e+03
-3.826474000000000160e+03
-3.833527999999999793e+03
-3.850233999999999924e+03
-3.835384000000000015e+03
-3.870652999999999793e+03
-3.852833000000000084e+03
-3.843922999999999774e+03
-3.879190999999999804e+03
-3.853204000000000178e+03
-3.896639999999999873e+03
-3.892556000000000040e+03
-3.888101000000000113e+03
-3.919286000000000058e+03
-3.891443000000000211e+03
-3.964208000000000084e+03
-3.943416999999999916e+03
-3.929309999999999945e+03
-3.952699000000000069e+03
-3.958268000000000029e+03
-3.970518999999999778e+03
-3.949728999999999814e+03
-3.970146999999999935e+03
-3.964949999999999818e+03
-3.980541999999999916e+03
-4.021380000000000109e+03
-3.974603000000000065e+03
-3.993907000000000153e+03
-4.008014999999999873e+03
-4.006159000000000106e+03
-3.982769999999999982e+03
-4.046253999999999905e+03
-3.970146999999999935e+03
-4.034744999999999891e+03
-4.059248000000000047e+03
-4.021380000000000109e+03
-4.066672999999999774e+03
-4.062217999999999847e+03
-4.065929999999999836e+03
-4.085978000000000065e+03
-4.087833999999999833e+03
-4.072612999999999829e+03
-4.099342999999999847e+03
-4.108252000000000407e+03
-4.071869999999999891e+03
-4.085606000000000222e+03
-4.145377000000000407e+03
-4.072983999999999924e+03
-4.108252000000000407e+03
-4.163569000000000415e+03
-4.106024999999999636e+03
-4.125329999999999927e+03
-4.171735999999999876e+03
-4.132384000000000015e+03
-4.128300000000000182e+03
-4.175448999999999614e+03
-4.166167000000000371e+03
-4.145748999999999796e+03
-4.171364999999999782e+03
-4.117533999999999651e+03
-4.134981999999999971e+03
-4.161341000000000349e+03
-4.150203999999999724e+03
-4.116048999999999978e+03
-4.137953000000000429e+03
-4.153173999999999978e+03
-4.116420000000000073e+03
-4.148719000000000051e+03
-4.163198000000000320e+03
-4.152802999999999884e+03
-4.145748999999999796e+03
-4.153173999999999978e+03
-4.163939999999999600e+03
-4.166909999999999854e+03
-4.179533000000000357e+03
-4.190670000000000073e+03
-4.203292000000000371e+03
-4.185472999999999956e+03
-4.172106999999999971e+03
-4.178418999999999869e+03
-4.174706000000000131e+03
-4.195496000000000095e+03
-4.219256000000000313e+03
-4.213315999999999804e+03
-4.187328999999999724e+03
-4.239304000000000087e+03
-4.215543999999999869e+03
-4.206634000000000015e+03
-4.216286000000000058e+03
-4.278284999999999854e+03
-4.241902000000000044e+03
-4.234478000000000065e+03
-4.254524999999999636e+03
-4.222597999999999956e+03
-4.264177999999999884e+03
-4.274944000000000415e+03
-4.254895999999999731e+03
-4.277542000000000371e+03
-4.333229999999999563e+03
-4.273829999999999927e+03
-4.310212000000000444e+03
-4.327661000000000058e+03
-4.327661000000000058e+03
-4.312811999999999898e+03
-4.380006999999999607e+03
-4.330631000000000313e+03
-4.326176000000000386e+03
-4.345853000000000065e+03
-4.365899999999999636e+03
-4.358475000000000364e+03
-4.359217999999999847e+03
-4.382605999999999767e+03
-4.384833999999999833e+03
-4.362188000000000102e+03
-4.412677999999999884e+03
-4.360703000000000429e+03
-4.439779000000000451e+03
-4.404139000000000124e+03
-4.427155999999999949e+03
-4.467251000000000204e+03
-4.454256999999999607e+03
-4.462796000000000276e+03
-4.462425000000000182e+03
-4.487298999999999978e+03
-4.483957999999999629e+03
-4.486927999999999884e+03
-4.477274999999999636e+03
-4.493980999999999767e+03
-4.524052999999999884e+03
-4.494353000000000065e+03
-4.499921000000000276e+03
-4.531105999999999767e+03
-4.535189999999999600e+03
-4.495466000000000349e+03
-4.486185000000000400e+03
-4.464652000000000044e+03
-4.444604999999999563e+03
-4.478018000000000029e+03
-4.478389000000000124e+03
-4.467622999999999593e+03
-4.482472999999999956e+03
-4.480244999999999891e+03
-4.483957999999999629e+03
-4.458712000000000444e+03
-4.482100999999999658e+03
-4.456113999999999578e+03
-4.467993999999999687e+03
-4.504747999999999593e+03
-4.499921000000000276e+03
-4.483957999999999629e+03
-4.495095000000000255e+03
-4.487670000000000073e+03
-4.518112000000000080e+03
-4.513658000000000357e+03
-4.473190999999999804e+03
-4.493980999999999767e+03
-4.506231999999999971e+03
-4.512171999999999571e+03
-4.472819999999999709e+03
-4.509203000000000429e+03
-4.515514000000000124e+03
-4.492496000000000095e+03
-4.513286000000000058e+03
-4.483215000000000146e+03
-4.483215000000000146e+03
-4.504005000000000109e+03
-4.500663999999999760e+03
-4.489896999999999935e+03
-4.527765000000000327e+03
-4.479873999999999796e+03
-4.512914999999999964e+03
-4.522567000000000007e+03
-4.560805999999999585e+03
-4.529250000000000000e+03
-4.528878999999999905e+03
-4.521082999999999629e+03
-4.461682999999999993e+03
-4.469479000000000269e+03
-4.442748999999999796e+03
-4.462796000000000276e+03
-4.468735999999999876e+03
-4.447203999999999724e+03
-4.461682999999999993e+03
-4.468735999999999876e+03
-4.435323999999999614e+03
-4.471706000000000131e+03
-4.492496000000000095e+03
-4.460198000000000320e+03
-4.481359000000000378e+03
-4.498436999999999898e+03
-4.516256000000000313e+03
-4.485814000000000306e+03
-4.515143000000000029e+03
-4.487670000000000073e+03
-4.479873999999999796e+03
-4.489896999999999935e+03
-4.466880000000000109e+03
-4.458341000000000349e+03
-4.468735999999999876e+03
-4.449060000000000400e+03
-4.441264000000000124e+03
-4.493238999999999578e+03
-4.483215000000000146e+03
-4.460569000000000415e+03
-4.420474000000000160e+03
-4.442006000000000313e+03
-4.413420000000000073e+03
-4.398198999999999614e+03
-4.420103000000000065e+03
-4.379265000000000327e+03
-4.395970999999999549e+03
-4.433467999999999847e+03
-4.402654000000000451e+03
-4.433838999999999942e+03
-4.393743999999999687e+03
-4.408222999999999956e+03
-4.419730999999999767e+03
-4.425671000000000276e+03
-4.380006999999999607e+03
-4.400796999999999571e+03
-4.420845000000000255e+03
-4.387804000000000087e+03
-4.417503999999999905e+03
-4.424186999999999898e+03
-4.381121000000000095e+03
-4.417875000000000000e+03
-4.423444000000000415e+03
-4.419730999999999767e+03
-4.408965000000000146e+03
-4.426413999999999760e+03
-4.393001000000000204e+03
-4.455000000000000000e+03
-4.401911000000000058e+03
-4.426042000000000371e+03
-4.413048999999999978e+03
-4.442377000000000407e+03
-4.405252000000000407e+03
-4.431981999999999971e+03
-4.437180000000000291e+03
-4.411564000000000306e+03
-4.434581000000000131e+03
-4.422701000000000022e+03
-4.451287999999999556e+03
-4.423444000000000415e+03
-4.461682999999999993e+03
-4.421216000000000349e+03
-4.443862000000000080e+03
-4.463167000000000371e+03
-4.436438000000000102e+03
-4.471335000000000036e+03
-4.424557999999999993e+03
-4.485814000000000306e+03
-4.426042000000000371e+03
-4.451287999999999556e+03
-4.457228000000000065e+03
-4.460939999999999600e+03
-4.472448999999999614e+03
-4.463167000000000371e+03
-4.439036000000000058e+03
-4.478389000000000124e+03
-4.488412999999999556e+03
-4.465765999999999622e+03
-4.493609999999999673e+03
-4.507345999999999549e+03
-4.486555999999999585e+03
-4.494353000000000065e+03
-4.508088999999999942e+03
-4.496951000000000022e+03
-4.472819999999999709e+03
-4.511801000000000386e+03
-4.496951000000000022e+03
-4.524795000000000073e+03
-4.501034999999999854e+03
-4.500292000000000371e+03
-4.532962000000000444e+03
-4.508831000000000131e+03
-4.516998999999999796e+03
-4.551524999999999636e+03
-4.535189999999999600e+03
-4.493238999999999578e+03
-4.527765000000000327e+03
-4.527394000000000233e+03
-4.533333999999999833e+03
-4.573800000000000182e+03
-4.529993000000000393e+03
-4.547440999999999804e+03
-4.560435000000000400e+03
-4.579739999999999782e+03
-4.527765000000000327e+03
-4.584938000000000102e+03
-4.553010000000000218e+03
-4.560064000000000306e+03
-4.561548999999999978e+03
-4.593847999999999956e+03
-4.558949999999999818e+03
-4.525167000000000371e+03
-4.568603000000000065e+03
-4.547440999999999804e+03
-4.568603000000000065e+03
-4.604984999999999673e+03
-4.573057999999999993e+03
-4.562662999999999556e+03
-4.609439999999999600e+03
-4.577512999999999920e+03
-4.578997999999999593e+03
-4.593475999999999658e+03
-4.590877000000000407e+03
-4.588649999999999636e+03
-4.630600999999999658e+03
-4.587536000000000058e+03
-4.599417000000000371e+03
-4.606841000000000349e+03
-4.586051000000000386e+03
-4.600900999999999840e+03
-4.623546999999999571e+03
-4.586051000000000386e+03
-4.606841000000000349e+03
-4.633570999999999913e+03
-4.633570999999999913e+03
-4.600900999999999840e+03
-4.628744999999999891e+03
-4.614265999999999622e+03
-4.624661000000000058e+03
-4.657331000000000131e+03
-4.609069000000000415e+03
-4.620578000000000429e+03
-4.615751000000000204e+03
-4.639140000000000327e+03
-4.613524000000000342e+03
-4.645451000000000022e+03
-4.644337000000000444e+03
-4.635055999999999585e+03
-4.675894000000000233e+03
-4.635055999999999585e+03
-4.654360999999999876e+03
-4.654360999999999876e+03
-4.697055000000000291e+03
-4.649534999999999854e+03
-4.675521999999999935e+03
-4.667725999999999658e+03
-4.684804000000000087e+03
-4.680720000000000255e+03
-4.705222999999999956e+03
-4.691485999999999876e+03
-4.665869999999999891e+03
-4.701881000000000313e+03
-4.680349000000000160e+03
-4.691856999999999971e+03
-4.707449999999999818e+03
-4.684432999999999993e+03
-4.685546000000000276e+03
-4.691114999999999782e+03
-4.711533999999999651e+03
-4.685917000000000371e+03
-4.737149999999999636e+03
-4.708564000000000306e+03
-4.735664999999999964e+03
-4.754970000000000255e+03
-4.717103000000000065e+03
-4.744203999999999724e+03
-4.753113999999999578e+03
-4.726755000000000109e+03
-4.739748999999999796e+03
-4.783185000000000400e+03
-4.771676000000000386e+03
-4.772418999999999869e+03
-4.796179000000000087e+03
-4.738264000000000124e+03
-4.815484000000000378e+03
-4.775389000000000124e+03
-4.783927999999999884e+03
-4.785042000000000371e+03
-4.834417000000000371e+03
-4.801376000000000204e+03
-4.821423999999999978e+03
-4.812885000000000218e+03
-4.812143000000000029e+03
-4.821795000000000073e+03
-4.822167000000000371e+03
-4.800262999999999920e+03
-4.816969000000000051e+03
-4.838501000000000204e+03
-4.796179000000000087e+03
