-4.655475000000000136e+02
-5.130674999999999955e+02
-4.852237999999999829e+02
-5.037862999999999829e+02
-5.654138000000000375e+02
-5.230911999999999580e+02
-5.082411999999999921e+02
-5.776649999999999636e+02
-5.487074999999999818e+02
-5.501924999999999955e+02
-6.155325000000000273e+02
-5.780362999999999829e+02
-5.772938000000000329e+02
-6.307537999999999556e+02
-6.422625000000000455e+02
-6.344661999999999580e+02
-6.704774999999999636e+02
-7.053750000000000000e+02
-7.005488000000000284e+02
-7.491825000000000045e+02
-7.488112999999999602e+02
-7.265362999999999829e+02
-7.877925000000000182e+02
-7.900199999999999818e+02
-7.525236999999999625e+02
-8.290013000000000147e+02
-8.223188000000000102e+02
-7.792537999999999556e+02
-8.999099999999999682e+02
-8.683537999999999784e+02
-8.271449999999999818e+02
-8.828324999999999818e+02
-9.492862999999999829e+02
-9.065924999999999727e+02
-9.073350000000000364e+02
-9.422324999999999591e+02
-9.162450000000000045e+02
-9.700761999999999716e+02
-9.934650000000000318e+02
-9.611662999999999784e+02
-9.667350000000000136e+02
-1.009428999999999974e+03
-9.726749999999999545e+02
-9.633936999999999671e+02
-1.057319999999999936e+03
-9.927224999999999682e+02
-1.020566000000000031e+03
-1.053607999999999947e+03
-1.050636999999999944e+03
-1.081079999999999927e+03
-1.072912000000000035e+03
-1.070684999999999945e+03
-1.085905999999999949e+03
-1.094074000000000069e+03
-1.081079999999999927e+03
-1.106325000000000045e+03
-1.096300999999999931e+03
-1.133055000000000064e+03
-1.129713999999999942e+03
-1.141222999999999956e+03
-1.145676999999999907e+03
-1.171664999999999964e+03
-1.200250999999999976e+03
-1.159041999999999916e+03
-1.199136999999999944e+03
-1.256309999999999945e+03
-1.171664999999999964e+03
-1.207305000000000064e+03
-1.291208000000000084e+03
-1.232179000000000087e+03
-1.223269000000000005e+03
-1.294548999999999978e+03
-1.292320999999999913e+03
-1.262250000000000000e+03
-1.312368999999999915e+03
-1.287865999999999985e+03
-1.286381000000000085e+03
-1.315338999999999942e+03
-1.310884000000000015e+03
-1.337984999999999900e+03
-1.335758000000000038e+03
-1.332787000000000035e+03
-1.338355999999999995e+03
-1.355063000000000102e+03
-1.367314000000000078e+03
-1.369540999999999940e+03
-1.401097999999999956e+03
-1.380307000000000016e+03
-1.415576000000000022e+03
-1.430055000000000064e+03
-1.417060999999999922e+03
-1.453815000000000055e+03
-1.448617999999999938e+03
-1.437480000000000018e+03
-1.437851000000000113e+03
-1.521383000000000038e+03
-1.492424999999999955e+03
-1.461240000000000009e+03
-1.513586000000000013e+03
-1.499849999999999909e+03
-1.479801999999999907e+03
-1.537718000000000075e+03
-1.545884999999999991e+03
-1.538088999999999942e+03
-1.541430000000000064e+03
-1.548855000000000018e+03
-1.567788999999999987e+03
-1.569644999999999982e+03
-1.574471000000000004e+03
-1.569273999999999887e+03
-1.562220000000000027e+03
-1.558135999999999967e+03
-1.583009999999999991e+03
-1.589320999999999913e+03
-1.587094000000000051e+03
-1.526951000000000022e+03
-1.537346000000000004e+03
-1.551453999999999951e+03
-1.530291999999999916e+03
-1.565932000000000016e+03
-1.509502999999999929e+03
-1.491310999999999922e+03
-1.542914999999999964e+03
-1.454929000000000087e+03
-1.470150000000000091e+03
-1.538830999999999904e+03
-1.535118999999999915e+03
-1.491310999999999922e+03
-1.523980999999999995e+03
-1.529179000000000087e+03
-1.484258000000000038e+03
-1.501705999999999904e+03
-1.525465999999999894e+03
-1.525465999999999894e+03
-1.513586000000000013e+03
-1.561105999999999995e+03
-1.527693999999999960e+03
-1.534375999999999976e+03
-1.584124000000000024e+03
-1.588950000000000045e+03
-1.581525000000000091e+03
-1.603057000000000016e+03
-1.607141000000000076e+03
-1.631271999999999935e+03
-1.642780999999999949e+03
-1.650577999999999975e+03
-1.672109999999999900e+03
-1.679163999999999987e+03
-1.676565000000000055e+03
-1.700695999999999913e+03
-1.714804000000000087e+03
-1.746359999999999900e+03
-1.714060999999999922e+03
-1.727055000000000064e+03
-1.730025000000000091e+03
-1.675823000000000093e+03
-1.695499000000000024e+03
-1.672480999999999995e+03
-1.636840999999999894e+03
-1.648721000000000004e+03
-1.614938000000000102e+03
-1.637212999999999965e+03
-1.663570999999999913e+03
-1.640554000000000087e+03
-1.644266000000000076e+03
-1.647607999999999947e+03
-1.626445999999999913e+03
-1.649093000000000075e+03
-1.673595000000000027e+03
-1.669510999999999967e+03
-1.669883000000000038e+03
-1.666540999999999940e+03
-1.726313000000000102e+03
-1.673223999999999933e+03
-1.672480999999999995e+03
-1.708492999999999938e+03
-1.699953999999999951e+03
-1.665798999999999978e+03
-1.732624000000000024e+03
-1.733365999999999985e+03
-1.736336000000000013e+03
-1.732252999999999929e+03
-1.720000999999999976e+03
-1.666170000000000073e+03
-1.649835000000000036e+03
-1.663570999999999913e+03
-1.658744999999999891e+03
-1.635728000000000065e+03
-1.669510999999999967e+03
-1.679163999999999987e+03
-1.679163999999999987e+03
-1.690300999999999931e+03
-1.667654999999999973e+03
-1.694013999999999896e+03
-1.702923999999999978e+03
-1.702923999999999978e+03
-1.722229000000000042e+03
-1.715174999999999955e+03
-1.717030999999999949e+03
-1.740790999999999940e+03
-1.760468000000000075e+03
-1.762694999999999936e+03
-1.780144000000000005e+03
-1.776801999999999907e+03
-1.776801999999999907e+03
-1.759724999999999909e+03
-1.735222999999999956e+03
-1.744503999999999905e+03
-1.748587999999999965e+03
-1.747845000000000027e+03
-1.744503999999999905e+03
-1.738564000000000078e+03
-1.731881000000000085e+03
-1.753041999999999916e+03
-1.762324000000000069e+03
-1.757498000000000047e+03
-1.779771999999999935e+03
-1.780515000000000100e+03
-1.793880000000000109e+03
-1.763066000000000031e+03
-1.796479000000000042e+03
-1.779029999999999973e+03
-1.752299999999999955e+03
-1.783855999999999995e+03
-1.746730999999999995e+03
-1.741162000000000035e+03
-1.785712999999999965e+03
-1.760838999999999942e+03
-1.777915999999999940e+03
-1.785712999999999965e+03
-1.808730000000000018e+03
-1.826179000000000087e+03
-1.821353000000000065e+03
-1.834718000000000075e+03
-1.842143000000000029e+03
-1.851423999999999978e+03
-1.822465999999999894e+03
-1.813184999999999945e+03
-1.829891000000000076e+03
-1.851423999999999978e+03
-1.841400000000000091e+03
-1.866644999999999982e+03
-1.883722999999999956e+03
-1.871843000000000075e+03
-1.889290999999999940e+03
-1.892260999999999967e+03
-1.855135999999999967e+03
-1.885208000000000084e+03
-1.901913999999999987e+03
-1.853279999999999973e+03
-1.897829999999999927e+03
-1.893375000000000000e+03
-1.852165999999999940e+03
-1.870357999999999947e+03
-1.883351000000000113e+03
-1.877411000000000058e+03
-1.867387999999999920e+03
-1.908224999999999909e+03
-1.899315000000000055e+03
-1.898573000000000093e+03
-1.939038999999999987e+03
-1.937182000000000016e+03
-1.910452999999999975e+03
-1.955744999999999891e+03
-1.941266000000000076e+03
-1.952403999999999996e+03
-1.982474999999999909e+03
-1.945721000000000004e+03
-1.942009000000000015e+03
-1.970223999999999933e+03
-1.970223999999999933e+03
-1.983218000000000075e+03
-1.984702999999999975e+03
-1.971709000000000060e+03
-1.987300999999999931e+03
-2.006234999999999900e+03
-2.000295000000000073e+03
-2.025911000000000058e+03
-2.015144999999999982e+03
-1.953518000000000029e+03
-1.954631000000000085e+03
-1.926045000000000073e+03
-1.916393000000000029e+03
-1.894117999999999938e+03
-1.859220000000000027e+03
-1.859962999999999965e+03
-1.865902000000000044e+03
-1.869615000000000009e+03
-1.875555000000000064e+03
-1.877781999999999925e+03
-1.894117999999999938e+03
-1.902655999999999949e+03
-1.910080999999999904e+03
-1.927529999999999973e+03
-1.908224999999999909e+03
-1.927901000000000067e+03
-1.936440000000000055e+03
-1.917134999999999991e+03
-1.945349999999999909e+03
-1.971337999999999965e+03
-1.937924999999999955e+03
-1.923817999999999984e+03
-1.942009000000000015e+03
-1.899315000000000055e+03
-1.903769999999999982e+03
-1.917506000000000085e+03
-1.893003999999999905e+03
-1.888176999999999907e+03
-1.913050999999999931e+03
-1.924189000000000078e+03
-1.925673999999999978e+03
-1.919733999999999924e+03
-1.920476000000000113e+03
-1.931242999999999938e+03
-1.958714999999999918e+03
-1.948691000000000031e+03
-1.928271999999999935e+03
-1.969480999999999995e+03
-1.953518000000000029e+03
-1.961684999999999945e+03
-1.953518000000000029e+03
-1.908596000000000004e+03
-1.907482999999999947e+03
-1.946093000000000075e+03
-1.920847999999999956e+03
-1.925673999999999978e+03
-1.937554000000000087e+03
-1.920476000000000113e+03
-1.889290999999999940e+03
-1.917877999999999929e+03
-1.900799999999999955e+03
-1.895230999999999995e+03
-1.899315000000000055e+03
-1.931242999999999938e+03
-1.910080999999999904e+03
-1.926415999999999940e+03
-1.914164999999999964e+03
-1.896715999999999894e+03
-1.904512999999999920e+03
-1.913794000000000096e+03
-1.895230999999999995e+03
-1.893003999999999905e+03
-1.905625999999999976e+03
-1.901171000000000049e+03
-1.919733999999999924e+03
-1.905255000000000109e+03
-1.900057000000000016e+03
-1.913050999999999931e+03
-1.924931000000000040e+03
-1.895973999999999933e+03
-1.923075000000000045e+03
-1.931984999999999900e+03
-1.904884000000000015e+03
-1.923817999999999984e+03
-1.936810999999999922e+03
-1.917134999999999991e+03
-1.891890000000000100e+03
-1.826549999999999955e+03
-1.791652000000000044e+03
-1.806131000000000085e+03
-1.836944999999999936e+03
-1.799819999999999936e+03
-1.823579999999999927e+03
-1.845113000000000056e+03
-1.830262999999999920e+03
-1.818753999999999905e+03
-1.853651000000000067e+03
-1.832861000000000104e+03
-1.813926999999999907e+03
-1.849567999999999984e+03
-1.867387999999999920e+03
-1.855508000000000038e+03
-1.878153999999999996e+03
-1.880009999999999991e+03
-1.875925999999999931e+03
-1.873327999999999975e+03
-1.893375000000000000e+03
-1.862190000000000055e+03
-1.892260999999999967e+03
-1.896715999999999894e+03
-1.877039999999999964e+03
-1.887434999999999945e+03
-1.894117999999999938e+03
-1.887806000000000040e+03
-1.895973999999999933e+03
-1.896345000000000027e+03
-1.852537000000000035e+03
-1.889662000000000035e+03
-1.872213999999999942e+03
-1.858105999999999995e+03
-1.868130000000000109e+03
-1.893003999999999905e+03
-1.877781999999999925e+03
-1.858478000000000065e+03
-1.887064000000000078e+03
-1.880752999999999929e+03
-1.885578999999999951e+03
-1.898943999999999960e+03
-1.891519000000000005e+03
-1.904884000000000015e+03
-1.908968000000000075e+03
-1.907482999999999947e+03
-1.931242999999999938e+03
-1.942750999999999976e+03
-1.939780999999999949e+03
-1.946835000000000036e+03
-1.955744999999999891e+03
-1.959828999999999951e+03
-1.939410000000000082e+03
-1.959086000000000013e+03
-1.953518000000000029e+03
-1.944979000000000042e+03
