-2.264253999999999905e+03
-2.293954000000000178e+03
-2.308432999999999993e+03
-2.294695999999999913e+03
-2.350384000000000015e+03
-2.350755000000000109e+03
-2.319199000000000069e+03
-2.356695000000000164e+03
-2.403472000000000207e+03
-2.366719000000000051e+03
-2.351126000000000204e+03
-2.407556000000000040e+03
-2.413867000000000189e+03
-2.390478999999999814e+03
-2.450992000000000189e+03
-2.418322999999999865e+03
-2.420179000000000087e+03
-2.455076000000000022e+03
-2.454333999999999833e+03
-2.438740999999999985e+03
-2.490715999999999894e+03
-2.491086999999999989e+03
-2.462501000000000204e+03
-2.486260999999999967e+03
-2.507050999999999931e+03
-2.507050999999999931e+03
-2.492943999999999960e+03
-2.525614000000000033e+03
-2.484775999999999840e+03
-2.543063000000000102e+03
-2.537494000000000142e+03
-2.517818000000000211e+03
-2.548630999999999858e+03
-2.570534999999999854e+03
-2.521159000000000106e+03
-2.584643000000000029e+03
-2.594295000000000073e+03
-2.524128999999999905e+03
-2.647384000000000015e+03
-2.617313000000000102e+03
-2.559396999999999935e+03
-2.604690000000000055e+03
-2.654809000000000196e+03
-2.583528999999999996e+03
-2.626594000000000051e+03
-2.645527999999999793e+03
-2.592068000000000211e+03
-2.628820999999999913e+03
-2.640701000000000022e+03
-2.599121000000000095e+03
-2.644414000000000215e+03
-2.662605000000000018e+03
-2.669288000000000011e+03
-2.662605000000000018e+03
-2.691934000000000196e+03
-2.648498000000000047e+03
-2.696018000000000029e+03
-2.693789999999999964e+03
-2.687478999999999814e+03
-2.678940000000000055e+03
-2.733885000000000218e+03
-2.692304999999999836e+03
-2.689335000000000036e+03
-2.729059000000000196e+03
-2.700101000000000113e+03
-2.746135999999999967e+03
-2.712353000000000065e+03
-2.727574000000000069e+03
-2.789201000000000022e+03
-2.783632999999999811e+03
-2.798110999999999876e+03
-2.792170999999999822e+03
-2.805536000000000058e+03
-2.756530999999999949e+03
-2.792914000000000215e+03
-2.781775999999999840e+03
-2.802938000000000102e+03
-2.765070000000000164e+03
-2.834123000000000047e+03
-2.809619999999999891e+03
-2.802938000000000102e+03
-2.834123000000000047e+03
-2.838577999999999975e+03
-2.867534999999999854e+03
-2.873474999999999909e+03
-2.843032000000000153e+03
-2.875331000000000131e+03
-2.853798999999999978e+03
-2.854170000000000073e+03
-2.856025999999999840e+03
-2.861965999999999894e+03
-2.869391000000000076e+03
-2.888695999999999913e+03
-2.892780000000000200e+03
-2.860110000000000127e+03
-2.888324999999999818e+03
-2.848230000000000018e+03
-2.898719999999999800e+03
-2.901690000000000055e+03
-2.919510000000000218e+03
-2.905030999999999949e+03
-2.886469000000000051e+03
-2.925449999999999818e+03
-2.911342999999999847e+03
-2.929163000000000011e+03
-2.923965000000000146e+03
-2.951809000000000196e+03
-2.929534000000000106e+03
-2.979280999999999949e+03
-2.952922999999999774e+03
-2.970371000000000095e+03
-2.990047999999999774e+03
-2.954407000000000153e+03
-2.947353999999999814e+03
-2.968514999999999873e+03
-2.956635000000000218e+03
-2.978166999999999916e+03
-3.004525999999999840e+03
-2.983735999999999876e+03
-3.001184999999999945e+03
-3.024202999999999975e+03
-2.973340999999999894e+03
-3.006382999999999811e+03
-3.055016000000000076e+03
-2.993389000000000124e+03
-2.973713000000000193e+03
-3.013065000000000055e+03
-3.000070999999999913e+03
-3.004155000000000200e+03
-3.010094999999999800e+03
-2.996730000000000018e+03
-2.974826000000000022e+03
-3.010094999999999800e+03
-3.024945000000000164e+03
-2.993018000000000029e+03
-3.007867000000000189e+03
-3.033483999999999924e+03
-3.005268999999999778e+03
-3.016034999999999854e+03
-3.010838000000000193e+03
-3.016777999999999793e+03
-3.065411000000000058e+03
-3.034597000000000207e+03
-3.001184999999999945e+03
-2.973713000000000193e+03
-2.982623000000000047e+03
-2.997101000000000113e+03
-2.977425000000000182e+03
-3.017891000000000076e+03
-2.978909999999999854e+03
-3.000443000000000211e+03
-3.007496000000000095e+03
-3.001927000000000135e+03
-3.016405999999999949e+03
-3.055759000000000015e+03
-3.025315999999999804e+03
-3.040166000000000167e+03
-3.068751999999999953e+03
-3.018634000000000015e+03
-3.007125000000000000e+03
-3.056873000000000047e+03
-3.002298999999999978e+03
-3.047590999999999894e+03
-3.060585000000000036e+03
-3.022717999999999847e+03
-3.040166000000000167e+03
-3.049447999999999865e+03
-3.016034999999999854e+03
-3.041280000000000200e+03
-3.055016000000000076e+03
-3.008239000000000033e+03
-3.035710999999999785e+03
-3.086201000000000022e+03
-3.043878999999999905e+03
-3.029028999999999996e+03
-2.971856000000000222e+03
-2.939557999999999993e+03
-2.967771999999999935e+03
-2.973713000000000193e+03
-2.982623000000000047e+03
-2.959976000000000113e+03
-2.991161000000000058e+03
-2.960719000000000051e+03
-2.966659000000000106e+03
-2.994873999999999796e+03
-2.989675999999999931e+03
-3.050561000000000149e+03
-3.022717999999999847e+03
-3.007125000000000000e+03
-2.994130999999999858e+03
-2.991161000000000058e+03
-3.023831000000000131e+03
-2.968514999999999873e+03
-3.019748000000000047e+03
-2.997101000000000113e+03
-3.050561000000000149e+03
-3.015664000000000215e+03
-3.049818999999999960e+03
-3.021603999999999814e+03
-3.060956000000000131e+03
-3.060585000000000036e+03
-3.029028999999999996e+03
-3.093998000000000047e+03
-3.072835999999999785e+03
-3.065039999999999964e+03
-3.082117000000000189e+03
-3.116643999999999778e+03
-3.083231000000000222e+03
-3.115530000000000200e+03
-3.076548999999999978e+03
-3.010838000000000193e+03
-3.004155000000000200e+03
-3.033112999999999829e+03
-3.002298999999999978e+03
-2.999329000000000178e+03
-3.008610000000000127e+03
-3.000070999999999913e+03
-2.974826000000000022e+03
-3.000443000000000211e+03
-3.001927000000000135e+03
-3.040909000000000106e+03
-3.027543999999999869e+03
-3.030514000000000124e+03
-3.049447999999999865e+03
-3.055759000000000015e+03
-3.041280000000000200e+03
-3.102164999999999964e+03
-3.073208000000000084e+03
-3.053530999999999949e+03
-3.111445999999999913e+03
-3.085088000000000193e+03
-3.032740999999999985e+03
-2.963318000000000211e+03
-2.964802000000000135e+03
-2.891295000000000073e+03
-2.887954000000000178e+03
-2.923222000000000207e+03
-2.884983999999999924e+03
-2.909485999999999876e+03
-2.938815000000000055e+03
-2.923594000000000051e+03
-2.927677000000000135e+03
-2.941041999999999916e+03
-2.916539999999999964e+03
-2.958862999999999829e+03
-2.968143999999999778e+03
-2.955150000000000091e+03
-2.966288000000000011e+03
-2.982994000000000142e+03
-2.950695000000000164e+03
-2.987820000000000164e+03
-3.015664000000000215e+03
-2.980023999999999887e+03
-2.994873999999999796e+03
-3.006010999999999967e+03
-3.005268999999999778e+03
-3.020119000000000142e+03
-3.016034999999999854e+03
-2.981880000000000109e+03
-2.993018000000000029e+03
-3.041280000000000200e+03
-2.993389000000000124e+03
-2.999699999999999818e+03
-3.029400000000000091e+03
-2.985592999999999847e+03
-3.000443000000000211e+03
-3.020489999999999782e+03
-2.990047999999999774e+03
-2.993760000000000218e+03
-3.037195999999999913e+03
-2.991903999999999996e+03
-2.995987999999999829e+03
-3.031626999999999953e+03
-3.030143000000000029e+03
-3.026429999999999836e+03
-3.082489000000000033e+03
-3.041650999999999840e+03
-3.069865999999999985e+03
-3.111818000000000211e+03
-3.051675000000000182e+03
-3.095481999999999971e+03
-3.107362999999999829e+03
-3.098824000000000069e+03
-3.102907000000000153e+03
-3.143373999999999796e+03
-3.107733999999999924e+03
-3.105135000000000218e+03
-3.140403999999999996e+03
-3.102536000000000058e+03
-3.103278999999999996e+03
-3.140775000000000091e+03
-3.153025999999999840e+03
-3.151913000000000011e+03
-3.164164000000000215e+03
-3.154139999999999873e+03
-3.153768999999999778e+03
-3.202773999999999887e+03
-3.194978000000000065e+03
-3.185324999999999818e+03
-3.194235000000000127e+03
-3.226534000000000106e+03
-3.179385000000000218e+03
-3.211684000000000196e+03
-3.207599999999999909e+03
-3.217994999999999891e+03
-3.266628999999999905e+03
-3.258460999999999785e+03
-3.239155999999999949e+03
-3.274425000000000182e+03
-3.262173999999999978e+03
-3.268856000000000222e+03
-3.254748999999999796e+03
-3.319717999999999847e+03
-3.281106999999999971e+03
-3.323059000000000196e+03
-3.317860999999999876e+03
-3.326771000000000186e+03
-3.331969000000000051e+03
-3.343106000000000222e+03
-3.277394999999999982e+03
-3.322688000000000102e+03
-3.366494999999999891e+03
-3.344590999999999894e+03
-3.341250000000000000e+03
-3.383943999999999960e+03
-3.348675000000000182e+03
-3.357213999999999942e+03
-3.375405000000000200e+03
-3.357213999999999942e+03
-3.375405000000000200e+03
-3.406960999999999785e+03
-3.366123999999999796e+03
-3.398793999999999869e+03
-3.382458999999999833e+03
-3.401021000000000186e+03
-3.378003999999999905e+03
-3.410673999999999978e+03
-3.419213000000000193e+03
-3.420326000000000022e+03
-3.452253999999999905e+03
-3.431835000000000036e+03
-3.452253999999999905e+03
-3.441115999999999985e+03
-3.463762000000000171e+03
-3.450025999999999840e+03
-3.472672999999999774e+03
-3.440373999999999796e+03
-3.442230000000000018e+03
-3.461534999999999854e+03
-3.435175999999999931e+03
-3.472300999999999931e+03
-3.458193999999999960e+03
-3.438146000000000186e+03
-3.432577999999999975e+03
-3.466360999999999876e+03
-3.448170000000000073e+03
-3.464134000000000015e+03
-3.463391000000000076e+03
-3.445199999999999818e+03
-3.453367000000000189e+03
-3.453367000000000189e+03
-3.459679000000000087e+03
-3.452253999999999905e+03
-3.495318999999999960e+03
-3.481583000000000084e+03
-3.477869999999999891e+03
-3.494947999999999865e+03
-3.453739000000000033e+03
-3.442972000000000207e+03
-3.484552000000000135e+03
-3.460791999999999916e+03
-3.474157000000000153e+03
-3.484923999999999978e+03
-3.440373999999999796e+03
-3.404362999999999829e+03
-3.427380000000000109e+03
-3.387284999999999854e+03
-3.369835999999999785e+03
-3.384315000000000055e+03
-3.357213999999999942e+03
-3.352759000000000015e+03
-3.374291000000000167e+03
-3.349416999999999916e+03
-3.339764999999999873e+03
-3.372434999999999945e+03
-3.350530999999999949e+03
-3.344219999999999800e+03
-3.375034000000000106e+03
-3.346818999999999960e+03
-3.295215000000000146e+03
-3.297070999999999913e+03
-3.328255999999999858e+03
-3.275909999999999854e+03
-3.285563000000000102e+03
-3.313405999999999949e+03
-3.249550999999999931e+03
-3.284449000000000069e+03
-3.251407000000000153e+03
-3.198318999999999960e+03
-3.272568999999999960e+03
-3.242869000000000142e+03
-3.235072999999999865e+03
-3.252150000000000091e+03
-3.248438000000000102e+03
-3.249922999999999774e+03
-3.236186000000000149e+03
-3.228760999999999967e+03
-3.210570000000000164e+03
-3.228760999999999967e+03
-3.219480000000000018e+03
-3.203144999999999982e+03
-3.216139000000000124e+03
