-1.024650000000000034e+02
-8.947124999999999773e+01
-1.020938000000000017e+02
-1.436738000000000000e+02
-1.065488000000000000e+02
-1.306800000000000068e+02
-1.191711999999999989e+02
-1.640925000000000011e+02
-1.544399999999999977e+02
-1.744875000000000114e+02
-1.473862000000000023e+02
-1.859961999999999875e+02
-1.975049999999999955e+02
-2.008463000000000136e+02
-2.030737000000000023e+02
-2.127263000000000090e+02
-2.342588000000000079e+02
-2.272050000000000125e+02
-2.286899999999999977e+02
-2.546775000000000091e+02
-2.524499999999999886e+02
-2.327737999999999943e+02
-2.747250000000000227e+02
-2.476237000000000137e+02
-2.312888000000000090e+02
-2.695274999999999750e+02
-2.691562999999999874e+02
-2.836349999999999909e+02
-3.033111999999999853e+02
-2.892038000000000011e+02
-2.780663000000000125e+02
-3.437774999999999750e+02
-3.296700000000000159e+02
-3.233587999999999738e+02
-3.344961999999999875e+02
-3.129637000000000171e+02
-3.207599999999999909e+02
-3.263288000000000011e+02
-3.129637000000000171e+02
-3.029399999999999977e+02
-3.326399999999999864e+02
-3.255862000000000194e+02
-3.014549999999999841e+02
-3.389513000000000034e+02
-3.526875000000000000e+02
-3.111075000000000159e+02
-3.452624999999999886e+02
-3.508312999999999988e+02
-3.460049999999999955e+02
-3.682799999999999727e+02
-3.812737000000000194e+02
-3.419212999999999738e+02
-3.879562999999999988e+02
-3.950099999999999909e+02
-3.894413000000000125e+02
-4.139438000000000102e+02
-4.094886999999999944e+02
-3.968661999999999921e+02
-3.827588000000000079e+02
-4.068899999999999864e+02
-3.912975000000000136e+02
-4.265663000000000125e+02
-4.558949999999999818e+02
-4.065187999999999988e+02
-4.180274999999999750e+02
-4.414162999999999784e+02
-4.518111999999999853e+02
-4.284225000000000136e+02
-3.953813000000000102e+02
-4.302787000000000148e+02
-4.087461999999999875e+02
-4.362187999999999874e+02
-4.154286999999999921e+02
-4.317638000000000034e+02
-4.577513000000000147e+02
-4.521825000000000045e+02
-4.384463000000000079e+02
-4.455000000000000000e+02
-4.566374999999999886e+02
-4.551524999999999750e+02
-4.547812999999999874e+02
-4.707450000000000045e+02
-4.399311999999999898e+02
-4.774275000000000091e+02
-4.529250000000000114e+02
-4.291650000000000205e+02
-4.388174999999999955e+02
-4.406738000000000284e+02
-4.258238000000000056e+02
-4.250812999999999988e+02
-4.120874999999999773e+02
-4.158000000000000114e+02
-4.599787999999999784e+02
-4.332486999999999853e+02
-4.410450000000000159e+02
-4.391888000000000147e+02
-4.135724999999999909e+02
-4.209975000000000023e+02
-4.369612000000000194e+02
-4.198838000000000079e+02
-4.102312999999999761e+02
-4.644336999999999875e+02
-4.458711999999999875e+02
-4.247099999999999795e+02
-4.447574999999999932e+02
-4.581225000000000023e+02
-4.369612000000000194e+02
-4.506974999999999909e+02
-4.696313000000000102e+02
-4.544100000000000250e+02
-4.555237000000000194e+02
-4.751999999999999886e+02
-4.703736999999999853e+02
-4.733437999999999874e+02
-4.789125000000000227e+02
-4.822538000000000125e+02
-5.023013000000000261e+02
-5.052712000000000216e+02
-5.052712000000000216e+02
-5.282888000000000375e+02
-4.937624999999999886e+02
-5.112112000000000194e+02
-5.175225000000000364e+02
-5.190075000000000500e+02
-5.167799999999999727e+02
-5.286599999999999682e+02
-5.108399999999999750e+02
-5.357137000000000171e+02
-5.609587000000000216e+02
-5.412825000000000273e+02
-5.360850000000000364e+02
-5.776649999999999636e+02
-5.501924999999999955e+02
-5.182649999999999864e+02
-5.152949999999999591e+02
-5.223487999999999829e+02
-5.249474999999999909e+02
-5.123250000000000455e+02
-5.423962000000000216e+02
-5.193787999999999556e+02
-5.390549999999999500e+02
-5.219774999999999636e+02
-5.008163000000000125e+02
-5.431386999999999716e+02
-5.279175000000000182e+02
-5.126961999999999762e+02
-5.383125000000000000e+02
-5.412825000000000273e+02
-5.227200000000000273e+02
-5.442525000000000546e+02
-5.457374999999999545e+02
-5.349713000000000420e+02
-4.688888000000000034e+02
-4.726012999999999806e+02
-4.540387999999999806e+02
-4.648050000000000068e+02
-4.848525000000000205e+02
-4.818824999999999932e+02
-4.789125000000000227e+02
-5.082411999999999921e+02
-4.989599999999999795e+02
-4.811399999999999864e+02
-4.937624999999999886e+02
-4.941338000000000079e+02
-4.967325000000000159e+02
-5.026725000000000136e+02
-5.004449999999999932e+02
-4.971037999999999784e+02
-5.178936999999999671e+02
-5.197500000000000000e+02
-4.967325000000000159e+02
-5.123250000000000455e+02
-5.078700000000000045e+02
-5.000738000000000056e+02
-5.204924999999999500e+02
-5.160375000000000227e+02
-4.844812999999999761e+02
-5.230911999999999580e+02
-5.186362000000000307e+02
-4.974750000000000227e+02
-5.052712000000000216e+02
-5.130674999999999955e+02
-5.156662999999999784e+02
-5.316299999999999955e+02
-5.282888000000000375e+02
-5.238337000000000216e+02
-5.331150000000000091e+02
-5.134388000000000147e+02
-5.204924999999999500e+02
-5.201213000000000193e+02
-5.449950000000000045e+02
-5.119538000000000011e+02
-5.301449999999999818e+02
-5.405399999999999636e+02
-5.357137000000000171e+02
-5.190075000000000500e+02
-5.375700000000000500e+02
-5.294025000000000318e+02
-5.542762000000000171e+02
-5.520488000000000284e+02
-5.371987000000000307e+02
-5.680125000000000455e+02
-5.561325000000000500e+02
-5.520488000000000284e+02
-5.535338000000000420e+02
-5.494500000000000455e+02
-5.654138000000000375e+02
-5.617011999999999716e+02
-5.650425000000000182e+02
-5.847187999999999874e+02
-5.906588000000000420e+02
-5.561325000000000500e+02
-5.720963000000000420e+02
-5.821200000000000045e+02
-5.813775000000000546e+02
-6.006825000000000045e+02
-6.084787999999999784e+02
-5.746950000000000500e+02
-5.691263000000000147e+02
-5.791499999999999773e+02
-5.665275000000000318e+02
-5.880599999999999454e+02
-6.103350000000000364e+02
-5.995687000000000353e+02
-5.750662999999999556e+02
-5.925149999999999864e+02
-5.854611999999999625e+02
-5.680125000000000455e+02
-5.973411999999999580e+02
-5.735811999999999671e+02
-5.880599999999999454e+02
-5.980837000000000216e+02
-5.750662999999999556e+02
-5.457374999999999545e+02
-5.112112000000000194e+02
-5.364561999999999671e+02
-5.160375000000000227e+02
-5.201213000000000193e+02
-5.546475000000000364e+02
-5.334863000000000284e+02
-5.386838000000000193e+02
-5.553899999999999864e+02
-5.245761999999999716e+02
-5.011875000000000000e+02
-5.000738000000000056e+02
-4.863374999999999773e+02
-4.956186999999999898e+02
-5.071274999999999977e+02
-5.126961999999999762e+02
-5.334863000000000284e+02
-4.989599999999999795e+02
-5.115824999999999818e+02
-5.097262999999999806e+02
-5.256900000000000546e+02
-5.056424999999999841e+02
-5.071274999999999977e+02
-5.353424999999999727e+02
-5.234624999999999773e+02
-5.089837999999999738e+02
-5.327437999999999647e+02
-5.082411999999999921e+02
-5.145525000000000091e+02
-5.238337000000000216e+02
-4.978462999999999852e+02
-4.985887000000000171e+02
-5.164088000000000420e+02
-5.100975000000000250e+02
-5.119538000000000011e+02
-5.294025000000000318e+02
-5.457374999999999545e+02
-5.108399999999999750e+02
-5.527912999999999784e+02
-5.513062999999999647e+02
-5.156662999999999784e+02
-5.234624999999999773e+02
-5.182649999999999864e+02
-5.212350000000000136e+02
-5.294025000000000318e+02
-5.160375000000000227e+02
-5.242050000000000409e+02
-5.346000000000000227e+02
-5.004449999999999932e+02
-5.149238000000000284e+02
-5.223487999999999829e+02
-5.034150000000000205e+02
-5.004449999999999932e+02
-5.227200000000000273e+02
-4.982174999999999727e+02
-5.015586999999999875e+02
-5.097262999999999806e+02
-5.138099999999999454e+02
-5.126961999999999762e+02
-5.197500000000000000e+02
-5.171512000000000171e+02
-5.279175000000000182e+02
-5.253187000000000353e+02
-5.238337000000000216e+02
-5.223487999999999829e+02
-5.130674999999999955e+02
-5.256900000000000546e+02
-5.316299999999999955e+02
-5.420249999999999773e+02
-5.479650000000000318e+02
-5.338574999999999591e+02
-5.282888000000000375e+02
-5.305162000000000262e+02
-5.397975000000000136e+02
-5.308875000000000455e+02
-5.227200000000000273e+02
-5.204924999999999500e+02
-5.427675000000000409e+02
-5.357137000000000171e+02
-5.242050000000000409e+02
-5.282888000000000375e+02
-4.696313000000000102e+02
-4.740862000000000194e+02
-4.945049999999999955e+02
-4.659187999999999761e+02
-4.703736999999999853e+02
-4.933913000000000011e+02
-4.774275000000000091e+02
-4.807687999999999988e+02
-4.837388000000000261e+02
-4.711161999999999921e+02
-4.685174999999999841e+02
-4.751999999999999886e+02
-4.692599999999999909e+02
-4.803974999999999795e+02
-4.937624999999999886e+02
-4.922774999999999750e+02
-4.770561999999999898e+02
-5.015586999999999875e+02
-4.967325000000000159e+02
-4.867087000000000216e+02
-5.015586999999999875e+02
-5.108399999999999750e+02
-4.930199999999999818e+02
-4.770561999999999898e+02
-5.190075000000000500e+02
-4.926487000000000194e+02
-5.338574999999999591e+02
-5.171512000000000171e+02
-4.974750000000000227e+02
-5.112112000000000194e+02
-5.108399999999999750e+02
-5.074986999999999853e+02
-5.030437999999999761e+02
-5.089837999999999738e+02
-5.048999999999999773e+02
-5.171512000000000171e+02
-5.223487999999999829e+02
-5.030437999999999761e+02
-5.149238000000000284e+02
-5.164088000000000420e+02
-5.086125000000000114e+02
-5.093550000000000182e+02
-5.123250000000000455e+02
-5.019300000000000068e+02
-5.357137000000000171e+02
-5.353424999999999727e+02
-5.230911999999999580e+02
-5.249474999999999909e+02
-5.412825000000000273e+02
-5.308875000000000455e+02
-5.386838000000000193e+02
-5.271749999999999545e+02
-5.190075000000000500e+02
-5.279175000000000182e+02
-5.357137000000000171e+02
-5.182649999999999864e+02
-5.045287000000000148e+02
-5.412825000000000273e+02
-5.260612999999999602e+02
-5.115824999999999818e+02
-5.338574999999999591e+02
-5.435099999999999909e+02
-5.412825000000000273e+02
-5.316299999999999955e+02
-5.357137000000000171e+02
-5.446237999999999602e+02
-5.420249999999999773e+02
-4.852237999999999829e+02
-4.922774999999999750e+02
-4.985887000000000171e+02
-4.826250000000000000e+02
-4.896786999999999921e+02
-4.985887000000000171e+02
-4.985887000000000171e+02
-4.948763000000000147e+02
-4.963613000000000284e+02
-4.863374999999999773e+02
-4.848525000000000205e+02
-4.885649999999999977e+02
-4.985887000000000171e+02
-5.030437999999999761e+02
-4.948763000000000147e+02
-4.781700000000000159e+02
-4.997024999999999864e+02
-5.004449999999999932e+02
-4.900500000000000114e+02
-4.796549999999999727e+02
-5.030437999999999761e+02
-5.000738000000000056e+02
-4.945049999999999955e+02
-4.945049999999999955e+02
-5.115824999999999818e+02
-4.985887000000000171e+02
-4.859662000000000148e+02
-4.774275000000000091e+02
-4.941338000000000079e+02
-5.030437999999999761e+02
-4.859662000000000148e+02
