6.497073000000000320e+01
4.715019000000000204e+01
4.492262000000000199e+01
2.747334000000000032e+01
4.455136000000000251e+01
2.153315999999999875e+01
-3.341250000000000053e+00
-2.227500000000000036e+00
1.410792999999999964e+01
3.712613000000000163e+00
-3.267000000000000171e+01
-2.673000000000000043e+01
-1.262250000000000050e+01
-2.450250000000000128e+01
-4.603499999999999659e+01
-5.531624999999999659e+01
-4.640625000000000000e+01
-4.714874999999999972e+01
-3.712500000000000244e-01
-4.046625000000000227e+01
-5.791499999999999915e+01
-5.049000000000000199e+01
-5.086124999999999829e+01
-6.682500000000000284e+01
-6.979500000000000171e+01
-7.387874999999999659e+01
-9.689624999999999488e+01
-9.021375000000000455e+01
-8.204625000000000057e+01
-8.167499999999999716e+01
-9.318375000000000341e+01
-8.278874999999999318e+01
-5.011874999999999858e+01
-1.046924999999999955e+02
-1.080337999999999994e+02
-9.169875000000000398e+01
-8.427375000000000682e+01
-9.615375000000000227e+01
-1.169437000000000069e+02
-1.243687999999999931e+02
-1.147162000000000006e+02
-1.381049999999999898e+02
-1.455300000000000011e+02
-1.243687999999999931e+02
-1.425600000000000023e+02
-1.258538000000000068e+02
-1.262249999999999943e+02
-1.574099999999999966e+02
-1.536974999999999909e+02
-1.447874999999999943e+02
-1.841399999999999864e+02
-1.715175000000000125e+02
-1.611225000000000023e+02
-1.778288000000000011e+02
-1.626074999999999875e+02
-1.462725000000000080e+02
-1.700324999999999989e+02
-1.707750000000000057e+02
-1.752299999999999898e+02
-1.748586999999999989e+02
-2.008463000000000136e+02
-1.926787999999999954e+02
-2.041875000000000000e+02
-1.963913000000000011e+02
-2.190374999999999943e+02
-2.127263000000000090e+02
-2.238637999999999977e+02
-2.286899999999999977e+02
-2.320312999999999874e+02
-2.387136999999999887e+02
-2.179238000000000000e+02
-2.220074999999999932e+02
-2.531924999999999955e+02
-2.591324999999999932e+02
-2.442824999999999989e+02
-2.554199999999999875e+02
-2.706413000000000011e+02
-2.632162000000000148e+02
-2.680425000000000182e+02
-2.758387000000000171e+02
-2.832638000000000034e+02
-3.040536999999999921e+02
-2.899463000000000079e+02
-2.880899999999999750e+02
-3.099936999999999898e+02
-3.081374999999999886e+02
-2.888324999999999818e+02
-2.918025000000000091e+02
-2.788086999999999875e+02
-2.873475000000000250e+02
-3.007124999999999773e+02
-3.007124999999999773e+02
-2.892038000000000011e+02
-3.370950000000000273e+02
-3.203888000000000034e+02
-2.680425000000000182e+02
-2.995987999999999829e+02
-2.814075000000000273e+02
-2.962574999999999932e+02
-2.955149999999999864e+02
-2.866050000000000182e+02
-2.687850000000000250e+02
-2.973711999999999875e+02
-2.847486999999999853e+02
-2.866050000000000182e+02
-3.036825000000000045e+02
-2.817787000000000148e+02
-2.869762999999999806e+02
-3.044250000000000114e+02
-3.059100000000000250e+02
-2.973711999999999875e+02
-2.888324999999999818e+02
-2.995987999999999829e+02
-3.010837000000000216e+02
-3.018263000000000034e+02
-2.936587999999999852e+02
-3.096225000000000023e+02
-3.222450000000000045e+02
-3.252149999999999750e+02
-3.166761999999999944e+02
-3.482325000000000159e+02
-3.467475000000000023e+02
-3.289275000000000091e+02
-3.667950000000000159e+02
-3.634538000000000011e+02
-3.504599999999999795e+02
-3.619687999999999874e+02
-3.615975000000000250e+02
-3.523163000000000125e+02
-3.864712999999999852e+02
-3.753337000000000216e+02
-3.578849999999999909e+02
-3.823874999999999886e+02
-4.054049999999999727e+02
-3.898125000000000000e+02
-3.734775000000000205e+02
-3.894413000000000125e+02
-3.875849999999999795e+02
-3.690224999999999795e+02
-3.779325000000000045e+02
-3.794175000000000182e+02
-3.675375000000000227e+02
-3.608550000000000182e+02
-3.512024999999999864e+02
-3.541725000000000136e+02
-3.493462999999999852e+02
-3.426637999999999806e+02
-3.675375000000000227e+02
-3.779325000000000045e+02
-3.786750000000000114e+02
-3.697649999999999864e+02
-3.820163000000000011e+02
-3.864712999999999852e+02
-3.563999999999999773e+02
-3.426637999999999806e+02
-3.415500000000000114e+02
-3.486037999999999784e+02
-3.589986999999999853e+02
-3.586274999999999977e+02
-3.608550000000000182e+02
-3.471186999999999898e+02
-2.944012000000000171e+02
-2.929162999999999784e+02
-2.958863000000000056e+02
-2.866050000000000182e+02
-3.189037000000000148e+02
-3.185325000000000273e+02
-3.066524999999999750e+02
-2.981136999999999944e+02
-3.181612999999999829e+02
-3.222450000000000045e+02
-2.921738000000000284e+02
-3.111075000000000159e+02
-3.081374999999999886e+02
-3.200174999999999841e+02
-3.266999999999999886e+02
-3.344961999999999875e+02
-3.259574999999999818e+02
-3.292988000000000284e+02
-3.311549999999999727e+02
-3.218736999999999853e+02
-3.623399999999999750e+02
-3.177900000000000205e+02
-3.166761999999999944e+02
-3.519449999999999932e+02
-3.311549999999999727e+02
-3.296700000000000159e+02
-3.445199999999999818e+02
-3.467475000000000023e+02
-3.493462999999999852e+02
-3.474900000000000091e+02
-3.515738000000000056e+02
-3.515738000000000056e+02
-3.337538000000000125e+02
-3.300412999999999784e+02
-3.318974999999999795e+02
-3.615975000000000250e+02
-3.508312999999999988e+02
-3.396938000000000102e+02
-3.144488000000000056e+02
-3.348675000000000068e+02
-3.356100000000000136e+02
-3.608550000000000182e+02
-3.463763000000000147e+02
-3.471186999999999898e+02
-3.623399999999999750e+02
-3.393224999999999909e+02
-3.434062999999999874e+02
-3.623399999999999750e+02
-3.545437999999999761e+02
-3.549150000000000205e+02
-3.660525000000000091e+02
-3.322687999999999988e+02
-3.085088000000000079e+02
-3.103650000000000091e+02
-3.348675000000000068e+02
-3.207599999999999909e+02
-3.181612999999999829e+02
-3.222450000000000045e+02
-3.148199999999999932e+02
-3.003412000000000148e+02
-3.092513000000000147e+02
-2.992275000000000205e+02
-3.021974999999999909e+02
-3.092513000000000147e+02
-2.981136999999999944e+02
-3.196462000000000216e+02
-2.992275000000000205e+02
-3.218736999999999853e+02
-3.285561999999999898e+02
-3.296700000000000159e+02
-3.073949999999999818e+02
-3.348675000000000068e+02
-3.073949999999999818e+02
-2.728686999999999898e+02
-2.918025000000000091e+02
-2.984850000000000136e+02
-2.747250000000000227e+02
-2.955149999999999864e+02
-2.903174999999999955e+02
-2.791800000000000068e+02
-2.710124999999999886e+02
-2.661861999999999853e+02
-2.186662000000000035e+02
-2.130974999999999966e+02
-2.279474999999999909e+02
-2.194088000000000136e+02
-2.212649999999999864e+02
-2.220074999999999932e+02
-2.153249999999999886e+02
-2.368574999999999875e+02
-2.272050000000000125e+02
-2.264625000000000057e+02
-2.413125000000000000e+02
-2.364863000000000000e+02
-2.182949999999999875e+02
-2.182949999999999875e+02
-2.249774999999999920e+02
-2.190374999999999943e+02
-2.153249999999999886e+02
-2.194088000000000136e+02
-2.253488000000000113e+02
-2.442824999999999989e+02
-2.138400000000000034e+02
-2.179238000000000000e+02
-2.305461999999999989e+02
-2.320312999999999874e+02
-2.182949999999999875e+02
-2.112412999999999954e+02
-2.312888000000000090e+02
-2.264625000000000057e+02
-2.368574999999999875e+02
-2.305461999999999989e+02
-2.186662000000000035e+02
-2.439113000000000113e+02
-2.242350000000000136e+02
-2.234925000000000068e+02
-2.487375000000000114e+02
-2.479950000000000045e+02
-2.309174999999999898e+02
-2.320312999999999874e+02
-2.272050000000000125e+02
-2.234925000000000068e+02
-2.338874999999999886e+02
-2.335163000000000011e+02
-2.361150000000000091e+02
-2.205225000000000080e+02
-2.420550000000000068e+02
-2.119836999999999989e+02
-2.338874999999999886e+02
-2.498513000000000090e+02
-2.346299999999999955e+02
-2.531924999999999955e+02
-2.372288000000000068e+02
-2.453962999999999965e+02
-2.405699999999999932e+02
-2.420550000000000068e+02
-2.550488000000000000e+02
-2.409413000000000125e+02
-2.457675000000000125e+02
-2.535637999999999863e+02
-2.669286999999999921e+02
-2.387136999999999887e+02
-2.494799999999999898e+02
-2.491086999999999989e+02
-2.450250000000000057e+02
-2.383425000000000011e+02
-2.531924999999999955e+02
-2.557913000000000068e+02
-2.309174999999999898e+02
-2.361150000000000091e+02
-2.546775000000000091e+02
-2.561625000000000227e+02
-2.595038000000000125e+02
-2.498513000000000090e+02
-2.498513000000000090e+02
-2.487375000000000114e+02
-2.591324999999999932e+02
-2.543062999999999931e+02
-2.665575000000000045e+02
-2.643299999999999841e+02
-2.494799999999999898e+02
-2.684137999999999806e+02
-2.539350000000000023e+02
-2.576474999999999795e+02
-2.554199999999999875e+02
-2.650724999999999909e+02
-2.446536999999999864e+02
-2.435399999999999920e+02
-2.724975000000000023e+02
-2.680425000000000182e+02
-2.598750000000000000e+02
-2.635874999999999773e+02
-2.669286999999999921e+02
-2.639587000000000216e+02
-2.858625000000000114e+02
-2.698987000000000194e+02
-2.713838000000000079e+02
-2.743537999999999784e+02
-2.702699999999999818e+02
-2.765812000000000239e+02
-2.962574999999999932e+02
-2.698987000000000194e+02
-2.925450000000000159e+02
-2.654438000000000102e+02
-2.491086999999999989e+02
-2.383425000000000011e+02
-2.387136999999999887e+02
-2.427975000000000136e+02
-2.621025000000000205e+02
-2.531924999999999955e+02
-2.450250000000000057e+02
-2.561625000000000227e+02
-2.587613000000000056e+02
-2.420550000000000068e+02
-2.394562999999999988e+02
-2.691562999999999874e+02
-2.617312999999999761e+02
-2.420550000000000068e+02
-2.628450000000000273e+02
-2.435399999999999920e+02
-2.435399999999999920e+02
-2.617312999999999761e+02
-2.491086999999999989e+02
-2.476237000000000137e+02
-2.617312999999999761e+02
-2.531924999999999955e+02
-2.539350000000000023e+02
-2.687850000000000250e+02
-2.658149999999999977e+02
-2.353725000000000023e+02
-2.491086999999999989e+02
-2.621025000000000205e+02
-2.624737999999999829e+02
-2.442824999999999989e+02
-2.450250000000000057e+02
-2.606175000000000068e+02
-2.498513000000000090e+02
-2.375999999999999943e+02
-2.546775000000000091e+02
-2.650724999999999909e+02
-2.446536999999999864e+02
-2.609886999999999944e+02
-2.639587000000000216e+02
-2.676712999999999738e+02
-2.531924999999999955e+02
-2.509650000000000034e+02
-2.609886999999999944e+02
-2.736113000000000284e+02
-2.431687000000000012e+02
-2.524499999999999886e+02
-2.465099999999999909e+02
-2.576474999999999795e+02
-2.728686999999999898e+02
-2.472524999999999977e+02
-2.517075000000000102e+02
-2.598750000000000000e+02
-2.479950000000000045e+02
-2.401987000000000023e+02
-2.439113000000000113e+02
-2.658149999999999977e+02
-2.598750000000000000e+02
-2.476237000000000137e+02
-2.561625000000000227e+02
-2.687850000000000250e+02
-2.617312999999999761e+02
-2.476237000000000137e+02
-2.602461999999999875e+02
-2.684137999999999806e+02
-2.595038000000000125e+02
-2.491086999999999989e+02
-2.635874999999999773e+02
