1.262288999999999959e+02
1.362529000000000110e+02
1.013542999999999950e+02
1.136059999999999945e+02
1.199174000000000007e+02
9.949804000000000315e+01
1.039531999999999954e+02
8.798893999999999949e+01
6.905460999999999672e+01
8.464758000000000493e+01
5.309037000000000006e+01
3.712613000000000341e+01
3.823991999999999791e+01
3.452730999999999995e+01
2.041937000000000069e+01
2.487451000000000079e+01
1.856306999999999974e+01
-2.561625000000000085e+01
-2.227500000000000036e+00
-1.485000000000000098e+00
-2.821499999999999986e+01
-4.157999999999999829e+01
-2.116124999999999901e+01
-5.865749999999999886e+01
-4.677750000000000341e+01
-4.603499999999999659e+01
-2.710125000000000028e+01
-4.714874999999999972e+01
-4.603499999999999659e+01
-4.640625000000000000e+01
-6.459749999999999659e+01
-5.160374999999999801e+01
-5.902875000000000227e+01
-8.093250000000000455e+01
-8.167499999999999716e+01
-9.875249999999999773e+01
-1.076624999999999943e+02
-1.091474999999999937e+02
-1.050638000000000005e+02
-1.117463000000000051e+02
-1.366200000000000045e+02
-1.433025000000000091e+02
-1.095187999999999988e+02
-1.217699999999999960e+02
-1.663199999999999932e+02
-1.366200000000000045e+02
-1.258538000000000068e+02
-1.533262000000000000e+02
-1.603799999999999955e+02
-1.759724999999999966e+02
-1.759724999999999966e+02
-1.863675000000000068e+02
-1.770862999999999943e+02
-2.030737000000000023e+02
-1.859961999999999875e+02
-1.804275000000000091e+02
-2.082712999999999965e+02
-1.989900000000000091e+02
-1.730024999999999977e+02
-1.744875000000000114e+02
-1.826550000000000011e+02
-1.926787999999999954e+02
-1.815412000000000035e+02
-1.726313000000000102e+02
-1.919362000000000137e+02
-1.852538000000000125e+02
-1.793137999999999863e+02
-1.756013000000000090e+02
-1.889661999999999864e+02
-1.767150000000000034e+02
-1.559250000000000114e+02
-1.863675000000000068e+02
-1.815412000000000035e+02
-1.952775000000000034e+02
-2.038163000000000125e+02
-2.049300000000000068e+02
-1.711462999999999965e+02
-1.956487999999999943e+02
-2.238637999999999977e+02
-1.893375000000000057e+02
-2.127263000000000090e+02
-2.375999999999999943e+02
-2.205225000000000080e+02
-2.075286999999999864e+02
-2.364863000000000000e+02
-2.465099999999999909e+02
-2.320312999999999874e+02
-2.450250000000000057e+02
-2.279474999999999909e+02
-2.450250000000000057e+02
-2.513362999999999943e+02
-2.401987000000000023e+02
-2.264625000000000057e+02
-2.602461999999999875e+02
-2.517075000000000102e+02
-1.982475000000000023e+02
-2.119836999999999989e+02
-2.012175000000000011e+02
-1.774575000000000102e+02
-1.889661999999999864e+02
-1.637213000000000136e+02
-1.845112000000000023e+02
-1.807988000000000000e+02
-1.867387999999999977e+02
-1.885949999999999989e+02
-1.993613000000000000e+02
-1.871100000000000136e+02
-2.008463000000000136e+02
-2.027024999999999864e+02
-1.971338000000000079e+02
-1.926787999999999954e+02
-2.049300000000000068e+02
-2.142112999999999943e+02
-2.008463000000000136e+02
-2.038163000000000125e+02
-2.231211999999999875e+02
-2.082712999999999965e+02
-2.364863000000000000e+02
-2.346299999999999955e+02
-2.305461999999999989e+02
-2.249774999999999920e+02
-2.194088000000000136e+02
-2.045586999999999875e+02
-2.168100000000000023e+02
-2.242350000000000136e+02
-2.205225000000000080e+02
-2.476237000000000137e+02
-2.335163000000000011e+02
-2.305461999999999989e+02
-2.283188000000000102e+02
-2.294325000000000045e+02
-2.298037999999999954e+02
-2.494799999999999898e+02
-2.283188000000000102e+02
-2.194088000000000136e+02
-2.468813000000000102e+02
-2.461387000000000000e+02
-2.442824999999999989e+02
-2.394562999999999988e+02
-2.509650000000000034e+02
-2.286899999999999977e+02
-2.476237000000000137e+02
-2.357437999999999931e+02
-2.505937999999999874e+02
-2.479950000000000045e+02
-2.335163000000000011e+02
-2.442824999999999989e+02
-2.843774999999999977e+02
-2.145825000000000102e+02
-2.090137000000000000e+02
-2.119836999999999989e+02
-2.301750000000000114e+02
-2.168100000000000023e+02
-2.253488000000000113e+02
-2.223788000000000125e+02
-2.494799999999999898e+02
-2.583899999999999864e+02
-2.639587000000000216e+02
-2.439113000000000113e+02
-2.450250000000000057e+02
-2.505937999999999874e+02
-2.424262999999999977e+02
-2.509650000000000034e+02
-2.617312999999999761e+02
-2.739825000000000159e+02
-2.531924999999999955e+02
-2.539350000000000023e+02
-2.624737999999999829e+02
-2.854911999999999921e+02
-2.710124999999999886e+02
-2.606175000000000068e+02
-2.825212000000000216e+02
-2.769524999999999864e+02
-2.721263000000000147e+02
-3.073949999999999818e+02
-3.036825000000000045e+02
-2.921738000000000284e+02
-2.925450000000000159e+02
-3.029399999999999977e+02
-3.051675000000000182e+02
-3.144488000000000056e+02
-3.248437999999999874e+02
-3.159336999999999875e+02
-3.222450000000000045e+02
-3.504599999999999795e+02
-3.337538000000000125e+02
-3.252149999999999750e+02
-3.404361999999999853e+02
-3.482325000000000159e+02
-2.925450000000000159e+02
-3.118500000000000227e+02
-2.754674999999999727e+02
-2.869762999999999806e+02
-3.292988000000000284e+02
-2.773238000000000056e+02
-2.858625000000000114e+02
-2.970000000000000000e+02
-2.754674999999999727e+02
-2.821499999999999773e+02
-3.040536999999999921e+02
-2.932875000000000227e+02
-2.750962999999999852e+02
-2.970000000000000000e+02
-3.007124999999999773e+02
-3.092513000000000147e+02
-3.044250000000000114e+02
-3.047962999999999738e+02
-3.296700000000000159e+02
-3.177900000000000205e+02
-3.092513000000000147e+02
-3.181612999999999829e+02
-3.352386999999999944e+02
-3.129637000000000171e+02
-3.315262000000000171e+02
-3.482325000000000159e+02
-3.504599999999999795e+02
-3.337538000000000125e+02
-3.367237999999999829e+02
-3.430350000000000250e+02
-3.281850000000000023e+02
-3.092513000000000147e+02
-3.248437999999999874e+02
-3.389513000000000034e+02
-3.467475000000000023e+02
-3.137062000000000239e+02
-3.140774999999999864e+02
-2.977425000000000068e+02
-3.007124999999999773e+02
-2.602461999999999875e+02
-2.717549999999999955e+02
-2.613600000000000136e+02
-3.140774999999999864e+02
-2.932875000000000227e+02
-2.698987000000000194e+02
-2.821499999999999773e+02
-2.821499999999999773e+02
-2.840063000000000102e+02
-2.795511999999999944e+02
-2.925450000000000159e+02
-2.669286999999999921e+02
-2.888324999999999818e+02
-3.092513000000000147e+02
-2.984850000000000136e+02
-3.047962999999999738e+02
-2.906888000000000147e+02
-2.654438000000000102e+02
-2.687850000000000250e+02
-2.828924999999999841e+02
-2.791800000000000068e+02
-2.840063000000000102e+02
-2.762099999999999795e+02
-2.687850000000000250e+02
-2.505937999999999874e+02
-2.628450000000000273e+02
-2.669286999999999921e+02
-2.554199999999999875e+02
-2.810362999999999829e+02
-2.762099999999999795e+02
-2.828924999999999841e+02
-2.847486999999999853e+02
-2.724975000000000023e+02
-2.676712999999999738e+02
-2.918025000000000091e+02
-2.866050000000000182e+02
-2.710124999999999886e+02
-2.903174999999999955e+02
-2.899463000000000079e+02
-3.036825000000000045e+02
-2.776949999999999932e+02
-2.854911999999999921e+02
-2.944012000000000171e+02
-2.895749999999999886e+02
-2.899463000000000079e+02
-2.921738000000000284e+02
-2.691562999999999874e+02
-2.572762000000000171e+02
-2.472524999999999977e+02
-2.609886999999999944e+02
-2.453962999999999965e+02
-2.435399999999999920e+02
-2.613600000000000136e+02
-2.710124999999999886e+02
-2.650724999999999909e+02
-2.658149999999999977e+02
-2.899463000000000079e+02
-2.617312999999999761e+02
-2.669286999999999921e+02
-2.825212000000000216e+02
-2.739825000000000159e+02
-2.695274999999999750e+02
-2.736113000000000284e+02
-2.249774999999999920e+02
-2.223788000000000125e+02
-2.275762000000000000e+02
-2.398274999999999864e+02
-2.335163000000000011e+02
-2.283188000000000102e+02
-2.175525000000000091e+02
-2.468813000000000102e+02
-2.216362000000000023e+02
-2.264625000000000057e+02
-1.956487999999999943e+02
-1.752299999999999898e+02
-1.763437999999999874e+02
-1.822838000000000136e+02
-1.722599999999999909e+02
-1.770862999999999943e+02
-1.871100000000000136e+02
-1.934211999999999989e+02
-1.629787000000000035e+02
-1.756013000000000090e+02
-1.822838000000000136e+02
-1.752299999999999898e+02
-1.934211999999999989e+02
-1.989900000000000091e+02
-1.767150000000000034e+02
-1.859961999999999875e+02
-1.822838000000000136e+02
-1.793137999999999863e+02
-1.759724999999999966e+02
-1.845112000000000023e+02
-1.904512000000000000e+02
-2.004749999999999943e+02
-1.856250000000000000e+02
-1.588950000000000102e+02
-1.915649999999999977e+02
-1.960200000000000102e+02
-1.811699999999999875e+02
-2.027024999999999864e+02
-1.967624999999999886e+02
-1.952775000000000034e+02
-1.685475000000000136e+02
-1.826550000000000011e+02
-1.859961999999999875e+02
-1.997324999999999875e+02
-2.171812999999999931e+02
-1.837687999999999988e+02
-2.112412999999999954e+02
-2.116125000000000114e+02
-1.963913000000000011e+02
-1.919362000000000137e+02
-2.038163000000000125e+02
-1.852538000000000125e+02
-1.975049999999999955e+02
-1.949062999999999874e+02
-1.926787999999999954e+02
-2.060437000000000012e+02
-2.015886999999999887e+02
-2.049300000000000068e+02
-1.963913000000000011e+02
-2.153249999999999886e+02
-1.989900000000000091e+02
-1.811699999999999875e+02
-2.049300000000000068e+02
-2.053012999999999977e+02
-1.978762999999999863e+02
-2.168100000000000023e+02
-2.049300000000000068e+02
-2.104987000000000137e+02
-2.156963000000000079e+02
-2.138400000000000034e+02
-2.290612000000000137e+02
-2.253488000000000113e+02
-2.327737999999999943e+02
-2.260911999999999864e+02
-2.257199999999999989e+02
-2.212649999999999864e+02
-2.156963000000000079e+02
-2.153249999999999886e+02
-2.338874999999999886e+02
-2.171812999999999931e+02
-2.108700000000000045e+02
-2.234925000000000068e+02
-2.079000000000000057e+02
-2.156963000000000079e+02
-2.071574999999999989e+02
-2.194088000000000136e+02
-2.142112999999999943e+02
-2.142112999999999943e+02
-2.027024999999999864e+02
-2.253488000000000113e+02
-2.130974999999999966e+02
-1.971338000000000079e+02
-1.856250000000000000e+02
-1.908224999999999909e+02
-1.971338000000000079e+02
-1.941638000000000090e+02
-1.930500000000000114e+02
-1.629787000000000035e+02
-1.551825000000000045e+02
-1.384763000000000090e+02
-1.492425000000000068e+02
-1.455300000000000011e+02
-1.343925000000000125e+02
-1.440449999999999875e+02
-1.399612999999999943e+02
-1.325363000000000113e+02
-1.477574999999999932e+02
-1.670625000000000000e+02
-1.548112000000000137e+02
-1.585237999999999943e+02
-1.748586999999999989e+02
-1.685475000000000136e+02
-1.347637000000000000e+02
-1.462725000000000080e+02
-1.559250000000000114e+02
-1.462725000000000080e+02
-1.507274999999999920e+02
-1.529550000000000125e+02
-1.815412000000000035e+02
-1.633499999999999943e+02
-1.585237999999999943e+02
