-4.452400999999999840e+03
-4.408965000000000146e+03
-4.440149999999999636e+03
-4.451287999999999556e+03
-4.445347999999999956e+03
-4.462054000000000087e+03
-4.489154999999999745e+03
-4.458712000000000444e+03
-4.534076000000000022e+03
-4.531849000000000160e+03
-4.503634000000000015e+03
-4.509573999999999614e+03
-4.528506999999999607e+03
-4.565261000000000422e+03
-4.509203000000000429e+03
-4.555609000000000378e+03
-4.557465000000000146e+03
-4.571573000000000320e+03
-4.562662999999999556e+03
-4.580110999999999876e+03
-4.565631999999999607e+03
-4.623546999999999571e+03
-4.607583999999999833e+03
-4.545585000000000036e+03
-4.570458999999999833e+03
-4.545956000000000131e+03
-4.563775999999999840e+03
-4.547440999999999804e+03
-4.560435000000000400e+03
-4.549668999999999869e+03
-4.588279000000000451e+03
-4.568230999999999767e+03
-4.552268000000000029e+03
-4.605355999999999767e+03
-4.604243000000000393e+03
-4.594961000000000240e+03
-4.625404000000000451e+03
-4.664385000000000218e+03
-4.586793999999999869e+03
-4.614637999999999920e+03
-4.625774999999999636e+03
-4.615009000000000015e+03
-4.611667000000000371e+03
-4.640625000000000000e+03
-4.591990999999999985e+03
-4.597189000000000306e+03
-4.652134000000000015e+03
-4.578997999999999593e+03
-4.637654999999999745e+03
-4.612409999999999854e+03
-4.654360999999999876e+03
-4.591619999999999891e+03
-4.609811999999999898e+03
-4.618350000000000364e+03
-4.618350000000000364e+03
-4.619092999999999847e+03
-4.632086000000000240e+03
-4.622805000000000291e+03
-4.630229999999999563e+03
-4.594961000000000240e+03
-4.571201000000000022e+03
-4.605355999999999767e+03
-4.626889000000000124e+03
-4.597189000000000306e+03
-4.610925000000000182e+03
-4.589020999999999731e+03
-4.579739999999999782e+03
-4.605355999999999767e+03
-4.587908000000000357e+03
-4.604243000000000393e+03
-4.648050000000000182e+03
-4.606841000000000349e+03
-4.595703999999999724e+03
-4.610925000000000182e+03
-4.591248999999999796e+03
-4.601644000000000233e+03
-4.576399000000000342e+03
-4.629859000000000378e+03
-4.614637999999999920e+03
-4.611667000000000371e+03
-4.615009000000000015e+03
-4.597189000000000306e+03
-4.619463999999999942e+03
-4.625404000000000451e+03
-4.616122999999999593e+03
-4.662529000000000451e+03
-4.607583999999999833e+03
-4.606099000000000160e+03
-4.620206000000000131e+03
-4.610554000000000087e+03
-4.612038999999999760e+03
-4.621319999999999709e+03
-4.640996000000000095e+03
-4.623918999999999869e+03
-4.652134000000000015e+03
-4.610925000000000182e+03
-4.634685000000000400e+03
-4.674037999999999556e+03
-4.653989999999999782e+03
-4.648421000000000276e+03
-4.661043999999999869e+03
-4.655104000000000269e+03
-4.664756000000000313e+03
-4.657703000000000429e+03
-4.653989999999999782e+03
-4.650649000000000342e+03
-4.665127000000000407e+03
-4.701139000000000124e+03
-4.695569999999999709e+03
-4.679234999999999673e+03
-4.676636000000000422e+03
-4.713390000000000327e+03
-4.692970999999999549e+03
-4.714131999999999607e+03
-4.705965000000000146e+03
-4.716730999999999767e+03
-4.726755000000000109e+03
-4.720444000000000415e+03
-4.733809000000000196e+03
-4.716730999999999767e+03
-4.685175000000000182e+03
-4.706707999999999629e+03
-4.707078999999999724e+03
-4.700395999999999731e+03
-4.745317000000000007e+03
-4.710420000000000073e+03
-4.675894000000000233e+03
-4.684432999999999993e+03
-4.706336000000000240e+03
-4.671067000000000007e+03
-4.711904999999999745e+03
-4.678121000000000095e+03
-4.661043999999999869e+03
-4.717103000000000065e+03
-4.706336000000000240e+03
-4.702994999999999891e+03
-4.710420000000000073e+03
-4.737893000000000029e+03
-4.720444000000000415e+03
-4.719329999999999927e+03
-4.778729999999999563e+03
-4.713761000000000422e+03
-4.744945999999999913e+03
-4.736408000000000357e+03
-4.710048999999999978e+03
-4.686659999999999854e+03
-4.710792000000000371e+03
-4.678493000000000393e+03
-4.680349000000000160e+03
-4.718216000000000349e+03
-4.720073000000000320e+03
-4.698539999999999964e+03
-4.712275999999999840e+03
-4.720814999999999600e+03
-4.686659999999999854e+03
-4.716730999999999767e+03
-4.727497999999999593e+03
-4.694828000000000429e+03
-4.713761000000000422e+03
-4.716359999999999673e+03
-4.706336000000000240e+03
-4.723042000000000371e+03
-4.751256999999999607e+03
-4.734180000000000291e+03
-4.757939999999999600e+03
-4.750144000000000233e+03
-4.698168999999999869e+03
-4.760167000000000371e+03
-4.753113999999999578e+03
-4.734551000000000386e+03
-4.752743000000000393e+03
-4.763509000000000015e+03
-4.741975999999999658e+03
-4.742347999999999956e+03
-4.774274999999999636e+03
-4.762395000000000437e+03
-4.789868000000000393e+03
-4.799890999999999622e+03
-4.777615999999999985e+03
-4.782070999999999913e+03
-4.793579999999999927e+03
-4.779844000000000051e+03
-4.782814000000000306e+03
-4.796550000000000182e+03
-4.804345999999999549e+03
-4.792837000000000444e+03
-4.793579999999999927e+03
-4.793951000000000022e+03
-4.767220999999999549e+03
-4.814369999999999891e+03
-4.796179000000000087e+03
-4.803975000000000364e+03
-4.818453999999999724e+03
-4.811770999999999731e+03
-4.829220000000000255e+03
-4.837015999999999622e+03
-4.837387999999999920e+03
-4.820310000000000400e+03
-4.875626000000000204e+03
-4.817340000000000146e+03
-4.850381000000000313e+03
-4.858548999999999978e+03
-4.851123999999999796e+03
-4.884536000000000058e+03
-4.865230999999999767e+03
-4.884908000000000357e+03
-4.880823999999999614e+03
-4.877854000000000269e+03
-4.888248999999999796e+03
-4.884908000000000357e+03
-4.923518000000000029e+03
-4.880823999999999614e+03
-4.912751000000000204e+03
-4.933170000000000073e+03
-4.913493999999999687e+03
-4.953217999999999847e+03
-4.946905999999999949e+03
-4.939480999999999767e+03
-4.910152000000000044e+03
-4.903841000000000349e+03
-4.827363999999999578e+03
-4.839985999999999876e+03
-4.863746000000000095e+03
-4.862631999999999607e+03
-4.875626000000000204e+03
-4.893817000000000007e+03
-4.866716000000000349e+03
-4.869686999999999898e+03
-4.909780999999999949e+03
-4.862261000000000422e+03
-4.883793999999999869e+03
-4.904954999999999927e+03
-4.896417000000000371e+03
-4.866345000000000255e+03
-4.895302999999999884e+03
-4.839243999999999687e+03
-4.887135000000000218e+03
-4.881938000000000102e+03
-4.877110999999999876e+03
-4.908296000000000276e+03
-4.880823999999999614e+03
-4.909409999999999854e+03
-4.879338999999999942e+03
-4.889734000000000378e+03
-4.881938000000000102e+03
-4.888619999999999891e+03
-4.888990999999999985e+03
-4.892703999999999724e+03
-4.910895000000000437e+03
-4.907182999999999993e+03
-4.914606999999999971e+03
-4.879710000000000036e+03
-4.883421999999999571e+03
-4.918690999999999804e+03
-4.892332999999999629e+03
-4.913122999999999593e+03
-4.915720999999999549e+03
-4.910895000000000437e+03
-4.907554000000000087e+03
-4.959158000000000357e+03
-4.894930999999999585e+03
-4.935025999999999840e+03
-4.922404000000000451e+03
-4.916092999999999847e+03
-4.919805000000000291e+03
-4.952104000000000269e+03
-4.942823000000000320e+03
-4.937253999999999905e+03
-4.949134000000000015e+03
-4.924631000000000313e+03
-4.948762999999999920e+03
-4.948020000000000437e+03
-4.922404000000000451e+03
-4.952475000000000364e+03
-4.949876000000000204e+03
-4.957671999999999571e+03
-4.933170000000000073e+03
-4.945792000000000371e+03
-4.943936999999999898e+03
-4.983288999999999760e+03
-4.921661000000000058e+03
-4.875255000000000109e+03
-4.884908000000000357e+03
-4.911265999999999622e+03
-4.848154000000000451e+03
-4.900871000000000095e+03
-4.907554000000000087e+03
-4.875255000000000109e+03
-4.902728000000000065e+03
-4.900128999999999905e+03
-4.868573000000000320e+03
-4.881565999999999804e+03
-4.867087000000000444e+03
-4.869314999999999600e+03
-4.875255000000000109e+03
-4.891961000000000240e+03
-4.885649999999999636e+03
-4.901243000000000393e+03
-4.881938000000000102e+03
-4.869686999999999898e+03
-4.900500000000000000e+03
-4.875626000000000204e+03
-4.892703999999999724e+03
-4.870429000000000087e+03
-4.914606999999999971e+03
-4.901613999999999578e+03
-4.880453000000000429e+03
-4.933912999999999556e+03
-4.888990999999999985e+03
-4.900500000000000000e+03
-4.903841000000000349e+03
-4.912009000000000015e+03
-4.900128999999999905e+03
-4.931314000000000306e+03
-4.918690999999999804e+03
-4.904583999999999833e+03
-4.943936999999999898e+03
-4.938368000000000393e+03
-4.942451000000000022e+03
-4.928715000000000146e+03
-4.946163999999999760e+03
-4.918690999999999804e+03
-4.956930000000000291e+03
-4.949505000000000109e+03
-4.952475000000000364e+03
-4.949876000000000204e+03
-4.957671999999999571e+03
-4.925373999999999796e+03
-4.992198999999999614e+03
-4.986259000000000015e+03
-4.942823000000000320e+03
-4.974750000000000000e+03
-4.974378999999999905e+03
-4.922404000000000451e+03
-4.899015000000000327e+03
-4.918690999999999804e+03
-4.913493999999999687e+03
-4.895673999999999978e+03
-4.959529000000000451e+03
-4.898644000000000233e+03
-4.897529999999999745e+03
-4.914606999999999971e+03
-4.920176000000000386e+03
-4.895673999999999978e+03
-4.909409999999999854e+03
-4.886764000000000124e+03
-4.923889000000000124e+03
-4.919805000000000291e+03
-4.902728000000000065e+03
-4.940224000000000160e+03
-4.937996000000000095e+03
-4.917578000000000429e+03
-4.910524000000000342e+03
-4.921661000000000058e+03
-4.923518000000000029e+03
-4.933170000000000073e+03
-4.961014000000000124e+03
-4.922404000000000451e+03
-4.940595000000000255e+03
-4.924260000000000218e+03
-4.966211000000000240e+03
-4.945792000000000371e+03
-4.935025999999999840e+03
-4.930942000000000007e+03
-4.914235999999999876e+03
-4.943564999999999600e+03
-4.945792000000000371e+03
-4.915720999999999549e+03
-4.985515999999999622e+03
-4.948762999999999920e+03
-4.931314000000000306e+03
-4.966953999999999724e+03
-4.974750000000000000e+03
-4.951360999999999876e+03
-4.938738999999999578e+03
-4.945421000000000276e+03
-4.949134000000000015e+03
-4.935025999999999840e+03
-4.972521999999999935e+03
-4.950989999999999782e+03
-4.959529000000000451e+03
-4.961756000000000313e+03
-4.942823000000000320e+03
-4.985887999999999920e+03
-5.009275999999999840e+03
-4.988856999999999971e+03
-4.960270999999999731e+03
-4.968067000000000007e+03
-4.969180999999999585e+03
-4.991828000000000429e+03
-5.004078999999999724e+03
-4.962869999999999891e+03
-5.013730999999999767e+03
-4.966211000000000240e+03
-4.994426000000000386e+03
-4.997395999999999731e+03
-5.030438000000000102e+03
-4.980319000000000415e+03
-5.014103000000000065e+03
-4.987001000000000204e+03
-5.014474000000000160e+03
-5.024497999999999593e+03
-4.991828000000000429e+03
-4.993313000000000102e+03
-5.005192000000000007e+03
-5.022270000000000437e+03
-5.024126000000000204e+03
-5.035264000000000124e+03
-5.004078999999999724e+03
-5.024868999999999687e+03
-5.028210000000000036e+03
-5.024497999999999593e+03
