-1.747473999999999933e+03
-1.704409000000000106e+03
-1.731881000000000085e+03
-1.736336000000000013e+03
-1.761210000000000036e+03
-1.803161000000000058e+03
-1.790910000000000082e+03
-1.811328999999999951e+03
-1.818383000000000038e+03
-1.825807000000000016e+03
-1.826179000000000087e+03
-1.833604000000000042e+03
-1.862190000000000055e+03
-1.846597999999999956e+03
-1.856250000000000000e+03
-1.873699000000000069e+03
-1.854765000000000100e+03
-1.875925999999999931e+03
-1.907482999999999947e+03
-1.890404999999999973e+03
-1.913794000000000096e+03
-1.920105000000000018e+03
-1.881865999999999985e+03
-1.949433999999999969e+03
-1.936440000000000055e+03
-1.905255000000000109e+03
-1.934212999999999965e+03
-1.928644000000000005e+03
-1.933470000000000027e+03
-1.951289999999999964e+03
-1.937924999999999955e+03
-1.975421000000000049e+03
-2.019971000000000004e+03
-1.979134000000000015e+03
-2.000665999999999940e+03
-2.041133000000000038e+03
-2.012546000000000049e+03
-2.016630000000000109e+03
-2.044103000000000065e+03
-2.045959000000000060e+03
-2.039276000000000067e+03
-2.048929000000000087e+03
-2.042617999999999938e+03
-2.028881000000000085e+03
-2.088280999999999949e+03
-2.089766000000000076e+03
-2.066748999999999796e+03
-2.087539000000000215e+03
-2.099047999999999774e+03
-2.064150000000000091e+03
-2.079000000000000000e+03
-2.107585999999999785e+03
-2.071204000000000178e+03
-2.091251000000000204e+03
-2.103873999999999796e+03
-2.091251000000000204e+03
-2.124664000000000215e+03
-2.153992000000000189e+03
-2.107585999999999785e+03
-2.169585000000000036e+03
-2.206338999999999942e+03
-2.162902999999999793e+03
-2.195943999999999960e+03
-2.235666999999999916e+03
-2.191489000000000033e+03
-2.254601000000000113e+03
-2.260913000000000011e+03
-2.204481999999999971e+03
-2.259798999999999978e+03
-2.259798999999999978e+03
-2.209679999999999836e+03
-2.249775000000000091e+03
-2.290983999999999924e+03
-2.273905999999999949e+03
-2.253115999999999985e+03
-2.299521999999999935e+03
-2.289498999999999796e+03
-2.294324999999999818e+03
-2.340731000000000222e+03
-2.309545999999999822e+03
-2.314001000000000204e+03
-2.355581000000000131e+03
-2.336275999999999840e+03
-2.343701000000000022e+03
-2.410155000000000200e+03
-2.389735999999999876e+03
-2.365976000000000113e+03
-2.427974999999999909e+03
-2.410525999999999840e+03
-2.384166999999999916e+03
-2.459159999999999854e+03
-2.439112999999999829e+03
-2.447280000000000200e+03
-2.492201000000000022e+03
-2.459530999999999949e+03
-2.466213999999999942e+03
-2.513362999999999829e+03
-2.508907000000000153e+03
-2.495170999999999822e+03
-2.509650000000000091e+03
-2.549373999999999796e+03
-2.532666999999999916e+03
-2.539349999999999909e+03
-2.567565000000000055e+03
-2.545661000000000058e+03
-2.557170000000000073e+03
-2.579815999999999804e+03
-2.551230000000000018e+03
-2.569050000000000182e+03
-2.615456000000000131e+03
-2.573876000000000204e+03
-2.592068000000000211e+03
-2.633275999999999840e+03
-2.598378999999999905e+03
-2.614342999999999847e+03
-2.649239999999999782e+03
-2.628449999999999818e+03
-2.663719000000000051e+03
-2.665574999999999818e+03
-2.610259000000000015e+03
-2.612114999999999782e+03
-2.634760999999999967e+03
-2.642557999999999993e+03
-2.636246000000000095e+03
-2.650724999999999909e+03
-2.625851000000000113e+03
-2.634389999999999873e+03
-2.645898999999999887e+03
-2.643300000000000182e+03
-2.645527999999999793e+03
-2.665574999999999818e+03
-2.631048999999999978e+03
-2.630677000000000135e+03
-2.661119999999999891e+03
-2.615456000000000131e+03
-2.631420000000000073e+03
-2.612485999999999876e+03
-2.590954000000000178e+03
-2.607659999999999854e+03
-2.621768000000000029e+03
-2.607659999999999854e+03
-2.603947999999999865e+03
-2.650353999999999814e+03
-2.611001000000000204e+03
-2.594666000000000167e+03
-2.558284000000000106e+03
-2.524128999999999905e+03
-2.534894999999999982e+03
-2.531182999999999993e+03
-2.505938000000000102e+03
-2.503338999999999942e+03
-2.533780999999999949e+03
-2.490344999999999800e+03
-2.514476000000000113e+03
-2.528583999999999833e+03
-2.504081000000000131e+03
-2.563853000000000065e+03
-2.540092999999999847e+03
-2.515590000000000146e+03
-2.532666999999999916e+03
-2.553085999999999785e+03
-2.492943999999999960e+03
-2.513733999999999924e+03
-2.562739000000000033e+03
-2.517445999999999913e+03
-2.552715000000000146e+03
-2.573134000000000015e+03
-2.536380000000000109e+03
-2.536009000000000015e+03
-2.569050000000000182e+03
-2.541949000000000069e+03
-2.557913000000000011e+03
-2.595038000000000011e+03
-2.558284000000000106e+03
-2.566079999999999927e+03
-2.630306000000000040e+03
-2.586869999999999891e+03
-2.584271000000000186e+03
-2.617313000000000102e+03
-2.609516000000000076e+03
-2.611001000000000204e+03
-2.613599999999999909e+03
-2.628449999999999818e+03
-2.618054999999999836e+03
-2.644414000000000215e+03
-2.625108999999999924e+03
-2.641815000000000055e+03
-2.688221000000000004e+03
-2.609887000000000171e+03
-2.599121000000000095e+03
-2.614713999999999942e+03
-2.600606000000000222e+03
-2.608402999999999793e+03
-2.637360000000000127e+03
-2.622139000000000124e+03
-2.600606000000000222e+03
-2.651096000000000004e+03
-2.648869000000000142e+03
-2.635132999999999811e+03
-2.671514999999999873e+03
-2.662976000000000113e+03
-2.648126000000000204e+03
-2.646641000000000076e+03
-2.668916000000000167e+03
-2.662976000000000113e+03
-2.668916000000000167e+03
-2.672628999999999905e+03
-2.650724999999999909e+03
-2.663719000000000051e+03
-2.686735999999999876e+03
-2.649610999999999876e+03
-2.664460999999999785e+03
-2.675228000000000065e+03
-2.609144999999999982e+03
-2.616199000000000069e+03
-2.632534000000000106e+03
-2.643300000000000182e+03
-2.622139000000000124e+03
-2.645898999999999887e+03
-2.662233999999999924e+03
-2.673371000000000095e+03
-2.666318000000000211e+03
-2.654809000000000196e+03
-2.698987999999999829e+03
-2.687478999999999814e+03
-2.661862999999999829e+03
-2.694161000000000058e+03
-2.709753999999999905e+03
-2.700472000000000207e+03
-2.683394999999999982e+03
-2.707525999999999840e+03
-2.705298999999999978e+03
-2.717550000000000182e+03
-2.699358999999999924e+03
-2.720519999999999982e+03
-2.733885000000000218e+03
-2.724974999999999909e+03
-2.685251000000000204e+03
-2.709753999999999905e+03
-2.686735999999999876e+03
-2.671143999999999778e+03
-2.677454999999999927e+03
-2.646641000000000076e+03
-2.671143999999999778e+03
-2.676340999999999894e+03
-2.647384000000000015e+03
-2.657778999999999996e+03
-2.649981999999999971e+03
-2.626594000000000051e+03
-2.588355000000000018e+03
-2.632905000000000200e+03
-2.623251999999999953e+03
-2.590210999999999785e+03
-2.603576000000000022e+03
-2.613971000000000004e+03
-2.591695999999999913e+03
-2.589469000000000051e+03
-2.608030999999999949e+03
-2.611744000000000142e+03
-2.602463000000000193e+03
-2.619539999999999964e+03
-2.621768000000000029e+03
-2.612856999999999971e+03
-2.609887000000000171e+03
-2.631420000000000073e+03
-2.616570000000000164e+03
-2.647384000000000015e+03
-2.638103000000000065e+03
-2.645527999999999793e+03
-2.651838999999999942e+03
-2.640329999999999927e+03
-2.660748999999999796e+03
-2.664090000000000146e+03
-2.648869000000000142e+03
-2.649981999999999971e+03
-2.658150000000000091e+03
-2.646269999999999982e+03
-2.633646999999999935e+03
-2.695275000000000091e+03
-2.663347000000000207e+03
-2.636989000000000033e+03
-2.650724999999999909e+03
-2.647012000000000171e+03
-2.613971000000000004e+03
-2.611744000000000142e+03
-2.590954000000000178e+03
-2.573876000000000204e+03
-2.618425999999999931e+03
-2.589469000000000051e+03
-2.601719999999999800e+03
-2.631048999999999978e+03
-2.622510000000000218e+03
-2.590954000000000178e+03
-2.586869999999999891e+03
-2.608773999999999887e+03
-2.602090999999999894e+03
-2.592068000000000211e+03
-2.626594000000000051e+03
-2.628820999999999913e+03
-2.622880999999999858e+03
-2.618797999999999774e+03
-2.627708000000000084e+03
-2.612114999999999782e+03
-2.640329999999999927e+03
-2.643300000000000182e+03
-2.618054999999999836e+03
-2.629563999999999851e+03
-2.622510000000000218e+03
-2.628079000000000178e+03
-2.624365999999999985e+03
-2.631791000000000167e+03
-2.649239999999999782e+03
-2.644414000000000215e+03
-2.640329999999999927e+03
-2.668173999999999978e+03
-2.657778999999999996e+03
-2.646641000000000076e+03
-2.681539000000000215e+03
-2.684137000000000171e+03
-2.684509000000000015e+03
-2.687478999999999814e+03
-2.696018000000000029e+03
-2.686364999999999782e+03
-2.700844000000000051e+03
-2.710496000000000095e+03
-2.702329000000000178e+03
-2.734998999999999796e+03
-2.721262000000000171e+03
-2.704556000000000040e+03
-2.730543999999999869e+03
-2.703443000000000211e+03
-2.666318000000000211e+03
-2.700101000000000113e+03
-2.698615999999999985e+03
-2.683023999999999887e+03
-2.703813999999999851e+03
-2.687849999999999909e+03
-2.666688999999999851e+03
-2.710867000000000189e+03
-2.710867000000000189e+03
-2.706784000000000106e+03
-2.728688000000000102e+03
-2.727574000000000069e+03
-2.695275000000000091e+03
-2.725717999999999847e+03
-2.723489999999999782e+03
-2.711610000000000127e+03
-2.705670000000000073e+03
-2.696389000000000124e+03
-2.674114000000000033e+03
-2.710496000000000095e+03
-2.697873999999999796e+03
-2.685251000000000204e+03
-2.720148999999999887e+03
-2.736483999999999924e+03
-2.703813999999999851e+03
-2.714208999999999833e+03
-2.749106000000000222e+03
-2.704184999999999945e+03
-2.693418999999999869e+03
-2.726460000000000036e+03
-2.704184999999999945e+03
-2.704556000000000040e+03
-2.742052000000000135e+03
-2.736855000000000018e+03
-2.724974999999999909e+03
-2.747621000000000095e+03
-2.731657000000000153e+03
-2.721634000000000015e+03
-2.739824999999999818e+03
-2.727574000000000069e+03
-2.722748000000000047e+03
-2.751704999999999927e+03
-2.729059000000000196e+03
-2.704556000000000040e+03
-2.761728999999999814e+03
-2.732771000000000186e+03
-2.720148999999999887e+03
-2.745393999999999778e+03
-2.725346000000000004e+03
-2.718664000000000215e+03
-2.745764999999999873e+03
-2.735740999999999985e+03
-2.743166000000000167e+03
-2.776949999999999818e+03
-2.718664000000000215e+03
-2.702329000000000178e+03
-2.722748000000000047e+03
-2.701215000000000146e+03
-2.682280999999999949e+03
-2.677826000000000022e+03
-2.657778999999999996e+03
-2.639588000000000193e+03
-2.610630000000000109e+03
-2.588355000000000018e+03
-2.569420999999999822e+03
-2.583900000000000091e+03
-2.587240999999999985e+03
-2.583528999999999996e+03
-2.587983999999999924e+03
-2.587612999999999829e+03
-2.524871000000000095e+03
-2.531925000000000182e+03
-2.546032000000000153e+03
-2.520045000000000073e+03
-2.525242000000000189e+03
-2.521900999999999840e+03
-2.536009000000000015e+03
-2.539721000000000004e+03
-2.533039000000000215e+03
-2.515219000000000051e+03
-2.545661000000000058e+03
