-4.986630000000000109e+03
-4.971408999999999651e+03
-4.970667000000000371e+03
-4.943194000000000415e+03
-4.976234999999999673e+03
-5.023755000000000109e+03
-5.014474000000000160e+03
-5.008533999999999651e+03
-4.999994999999999891e+03
-4.988485999999999876e+03
-5.025981999999999971e+03
-5.025610999999999876e+03
-5.008162999999999556e+03
-5.014845000000000255e+03
-5.006305999999999585e+03
-5.008904999999999745e+03
-5.044545000000000073e+03
-5.003336000000000240e+03
-4.999994999999999891e+03
-5.043430999999999585e+03
-5.030065999999999804e+03
-5.023012999999999920e+03
-5.074988000000000284e+03
-5.058652000000000044e+03
-5.036377000000000407e+03
-5.041574999999999818e+03
-5.024126000000000204e+03
-4.956930000000000291e+03
-4.989970999999999549e+03
-4.989970999999999549e+03
-4.964725999999999658e+03
-4.955815999999999804e+03
-4.979576000000000022e+03
-4.955073999999999614e+03
-4.992940999999999804e+03
-4.987001000000000204e+03
-4.955815999999999804e+03
-5.010390000000000327e+03
-4.968439000000000306e+03
-4.987372999999999593e+03
-5.004820999999999913e+03
-5.011875000000000000e+03
-4.966582999999999629e+03
-5.009275999999999840e+03
-5.007420000000000073e+03
-4.948390999999999622e+03
-5.000737000000000080e+03
-4.994426000000000386e+03
-4.972521999999999935e+03
-4.956559000000000196e+03
-5.003707999999999629e+03
-4.962869999999999891e+03
-4.980319000000000415e+03
-5.006677999999999884e+03
-4.999994999999999891e+03
-5.013359999999999673e+03
-5.032293999999999869e+03
-5.007048999999999978e+03
-4.961385000000000218e+03
-5.011131999999999607e+03
-5.011503999999999905e+03
-5.011503999999999905e+03
-5.022640999999999622e+03
-5.023012999999999920e+03
-5.042317000000000007e+03
-5.036377000000000407e+03
-5.021527000000000044e+03
-5.044917000000000371e+03
-5.022640999999999622e+03
-5.051228000000000065e+03
-5.027838999999999942e+03
-5.021155999999999949e+03
-5.017073000000000320e+03
-4.999623999999999796e+03
-5.031551000000000386e+03
-5.059765999999999622e+03
-4.988856999999999971e+03
-5.046400999999999840e+03
-5.025239999999999782e+03
-5.049743000000000393e+03
-5.094663999999999760e+03
-5.072018000000000029e+03
-5.063479000000000269e+03
-5.074244999999999891e+03
-5.081298999999999978e+03
-5.063479000000000269e+03
-5.080185000000000400e+03
-5.092436999999999898e+03
-5.092807999999999993e+03
-5.129932999999999993e+03
-5.116567000000000007e+03
-5.073873999999999796e+03
-5.103944999999999709e+03
-5.108029000000000451e+03
-5.073873999999999796e+03
-5.126591000000000349e+03
-5.115082999999999629e+03
-5.150350999999999658e+03
-5.143296999999999571e+03
-5.148865999999999985e+03
-5.159261000000000422e+03
-5.147752000000000407e+03
-5.152578999999999724e+03
-5.176710000000000036e+03
-5.157404999999999745e+03
-5.160003999999999905e+03
-5.167429000000000087e+03
-5.191560000000000400e+03
-5.185619999999999891e+03
-5.180793999999999869e+03
-5.180421999999999571e+03
-5.157404999999999745e+03
-5.154805999999999585e+03
-5.190817000000000007e+03
-5.182279000000000451e+03
-5.165944000000000415e+03
-5.204925000000000182e+03
-5.196015000000000327e+03
-5.206780999999999949e+03
-5.188219000000000051e+03
-5.196756999999999607e+03
-5.163345000000000255e+03
-5.220518000000000029e+03
-5.232769000000000233e+03
-5.216805000000000291e+03
-5.202698000000000320e+03
-5.221631000000000313e+03
-5.192673999999999978e+03
-5.233140000000000327e+03
-5.251332000000000335e+03
-5.211235999999999876e+03
-5.251332000000000335e+03
-5.255786000000000058e+03
-5.216434000000000196e+03
-5.263211000000000240e+03
-5.251703000000000429e+03
-5.250217999999999847e+03
-5.216063000000000102e+03
-5.219033000000000357e+03
-5.199728000000000065e+03
-5.131417000000000371e+03
-5.129932999999999993e+03
-5.099118999999999687e+03
-5.118052999999999884e+03
-5.107286000000000058e+03
-5.086868000000000393e+03
-5.087238999999999578e+03
-5.102088999999999942e+03
-5.093179000000000087e+03
-5.074988000000000284e+03
-5.122136000000000422e+03
-5.075729999999999563e+03
-5.100975000000000364e+03
-5.098005000000000109e+03
-5.080555999999999585e+03
-5.115082999999999629e+03
-5.109514000000000124e+03
-5.087609999999999673e+03
-5.083525999999999840e+03
-5.117680999999999585e+03
-5.090579999999999927e+03
-5.110256000000000313e+03
-5.107286000000000058e+03
-5.104315999999999804e+03
-5.115824999999999818e+03
-5.125478000000000065e+03
-5.146268000000000029e+03
-5.105059000000000196e+03
-5.155920000000000073e+03
-5.136614999999999782e+03
-5.124734999999999673e+03
-5.162603000000000065e+03
-5.167429000000000087e+03
-5.137356999999999971e+03
-5.141813000000000102e+03
-5.147381000000000313e+03
-5.137729000000000269e+03
-5.158890000000000327e+03
-5.170027000000000044e+03
-5.147381000000000313e+03
-5.174854000000000269e+03
-5.224600999999999658e+03
-5.166686999999999898e+03
-5.182279000000000451e+03
-5.191560000000000400e+03
-5.200099000000000160e+03
-5.193787999999999556e+03
-5.186363000000000284e+03
-5.193417000000000371e+03
-5.202698000000000320e+03
-5.198984999999999673e+03
-5.201583999999999833e+03
-5.249845999999999549e+03
-5.233511000000000422e+03
-5.241307999999999993e+03
-5.247247999999999593e+03
-5.246505000000000109e+03
-5.244277000000000044e+03
-5.249845999999999549e+03
-5.234996000000000095e+03
-5.240564999999999600e+03
-5.299594000000000051e+03
-5.272121000000000095e+03
-5.288085000000000036e+03
-5.301449999999999818e+03
-5.276204999999999927e+03
-5.305904999999999745e+03
-5.310359999999999673e+03
-5.286970999999999549e+03
-5.318527000000000044e+03
-5.271006999999999607e+03
-5.280288999999999760e+03
-5.308503999999999905e+03
-5.303677999999999884e+03
-5.306646999999999935e+03
-5.311103000000000065e+03
-5.312587000000000444e+03
-5.307019000000000233e+03
-5.314814999999999600e+03
-5.320384000000000015e+03
-5.322981999999999971e+03
-5.313701000000000022e+03
-5.297365999999999985e+03
-5.330036000000000058e+03
-5.336347999999999956e+03
-5.340060000000000400e+03
-5.327438000000000102e+03
-5.340430999999999585e+03
-5.345256999999999607e+03
-5.365305000000000291e+03
-5.344144000000000233e+03
-5.307761000000000422e+03
-5.358622999999999593e+03
-5.337090000000000146e+03
-5.366046999999999571e+03
-5.390179000000000087e+03
-5.357880000000000109e+03
-5.365305000000000291e+03
-5.410969000000000051e+03
-5.350826000000000022e+03
-5.360479000000000269e+03
-5.402801000000000386e+03
-5.348970000000000255e+03
-5.368645999999999731e+03
-5.368645999999999731e+03
-5.352682999999999993e+03
-5.352682999999999993e+03
-5.385353000000000065e+03
-5.361963999999999942e+03
-5.360850000000000364e+03
-5.395005000000000109e+03
-5.365676000000000386e+03
-5.353796000000000276e+03
-5.379042000000000371e+03
-5.321868999999999687e+03
-5.364190999999999804e+03
-5.393520000000000437e+03
-5.375699999999999818e+03
-5.382381999999999607e+03
-5.391663999999999760e+03
-5.399460000000000036e+03
-5.351939999999999600e+03
-5.397604000000000269e+03
-5.389807999999999993e+03
-5.369760000000000218e+03
-5.395005000000000109e+03
-5.387208999999999833e+03
-5.389064999999999600e+03
-5.404658000000000357e+03
-5.389064999999999600e+03
-5.402801000000000386e+03
-5.410225999999999658e+03
-5.430645000000000437e+03
-5.341917000000000371e+03
-5.399460000000000036e+03
-5.367161000000000058e+03
-5.366418999999999869e+03
-5.370873999999999796e+03
-5.400573999999999614e+03
-5.332264000000000124e+03
-5.353425000000000182e+03
-5.376070999999999913e+03
-5.374586000000000240e+03
-5.357509000000000015e+03
-5.393520000000000437e+03
-5.339689000000000306e+03
-5.365676000000000386e+03
-5.396860999999999876e+03
-5.363448999999999614e+03
-5.374586000000000240e+03
-5.380525999999999840e+03
-5.396118999999999687e+03
-5.407256000000000313e+03
-5.432501000000000204e+03
-5.394262999999999920e+03
-5.398717999999999847e+03
-5.433243999999999687e+03
-5.402059000000000196e+03
-5.415052999999999884e+03
-5.422105999999999767e+03
-5.395005000000000109e+03
-5.374215000000000146e+03
-5.412824999999999818e+03
-5.395005000000000109e+03
-5.419878999999999905e+03
-5.416908999999999651e+03
-5.463686999999999898e+03
-5.433614999999999782e+03
-5.441039999999999964e+03
-5.428046000000000276e+03
-5.425448000000000320e+03
-5.408369999999999891e+03
-5.409113000000000284e+03
-5.448465000000000146e+03
-5.441411000000000058e+03
-5.455890000000000327e+03
-5.442895999999999731e+03
-5.441411000000000058e+03
-5.454775999999999840e+03
-5.444752000000000407e+03
-5.439926000000000386e+03
-5.417650999999999840e+03
-5.377555999999999585e+03
-5.353054000000000087e+03
-5.375699999999999818e+03
-5.302564000000000306e+03
-5.333748999999999796e+03
-5.315929000000000087e+03
-5.326323999999999614e+03
-5.324838999999999942e+03
-5.322610999999999876e+03
-5.343029999999999745e+03
-5.367161000000000058e+03
-5.329664999999999964e+03
-5.360850000000000364e+03
-5.362707000000000335e+03
-5.352682999999999993e+03
-5.356765999999999622e+03
-5.388694000000000415e+03
-5.358251000000000204e+03
-5.347484999999999673e+03
-5.387579999999999927e+03
-5.355652000000000044e+03
-5.337461000000000240e+03
-5.404286000000000058e+03
-5.383868000000000393e+03
-5.407998999999999796e+03
-5.426932999999999993e+03
-5.398345999999999549e+03
-5.406143000000000029e+03
-5.406143000000000029e+03
-5.416167000000000371e+03
-5.410225999999999658e+03
-5.405399999999999636e+03
-5.400203000000000429e+03
-5.400944999999999709e+03
-5.412453999999999724e+03
-5.376070999999999913e+03
-5.422849000000000160e+03
-5.403171999999999571e+03
-5.369760000000000218e+03
-5.406885000000000218e+03
-5.391292000000000371e+03
-5.418021999999999935e+03
-5.393149000000000342e+03
-5.379412999999999556e+03
-5.399832000000000335e+03
-5.382381999999999607e+03
-5.396118999999999687e+03
-5.387951000000000022e+03
-5.373844000000000051e+03
-5.405399999999999636e+03
-5.428788999999999760e+03
-5.396489999999999782e+03
-5.412082999999999629e+03
-5.422105999999999767e+03
-5.387208999999999833e+03
-5.433614999999999782e+03
-5.429530999999999949e+03
-5.373844000000000051e+03
-5.395376000000000204e+03
-5.436585000000000036e+03
-5.367533000000000357e+03
-5.426561999999999898e+03
-5.406143000000000029e+03
-5.382381999999999607e+03
-5.381269000000000233e+03
-5.402059000000000196e+03
-5.410597999999999956e+03
-5.379783999999999651e+03
-5.431759000000000015e+03
-5.401315999999999804e+03
-5.393890999999999622e+03
-5.415795000000000073e+03
-5.409854999999999563e+03
-5.438069999999999709e+03
-5.423962000000000444e+03
-5.431015999999999622e+03
-5.415423999999999978e+03
-5.424704999999999927e+03
-5.422105999999999767e+03
-5.453662999999999556e+03
-5.421363999999999578e+03
-5.463314999999999600e+03
-5.428417000000000371e+03
-5.443639000000000124e+03
-5.440296999999999571e+03
-5.451435000000000400e+03
-5.430645000000000437e+03
-5.438813000000000102e+03
-5.428417000000000371e+03
-5.465542000000000371e+03
