3.081468999999999880e+01
-1.113749999999999929e+01
5.568920000000000314e+00
1.596424000000000021e+01
2.264694000000000074e+01
-7.796249999999999680e+00
-1.188000000000000078e+01
-6.311250000000000249e+00
-5.828625000000000256e+01
-2.895749999999999957e+01
-3.452624999999999744e+01
-7.462125000000000341e+01
-6.162749999999999773e+01
-7.128000000000000114e+01
-8.464499999999999602e+01
-7.276500000000000057e+01
-1.028362999999999943e+02
-1.035788000000000011e+02
-1.106324999999999932e+02
-9.949500000000000455e+01
-1.098900000000000006e+02
-1.269675000000000011e+02
-1.332786999999999864e+02
-1.243687999999999931e+02
-1.600088000000000079e+02
-1.492425000000000068e+02
-1.603799999999999955e+02
-1.648350000000000080e+02
-1.399612999999999943e+02
-1.971338000000000079e+02
-1.737450000000000045e+02
-1.848824999999999932e+02
-1.781999999999999886e+02
-2.123549999999999898e+02
-2.130974999999999966e+02
-2.197800000000000011e+02
-1.874812000000000012e+02
-1.986187999999999931e+02
-2.331450000000000102e+02
-2.338874999999999886e+02
-2.197800000000000011e+02
-2.658149999999999977e+02
-2.431687000000000012e+02
-2.097563000000000102e+02
-2.401987000000000023e+02
-2.569049999999999727e+02
-2.569049999999999727e+02
-2.398274999999999864e+02
-2.186662000000000035e+02
-2.413125000000000000e+02
-2.702699999999999818e+02
-2.498513000000000090e+02
-2.687850000000000250e+02
-2.899463000000000079e+02
-2.936587999999999852e+02
-2.780663000000000125e+02
-2.862337999999999738e+02
-2.621025000000000205e+02
-2.810362999999999829e+02
-2.739825000000000159e+02
-2.880899999999999750e+02
-2.932875000000000227e+02
-2.847486999999999853e+02
-3.389513000000000034e+02
-3.033111999999999853e+02
-3.285561999999999898e+02
-3.396938000000000102e+02
-3.137062000000000239e+02
-3.578849999999999909e+02
-3.630824999999999818e+02
-3.333824999999999932e+02
-3.445199999999999818e+02
-3.812737000000000194e+02
-3.608550000000000182e+02
-3.664238000000000284e+02
-3.664238000000000284e+02
-4.046625000000000227e+02
-3.842436999999999898e+02
-3.786750000000000114e+02
-3.987225000000000250e+02
-4.176562999999999874e+02
-4.057762000000000171e+02
-4.035488000000000284e+02
-3.931537000000000148e+02
-4.228537999999999784e+02
-4.080038000000000125e+02
-4.072613000000000056e+02
-4.399311999999999898e+02
-4.091175000000000068e+02
-4.354762999999999806e+02
-4.414162999999999784e+02
-4.280511999999999944e+02
-4.399311999999999898e+02
-4.614637000000000171e+02
-4.700024999999999977e+02
-4.751999999999999886e+02
-4.941338000000000079e+02
-4.740862000000000194e+02
-4.971037999999999784e+02
-4.584936999999999898e+02
-4.751999999999999886e+02
-4.343625000000000114e+02
-4.781700000000000159e+02
-4.258238000000000056e+02
-4.388174999999999955e+02
-4.462425000000000068e+02
-4.039200000000000159e+02
-4.065187999999999988e+02
-3.968661999999999921e+02
-3.957524999999999977e+02
-4.161712999999999738e+02
-4.106025000000000205e+02
-3.946388000000000034e+02
-3.827588000000000079e+02
-3.909261999999999944e+02
-4.072613000000000056e+02
-4.146861999999999853e+02
-4.117162000000000148e+02
-4.217400000000000091e+02
-4.139438000000000102e+02
-4.399311999999999898e+02
-4.440149999999999864e+02
-4.221113000000000284e+02
-4.477275000000000205e+02
-4.198838000000000079e+02
-4.042912999999999784e+02
-4.195124999999999886e+02
-4.198838000000000079e+02
-4.065187999999999988e+02
-3.742200000000000273e+02
-3.489750000000000227e+02
-3.311549999999999727e+02
-3.664238000000000284e+02
-3.478613000000000284e+02
-3.315262000000000171e+02
-3.578849999999999909e+02
-3.519449999999999932e+02
-3.356100000000000136e+02
-3.508312999999999988e+02
-3.515738000000000056e+02
-3.541725000000000136e+02
-3.541725000000000136e+02
-3.589986999999999853e+02
-3.593700000000000045e+02
-3.396938000000000102e+02
-3.456338000000000079e+02
-3.367237999999999829e+02
-3.705074999999999932e+02
-3.738487999999999829e+02
-3.612262999999999806e+02
-3.608550000000000182e+02
-3.849863000000000284e+02
-3.783036999999999921e+02
-3.909261999999999944e+02
-4.009499999999999886e+02
-3.812737000000000194e+02
-3.812737000000000194e+02
-3.983512999999999806e+02
-4.020638000000000147e+02
-3.909261999999999944e+02
-4.065187999999999988e+02
-3.812737000000000194e+02
-3.875849999999999795e+02
-4.013213000000000079e+02
-3.905550000000000068e+02
-4.076324999999999932e+02
-4.054049999999999727e+02
-4.042912999999999784e+02
-4.176562999999999874e+02
-4.098600000000000136e+02
-4.050337999999999852e+02
-4.135724999999999909e+02
-4.492124999999999773e+02
-4.128299999999999841e+02
-4.287937999999999761e+02
-4.165425000000000182e+02
-4.343625000000000114e+02
-4.354762999999999806e+02
-4.495837000000000216e+02
-4.525536999999999921e+02
-4.410450000000000159e+02
-4.495837000000000216e+02
-4.622062999999999988e+02
-4.718587999999999738e+02
-4.603500000000000227e+02
-4.436437999999999988e+02
-4.584936999999999898e+02
-4.540387999999999806e+02
-4.388174999999999955e+02
-4.436437999999999988e+02
-4.610924999999999727e+02
-4.388174999999999955e+02
-4.707450000000000045e+02
-4.722300000000000182e+02
-4.332486999999999853e+02
-4.113450000000000273e+02
-4.339911999999999921e+02
-4.377038000000000011e+02
-4.321349999999999909e+02
-4.521825000000000045e+02
-4.432724999999999795e+02
-4.365899999999999750e+02
-4.644336999999999875e+02
-4.284225000000000136e+02
-4.217400000000000091e+02
-4.351050000000000182e+02
-4.540387999999999806e+02
-4.183987000000000194e+02
-4.403025000000000091e+02
-4.362187999999999874e+02
-4.124587000000000216e+02
-3.968661999999999921e+02
-4.232250000000000227e+02
-4.417875000000000227e+02
-4.484700000000000273e+02
-4.232250000000000227e+02
-4.410450000000000159e+02
-4.261949999999999932e+02
-4.150575000000000045e+02
-4.410450000000000159e+02
-4.532962999999999738e+02
-4.477275000000000205e+02
-4.484700000000000273e+02
-4.826250000000000000e+02
-4.544100000000000250e+02
-4.555237000000000194e+02
-4.766850000000000023e+02
-4.525536999999999921e+02
-4.644336999999999875e+02
-4.566374999999999886e+02
-4.570088000000000079e+02
-4.410450000000000159e+02
-4.796549999999999727e+02
-4.677749999999999773e+02
-4.555237000000000194e+02
-4.495837000000000216e+02
-4.380749999999999886e+02
-4.299075000000000273e+02
-3.935249999999999773e+02
-4.080038000000000125e+02
-4.150575000000000045e+02
-4.273086999999999875e+02
-4.247099999999999795e+02
-3.953813000000000102e+02
-4.228537999999999784e+02
-4.065187999999999988e+02
-3.957524999999999977e+02
-4.321349999999999909e+02
-4.287937999999999761e+02
-4.247099999999999795e+02
-4.180274999999999750e+02
-4.250812999999999988e+02
-4.466138000000000261e+02
-4.250812999999999988e+02
-4.061474999999999795e+02
-4.180274999999999750e+02
-3.927825000000000273e+02
-4.013213000000000079e+02
-3.979800000000000182e+02
-4.146861999999999853e+02
-4.202549999999999955e+02
-3.909261999999999944e+02
-4.109737999999999829e+02
-4.057762000000000171e+02
-4.054049999999999727e+02
-4.221113000000000284e+02
-3.998362000000000194e+02
-4.128299999999999841e+02
-4.091175000000000068e+02
-4.209975000000000023e+02
-4.135724999999999909e+02
-4.158000000000000114e+02
-4.020638000000000147e+02
-3.786750000000000114e+02
-3.786750000000000114e+02
-3.627112000000000194e+02
-3.549150000000000205e+02
-3.578849999999999909e+02
-3.467475000000000023e+02
-3.348675000000000068e+02
-3.304125000000000227e+02
-3.460049999999999955e+02
-3.352386999999999944e+02
-3.504599999999999795e+02
-3.627112000000000194e+02
-3.356100000000000136e+02
-3.196462000000000216e+02
-3.241012999999999806e+02
-3.333824999999999932e+02
-3.341250000000000000e+02
-3.122212999999999852e+02
-3.322687999999999988e+02
-3.341250000000000000e+02
-3.278138000000000147e+02
-3.025688000000000102e+02
-3.300412999999999784e+02
-3.155625000000000000e+02
-2.973711999999999875e+02
-3.085088000000000079e+02
-3.118500000000000227e+02
-3.021974999999999909e+02
-3.222450000000000045e+02
-3.140774999999999864e+02
-3.096225000000000023e+02
-3.140774999999999864e+02
-3.033111999999999853e+02
-3.085088000000000079e+02
-3.122212999999999852e+02
-3.092513000000000147e+02
-3.066524999999999750e+02
-3.226161999999999921e+02
-3.255862000000000194e+02
-3.118500000000000227e+02
-3.248437999999999874e+02
-3.322687999999999988e+02
-3.192749999999999773e+02
-3.285561999999999898e+02
-3.333824999999999932e+02
-3.252149999999999750e+02
-3.081374999999999886e+02
-3.177900000000000205e+02
-3.315262000000000171e+02
-3.367237999999999829e+02
-3.344961999999999875e+02
-3.337538000000000125e+02
-3.148199999999999932e+02
-3.478613000000000284e+02
-3.177900000000000205e+02
-3.248437999999999874e+02
-3.478613000000000284e+02
-3.296700000000000159e+02
-3.367237999999999829e+02
-3.411786999999999921e+02
-3.441487000000000194e+02
-3.307837999999999852e+02
-3.538011999999999944e+02
-3.252149999999999750e+02
-3.344961999999999875e+02
-3.489750000000000227e+02
-3.151913000000000125e+02
-3.318974999999999795e+02
-3.500887000000000171e+02
-3.367237999999999829e+02
-3.248437999999999874e+02
-3.367237999999999829e+02
-3.467475000000000023e+02
-3.237300000000000182e+02
-3.330113000000000056e+02
-3.478613000000000284e+02
-3.326399999999999864e+02
-3.445199999999999818e+02
-3.541725000000000136e+02
-3.318974999999999795e+02
-3.500887000000000171e+02
-3.504599999999999795e+02
-3.463763000000000147e+02
-3.370950000000000273e+02
-3.538011999999999944e+02
-3.367237999999999829e+02
-3.467475000000000023e+02
-3.474900000000000091e+02
-3.478613000000000284e+02
-3.426637999999999806e+02
-3.456338000000000079e+02
-3.489750000000000227e+02
-3.434062999999999874e+02
-3.515738000000000056e+02
-3.493462999999999852e+02
-3.419212999999999738e+02
-3.797887999999999806e+02
-3.753337000000000216e+02
-3.567712000000000216e+02
-3.552862999999999829e+02
-3.467475000000000023e+02
-3.422925000000000182e+02
-3.478613000000000284e+02
-3.422925000000000182e+02
-3.482325000000000159e+02
-3.500887000000000171e+02
-3.552862999999999829e+02
-3.538011999999999944e+02
-3.504599999999999795e+02
-3.497174999999999727e+02
-3.508312999999999988e+02
-3.448913000000000011e+02
-3.560287000000000148e+02
-3.649388000000000147e+02
-3.512024999999999864e+02
-3.478613000000000284e+02
-3.630824999999999818e+02
-3.627112000000000194e+02
-3.615975000000000250e+02
-3.753337000000000216e+02
-3.671662999999999784e+02
-3.675375000000000227e+02
-3.771899999999999977e+02
-3.478613000000000284e+02
-3.545437999999999761e+02
-3.330113000000000056e+02
-2.914311999999999898e+02
-2.847486999999999853e+02
-3.021974999999999909e+02
-2.895749999999999886e+02
-2.717549999999999955e+02
-2.970000000000000000e+02
-3.010837000000000216e+02
-2.880899999999999750e+02
-2.828924999999999841e+02
-2.825212000000000216e+02
-2.877187999999999874e+02
-3.081374999999999886e+02
-2.970000000000000000e+02
