2.895837999999999965e+02
2.517152000000000100e+02
2.327809000000000026e+02
2.580265999999999735e+02
2.053075000000000045e+02
1.993673000000000002e+02
2.105052000000000021e+02
2.086488999999999976e+02
1.741216000000000008e+02
1.563009999999999877e+02
1.522170999999999879e+02
1.228875000000000028e+02
1.195461999999999989e+02
1.180610999999999962e+02
9.689920999999999651e+01
8.539011000000000706e+01
7.870740999999999588e+01
4.083874999999999744e+01
1.188035999999999959e+01
6.051559999999999917e+01
4.752145000000000152e+01
2.598828999999999922e+01
1.856306999999999929e+00
1.485044999999999948e+00
1.410792999999999964e+01
-1.782000000000000028e+01
-1.596374999999999922e+01
-5.568749999999999645e+00
-1.373625000000000007e+01
-5.568750000000000000e+01
-6.422624999999999318e+01
-5.308874999999999744e+01
-5.754375000000000284e+01
-1.050638000000000005e+02
-9.095624999999999716e+01
-1.128599999999999994e+02
-1.143449999999999989e+02
-1.084050000000000011e+02
-1.588950000000000102e+02
-1.332786999999999864e+02
-1.210275000000000034e+02
-1.284524999999999864e+02
-1.730024999999999977e+02
-1.607512999999999863e+02
-1.377336999999999989e+02
-1.789424999999999955e+02
-1.614937999999999931e+02
-1.536974999999999909e+02
-1.841399999999999864e+02
-1.785713000000000079e+02
-2.038163000000000125e+02
-2.142112999999999943e+02
-2.309174999999999898e+02
-2.442824999999999989e+02
-2.327737999999999943e+02
-2.286899999999999977e+02
-2.465099999999999909e+02
-2.698987000000000194e+02
-2.650724999999999909e+02
-2.535637999999999863e+02
-2.736113000000000284e+02
-2.724975000000000023e+02
-2.921738000000000284e+02
-2.661861999999999853e+02
-2.940299999999999727e+02
-3.077663000000000011e+02
-2.817787000000000148e+02
-2.947724999999999795e+02
-2.932875000000000227e+02
-3.441487000000000194e+02
-3.322687999999999988e+02
-3.103650000000000091e+02
-3.385799999999999841e+02
-3.538011999999999944e+02
-3.556575000000000273e+02
-3.419212999999999738e+02
-3.682799999999999727e+02
-3.786750000000000114e+02
-3.545437999999999761e+02
-3.563999999999999773e+02
-3.771899999999999977e+02
-3.894413000000000125e+02
-3.831299999999999955e+02
-3.912975000000000136e+02
-4.221113000000000284e+02
-3.983512999999999806e+02
-3.898125000000000000e+02
-4.232250000000000227e+02
-3.979800000000000182e+02
-4.076324999999999932e+02
-4.187699999999999818e+02
-3.987225000000000250e+02
-4.254524999999999864e+02
-4.384463000000000079e+02
-4.113450000000000273e+02
-4.339911999999999921e+02
-4.640625000000000000e+02
-4.480987999999999829e+02
-4.607212999999999852e+02
-4.829961999999999875e+02
-4.822538000000000125e+02
-4.417875000000000227e+02
-4.558949999999999818e+02
-4.499549999999999841e+02
-4.473562999999999761e+02
-4.607212999999999852e+02
-4.443863000000000056e+02
-4.618349999999999795e+02
-4.648050000000000068e+02
-4.636913000000000125e+02
-4.421587999999999852e+02
-4.737149999999999750e+02
-4.273086999999999875e+02
-4.158000000000000114e+02
-4.677749999999999773e+02
-4.599787999999999784e+02
-4.239674999999999727e+02
-4.607212999999999852e+02
-4.874513000000000034e+02
-4.380749999999999886e+02
-4.570088000000000079e+02
-4.852237999999999829e+02
-4.818824999999999932e+02
-4.841100000000000136e+02
-4.922774999999999750e+02
-4.959900000000000091e+02
-4.900500000000000114e+02
-5.082411999999999921e+02
-5.056424999999999841e+02
-5.182649999999999864e+02
-5.290312999999999874e+02
-5.349713000000000420e+02
-5.409112999999999829e+02
-5.394262999999999693e+02
-5.008163000000000125e+02
-5.349713000000000420e+02
-5.527912999999999784e+02
-5.208637999999999693e+02
-5.409112999999999829e+02
-5.383125000000000000e+02
-4.985887000000000171e+02
-4.770561999999999898e+02
-4.395600000000000023e+02
-4.432724999999999795e+02
-4.299075000000000273e+02
-4.562663000000000011e+02
-4.488412000000000148e+02
-4.410450000000000159e+02
-4.339911999999999921e+02
-4.417875000000000227e+02
-4.417875000000000227e+02
-4.614637000000000171e+02
-4.811399999999999864e+02
-4.674037000000000148e+02
-4.711161999999999921e+02
-4.711161999999999921e+02
-4.889361999999999853e+02
-4.781700000000000159e+02
-4.789125000000000227e+02
-4.900500000000000114e+02
-4.792837999999999852e+02
-4.826250000000000000e+02
-5.019300000000000068e+02
-5.034150000000000205e+02
-4.848525000000000205e+02
-5.015586999999999875e+02
-4.803974999999999795e+02
-4.956186999999999898e+02
-5.023013000000000261e+02
-4.855950000000000273e+02
-4.659187999999999761e+02
-4.744574999999999818e+02
-4.867087000000000216e+02
-4.844812999999999761e+02
-4.915350000000000250e+02
-4.956186999999999898e+02
-4.863374999999999773e+02
-4.792837999999999852e+02
-4.967325000000000159e+02
-4.551524999999999750e+02
-4.395600000000000023e+02
-4.365899999999999750e+02
-4.369612000000000194e+02
-4.655475000000000136e+02
-4.391888000000000147e+02
-4.354762999999999806e+02
-4.061474999999999795e+02
-4.243387000000000171e+02
-4.061474999999999795e+02
-4.273086999999999875e+02
-4.232250000000000227e+02
-4.150575000000000045e+02
-4.020638000000000147e+02
-3.976087999999999738e+02
-3.950099999999999909e+02
-3.942674999999999841e+02
-3.849863000000000284e+02
-3.835013000000000147e+02
-3.790462999999999738e+02
-3.898125000000000000e+02
-3.608550000000000182e+02
-3.693937999999999988e+02
-4.124587000000000216e+02
-3.771899999999999977e+02
-3.731062999999999761e+02
-4.258238000000000056e+02
-4.080038000000000125e+02
-3.938962000000000216e+02
-4.232250000000000227e+02
-4.232250000000000227e+02
-4.098600000000000136e+02
-4.117162000000000148e+02
-4.380749999999999886e+02
-4.083750000000000000e+02
-4.087461999999999875e+02
-4.250812999999999988e+02
-4.094886999999999944e+02
-4.068899999999999864e+02
-4.221113000000000284e+02
-4.005788000000000011e+02
-4.076324999999999932e+02
-4.373324999999999818e+02
-4.165425000000000182e+02
-4.343625000000000114e+02
-4.354762999999999806e+02
-4.477275000000000205e+02
-4.555237000000000194e+02
-3.690224999999999795e+02
-3.831299999999999955e+02
-4.091175000000000068e+02
-4.028061999999999898e+02
-3.753337000000000216e+02
-4.124587000000000216e+02
-4.154286999999999921e+02
-3.972375000000000114e+02
-3.935249999999999773e+02
-4.117162000000000148e+02
-4.065187999999999988e+02
-4.068899999999999864e+02
-4.325063000000000102e+02
-4.284225000000000136e+02
-4.217400000000000091e+02
-4.269375000000000000e+02
-4.313924999999999841e+02
-4.247099999999999795e+02
-4.128299999999999841e+02
-3.968661999999999921e+02
-4.068899999999999864e+02
-3.898125000000000000e+02
-3.638249999999999886e+02
-3.719925000000000068e+02
-3.460049999999999955e+02
-3.653100000000000023e+02
-3.471186999999999898e+02
-3.556575000000000273e+02
-3.753337000000000216e+02
-3.664238000000000284e+02
-3.664238000000000284e+02
-3.456338000000000079e+02
-3.842436999999999898e+02
-3.757049999999999841e+02
-3.526875000000000000e+02
-3.638249999999999886e+02
-3.831299999999999955e+02
-3.742200000000000273e+02
-3.731062999999999761e+02
-3.660525000000000091e+02
-3.712500000000000000e+02
-3.901836999999999875e+02
-3.786750000000000114e+02
-3.727350000000000136e+02
-3.994649999999999750e+02
-3.935249999999999773e+02
-3.734775000000000205e+02
-3.901836999999999875e+02
-4.054049999999999727e+02
-3.764474999999999909e+02
-3.927825000000000273e+02
-3.979800000000000182e+02
-3.957524999999999977e+02
-3.656811999999999898e+02
-4.102312999999999761e+02
-4.046625000000000227e+02
-3.957524999999999977e+02
-4.005788000000000011e+02
-4.087461999999999875e+02
-4.039200000000000159e+02
-3.998362000000000194e+02
-4.068899999999999864e+02
-4.031775000000000091e+02
-4.447574999999999932e+02
-4.094886999999999944e+02
-4.169137999999999806e+02
-4.198838000000000079e+02
-3.816449999999999818e+02
-3.460049999999999955e+02
-3.563999999999999773e+02
-3.404361999999999853e+02
-3.367237999999999829e+02
-3.667950000000000159e+02
-3.445199999999999818e+02
-3.255862000000000194e+02
-3.820163000000000011e+02
-3.697649999999999864e+02
-3.567712000000000216e+02
-3.593700000000000045e+02
-3.812737000000000194e+02
-3.701363000000000056e+02
-3.805312999999999874e+02
-3.797887999999999806e+02
-3.682799999999999727e+02
-3.838725000000000023e+02
-3.749624999999999773e+02
-3.697649999999999864e+02
-3.853575000000000159e+02
-3.912975000000000136e+02
-3.820163000000000011e+02
-3.990937999999999874e+02
-3.994649999999999750e+02
-3.957524999999999977e+02
-3.849863000000000284e+02
-3.760763000000000034e+02
-3.809024999999999750e+02
-3.649388000000000147e+02
-3.270713000000000079e+02
-3.226161999999999921e+02
-3.411786999999999921e+02
-3.300412999999999784e+02
-3.222450000000000045e+02
-3.460049999999999955e+02
-3.281850000000000023e+02
-3.133349999999999795e+02
-3.259574999999999818e+02
-3.578849999999999909e+02
-3.370950000000000273e+02
-3.278138000000000147e+02
-3.396938000000000102e+02
-3.552862999999999829e+02
-3.452624999999999886e+02
-3.404361999999999853e+02
-3.504599999999999795e+02
-3.508312999999999988e+02
-3.541725000000000136e+02
-3.497174999999999727e+02
-3.437774999999999750e+02
-3.430350000000000250e+02
-3.422925000000000182e+02
-3.411786999999999921e+02
-3.367237999999999829e+02
-3.497174999999999727e+02
-3.627112000000000194e+02
-3.500887000000000171e+02
-3.541725000000000136e+02
-3.697649999999999864e+02
-3.530586999999999875e+02
-3.348675000000000068e+02
-3.742200000000000273e+02
-3.549150000000000205e+02
-3.430350000000000250e+02
-3.530586999999999875e+02
-3.601125000000000114e+02
-3.489750000000000227e+02
-3.630824999999999818e+02
-3.586274999999999977e+02
-3.552862999999999829e+02
-3.493462999999999852e+02
-3.567712000000000216e+02
-3.500887000000000171e+02
-3.486037999999999784e+02
-3.515738000000000056e+02
-3.333824999999999932e+02
-3.578849999999999909e+02
-3.441487000000000194e+02
-3.460049999999999955e+02
-3.504599999999999795e+02
-3.615975000000000250e+02
-3.500887000000000171e+02
-3.493462999999999852e+02
-3.701363000000000056e+02
-3.452624999999999886e+02
-3.645674999999999955e+02
-3.452624999999999886e+02
-3.415500000000000114e+02
-3.608550000000000182e+02
-3.623399999999999750e+02
-3.400649999999999977e+02
-3.463763000000000147e+02
-3.627112000000000194e+02
-3.456338000000000079e+02
-3.586274999999999977e+02
-3.708788000000000125e+02
-3.519449999999999932e+02
-3.619687999999999874e+02
-3.719925000000000068e+02
-3.575138000000000034e+02
-3.764474999999999909e+02
-3.719925000000000068e+02
-3.482325000000000159e+02
-3.523163000000000125e+02
-3.823874999999999886e+02
-3.757049999999999841e+02
-3.708788000000000125e+02
-3.842436999999999898e+02
-3.771899999999999977e+02
-3.526875000000000000e+02
-3.530586999999999875e+02
-3.671662999999999784e+02
-3.623399999999999750e+02
-3.604837999999999738e+02
-3.686512000000000171e+02
-3.486037999999999784e+02
-3.415500000000000114e+02
