2.918113999999999919e+02
2.747334000000000174e+02
2.569128000000000043e+02
2.546853000000000122e+02
2.565416000000000167e+02
2.342658999999999878e+02
1.800618000000000052e+02
2.034512000000000000e+02
1.741216000000000008e+02
1.808043000000000120e+02
1.633549999999999898e+02
1.492470999999999890e+02
1.240013000000000005e+02
1.481332999999999913e+02
1.095220999999999947e+02
1.102646000000000015e+02
1.020969000000000051e+02
7.796487999999999374e+01
4.974902000000000157e+01
5.865928999999999860e+01
5.494668000000000063e+01
3.378477999999999781e+01
5.049154000000000053e+01
2.487451000000000079e+01
-3.712500000000000244e-01
4.826397000000000048e+00
1.744928000000000168e+01
1.113784000000000107e+00
2.338945999999999970e+01
2.970091000000000037e+00
-1.484999999999999964e+01
1.076657999999999937e+01
-2.301749999999999829e+01
-2.598750000000000071e+01
-4.269375000000000142e+01
-5.049000000000000199e+01
-2.932874999999999943e+01
-4.640625000000000000e+01
-7.759125000000000227e+01
-9.095624999999999716e+01
-5.828625000000000256e+01
-9.689624999999999488e+01
-8.612999999999999545e+01
-8.575875000000000625e+01
-1.184287000000000063e+02
-1.269675000000000011e+02
-1.117463000000000051e+02
-1.384763000000000090e+02
-1.804275000000000091e+02
-1.741162999999999954e+02
-1.581525000000000034e+02
-1.618650000000000091e+02
-1.633499999999999943e+02
-1.730024999999999977e+02
-1.852538000000000125e+02
-1.741162999999999954e+02
-1.930500000000000114e+02
-1.915649999999999977e+02
-1.963913000000000011e+02
-2.153249999999999886e+02
-1.841399999999999864e+02
-1.911938000000000102e+02
-2.060437000000000012e+02
-2.283188000000000102e+02
-2.212649999999999864e+02
-2.127263000000000090e+02
-2.164387999999999863e+02
-2.179238000000000000e+02
-2.164387999999999863e+02
-2.320312999999999874e+02
-2.264625000000000057e+02
-2.197800000000000011e+02
-2.505937999999999874e+02
-2.420550000000000068e+02
-2.260911999999999864e+02
-2.431687000000000012e+02
-2.520788000000000011e+02
-2.309174999999999898e+02
-2.595038000000000125e+02
-2.442824999999999989e+02
-2.520788000000000011e+02
-2.479950000000000045e+02
-2.702699999999999818e+02
-2.591324999999999932e+02
-2.535637999999999863e+02
-2.650724999999999909e+02
-2.695274999999999750e+02
-2.602461999999999875e+02
-2.606175000000000068e+02
-2.773238000000000056e+02
-2.806650000000000205e+02
-2.769524999999999864e+02
-2.773238000000000056e+02
-2.940299999999999727e+02
-2.880899999999999750e+02
-2.944012000000000171e+02
-3.025688000000000102e+02
-3.237300000000000182e+02
-3.344961999999999875e+02
-3.233587999999999738e+02
-3.255862000000000194e+02
-3.118500000000000227e+02
-3.252149999999999750e+02
-3.378374999999999773e+02
-3.289275000000000091e+02
-3.601125000000000114e+02
-3.738487999999999829e+02
-3.463763000000000147e+02
-3.597411999999999921e+02
-3.738487999999999829e+02
-3.623399999999999750e+02
-3.604837999999999738e+02
-3.879562999999999988e+02
-3.690224999999999795e+02
-3.749624999999999773e+02
-3.994649999999999750e+02
-3.757049999999999841e+02
-3.950099999999999909e+02
-4.028061999999999898e+02
-3.879562999999999988e+02
-4.328774999999999977e+02
-4.332486999999999853e+02
-4.169137999999999806e+02
-4.191413000000000011e+02
-4.299075000000000273e+02
-4.224825000000000159e+02
-4.651763000000000261e+02
-4.417875000000000227e+02
-4.154286999999999921e+02
-4.120874999999999773e+02
-4.124587000000000216e+02
-4.091175000000000068e+02
-4.273086999999999875e+02
-4.265663000000000125e+02
-3.938962000000000216e+02
-4.206263000000000147e+02
-4.425299999999999727e+02
-4.336200000000000045e+02
-4.291650000000000205e+02
-4.380749999999999886e+02
-4.276800000000000068e+02
-4.480987999999999829e+02
-4.648050000000000068e+02
-4.714875000000000114e+02
-4.696313000000000102e+02
-4.881938000000000102e+02
-4.803974999999999795e+02
-4.584936999999999898e+02
-4.933913000000000011e+02
-4.614637000000000171e+02
-4.458711999999999875e+02
-4.748288000000000011e+02
-4.792837999999999852e+02
-4.748288000000000011e+02
-4.926487000000000194e+02
-4.818824999999999932e+02
-4.247099999999999795e+02
-4.480987999999999829e+02
-4.124587000000000216e+02
-4.273086999999999875e+02
-4.313924999999999841e+02
-4.429012000000000171e+02
-4.302787000000000148e+02
-4.495837000000000216e+02
-4.076324999999999932e+02
-4.243387000000000171e+02
-4.217400000000000091e+02
-4.094886999999999944e+02
-4.291650000000000205e+02
-4.295362999999999829e+02
-4.295362999999999829e+02
-4.191413000000000011e+02
-4.336200000000000045e+02
-4.295362999999999829e+02
-4.202549999999999955e+02
-4.644336999999999875e+02
-4.054049999999999727e+02
-3.950099999999999909e+02
-4.436437999999999988e+02
-4.339911999999999921e+02
-3.842436999999999898e+02
-4.050337999999999852e+02
-3.861000000000000227e+02
-3.775611999999999853e+02
-4.158000000000000114e+02
-3.987225000000000250e+02
-4.124587000000000216e+02
-4.306499999999999773e+02
-4.024350000000000023e+02
-3.742200000000000273e+02
-3.968661999999999921e+02
-3.794175000000000182e+02
-3.719925000000000068e+02
-3.961236999999999853e+02
-3.972375000000000114e+02
-3.753337000000000216e+02
-3.905550000000000068e+02
-3.879562999999999988e+02
-4.083750000000000000e+02
-4.072613000000000056e+02
-4.202549999999999955e+02
-4.113450000000000273e+02
-4.024350000000000023e+02
-4.158000000000000114e+02
-4.261949999999999932e+02
-4.076324999999999932e+02
-4.180274999999999750e+02
-4.106025000000000205e+02
-4.191413000000000011e+02
-4.436437999999999988e+02
-4.269375000000000000e+02
-4.443863000000000056e+02
-4.369612000000000194e+02
-4.143149999999999977e+02
-3.861000000000000227e+02
-3.731062999999999761e+02
-3.615975000000000250e+02
-3.538011999999999944e+02
-3.660525000000000091e+02
-3.760763000000000034e+02
-3.638249999999999886e+02
-3.697649999999999864e+02
-3.794175000000000182e+02
-3.582563000000000102e+02
-3.868424999999999727e+02
-3.489750000000000227e+02
-3.512024999999999864e+02
-3.526875000000000000e+02
-3.426637999999999806e+02
-3.608550000000000182e+02
-3.586274999999999977e+02
-3.508312999999999988e+02
-3.675375000000000227e+02
-3.675375000000000227e+02
-3.675375000000000227e+02
-3.757049999999999841e+02
-3.957524999999999977e+02
-3.775611999999999853e+02
-3.593700000000000045e+02
-3.723636999999999944e+02
-3.905550000000000068e+02
-3.760763000000000034e+02
-4.050337999999999852e+02
-3.886988000000000056e+02
-3.950099999999999909e+02
-3.957524999999999977e+02
-4.098600000000000136e+02
-3.976087999999999738e+02
-3.849863000000000284e+02
-4.002074999999999818e+02
-4.050337999999999852e+02
-4.080038000000000125e+02
-3.571424999999999841e+02
-3.575138000000000034e+02
-3.649388000000000147e+02
-3.742200000000000273e+02
-3.489750000000000227e+02
-3.563999999999999773e+02
-3.697649999999999864e+02
-3.519449999999999932e+02
-3.571424999999999841e+02
-3.597411999999999921e+02
-3.504599999999999795e+02
-3.679087999999999852e+02
-3.148199999999999932e+02
-2.847486999999999853e+02
-3.081374999999999886e+02
-3.096225000000000023e+02
-2.828924999999999841e+02
-3.077663000000000011e+02
-3.099936999999999898e+02
-3.036825000000000045e+02
-3.073949999999999818e+02
-3.159336999999999875e+02
-3.040536999999999921e+02
-3.233587999999999738e+02
-3.393224999999999909e+02
-3.192749999999999773e+02
-3.218736999999999853e+02
-3.185325000000000273e+02
-3.415500000000000114e+02
-3.263288000000000011e+02
-3.281850000000000023e+02
-3.166761999999999944e+02
-3.393224999999999909e+02
-3.174187999999999761e+02
-3.274424999999999955e+02
-3.352386999999999944e+02
-3.411786999999999921e+02
-3.229875000000000114e+02
-3.419212999999999738e+02
-3.285561999999999898e+02
-3.292988000000000284e+02
-3.523163000000000125e+02
-3.589986999999999853e+02
-3.408075000000000045e+02
-3.322687999999999988e+02
-3.426637999999999806e+02
-3.285561999999999898e+02
-3.010837000000000216e+02
-3.107363000000000284e+02
-3.111075000000000159e+02
-3.085088000000000079e+02
-3.107363000000000284e+02
-3.036825000000000045e+02
-3.029399999999999977e+02
-3.010837000000000216e+02
-2.921738000000000284e+02
-2.847486999999999853e+02
-2.910600000000000023e+02
-3.040536999999999921e+02
-2.895749999999999886e+02
-3.081374999999999886e+02
-2.925450000000000159e+02
-3.073949999999999818e+02
-3.051675000000000182e+02
-2.977425000000000068e+02
-2.944012000000000171e+02
-3.226161999999999921e+02
-3.307837999999999852e+02
-3.092513000000000147e+02
-3.285561999999999898e+02
-3.140774999999999864e+02
-3.189037000000000148e+02
-3.356100000000000136e+02
-3.330113000000000056e+02
-3.259574999999999818e+02
-3.434062999999999874e+02
-3.452624999999999886e+02
-3.226161999999999921e+02
-3.318974999999999795e+02
-3.337538000000000125e+02
-3.025688000000000102e+02
-3.215024999999999977e+02
-3.033111999999999853e+02
-3.040536999999999921e+02
-3.196462000000000216e+02
-3.170475000000000136e+02
-3.266999999999999886e+02
-3.248437999999999874e+02
-2.992275000000000205e+02
-2.788086999999999875e+02
-2.802937999999999761e+02
-2.992275000000000205e+02
-3.092513000000000147e+02
-3.036825000000000045e+02
-3.192749999999999773e+02
-3.125924999999999727e+02
-3.181612999999999829e+02
-3.107363000000000284e+02
-2.843774999999999977e+02
-3.248437999999999874e+02
-3.185325000000000273e+02
-2.995987999999999829e+02
-3.140774999999999864e+02
-3.200174999999999841e+02
-3.096225000000000023e+02
-3.177900000000000205e+02
-3.077663000000000011e+02
-3.155625000000000000e+02
-3.241012999999999806e+02
-3.174187999999999761e+02
-3.196462000000000216e+02
-3.211313000000000102e+02
-3.285561999999999898e+02
-3.207599999999999909e+02
-3.337538000000000125e+02
-3.200174999999999841e+02
-3.189037000000000148e+02
-3.285561999999999898e+02
-3.419212999999999738e+02
-3.322687999999999988e+02
-3.445199999999999818e+02
-3.374662000000000148e+02
-3.378374999999999773e+02
-3.482325000000000159e+02
-3.252149999999999750e+02
-3.259574999999999818e+02
-3.437774999999999750e+02
-3.382087000000000216e+02
-3.292988000000000284e+02
-3.538011999999999944e+02
-3.541725000000000136e+02
-3.500887000000000171e+02
-3.292988000000000284e+02
-3.252149999999999750e+02
-3.326399999999999864e+02
-3.378374999999999773e+02
-3.114787999999999784e+02
-2.724975000000000023e+02
-2.892038000000000011e+02
-3.099936999999999898e+02
-2.732400000000000091e+02
-3.021974999999999909e+02
-3.003412000000000148e+02
-2.903174999999999955e+02
-2.936587999999999852e+02
-3.073949999999999818e+02
-2.895749999999999886e+02
-2.814075000000000273e+02
-3.133349999999999795e+02
-3.118500000000000227e+02
-3.092513000000000147e+02
-3.047962999999999738e+02
-3.125924999999999727e+02
-3.177900000000000205e+02
-2.970000000000000000e+02
-3.062812999999999874e+02
-3.207599999999999909e+02
-3.322687999999999988e+02
-3.047962999999999738e+02
-3.148199999999999932e+02
