-1.017224999999999966e+02
-1.373625000000000114e+02
-1.644636999999999887e+02
-1.451588000000000136e+02
-1.882238000000000113e+02
-1.830261999999999887e+02
-1.941638000000000090e+02
-2.030737000000000023e+02
-1.978762999999999863e+02
-2.123549999999999898e+02
-1.911938000000000102e+02
-2.253488000000000113e+02
-2.268337999999999965e+02
-1.982475000000000023e+02
-2.298037999999999954e+02
-2.442824999999999989e+02
-2.075286999999999864e+02
-2.453962999999999965e+02
-2.650724999999999909e+02
-2.814075000000000273e+02
-2.970000000000000000e+02
-2.895749999999999886e+02
-2.665575000000000045e+02
-2.776949999999999932e+02
-2.955149999999999864e+02
-2.814075000000000273e+02
-3.059100000000000250e+02
-3.352386999999999944e+02
-3.125924999999999727e+02
-3.189037000000000148e+02
-2.944012000000000171e+02
-3.151913000000000125e+02
-3.322687999999999988e+02
-3.333824999999999932e+02
-3.189037000000000148e+02
-3.545437999999999761e+02
-3.857287999999999784e+02
-3.304125000000000227e+02
-3.578849999999999909e+02
-3.883274999999999864e+02
-3.619687999999999874e+02
-3.775611999999999853e+02
-3.894413000000000125e+02
-3.901836999999999875e+02
-3.734775000000000205e+02
-3.757049999999999841e+02
-3.437774999999999750e+02
-3.712500000000000000e+02
-3.886988000000000056e+02
-3.597411999999999921e+02
-3.816449999999999818e+02
-4.154286999999999921e+02
-3.968661999999999921e+02
-3.964950000000000045e+02
-4.388174999999999955e+02
-4.287937999999999761e+02
-4.358475000000000250e+02
-4.235962999999999852e+02
-4.284225000000000136e+02
-4.618349999999999795e+02
-4.280511999999999944e+02
-4.365899999999999750e+02
-4.469850000000000136e+02
-4.581225000000000023e+02
-4.313924999999999841e+02
-4.659187999999999761e+02
-4.867087000000000216e+02
-4.555237000000000194e+02
-4.518111999999999853e+02
-4.841100000000000136e+02
-4.874513000000000034e+02
-4.933913000000000011e+02
-5.275462999999999738e+02
-5.086125000000000114e+02
-4.867087000000000216e+02
-5.045287000000000148e+02
-5.060138000000000034e+02
-5.004449999999999932e+02
-5.078700000000000045e+02
-4.800262000000000171e+02
-4.855950000000000273e+02
-5.097262999999999806e+02
-5.219774999999999636e+02
-5.078700000000000045e+02
-5.208637999999999693e+02
-5.297736999999999625e+02
-5.464800000000000182e+02
-5.587313000000000329e+02
-5.520488000000000284e+02
-5.750662999999999556e+02
-5.932575000000000500e+02
-5.754375000000000000e+02
-5.810062000000000353e+02
-6.095924999999999727e+02
-5.810062000000000353e+02
-5.713537999999999784e+02
-5.587313000000000329e+02
-5.483361999999999625e+02
-5.427675000000000409e+02
-5.706113000000000284e+02
-5.561325000000000500e+02
-5.535338000000000420e+02
-5.732100000000000364e+02
-5.858324999999999818e+02
-5.665275000000000318e+02
-5.895449999999999591e+02
-6.040236999999999625e+02
-5.487074999999999818e+02
-5.282888000000000375e+02
-5.412825000000000273e+02
-5.308875000000000455e+02
-5.635575000000000045e+02
-5.379412999999999556e+02
-5.364561999999999671e+02
-5.617011999999999716e+02
-5.542762000000000171e+02
-5.646712999999999738e+02
-5.694974999999999454e+02
-5.576174999999999500e+02
-5.743237000000000307e+02
-5.847187999999999874e+02
-5.709824999999999591e+02
-5.539049999999999727e+02
-5.628150000000000546e+02
-5.828624999999999545e+02
-5.754375000000000000e+02
-5.672699999999999818e+02
-6.125625000000000000e+02
-5.810062000000000353e+02
-6.014249999999999545e+02
-6.003112999999999602e+02
-6.166462000000000216e+02
-5.888025000000000091e+02
-5.665275000000000318e+02
-5.167799999999999727e+02
-5.357137000000000171e+02
-5.501924999999999955e+02
-5.208637999999999693e+02
-5.134388000000000147e+02
-5.449950000000000045e+02
-5.242050000000000409e+02
-5.320013000000000147e+02
-5.249474999999999909e+02
-5.126961999999999762e+02
-5.186362000000000307e+02
-5.134388000000000147e+02
-5.026725000000000136e+02
-5.045287000000000148e+02
-5.060138000000000034e+02
-4.985887000000000171e+02
-4.900500000000000114e+02
-5.089837999999999738e+02
-4.985887000000000171e+02
-5.045287000000000148e+02
-4.818824999999999932e+02
-4.952475000000000023e+02
-5.086125000000000114e+02
-5.071274999999999977e+02
-4.945049999999999955e+02
-5.160375000000000227e+02
-5.212350000000000136e+02
-5.134388000000000147e+02
-5.123250000000000455e+02
-5.208637999999999693e+02
-5.052712000000000216e+02
-5.227200000000000273e+02
-5.394262999999999693e+02
-5.182649999999999864e+02
-5.342287999999999784e+02
-5.568750000000000000e+02
-5.431386999999999716e+02
-5.401688000000000329e+02
-5.687549999999999955e+02
-5.397975000000000136e+02
-5.401688000000000329e+02
-5.531625000000000227e+02
-5.453663000000000238e+02
-5.397975000000000136e+02
-5.617011999999999716e+02
-5.650425000000000182e+02
-5.565037999999999556e+02
-5.754375000000000000e+02
-5.535338000000000420e+02
-5.865750000000000455e+02
-5.739524999999999864e+02
-5.294025000000000318e+02
-4.926487000000000194e+02
-4.971037999999999784e+02
-4.785412999999999784e+02
-5.026725000000000136e+02
-5.175225000000000364e+02
-5.082411999999999921e+02
-5.301449999999999818e+02
-5.019300000000000068e+02
-4.952475000000000023e+02
-4.978462999999999852e+02
-5.167799999999999727e+02
-4.904212999999999738e+02
-4.870799999999999841e+02
-5.334863000000000284e+02
-4.982174999999999727e+02
-5.071274999999999977e+02
-5.171512000000000171e+02
-5.275462999999999738e+02
-5.219774999999999636e+02
-5.271749999999999545e+02
-5.037862999999999829e+02
-4.852237999999999829e+02
-4.907925000000000182e+02
-4.952475000000000023e+02
-4.963613000000000284e+02
-4.915350000000000250e+02
-4.963613000000000284e+02
-4.811399999999999864e+02
-4.881938000000000102e+02
-4.629488000000000056e+02
-4.874513000000000034e+02
-5.060138000000000034e+02
-4.941338000000000079e+02
-4.874513000000000034e+02
-4.971037999999999784e+02
-4.989599999999999795e+02
-4.971037999999999784e+02
-4.967325000000000159e+02
-4.907925000000000182e+02
-4.633199999999999932e+02
-4.855950000000000273e+02
-4.781700000000000159e+02
-4.807687999999999988e+02
-5.048999999999999773e+02
-5.067563000000000102e+02
-4.971037999999999784e+02
-5.115824999999999818e+02
-5.037862999999999829e+02
-4.893075000000000045e+02
-4.959900000000000091e+02
-5.019300000000000068e+02
-4.867087000000000216e+02
-5.045287000000000148e+02
-5.141812999999999647e+02
-5.030437999999999761e+02
-5.056424999999999841e+02
-4.993312999999999988e+02
-4.963613000000000284e+02
-5.034150000000000205e+02
-4.848525000000000205e+02
-4.915350000000000250e+02
-4.911637999999999806e+02
-4.985887000000000171e+02
-4.870799999999999841e+02
-4.711161999999999921e+02
-4.573799999999999955e+02
-4.662900000000000205e+02
-4.551524999999999750e+02
-4.718587999999999738e+02
-4.688888000000000034e+02
-4.696313000000000102e+02
-4.655475000000000136e+02
-4.599787999999999784e+02
-4.737149999999999750e+02
-4.737149999999999750e+02
-4.581225000000000023e+02
-4.722300000000000182e+02
-4.777988000000000284e+02
-4.614637000000000171e+02
-4.640625000000000000e+02
-4.789125000000000227e+02
-4.666612999999999829e+02
-4.744574999999999818e+02
-4.651763000000000261e+02
-4.655475000000000136e+02
-4.785412999999999784e+02
-4.956186999999999898e+02
-4.614637000000000171e+02
-5.093550000000000182e+02
-4.859662000000000148e+02
-4.529250000000000114e+02
-4.815113000000000056e+02
-5.100975000000000250e+02
-4.573799999999999955e+02
-4.692599999999999909e+02
-4.674037000000000148e+02
-4.711161999999999921e+02
-4.826250000000000000e+02
-4.829961999999999875e+02
-4.703736999999999853e+02
-4.815113000000000056e+02
-4.655475000000000136e+02
-4.566374999999999886e+02
-4.551524999999999750e+02
-4.829961999999999875e+02
-4.748288000000000011e+02
-4.443863000000000056e+02
-4.770561999999999898e+02
-4.763138000000000147e+02
-4.644336999999999875e+02
-4.826250000000000000e+02
-4.477275000000000205e+02
-4.544100000000000250e+02
-4.388174999999999955e+02
-4.287937999999999761e+02
-4.436437999999999988e+02
-4.688888000000000034e+02
-4.551524999999999750e+02
-4.462425000000000068e+02
-4.718587999999999738e+02
-4.577513000000000147e+02
-4.425299999999999727e+02
-4.592363000000000284e+02
-4.336200000000000045e+02
-4.202549999999999955e+02
-4.265663000000000125e+02
-4.306499999999999773e+02
-4.221113000000000284e+02
-4.343625000000000114e+02
-4.258238000000000056e+02
-4.209975000000000023e+02
-4.373324999999999818e+02
-4.443863000000000056e+02
-4.325063000000000102e+02
-4.547812999999999874e+02
-4.436437999999999988e+02
-4.302787000000000148e+02
-4.317638000000000034e+02
-4.395600000000000023e+02
-4.328774999999999977e+02
-4.321349999999999909e+02
-4.343625000000000114e+02
-4.466138000000000261e+02
-4.399311999999999898e+02
-4.195124999999999886e+02
-4.217400000000000091e+02
-4.455000000000000000e+02
-4.295362999999999829e+02
-4.328774999999999977e+02
-4.365899999999999750e+02
-4.540387999999999806e+02
-4.295362999999999829e+02
-4.440149999999999864e+02
-4.332486999999999853e+02
-4.391888000000000147e+02
-4.573799999999999955e+02
-4.718587999999999738e+02
-4.544100000000000250e+02
-4.473562999999999761e+02
-4.518111999999999853e+02
-4.373324999999999818e+02
-4.573799999999999955e+02
-4.618349999999999795e+02
-4.373324999999999818e+02
-4.514399999999999977e+02
-4.529250000000000114e+02
-4.358475000000000250e+02
-4.395600000000000023e+02
-4.455000000000000000e+02
-4.391888000000000147e+02
-4.455000000000000000e+02
-4.506974999999999909e+02
-4.492124999999999773e+02
-4.648050000000000068e+02
-4.514399999999999977e+02
-4.514399999999999977e+02
-4.573799999999999955e+02
-4.499549999999999841e+02
-4.555237000000000194e+02
-4.469850000000000136e+02
-4.406738000000000284e+02
-4.458711999999999875e+02
-4.677749999999999773e+02
-4.395600000000000023e+02
-4.117162000000000148e+02
-4.503263000000000034e+02
-4.395600000000000023e+02
-4.269375000000000000e+02
-4.328774999999999977e+02
-4.432724999999999795e+02
-4.239674999999999727e+02
-4.313924999999999841e+02
-4.280511999999999944e+02
-4.187699999999999818e+02
-4.373324999999999818e+02
-4.310212000000000216e+02
-4.284225000000000136e+02
-4.521825000000000045e+02
-4.410450000000000159e+02
-4.247099999999999795e+02
-4.291650000000000205e+02
-4.228537999999999784e+02
-4.091175000000000068e+02
-4.135724999999999909e+02
-4.302787000000000148e+02
-4.172850000000000250e+02
-4.150575000000000045e+02
-4.143149999999999977e+02
-4.202549999999999955e+02
-4.239674999999999727e+02
-4.235962999999999852e+02
-4.180274999999999750e+02
-4.206263000000000147e+02
-4.295362999999999829e+02
-4.061474999999999795e+02
-4.094886999999999944e+02
-4.306499999999999773e+02
-3.976087999999999738e+02
-4.016924999999999955e+02
-4.250812999999999988e+02
-4.287937999999999761e+02
-4.395600000000000023e+02
-4.243387000000000171e+02
-4.284225000000000136e+02
-4.235962999999999852e+02
-4.276800000000000068e+02
