3.601234999999999786e+01
1.225162000000000084e+01
-2.598749999999999893e+00
0.000000000000000000e+00
-3.526874999999999716e+01
-3.972375000000000256e+01
-4.306499999999999773e+01
-5.160374999999999801e+01
-4.863374999999999915e+01
-5.977125000000000199e+01
-4.937624999999999886e+01
-7.647750000000000625e+01
-6.348375000000000057e+01
-8.130374999999999375e+01
-6.051375000000000171e+01
-6.793874999999999886e+01
-8.427375000000000682e+01
-1.091474999999999937e+02
-9.912375000000000114e+01
-1.225125000000000028e+02
-1.184287000000000063e+02
-1.106324999999999932e+02
-1.358774999999999977e+02
-1.355063000000000102e+02
-1.399612999999999943e+02
-1.644636999999999887e+02
-1.525837999999999965e+02
-1.678050000000000068e+02
-1.588950000000000102e+02
-1.536974999999999909e+02
-1.652062999999999988e+02
-1.622363000000000000e+02
-1.826550000000000011e+02
-1.611225000000000023e+02
-1.949062999999999874e+02
-1.822838000000000136e+02
-1.975049999999999955e+02
-1.867387999999999977e+02
-2.168100000000000023e+02
-2.104987000000000137e+02
-2.413125000000000000e+02
-2.450250000000000057e+02
-2.153249999999999886e+02
-2.524499999999999886e+02
-2.710124999999999886e+02
-2.791800000000000068e+02
-2.866050000000000182e+02
-2.736113000000000284e+02
-2.799225000000000136e+02
-2.873475000000000250e+02
-3.144488000000000056e+02
-2.728686999999999898e+02
-2.769524999999999864e+02
-3.003412000000000148e+02
-3.062812999999999874e+02
-2.995987999999999829e+02
-3.018263000000000034e+02
-2.955149999999999864e+02
-3.014549999999999841e+02
-3.007124999999999773e+02
-2.810362999999999829e+02
-2.784375000000000000e+02
-3.207599999999999909e+02
-3.211313000000000102e+02
-3.129637000000000171e+02
-3.296700000000000159e+02
-3.244725000000000250e+02
-3.155625000000000000e+02
-3.263288000000000011e+02
-3.125924999999999727e+02
-3.081374999999999886e+02
-3.382087000000000216e+02
-3.163050000000000068e+02
-3.241012999999999806e+02
-3.274424999999999955e+02
-3.445199999999999818e+02
-3.434062999999999874e+02
-3.434062999999999874e+02
-3.556575000000000273e+02
-3.467475000000000023e+02
-3.619687999999999874e+02
-3.560287000000000148e+02
-3.608550000000000182e+02
-3.615975000000000250e+02
-2.795511999999999944e+02
-2.465099999999999909e+02
-2.721263000000000147e+02
-2.479950000000000045e+02
-2.509650000000000034e+02
-2.442824999999999989e+02
-2.424262999999999977e+02
-2.387136999999999887e+02
-2.587613000000000056e+02
-2.350012999999999863e+02
-2.401987000000000023e+02
-2.569049999999999727e+02
-2.502224999999999966e+02
-2.591324999999999932e+02
-2.598750000000000000e+02
-2.550488000000000000e+02
-2.595038000000000125e+02
-2.465099999999999909e+02
-2.342588000000000079e+02
-2.621025000000000205e+02
-2.502224999999999966e+02
-2.561625000000000227e+02
-2.494799999999999898e+02
-2.557913000000000068e+02
-2.736113000000000284e+02
-2.576474999999999795e+02
-2.505937999999999874e+02
-2.561625000000000227e+02
-2.498513000000000090e+02
-2.866050000000000182e+02
-2.721263000000000147e+02
-2.550488000000000000e+02
-2.832638000000000034e+02
-2.825212000000000216e+02
-2.628450000000000273e+02
-2.951437000000000239e+02
-3.207599999999999909e+02
-3.181612999999999829e+02
-2.951437000000000239e+02
-3.222450000000000045e+02
-2.966288000000000125e+02
-3.088799999999999955e+02
-3.144488000000000056e+02
-3.163050000000000068e+02
-3.222450000000000045e+02
-3.099936999999999898e+02
-3.140774999999999864e+02
-3.400649999999999977e+02
-3.359812999999999761e+02
-3.081374999999999886e+02
-3.255862000000000194e+02
-3.582563000000000102e+02
-3.129637000000000171e+02
-3.248437999999999874e+02
-3.266999999999999886e+02
-2.828924999999999841e+02
-3.318974999999999795e+02
-3.244725000000000250e+02
-3.252149999999999750e+02
-3.252149999999999750e+02
-3.486037999999999784e+02
-3.415500000000000114e+02
-3.448913000000000011e+02
-3.641963000000000079e+02
-3.460049999999999955e+02
-3.426637999999999806e+02
-3.582563000000000102e+02
-3.322687999999999988e+02
-3.460049999999999955e+02
-3.667950000000000159e+02
-3.519449999999999932e+02
-2.461387000000000000e+02
-2.268337999999999965e+02
-2.142112999999999943e+02
-2.119836999999999989e+02
-2.327737999999999943e+02
-2.179238000000000000e+02
-2.216362000000000023e+02
-2.405699999999999932e+02
-2.357437999999999931e+02
-2.160674999999999955e+02
-1.986187999999999931e+02
-1.874812000000000012e+02
-1.718887000000000000e+02
-1.796850000000000023e+02
-1.919362000000000137e+02
-1.811699999999999875e+02
-1.934211999999999989e+02
-1.744875000000000114e+02
-1.600088000000000079e+02
-1.707750000000000057e+02
-1.696613000000000113e+02
-1.952775000000000034e+02
-1.889661999999999864e+02
-1.770862999999999943e+02
-1.937924999999999898e+02
-1.796850000000000023e+02
-1.807988000000000000e+02
-1.756013000000000090e+02
-1.952775000000000034e+02
-1.596374999999999886e+02
-1.819124999999999943e+02
-1.863675000000000068e+02
-1.815412000000000035e+02
-1.830261999999999887e+02
-1.975049999999999955e+02
-1.904512000000000000e+02
-1.960200000000000102e+02
-1.800562999999999931e+02
-1.874812000000000012e+02
-1.841399999999999864e+02
-1.893375000000000057e+02
-2.019600000000000080e+02
-1.759724999999999966e+02
-1.885949999999999989e+02
-1.937924999999999898e+02
-1.904512000000000000e+02
-1.796850000000000023e+02
-1.885949999999999989e+02
-1.718887000000000000e+02
-1.841399999999999864e+02
-1.704036999999999864e+02
-1.941638000000000090e+02
-2.082712999999999965e+02
-1.752299999999999898e+02
-1.941638000000000090e+02
-1.919362000000000137e+02
-1.871100000000000136e+02
-1.993613000000000000e+02
-2.038163000000000125e+02
-1.952775000000000034e+02
-1.986187999999999931e+02
-2.223788000000000125e+02
-2.331450000000000102e+02
-2.116125000000000114e+02
-2.197800000000000011e+02
-2.156963000000000079e+02
-2.127263000000000090e+02
-2.242350000000000136e+02
-2.220074999999999932e+02
-2.301750000000000114e+02
-2.305461999999999989e+02
-2.405699999999999932e+02
-2.264625000000000057e+02
-2.305461999999999989e+02
-2.216362000000000023e+02
-1.763437999999999874e+02
-1.759724999999999966e+02
-1.882238000000000113e+02
-1.692899999999999920e+02
-1.837687999999999988e+02
-1.911938000000000102e+02
-1.640925000000000011e+02
-1.882238000000000113e+02
-2.012175000000000011e+02
-1.522125000000000057e+02
-1.611225000000000023e+02
-1.848824999999999932e+02
-1.622363000000000000e+02
-1.748586999999999989e+02
-1.971338000000000079e+02
-1.819124999999999943e+02
-1.737450000000000045e+02
-1.707750000000000057e+02
-1.648350000000000080e+02
-1.674336999999999875e+02
-1.885949999999999989e+02
-1.726313000000000102e+02
-1.819124999999999943e+02
-1.982475000000000023e+02
-1.685475000000000136e+02
-1.652062999999999988e+02
-1.748586999999999989e+02
-1.774575000000000102e+02
-1.585237999999999943e+02
-1.715175000000000125e+02
-1.655774999999999864e+02
-1.373625000000000114e+02
-1.470149999999999864e+02
-1.477574999999999932e+02
-1.652062999999999988e+02
-1.726313000000000102e+02
-1.592663000000000011e+02
-1.566674999999999898e+02
-1.692899999999999920e+02
-1.288237000000000023e+02
-1.577812999999999874e+02
-1.548112000000000137e+02
-1.871100000000000136e+02
-1.577812999999999874e+02
-1.789424999999999955e+02
-1.622363000000000000e+02
-1.655774999999999864e+02
-1.588950000000000102e+02
-1.785713000000000079e+02
-1.629787000000000035e+02
-1.733737000000000137e+02
-1.796850000000000023e+02
-1.433025000000000091e+02
-1.878524999999999920e+02
-1.830261999999999887e+02
-1.789424999999999955e+02
-1.559250000000000114e+02
-1.897087999999999965e+02
-1.778288000000000011e+02
-1.845112000000000023e+02
-1.770862999999999943e+02
-1.848824999999999932e+02
-1.915649999999999977e+02
-1.748586999999999989e+02
-1.707750000000000057e+02
-1.778288000000000011e+02
-1.522125000000000057e+02
-1.670625000000000000e+02
-1.629787000000000035e+02
-1.789424999999999955e+02
-1.607512999999999863e+02
-1.930500000000000114e+02
-1.722599999999999909e+02
-1.852538000000000125e+02
-1.871100000000000136e+02
-1.848824999999999932e+02
-1.830261999999999887e+02
-1.908224999999999909e+02
-1.778288000000000011e+02
-1.837687999999999988e+02
-1.800562999999999931e+02
-1.785713000000000079e+02
-1.889661999999999864e+02
-1.830261999999999887e+02
-1.692899999999999920e+02
-1.785713000000000079e+02
-1.923075000000000045e+02
-1.833975000000000080e+02
-1.711462999999999965e+02
-2.067863000000000113e+02
-1.889661999999999864e+02
-1.852538000000000125e+02
-2.067863000000000113e+02
-1.926787999999999954e+02
-1.811699999999999875e+02
-2.067863000000000113e+02
-1.934211999999999989e+02
-1.633499999999999943e+02
-2.060437000000000012e+02
-1.937924999999999898e+02
-1.930500000000000114e+02
-2.119836999999999989e+02
-2.164387999999999863e+02
-2.260911999999999864e+02
-2.045586999999999875e+02
-2.142112999999999943e+02
-2.027024999999999864e+02
-2.090137000000000000e+02
-2.201511999999999887e+02
-2.071574999999999989e+02
-2.019600000000000080e+02
-2.201511999999999887e+02
-2.127263000000000090e+02
-2.249774999999999920e+02
-2.053012999999999977e+02
-2.067863000000000113e+02
-2.238637999999999977e+02
-2.324025000000000034e+02
-2.027024999999999864e+02
-2.257199999999999989e+02
-2.331450000000000102e+02
-2.175525000000000091e+02
-2.238637999999999977e+02
-2.194088000000000136e+02
-2.101274999999999977e+02
-2.246062000000000012e+02
-2.234925000000000068e+02
-1.993613000000000000e+02
-2.342588000000000079e+02
-2.283188000000000102e+02
-2.208937999999999988e+02
-2.153249999999999886e+02
-2.353725000000000023e+02
-2.260911999999999864e+02
-2.216362000000000023e+02
-2.249774999999999920e+02
-2.227500000000000000e+02
-2.186662000000000035e+02
-2.142112999999999943e+02
-2.156963000000000079e+02
-2.242350000000000136e+02
-2.324025000000000034e+02
-2.067863000000000113e+02
-2.071574999999999989e+02
-2.216362000000000023e+02
-2.060437000000000012e+02
-1.941638000000000090e+02
-2.142112999999999943e+02
-2.253488000000000113e+02
-2.257199999999999989e+02
-2.001037000000000035e+02
-2.093849999999999909e+02
-2.182949999999999875e+02
-2.079000000000000057e+02
-2.071574999999999989e+02
-2.142112999999999943e+02
-2.179238000000000000e+02
-2.045586999999999875e+02
-2.075286999999999864e+02
-2.001037000000000035e+02
-2.064149999999999920e+02
-2.142112999999999943e+02
-2.004749999999999943e+02
-2.064149999999999920e+02
-2.075286999999999864e+02
-1.882238000000000113e+02
-1.997324999999999875e+02
-1.982475000000000023e+02
-2.194088000000000136e+02
-2.130974999999999966e+02
-2.272050000000000125e+02
-2.082712999999999965e+02
-2.030737000000000023e+02
-2.279474999999999909e+02
-2.268337999999999965e+02
-2.001037000000000035e+02
-2.027024999999999864e+02
-2.134687999999999874e+02
-2.090137000000000000e+02
-2.097563000000000102e+02
-2.038163000000000125e+02
-2.041875000000000000e+02
