8.130622999999999934e+01
3.935370000000000346e+01
4.380883999999999645e+01
3.675486999999999682e+01
1.447918999999999912e+01
3.192847000000000079e+01
3.564108999999999838e+01
1.707801999999999865e+01
6.682704000000000200e+00
1.150910000000000011e+01
-2.041874999999999929e+01
5.940180999999999933e+00
-5.568749999999999645e+00
5.568920000000000314e+00
-1.485000000000000098e+00
-1.484999999999999964e+01
-1.782000000000000028e+01
-2.821499999999999986e+01
-3.267000000000000171e+01
-5.642999999999999972e+01
-4.529249999999999687e+01
-4.417875000000000085e+01
-7.647750000000000625e+01
-3.786749999999999972e+01
-7.128000000000000114e+01
-9.355500000000000682e+01
-5.197500000000000142e+01
-6.422624999999999318e+01
-8.538750000000000284e+01
-7.128000000000000114e+01
-6.682500000000000284e+01
-9.801000000000000512e+01
-8.501624999999999943e+01
-1.069200000000000017e+02
-1.076624999999999943e+02
-1.124887999999999977e+02
-1.180575000000000045e+02
-1.076624999999999943e+02
-9.801000000000000512e+01
-1.117463000000000051e+02
-1.392187999999999874e+02
-1.288237000000000023e+02
-1.206563000000000017e+02
-1.529550000000000125e+02
-1.425600000000000023e+02
-1.392187999999999874e+02
-1.544399999999999977e+02
-1.451588000000000136e+02
-1.429311999999999898e+02
-1.581525000000000034e+02
-1.562961999999999989e+02
-1.459011999999999887e+02
-1.637213000000000136e+02
-1.600088000000000079e+02
-1.522125000000000057e+02
-1.767150000000000034e+02
-1.648350000000000080e+02
-2.001037000000000035e+02
-1.963913000000000011e+02
-1.885949999999999989e+02
-1.815412000000000035e+02
-1.930500000000000114e+02
-1.833975000000000080e+02
-1.923075000000000045e+02
-1.919362000000000137e+02
-1.967624999999999886e+02
-1.945349999999999966e+02
-1.997324999999999875e+02
-2.071574999999999989e+02
-2.205225000000000080e+02
-2.387136999999999887e+02
-2.049300000000000068e+02
-1.978762999999999863e+02
-2.056725000000000136e+02
-2.246062000000000012e+02
-2.067863000000000113e+02
-2.104987000000000137e+02
-2.401987000000000023e+02
-2.465099999999999909e+02
-2.149538000000000011e+02
-2.353725000000000023e+02
-2.424262999999999977e+02
-2.387136999999999887e+02
-2.156963000000000079e+02
-2.390850000000000080e+02
-2.342588000000000079e+02
-2.539350000000000023e+02
-2.424262999999999977e+02
-2.546775000000000091e+02
-2.673000000000000114e+02
-2.401987000000000023e+02
-2.635874999999999773e+02
-2.583899999999999864e+02
-2.691562999999999874e+02
-2.899463000000000079e+02
-2.676712999999999738e+02
-2.747250000000000227e+02
-2.858625000000000114e+02
-2.687850000000000250e+02
-2.717549999999999955e+02
-2.821499999999999773e+02
-2.673000000000000114e+02
-2.773238000000000056e+02
-2.925450000000000159e+02
-2.836349999999999909e+02
-2.632162000000000148e+02
-2.557913000000000068e+02
-2.591324999999999932e+02
-2.762099999999999795e+02
-2.713838000000000079e+02
-2.639587000000000216e+02
-2.676712999999999738e+02
-2.791800000000000068e+02
-2.921738000000000284e+02
-2.791800000000000068e+02
-3.018263000000000034e+02
-3.047962999999999738e+02
-2.906888000000000147e+02
-2.921738000000000284e+02
-3.151913000000000125e+02
-3.055387999999999806e+02
-3.211313000000000102e+02
-2.966288000000000125e+02
-2.375999999999999943e+02
-2.680425000000000182e+02
-2.580187000000000239e+02
-2.509650000000000034e+02
-2.517075000000000102e+02
-2.632162000000000148e+02
-2.520788000000000011e+02
-2.698987000000000194e+02
-2.598750000000000000e+02
-2.739825000000000159e+02
-2.858625000000000114e+02
-2.450250000000000057e+02
-2.706413000000000011e+02
-2.981136999999999944e+02
-2.550488000000000000e+02
-2.687850000000000250e+02
-2.840063000000000102e+02
-2.958863000000000056e+02
-2.687850000000000250e+02
-2.643299999999999841e+02
-2.892038000000000011e+02
-3.111075000000000159e+02
-2.706413000000000011e+02
-2.892038000000000011e+02
-3.059100000000000250e+02
-3.029399999999999977e+02
-2.910600000000000023e+02
-2.743537999999999784e+02
-3.177900000000000205e+02
-3.092513000000000147e+02
-2.862337999999999738e+02
-3.200174999999999841e+02
-3.215024999999999977e+02
-3.185325000000000273e+02
-3.111075000000000159e+02
-3.062812999999999874e+02
-3.144488000000000056e+02
-3.155625000000000000e+02
-3.307837999999999852e+02
-3.215024999999999977e+02
-3.185325000000000273e+02
-3.241012999999999806e+02
-2.658149999999999977e+02
-2.817787000000000148e+02
-2.914311999999999898e+02
-2.914311999999999898e+02
-2.754674999999999727e+02
-2.721263000000000147e+02
-2.387136999999999887e+02
-2.324025000000000034e+02
-2.294325000000000045e+02
-2.424262999999999977e+02
-2.316599999999999966e+02
-2.550488000000000000e+02
-2.398274999999999864e+02
-2.483662999999999954e+02
-2.494799999999999898e+02
-2.491086999999999989e+02
-2.517075000000000102e+02
-2.572762000000000171e+02
-2.509650000000000034e+02
-2.587613000000000056e+02
-2.420550000000000068e+02
-2.472524999999999977e+02
-2.427975000000000136e+02
-2.572762000000000171e+02
-2.557913000000000068e+02
-2.713838000000000079e+02
-2.695274999999999750e+02
-2.784375000000000000e+02
-2.884612000000000194e+02
-2.877187999999999874e+02
-2.921738000000000284e+02
-2.817787000000000148e+02
-2.903174999999999955e+02
-2.910600000000000023e+02
-3.014549999999999841e+02
-2.799225000000000136e+02
-2.925450000000000159e+02
-2.784375000000000000e+02
-3.148199999999999932e+02
-2.892038000000000011e+02
-2.810362999999999829e+02
-2.921738000000000284e+02
-2.910600000000000023e+02
-2.357437999999999931e+02
-2.375999999999999943e+02
-2.353725000000000023e+02
-2.119836999999999989e+02
-2.409413000000000125e+02
-2.257199999999999989e+02
-2.182949999999999875e+02
-2.027024999999999864e+02
-2.186662000000000035e+02
-2.038163000000000125e+02
-2.227500000000000000e+02
-2.298037999999999954e+02
-2.156963000000000079e+02
-2.168100000000000023e+02
-2.375999999999999943e+02
-2.197800000000000011e+02
-2.223788000000000125e+02
-2.108700000000000045e+02
-2.071574999999999989e+02
-2.272050000000000125e+02
-2.260911999999999864e+02
-2.041875000000000000e+02
-2.123549999999999898e+02
-2.309174999999999898e+02
-2.108700000000000045e+02
-2.249774999999999920e+02
-2.286899999999999977e+02
-2.338874999999999886e+02
-2.424262999999999977e+02
-2.401987000000000023e+02
-2.134687999999999874e+02
-2.008463000000000136e+02
-2.290612000000000137e+02
-2.305461999999999989e+02
-2.045586999999999875e+02
-2.234925000000000068e+02
-2.231211999999999875e+02
-2.309174999999999898e+02
-2.290612000000000137e+02
-2.212649999999999864e+02
-2.108700000000000045e+02
-2.368574999999999875e+02
-2.301750000000000114e+02
-2.364863000000000000e+02
-2.342588000000000079e+02
-2.108700000000000045e+02
-2.264625000000000057e+02
-2.286899999999999977e+02
-2.179238000000000000e+02
-2.223788000000000125e+02
-2.327737999999999943e+02
-2.249774999999999920e+02
-2.450250000000000057e+02
-2.338874999999999886e+02
-2.234925000000000068e+02
-2.435399999999999920e+02
-2.617312999999999761e+02
-2.201511999999999887e+02
-2.531924999999999955e+02
-2.528213000000000079e+02
-2.286899999999999977e+02
-2.509650000000000034e+02
-2.420550000000000068e+02
-2.357437999999999931e+02
-2.427975000000000136e+02
-2.368574999999999875e+02
-2.401987000000000023e+02
-2.476237000000000137e+02
-2.483662999999999954e+02
-2.435399999999999920e+02
-2.557913000000000068e+02
-2.676712999999999738e+02
-2.405699999999999932e+02
-2.554199999999999875e+02
-2.698987000000000194e+02
-2.743537999999999784e+02
-2.609886999999999944e+02
-2.613600000000000136e+02
-2.661861999999999853e+02
-2.576474999999999795e+02
-2.494799999999999898e+02
-2.453962999999999965e+02
-2.595038000000000125e+02
-2.717549999999999955e+02
-2.650724999999999909e+02
-2.643299999999999841e+02
-2.810362999999999829e+02
-2.557913000000000068e+02
-2.695274999999999750e+02
-2.843774999999999977e+02
-2.602461999999999875e+02
-2.773238000000000056e+02
-2.995987999999999829e+02
-2.739825000000000159e+02
-2.695274999999999750e+02
-2.955149999999999864e+02
-2.673000000000000114e+02
-2.736113000000000284e+02
-2.981136999999999944e+02
-2.821499999999999773e+02
-2.676712999999999738e+02
-3.081374999999999886e+02
-2.921738000000000284e+02
-2.970000000000000000e+02
-3.029399999999999977e+02
-3.059100000000000250e+02
-3.281850000000000023e+02
-3.096225000000000023e+02
-3.159336999999999875e+02
-3.025688000000000102e+02
-3.077663000000000011e+02
-3.099936999999999898e+02
-3.010837000000000216e+02
-2.962574999999999932e+02
-2.932875000000000227e+02
-3.111075000000000159e+02
-3.300412999999999784e+02
-2.869762999999999806e+02
-3.133349999999999795e+02
-3.192749999999999773e+02
-2.981136999999999944e+02
-2.947724999999999795e+02
-3.129637000000000171e+02
-3.107363000000000284e+02
-3.062812999999999874e+02
-3.144488000000000056e+02
-3.096225000000000023e+02
-3.237300000000000182e+02
-3.396938000000000102e+02
-3.129637000000000171e+02
-2.684137999999999806e+02
-2.665575000000000045e+02
-2.598750000000000000e+02
-2.487375000000000114e+02
-2.658149999999999977e+02
-2.654438000000000102e+02
-2.598750000000000000e+02
-2.769524999999999864e+02
-2.435399999999999920e+02
-2.635874999999999773e+02
-2.717549999999999955e+02
-2.368574999999999875e+02
-2.494799999999999898e+02
-2.843774999999999977e+02
-2.383425000000000011e+02
-2.156963000000000079e+02
-2.654438000000000102e+02
-2.673000000000000114e+02
-2.647013000000000034e+02
-2.665575000000000045e+02
-2.583899999999999864e+02
-2.576474999999999795e+02
-2.572762000000000171e+02
-2.231211999999999875e+02
-2.505937999999999874e+02
-2.479950000000000045e+02
-2.424262999999999977e+02
-2.361150000000000091e+02
-2.520788000000000011e+02
-2.487375000000000114e+02
-2.524499999999999886e+02
-2.647013000000000034e+02
-2.591324999999999932e+02
-2.472524999999999977e+02
-2.650724999999999909e+02
-2.398274999999999864e+02
-2.587613000000000056e+02
-2.524499999999999886e+02
-2.624737999999999829e+02
-2.457675000000000125e+02
-2.673000000000000114e+02
-2.847486999999999853e+02
-2.479950000000000045e+02
-2.468813000000000102e+02
-2.483662999999999954e+02
-2.479950000000000045e+02
-2.598750000000000000e+02
-2.758387000000000171e+02
-2.602461999999999875e+02
-2.765812000000000239e+02
-2.632162000000000148e+02
-2.606175000000000068e+02
-2.565337999999999852e+02
-2.472524999999999977e+02
-2.479950000000000045e+02
-2.591324999999999932e+02
-2.517075000000000102e+02
-2.286899999999999977e+02
-2.350012999999999863e+02
-2.472524999999999977e+02
-2.309174999999999898e+02
-2.364863000000000000e+02
-2.498513000000000090e+02
-2.346299999999999955e+02
-2.220074999999999932e+02
-2.465099999999999909e+02
-2.324025000000000034e+02
-2.335163000000000011e+02
-2.431687000000000012e+02
-2.305461999999999989e+02
-2.442824999999999989e+02
-2.327737999999999943e+02
-2.375999999999999943e+02
-2.327737999999999943e+02
