-2.342588000000000079e+02
-2.286899999999999977e+02
-2.145825000000000102e+02
-2.279474999999999909e+02
-2.298037999999999954e+02
-2.450250000000000057e+02
-2.246062000000000012e+02
-2.298037999999999954e+02
-2.695274999999999750e+02
-2.472524999999999977e+02
-2.346299999999999955e+02
-2.814075000000000273e+02
-2.528213000000000079e+02
-2.654438000000000102e+02
-3.029399999999999977e+02
-2.669286999999999921e+02
-2.743537999999999784e+02
-2.643299999999999841e+02
-2.598750000000000000e+02
-2.747250000000000227e+02
-2.884612000000000194e+02
-2.814075000000000273e+02
-2.973711999999999875e+02
-2.988562999999999761e+02
-3.040536999999999921e+02
-2.992275000000000205e+02
-2.947724999999999795e+02
-3.215024999999999977e+02
-3.482325000000000159e+02
-3.430350000000000250e+02
-3.177900000000000205e+02
-3.144488000000000056e+02
-3.385799999999999841e+02
-2.925450000000000159e+02
-3.281850000000000023e+02
-3.556575000000000273e+02
-3.393224999999999909e+02
-3.348675000000000068e+02
-3.411786999999999921e+02
-3.400649999999999977e+02
-3.649388000000000147e+02
-3.482325000000000159e+02
-3.512024999999999864e+02
-3.597411999999999921e+02
-3.734775000000000205e+02
-3.749624999999999773e+02
-3.861000000000000227e+02
-4.106025000000000205e+02
-3.894413000000000125e+02
-3.638249999999999886e+02
-3.920400000000000205e+02
-4.057762000000000171e+02
-4.143149999999999977e+02
-3.998362000000000194e+02
-4.098600000000000136e+02
-4.176562999999999874e+02
-4.183987000000000194e+02
-3.961236999999999853e+02
-4.117162000000000148e+02
-4.429012000000000171e+02
-4.224825000000000159e+02
-4.158000000000000114e+02
-4.373324999999999818e+02
-4.217400000000000091e+02
-4.057762000000000171e+02
-4.592363000000000284e+02
-4.317638000000000034e+02
-4.094886999999999944e+02
-4.410450000000000159e+02
-4.495837000000000216e+02
-4.206263000000000147e+02
-4.718587999999999738e+02
-4.532962999999999738e+02
-4.276800000000000068e+02
-4.826250000000000000e+02
-4.636913000000000125e+02
-4.529250000000000114e+02
-4.781700000000000159e+02
-4.829961999999999875e+02
-4.807687999999999988e+02
-5.023013000000000261e+02
-4.893075000000000045e+02
-4.997024999999999864e+02
-5.063849999999999909e+02
-5.063849999999999909e+02
-4.777988000000000284e+02
-5.056424999999999841e+02
-5.320013000000000147e+02
-4.959900000000000091e+02
-5.019300000000000068e+02
-5.327437999999999647e+02
-5.048999999999999773e+02
-4.633199999999999932e+02
-4.822538000000000125e+02
-4.785412999999999784e+02
-4.729725000000000250e+02
-4.740862000000000194e+02
-4.532962999999999738e+02
-4.848525000000000205e+02
-5.045287000000000148e+02
-4.525536999999999921e+02
-5.108399999999999750e+02
-5.149238000000000284e+02
-4.584936999999999898e+02
-4.963613000000000284e+02
-5.119538000000000011e+02
-4.907925000000000182e+02
-4.971037999999999784e+02
-5.056424999999999841e+02
-4.926487000000000194e+02
-4.952475000000000023e+02
-5.037862999999999829e+02
-4.818824999999999932e+02
-5.242050000000000409e+02
-5.282888000000000375e+02
-4.941338000000000079e+02
-5.034150000000000205e+02
-4.907925000000000182e+02
-5.034150000000000205e+02
-5.186362000000000307e+02
-4.867087000000000216e+02
-4.878224999999999909e+02
-4.956186999999999898e+02
-5.004449999999999932e+02
-4.952475000000000023e+02
-5.026725000000000136e+02
-5.219774999999999636e+02
-4.922774999999999750e+02
-4.993312999999999988e+02
-5.093550000000000182e+02
-5.238337000000000216e+02
-5.323724999999999454e+02
-5.208637999999999693e+02
-5.264325000000000045e+02
-5.349713000000000420e+02
-5.524199999999999591e+02
-5.409112999999999829e+02
-5.331150000000000091e+02
-5.524199999999999591e+02
-5.687549999999999955e+02
-5.739524999999999864e+02
-5.524199999999999591e+02
-5.420249999999999773e+02
-5.438812000000000353e+02
-5.219774999999999636e+02
-5.264325000000000045e+02
-5.331150000000000091e+02
-5.423962000000000216e+02
-5.230911999999999580e+02
-5.379412999999999556e+02
-5.342287999999999784e+02
-5.204924999999999500e+02
-5.308875000000000455e+02
-5.331150000000000091e+02
-5.409112999999999829e+02
-5.557612000000000307e+02
-5.420249999999999773e+02
-5.635575000000000045e+02
-5.572463000000000193e+02
-5.628150000000000546e+02
-5.461087999999999738e+02
-5.427675000000000409e+02
-5.836050000000000182e+02
-5.728387000000000171e+02
-5.613300000000000409e+02
-5.932575000000000500e+02
-5.772938000000000329e+02
-5.824913000000000238e+02
-5.954850000000000136e+02
-5.683836999999999762e+02
-5.676412000000000262e+02
-5.605874999999999773e+02
-5.327437999999999647e+02
-5.409112999999999829e+02
-5.513062999999999647e+02
-4.919062999999999874e+02
-4.815113000000000056e+02
-5.030437999999999761e+02
-5.082411999999999921e+02
-4.774275000000000091e+02
-4.855950000000000273e+02
-5.041575000000000273e+02
-5.008163000000000125e+02
-4.985887000000000171e+02
-4.815113000000000056e+02
-4.989599999999999795e+02
-4.982174999999999727e+02
-4.933913000000000011e+02
-4.937624999999999886e+02
-4.878224999999999909e+02
-5.160375000000000227e+02
-5.052712000000000216e+02
-4.993312999999999988e+02
-5.082411999999999921e+02
-5.082411999999999921e+02
-5.037862999999999829e+02
-5.141812999999999647e+02
-5.130674999999999955e+02
-4.993312999999999988e+02
-5.178936999999999671e+02
-4.971037999999999784e+02
-5.152949999999999591e+02
-5.256900000000000546e+02
-4.982174999999999727e+02
-5.015586999999999875e+02
-5.067563000000000102e+02
-4.956186999999999898e+02
-5.152949999999999591e+02
-5.112112000000000194e+02
-4.904212999999999738e+02
-5.115824999999999818e+02
-5.100975000000000250e+02
-5.112112000000000194e+02
-4.945049999999999955e+02
-5.216063000000000329e+02
-5.234624999999999773e+02
-5.216063000000000329e+02
-5.093550000000000182e+02
-5.164088000000000420e+02
-5.071274999999999977e+02
-5.290312999999999874e+02
-5.175225000000000364e+02
-5.475937999999999874e+02
-5.487074999999999818e+02
-5.234624999999999773e+02
-5.219774999999999636e+02
-5.186362000000000307e+02
-5.316299999999999955e+02
-5.019300000000000068e+02
-5.126961999999999762e+02
-4.867087000000000216e+02
-4.826250000000000000e+02
-4.922774999999999750e+02
-4.993312999999999988e+02
-5.011875000000000000e+02
-4.867087000000000216e+02
-4.737149999999999750e+02
-4.893075000000000045e+02
-4.777988000000000284e+02
-4.874513000000000034e+02
-4.844812999999999761e+02
-4.963613000000000284e+02
-4.789125000000000227e+02
-4.911637999999999806e+02
-5.067563000000000102e+02
-4.737149999999999750e+02
-4.959900000000000091e+02
-4.844812999999999761e+02
-4.763138000000000147e+02
-4.945049999999999955e+02
-5.119538000000000011e+02
-4.803974999999999795e+02
-4.896786999999999921e+02
-5.093550000000000182e+02
-4.599787999999999784e+02
-4.688888000000000034e+02
-4.692599999999999909e+02
-4.800262000000000171e+02
-4.751999999999999886e+02
-4.674037000000000148e+02
-4.726012999999999806e+02
-4.848525000000000205e+02
-4.829961999999999875e+02
-4.607212999999999852e+02
-4.811399999999999864e+02
-4.900500000000000114e+02
-4.933913000000000011e+02
-4.948763000000000147e+02
-5.004449999999999932e+02
-4.952475000000000023e+02
-4.729725000000000250e+02
-4.859662000000000148e+02
-4.941338000000000079e+02
-4.948763000000000147e+02
-4.833675000000000068e+02
-4.844812999999999761e+02
-4.726012999999999806e+02
-4.896786999999999921e+02
-4.674037000000000148e+02
-4.506974999999999909e+02
-4.670325000000000273e+02
-4.514399999999999977e+02
-4.421587999999999852e+02
-4.629488000000000056e+02
-4.622062999999999988e+02
-4.525536999999999921e+02
-4.492124999999999773e+02
-4.436437999999999988e+02
-4.440149999999999864e+02
-4.518111999999999853e+02
-4.659187999999999761e+02
-4.373324999999999818e+02
-4.777988000000000284e+02
-4.692599999999999909e+02
-4.518111999999999853e+02
-4.532962999999999738e+02
-4.722300000000000182e+02
-4.655475000000000136e+02
-4.410450000000000159e+02
-4.633199999999999932e+02
-4.417875000000000227e+02
-4.655475000000000136e+02
-4.740862000000000194e+02
-4.703736999999999853e+02
-4.570088000000000079e+02
-4.521825000000000045e+02
-4.729725000000000250e+02
-4.777988000000000284e+02
-4.540387999999999806e+02
-4.700024999999999977e+02
-4.774275000000000091e+02
-4.982174999999999727e+02
-4.648050000000000068e+02
-4.740862000000000194e+02
-4.844812999999999761e+02
-4.681462000000000216e+02
-4.759424999999999955e+02
-4.625774999999999864e+02
-4.577513000000000147e+02
-4.703736999999999853e+02
-4.744574999999999818e+02
-4.759424999999999955e+02
-4.844812999999999761e+02
-4.833675000000000068e+02
-4.692599999999999909e+02
-4.681462000000000216e+02
-4.807687999999999988e+02
-4.766850000000000023e+02
-4.933913000000000011e+02
-4.774275000000000091e+02
-4.685174999999999841e+02
-5.023013000000000261e+02
-4.789125000000000227e+02
-4.711161999999999921e+02
-4.926487000000000194e+02
-4.963613000000000284e+02
-4.855950000000000273e+02
-5.026725000000000136e+02
-4.937624999999999886e+02
-4.959900000000000091e+02
-4.997024999999999864e+02
-5.063849999999999909e+02
-4.818824999999999932e+02
-4.807687999999999988e+02
-4.829961999999999875e+02
-4.848525000000000205e+02
-4.933913000000000011e+02
-4.933913000000000011e+02
-4.766850000000000023e+02
-4.848525000000000205e+02
-4.911637999999999806e+02
-4.789125000000000227e+02
-4.985887000000000171e+02
-5.004449999999999932e+02
-4.859662000000000148e+02
-5.008163000000000125e+02
-5.056424999999999841e+02
-4.844812999999999761e+02
-4.997024999999999864e+02
-5.112112000000000194e+02
-4.948763000000000147e+02
-4.952475000000000023e+02
-4.885649999999999977e+02
-5.011875000000000000e+02
-5.086125000000000114e+02
-5.104687999999999874e+02
-4.829961999999999875e+02
-5.067563000000000102e+02
-5.156662999999999784e+02
-5.119538000000000011e+02
-5.089837999999999738e+02
-5.149238000000000284e+02
-5.071274999999999977e+02
-5.156662999999999784e+02
-5.212350000000000136e+02
-5.100975000000000250e+02
-5.360850000000000364e+02
-5.160375000000000227e+02
-5.164088000000000420e+02
-5.178936999999999671e+02
-5.138099999999999454e+02
-5.201213000000000193e+02
-5.242050000000000409e+02
-5.275462999999999738e+02
-5.230911999999999580e+02
-5.056424999999999841e+02
-5.108399999999999750e+02
-5.138099999999999454e+02
-5.268038000000000238e+02
-5.349713000000000420e+02
-5.349713000000000420e+02
-5.245761999999999716e+02
-5.308875000000000455e+02
-5.242050000000000409e+02
-5.253187000000000353e+02
-5.208637999999999693e+02
-5.112112000000000194e+02
-5.219774999999999636e+02
-5.190075000000000500e+02
-5.316299999999999955e+02
-5.100975000000000250e+02
-5.364561999999999671e+02
-5.249474999999999909e+02
-5.126961999999999762e+02
-5.152949999999999591e+02
-5.294025000000000318e+02
-5.152949999999999591e+02
-5.342287999999999784e+02
-5.301449999999999818e+02
-5.342287999999999784e+02
-5.227200000000000273e+02
-5.130674999999999955e+02
