2.435474000000000103e+02
2.116189999999999998e+02
1.800618000000000052e+02
1.993673000000000002e+02
1.856306999999999903e+02
1.514746000000000095e+02
1.748641000000000076e+02
1.770917000000000030e+02
1.681813999999999965e+02
1.692951999999999941e+02
1.485045000000000073e+02
1.425643000000000029e+02
1.459056999999999960e+02
1.343966000000000065e+02
1.355104000000000042e+02
9.727047000000000310e+01
9.912677999999999656e+01
8.130622999999999934e+01
7.425226999999999578e+01
9.392911999999999750e+01
8.539011000000000706e+01
8.687515000000000498e+01
9.058777000000000612e+01
9.727047000000000310e+01
4.715019000000000204e+01
6.274316000000000315e+01
5.977308000000000021e+01
5.828802999999999912e+01
4.232379000000000246e+01
1.930558999999999870e+01
1.225162000000000084e+01
3.489856999999999942e+01
3.192847000000000079e+01
3.007216999999999985e+01
1.633549999999999969e+01
1.410792999999999964e+01
5.940180999999999933e+00
2.598828999999999922e+01
-2.376000000000000156e+01
-2.932874999999999943e+01
1.113784000000000107e+00
-3.192749999999999844e+01
-2.932874999999999943e+01
4.083874999999999922e+00
-1.819125000000000014e+01
-2.784375000000000000e+01
-1.076624999999999943e+01
-1.150874999999999915e+01
-1.930499999999999972e+01
-5.494500000000000028e+01
-4.900500000000000256e+01
-5.568750000000000000e+01
-7.833374999999999488e+01
-8.018999999999999773e+01
-7.239374999999999716e+01
-7.239374999999999716e+01
-8.575875000000000625e+01
-9.021375000000000455e+01
-7.053749999999999432e+01
-6.608249999999999602e+01
-1.046924999999999955e+02
-6.905249999999999488e+01
-1.180575000000000045e+02
-7.536374999999999602e+01
-6.274125000000000085e+01
-8.984250000000000114e+01
-7.981874999999999432e+01
-7.647750000000000625e+01
-1.098900000000000006e+02
-9.801000000000000512e+01
-8.575875000000000625e+01
-1.046924999999999955e+02
-1.054350000000000023e+02
-1.288237000000000023e+02
-1.165725000000000051e+02
-1.265962999999999994e+02
-1.317937000000000012e+02
-1.254825000000000017e+02
-1.269675000000000011e+02
-1.325363000000000113e+02
-1.366200000000000045e+02
-1.492425000000000068e+02
-1.381049999999999898e+02
-1.603799999999999955e+02
-1.730024999999999977e+02
-1.399612999999999943e+02
-1.314225000000000136e+02
-1.663199999999999932e+02
-1.614937999999999931e+02
-1.507274999999999920e+02
-1.652062999999999988e+02
-1.496137999999999977e+02
-1.696613000000000113e+02
-1.830261999999999887e+02
-1.559250000000000114e+02
-2.019600000000000080e+02
-1.967624999999999886e+02
-2.019600000000000080e+02
-1.878524999999999920e+02
-2.179238000000000000e+02
-1.941638000000000090e+02
-1.574099999999999966e+02
-1.967624999999999886e+02
-1.670625000000000000e+02
-1.410749999999999886e+02
-1.659487000000000023e+02
-1.436738000000000000e+02
-1.574099999999999966e+02
-1.696613000000000113e+02
-1.819124999999999943e+02
-1.826550000000000011e+02
-1.774575000000000102e+02
-1.737450000000000045e+02
-2.134687999999999874e+02
-2.097563000000000102e+02
-1.837687999999999988e+02
-1.900800000000000125e+02
-1.963913000000000011e+02
-2.234925000000000068e+02
-2.130974999999999966e+02
-2.064149999999999920e+02
-2.079000000000000057e+02
-2.446536999999999864e+02
-2.268337999999999965e+02
-2.342588000000000079e+02
-2.465099999999999909e+02
-2.513362999999999943e+02
-2.476237000000000137e+02
-2.342588000000000079e+02
-2.301750000000000114e+02
-2.290612000000000137e+02
-2.580187000000000239e+02
-2.851200000000000045e+02
-2.491086999999999989e+02
-2.643299999999999841e+02
-2.951437000000000239e+02
-2.788086999999999875e+02
-2.769524999999999864e+02
-2.984850000000000136e+02
-2.650724999999999909e+02
-2.992275000000000205e+02
-3.018263000000000034e+02
-2.899463000000000079e+02
-3.070237000000000194e+02
-3.003412000000000148e+02
-3.036825000000000045e+02
-3.367237999999999829e+02
-3.289275000000000091e+02
-3.400649999999999977e+02
-3.523163000000000125e+02
-3.571424999999999841e+02
-3.471186999999999898e+02
-3.571424999999999841e+02
-3.801600000000000250e+02
-3.612262999999999806e+02
-3.719925000000000068e+02
-3.942674999999999841e+02
-3.849863000000000284e+02
-3.538011999999999944e+02
-3.760763000000000034e+02
-3.757049999999999841e+02
-3.734775000000000205e+02
-3.775611999999999853e+02
-4.028061999999999898e+02
-3.823874999999999886e+02
-4.057762000000000171e+02
-3.701363000000000056e+02
-3.586274999999999977e+02
-3.853575000000000159e+02
-3.586274999999999977e+02
-3.508312999999999988e+02
-3.478613000000000284e+02
-3.541725000000000136e+02
-3.486037999999999784e+02
-3.593700000000000045e+02
-3.716211999999999875e+02
-3.805312999999999874e+02
-3.705074999999999932e+02
-3.593700000000000045e+02
-3.757049999999999841e+02
-3.560287000000000148e+02
-3.649388000000000147e+02
-3.749624999999999773e+02
-3.664238000000000284e+02
-3.623399999999999750e+02
-3.500887000000000171e+02
-3.604837999999999738e+02
-3.538011999999999944e+02
-3.549150000000000205e+02
-3.530586999999999875e+02
-3.638249999999999886e+02
-3.478613000000000284e+02
-2.910600000000000023e+02
-2.918025000000000091e+02
-3.014549999999999841e+02
-2.858625000000000114e+02
-2.784375000000000000e+02
-2.895749999999999886e+02
-2.736113000000000284e+02
-3.070237000000000194e+02
-2.995987999999999829e+02
-3.129637000000000171e+02
-3.144488000000000056e+02
-3.137062000000000239e+02
-2.866050000000000182e+02
-3.062812999999999874e+02
-2.799225000000000136e+02
-2.702699999999999818e+02
-2.880899999999999750e+02
-2.643299999999999841e+02
-2.528213000000000079e+02
-2.947724999999999795e+02
-2.487375000000000114e+02
-2.687850000000000250e+02
-2.728686999999999898e+02
-2.502224999999999966e+02
-2.468813000000000102e+02
-2.602461999999999875e+02
-2.702699999999999818e+02
-2.724975000000000023e+02
-2.628450000000000273e+02
-2.134687999999999874e+02
-2.179238000000000000e+02
-2.149538000000000011e+02
-2.298037999999999954e+02
-2.234925000000000068e+02
-2.123549999999999898e+02
-2.056725000000000136e+02
-2.424262999999999977e+02
-2.272050000000000125e+02
-2.246062000000000012e+02
-2.268337999999999965e+02
-2.294325000000000045e+02
-2.520788000000000011e+02
-2.550488000000000000e+02
-2.606175000000000068e+02
-2.698987000000000194e+02
-2.591324999999999932e+02
-2.632162000000000148e+02
-2.602461999999999875e+02
-2.795511999999999944e+02
-2.799225000000000136e+02
-2.572762000000000171e+02
-2.858625000000000114e+02
-2.918025000000000091e+02
-2.758387000000000171e+02
-2.776949999999999932e+02
-2.884612000000000194e+02
-2.680425000000000182e+02
-2.843774999999999977e+02
-2.650724999999999909e+02
-2.728686999999999898e+02
-2.524499999999999886e+02
-2.383425000000000011e+02
-2.249774999999999920e+02
-2.175525000000000091e+02
-2.168100000000000023e+02
-1.789424999999999955e+02
-1.629787000000000035e+02
-1.685475000000000136e+02
-1.763437999999999874e+02
-1.607512999999999863e+02
-1.596374999999999886e+02
-1.659487000000000023e+02
-1.614937999999999931e+02
-1.711462999999999965e+02
-1.737450000000000045e+02
-1.733737000000000137e+02
-1.785713000000000079e+02
-1.696613000000000113e+02
-1.666913000000000125e+02
-1.781999999999999886e+02
-1.633499999999999943e+02
-1.585237999999999943e+02
-1.952775000000000034e+02
-1.800562999999999931e+02
-1.811699999999999875e+02
-1.856250000000000000e+02
-1.711462999999999965e+02
-1.756013000000000090e+02
-1.923075000000000045e+02
-2.108700000000000045e+02
-1.822838000000000136e+02
-1.815412000000000035e+02
-2.001037000000000035e+02
-1.711462999999999965e+02
-1.963913000000000011e+02
-1.911938000000000102e+02
-1.993613000000000000e+02
-1.930500000000000114e+02
-1.941638000000000090e+02
-1.796850000000000023e+02
-1.926787999999999954e+02
-1.930500000000000114e+02
-1.960200000000000102e+02
-1.859961999999999875e+02
-2.060437000000000012e+02
-2.034449999999999932e+02
-1.833975000000000080e+02
-1.952775000000000034e+02
-1.789424999999999955e+02
-2.253488000000000113e+02
-2.104987000000000137e+02
-1.982475000000000023e+02
-2.075286999999999864e+02
-2.216362000000000023e+02
-2.201511999999999887e+02
-2.023312999999999988e+02
-2.145825000000000102e+02
-2.175525000000000091e+02
-2.160674999999999955e+02
-2.090137000000000000e+02
-2.112412999999999954e+02
-2.104987000000000137e+02
-2.108700000000000045e+02
-2.056725000000000136e+02
-2.227500000000000000e+02
-2.079000000000000057e+02
-1.941638000000000090e+02
-2.027024999999999864e+02
-1.574099999999999966e+02
-1.013512000000000057e+02
-1.050638000000000005e+02
-9.689624999999999488e+01
-1.098900000000000006e+02
-1.058062999999999931e+02
-1.061774999999999949e+02
-9.206999999999999318e+01
-1.050638000000000005e+02
-1.202849999999999966e+02
-1.035788000000000011e+02
-1.128599999999999994e+02
-1.243687999999999931e+02
-9.058499999999999375e+01
-9.838124999999999432e+01
-9.801000000000000512e+01
-1.058062999999999931e+02
-1.165725000000000051e+02
-1.110037999999999982e+02
-9.875249999999999773e+01
-1.098900000000000006e+02
-1.121175000000000068e+02
-1.080337999999999994e+02
-1.206563000000000017e+02
-1.325363000000000113e+02
-1.225125000000000028e+02
-1.336500000000000057e+02
-1.165725000000000051e+02
-1.184287000000000063e+02
-1.265962999999999994e+02
-1.299375000000000000e+02
-1.113750000000000000e+02
-1.251113000000000000e+02
-1.336500000000000057e+02
-1.236263000000000005e+02
-1.247399999999999949e+02
-1.403325000000000102e+02
-1.269675000000000011e+02
-1.377336999999999989e+02
-1.395900000000000034e+02
-1.187999999999999972e+02
-1.436738000000000000e+02
-1.329074999999999989e+02
-1.317937000000000012e+02
-1.496137999999999977e+02
-1.544399999999999977e+02
-1.425600000000000023e+02
-1.418174999999999955e+02
-1.436738000000000000e+02
-1.444162000000000035e+02
-9.986624999999999375e+01
-1.065488000000000000e+02
-1.061774999999999949e+02
-1.325363000000000113e+02
-1.280812999999999988e+02
-1.173149999999999977e+02
-1.020938000000000017e+02
-1.239975000000000023e+02
-1.128599999999999994e+02
-1.143449999999999989e+02
-1.213987999999999943e+02
-1.295663000000000125e+02
-1.243687999999999931e+02
-1.336500000000000057e+02
-1.314225000000000136e+02
-1.347637000000000000e+02
-1.336500000000000057e+02
-1.355063000000000102e+02
-1.384763000000000090e+02
-1.481288000000000125e+02
-1.195425000000000040e+02
-1.217699999999999960e+02
-1.336500000000000057e+02
-1.291949999999999932e+02
-1.251113000000000000e+02
-1.169437000000000069e+02
-1.206563000000000017e+02
-1.362487000000000137e+02
-1.329074999999999989e+02
-1.288237000000000023e+02
-1.162012000000000000e+02
-1.165725000000000051e+02
-1.165725000000000051e+02
-1.091474999999999937e+02
-1.217699999999999960e+02
-1.347637000000000000e+02
-1.173149999999999977e+02
-1.295663000000000125e+02
-1.213987999999999943e+02
-1.213987999999999943e+02
-1.221413000000000011e+02
-1.217699999999999960e+02
