-4.428270000000000437e+03
-4.481729999999999563e+03
-4.480244999999999891e+03
-4.457970000000000255e+03
-4.488412999999999556e+03
-4.527021999999999935e+03
-4.492868000000000393e+03
-4.476533000000000357e+03
-4.542243999999999687e+03
-4.508088999999999942e+03
-4.506231999999999971e+03
-4.544100000000000364e+03
-4.562292000000000371e+03
-4.547069999999999709e+03
-4.558578999999999724e+03
-4.532591000000000349e+03
-4.540015999999999622e+03
-4.570087000000000444e+03
-4.551895999999999731e+03
-4.564519000000000233e+03
-4.566746000000000095e+03
-4.599045000000000073e+03
-4.600529999999999745e+03
-4.611667000000000371e+03
-4.560805999999999585e+03
-4.615751000000000204e+03
-4.622434000000000196e+03
-4.591990999999999985e+03
-4.608326000000000022e+03
-4.674037999999999556e+03
-4.640253999999999905e+03
-4.687774000000000342e+03
-4.669953999999999724e+03
-4.704479999999999563e+03
-4.632086000000000240e+03
-4.703737000000000080e+03
-4.688515999999999622e+03
-4.665127000000000407e+03
-4.727497999999999593e+03
-4.725270000000000437e+03
-4.690372999999999593e+03
-4.745689000000000306e+03
-4.715246000000000095e+03
-4.730095999999999549e+03
-4.762765999999999622e+03
-4.772046999999999571e+03
-4.730467999999999847e+03
-4.763137999999999920e+03
-4.798777000000000044e+03
-4.748658999999999651e+03
-4.787269000000000233e+03
-4.777987000000000080e+03
-4.789125000000000000e+03
-4.802860999999999876e+03
-4.774645999999999731e+03
-4.740490999999999985e+03
-4.772046999999999571e+03
-4.815484000000000378e+03
-4.801376000000000204e+03
-4.784298999999999978e+03
-4.816969000000000051e+03
-4.790238999999999578e+03
-4.721557999999999993e+03
-4.760538999999999760e+03
-4.723784999999999854e+03
-4.769448999999999614e+03
-4.747545000000000073e+03
-4.771676000000000386e+03
-4.753484999999999673e+03
-4.794694000000000415e+03
-4.753855999999999767e+03
-4.766106999999999971e+03
-4.769819999999999709e+03
-4.761280999999999949e+03
-4.754970000000000255e+03
-4.774274999999999636e+03
-4.793951000000000022e+03
-4.773533000000000357e+03
-4.763509000000000015e+03
-4.809543999999999869e+03
-4.785783999999999651e+03
-4.805831000000000131e+03
-4.804717999999999847e+03
-4.810286000000000058e+03
-4.789496000000000095e+03
-4.805088999999999942e+03
-4.788011000000000422e+03
-4.828478000000000065e+03
-4.770563000000000102e+03
-4.821052999999999884e+03
-4.817340000000000146e+03
-4.811770999999999731e+03
-4.844440999999999804e+03
-4.823279999999999745e+03
-4.839614999999999782e+03
-4.833304000000000087e+03
-4.822908999999999651e+03
-4.811399999999999636e+03
-4.776873999999999796e+03
-4.822167000000000371e+03
-4.809171999999999571e+03
-4.820680999999999585e+03
-4.839243999999999687e+03
-4.834788999999999760e+03
-4.819195999999999913e+03
-4.885279000000000451e+03
-4.867087000000000444e+03
-4.882309000000000196e+03
-4.852609000000000378e+03
-4.876368999999999687e+03
-4.865603000000000065e+03
-4.851865999999999985e+03
-4.901613999999999578e+03
-4.840356999999999971e+03
-4.917206000000000131e+03
-4.908667000000000371e+03
-4.924260000000000218e+03
-4.941337000000000444e+03
-4.965469000000000051e+03
-4.937253999999999905e+03
-4.936881999999999607e+03
-4.951360999999999876e+03
-4.959158000000000357e+03
-4.961014000000000124e+03
-4.983288999999999760e+03
-4.985887999999999920e+03
-5.011875000000000000e+03
-4.990713999999999942e+03
-4.965469000000000051e+03
-4.990713999999999942e+03
-5.010019000000000233e+03
-4.998510000000000218e+03
-4.958414999999999964e+03
-5.015958999999999833e+03
-5.004820999999999913e+03
-5.014103000000000065e+03
-4.978833999999999833e+03
-4.952104000000000269e+03
-4.947277000000000044e+03
-4.979576000000000022e+03
-4.933170000000000073e+03
-4.946905999999999949e+03
-4.950989999999999782e+03
-4.934654999999999745e+03
-4.959899999999999636e+03
-4.956188000000000102e+03
-4.924260000000000218e+03
-4.838872999999999593e+03
-4.870429000000000087e+03
-4.858920000000000073e+03
-4.863375000000000000e+03
-4.849268000000000029e+03
-4.866345000000000255e+03
-4.828478000000000065e+03
-4.861146999999999935e+03
-4.901984999999999673e+03
-4.884536000000000058e+03
-4.908296000000000276e+03
-4.911265999999999622e+03
-4.883421999999999571e+03
-4.927972999999999956e+03
-4.891961000000000240e+03
-4.932055999999999585e+03
-4.916092999999999847e+03
-4.939853000000000065e+03
-4.948762999999999920e+03
-4.901984999999999673e+03
-4.916835000000000036e+03
-4.903099000000000160e+03
-4.935396999999999935e+03
-4.949876000000000204e+03
-4.889734000000000378e+03
-4.926859000000000378e+03
-4.929828999999999724e+03
-4.900500000000000000e+03
-4.936511000000000422e+03
-4.923518000000000029e+03
-4.887877000000000407e+03
-4.939853000000000065e+03
-4.939109999999999673e+03
-4.885279000000000451e+03
-4.953588999999999942e+03
-4.942823000000000320e+03
-4.877854000000000269e+03
-4.924631000000000313e+03
-4.892703999999999724e+03
-4.879338999999999942e+03
-4.913493999999999687e+03
-4.910895000000000437e+03
-4.893074999999999818e+03
-4.903841000000000349e+03
-4.916463999999999942e+03
-4.921289999999999964e+03
-4.939480999999999767e+03
-4.919434000000000196e+03
-4.931685000000000400e+03
-4.933912999999999556e+03
-4.931314000000000306e+03
-4.922033000000000357e+03
-4.960270999999999731e+03
-4.956559000000000196e+03
-4.857805999999999585e+03
-4.836645000000000437e+03
-4.828105999999999767e+03
-4.858920000000000073e+03
-4.820680999999999585e+03
-4.863375000000000000e+03
-4.829220000000000255e+03
-4.854836000000000240e+03
-4.896787999999999556e+03
-4.844069999999999709e+03
-4.863375000000000000e+03
-4.892703999999999724e+03
-4.916092999999999847e+03
-4.869314999999999600e+03
-4.890475999999999658e+03
-4.893074999999999818e+03
-4.865974000000000160e+03
-4.964354999999999563e+03
-4.912380000000000109e+03
-4.913864999999999782e+03
-4.952104000000000269e+03
-4.914606999999999971e+03
-4.962127000000000407e+03
-4.930942000000000007e+03
-4.933912999999999556e+03
-4.940966000000000349e+03
-4.966582999999999629e+03
-4.960643000000000029e+03
-4.962498999999999796e+03
-5.025610999999999876e+03
-4.998139000000000124e+03
-4.972894000000000233e+03
-5.005935000000000400e+03
-4.983288999999999760e+03
-5.024497999999999593e+03
-5.012246000000000095e+03
-5.019300000000000182e+03
-4.978833999999999833e+03
-5.040832999999999629e+03
-5.031180000000000291e+03
-4.998139000000000124e+03
-5.019300000000000182e+03
-5.028210000000000036e+03
-4.972150999999999840e+03
-5.008904999999999745e+03
-4.977349000000000160e+03
-5.017814999999999600e+03
-4.994055000000000291e+03
-5.009275999999999840e+03
-4.963240999999999985e+03
-5.000737000000000080e+03
-4.993313000000000102e+03
-4.975493000000000393e+03
-4.983659999999999854e+03
-5.003707999999999629e+03
-5.015958999999999833e+03
-4.989970999999999549e+03
-5.049000000000000000e+03
-4.979576000000000022e+03
-5.023384000000000015e+03
-5.053083999999999833e+03
-5.020413999999999760e+03
-5.026354000000000269e+03
-5.051228000000000065e+03
-5.030438000000000102e+03
-5.064963999999999942e+03
-5.072760000000000218e+03
-5.015958999999999833e+03
-5.106543999999999869e+03
-5.072018000000000029e+03
-5.054569000000000415e+03
-5.064963999999999942e+03
-5.043060000000000400e+03
-5.060509000000000015e+03
-5.089837000000000444e+03
-5.098005000000000109e+03
-5.043802999999999884e+03
-5.062364999999999782e+03
-5.096890999999999622e+03
-5.082412999999999556e+03
-5.066078000000000429e+03
-5.081670000000000073e+03
-5.066078000000000429e+03
-5.089466000000000349e+03
-5.095034999999999854e+03
-5.087238999999999578e+03
-5.084640000000000327e+03
-5.105430000000000291e+03
-5.122506999999999607e+03
-5.085753999999999905e+03
-5.136985999999999876e+03
-5.124734999999999673e+03
-5.077215000000000146e+03
-5.117310000000000400e+03
-5.113597999999999956e+03
-5.121765000000000327e+03
-5.122878999999999905e+03
-5.125105999999999767e+03
-5.091323000000000320e+03
-5.130675000000000182e+03
-5.151465000000000146e+03
-5.096520000000000437e+03
-5.152207999999999629e+03
-5.149238000000000284e+03
-5.129932999999999993e+03
-5.156292000000000371e+03
-5.154435000000000400e+03
-5.173368999999999687e+03
-5.164829999999999927e+03
-5.179680000000000291e+03
-5.147752000000000407e+03
-5.207152000000000044e+03
-5.194900999999999840e+03
-5.169284999999999854e+03
-5.193787999999999556e+03
-5.200470000000000255e+03
-5.181164999999999964e+03
-5.191930999999999585e+03
-5.176710000000000036e+03
-5.156292000000000371e+03
-5.191930999999999585e+03
-5.177823999999999614e+03
-5.183764000000000124e+03
-5.163716000000000349e+03
-5.212720999999999549e+03
-5.188590000000000146e+03
-5.186363000000000284e+03
-5.198613999999999578e+03
-5.170399000000000342e+03
-5.193417000000000371e+03
-5.207524000000000342e+03
-5.190817000000000007e+03
-5.194900999999999840e+03
-5.209751000000000204e+03
-5.201583999999999833e+03
-5.239451000000000022e+03
-5.245020000000000437e+03
-5.206409999999999854e+03
-5.234996000000000095e+03
-5.257643000000000029e+03
-5.260984000000000378e+03
-5.242792000000000371e+03
-5.274720000000000255e+03
-5.281402000000000044e+03
-5.276576000000000022e+03
-5.281030999999999949e+03
-5.267667000000000371e+03
-5.280288999999999760e+03
-5.268408999999999651e+03
-5.292911000000000058e+03
-5.250588999999999942e+03
-5.285485999999999876e+03
-5.276948000000000320e+03
-5.286600000000000364e+03
-5.292168999999999869e+03
-5.278061999999999898e+03
-5.317784999999999854e+03
-5.278061999999999898e+03
-5.328551000000000386e+03
-5.264695999999999913e+03
-5.301820999999999913e+03
-5.297365999999999985e+03
-5.308875000000000000e+03
-5.337090000000000146e+03
-5.275091000000000349e+03
-5.284743999999999687e+03
-5.285485999999999876e+03
-5.265067000000000007e+03
-5.234625000000000000e+03
-5.249104000000000269e+03
-5.275091000000000349e+03
-5.259869999999999891e+03
-5.294024999999999636e+03
-5.255786000000000058e+03
-5.248731999999999971e+03
-5.288457000000000335e+03
-5.237595000000000255e+03
-5.258014000000000124e+03
-5.286600000000000364e+03
-5.267667000000000371e+03
-5.256158000000000357e+03
-5.249845999999999549e+03
-5.260984000000000378e+03
-5.237595000000000255e+03
-5.261725999999999658e+03
-5.272121000000000095e+03
-5.266180999999999585e+03
-5.278061999999999898e+03
-5.252073999999999614e+03
-5.264695999999999913e+03
-5.280288999999999760e+03
-5.268037999999999556e+03
-5.282145000000000437e+03
-5.261354999999999563e+03
-5.289198999999999614e+03
-5.274720000000000255e+03
-5.314444000000000415e+03
-5.279917000000000371e+03
-5.284743999999999687e+03
-5.289940999999999804e+03
-5.296994999999999891e+03
-5.282515999999999622e+03
-5.274349000000000160e+03
-5.303677999999999884e+03
-5.282515999999999622e+03
-5.282515999999999622e+03
-5.330036000000000058e+03
-5.278061999999999898e+03
-5.313329999999999927e+03
-5.312958999999999833e+03
-5.321868999999999687e+03
