-2.231954999999999927e+03
-2.286528999999999996e+03
-2.279474999999999909e+03
-2.279103999999999814e+03
-2.302492000000000189e+03
-2.296923999999999978e+03
-2.339617000000000189e+03
-2.312887000000000171e+03
-2.322168999999999869e+03
-2.349269999999999982e+03
-2.351498000000000047e+03
-2.309175000000000182e+03
-2.370802000000000135e+03
-2.403472000000000207e+03
-2.379340999999999894e+03
-2.375628999999999905e+03
-2.373030000000000200e+03
-2.368204000000000178e+03
-2.420550000000000182e+03
-2.395304999999999836e+03
-2.416094999999999800e+03
-2.431315999999999804e+03
-2.461016000000000076e+03
-2.468070000000000164e+03
-2.503710000000000036e+03
-2.501110999999999876e+03
-2.518931000000000040e+03
-2.512990999999999985e+03
-2.478094000000000051e+03
-2.493315000000000055e+03
-2.481434999999999945e+03
-2.525614000000000033e+03
-2.499626000000000204e+03
-2.531554000000000087e+03
-2.544918999999999869e+03
-2.538606999999999971e+03
-2.519302000000000135e+03
-2.544175999999999931e+03
-2.577217999999999847e+03
-2.534152999999999793e+03
-2.574989999999999782e+03
-2.570164000000000215e+03
-2.604318999999999960e+03
-2.601349000000000160e+03
-2.600235000000000127e+03
-2.641072999999999865e+03
-2.625851000000000113e+03
-2.612485999999999876e+03
-2.623623999999999796e+03
-2.629193000000000211e+03
-2.609887000000000171e+03
-2.648869000000000142e+03
-2.647755000000000109e+03
-2.644414000000000215e+03
-2.658893000000000029e+03
-2.700101000000000113e+03
-2.663347000000000207e+03
-2.684509000000000015e+03
-2.698615999999999985e+03
-2.675228000000000065e+03
-2.698244999999999891e+03
-2.706784000000000106e+03
-2.708268999999999778e+03
-2.746878999999999905e+03
-2.773980000000000018e+03
-2.742423999999999978e+03
-2.760614999999999782e+03
-2.756902999999999793e+03
-2.756530999999999949e+03
-2.737226000000000113e+03
-2.768039999999999964e+03
-2.765070000000000164e+03
-2.709753999999999905e+03
-2.681539000000000215e+03
-2.688221000000000004e+03
-2.723119000000000142e+03
-2.705670000000000073e+03
-2.693047999999999774e+03
-2.695275000000000091e+03
-2.745764999999999873e+03
-2.736112999999999829e+03
-2.727574000000000069e+03
-2.756530999999999949e+03
-2.776208000000000084e+03
-2.747621000000000095e+03
-2.747992000000000189e+03
-2.762842999999999847e+03
-2.771380999999999858e+03
-2.754675000000000182e+03
-2.801452999999999975e+03
-2.747250000000000000e+03
-2.772865999999999985e+03
-2.791429000000000087e+03
-2.747621000000000095e+03
-2.777693000000000211e+03
-2.785117000000000189e+03
-2.744650999999999840e+03
-2.785117000000000189e+03
-2.788088000000000193e+03
-2.786974000000000160e+03
-2.747250000000000000e+03
-2.784375000000000000e+03
-2.746507999999999811e+03
-2.744280000000000200e+03
-2.774722000000000207e+03
-2.699358999999999924e+03
-2.746878999999999905e+03
-2.701585999999999785e+03
-2.724231999999999971e+03
-2.695646000000000186e+03
-2.723489999999999782e+03
-2.725346000000000004e+03
-2.734255999999999858e+03
-2.743538000000000011e+03
-2.691563000000000102e+03
-2.696018000000000029e+03
-2.719034999999999854e+03
-2.700844000000000051e+03
-2.693047999999999774e+03
-2.706784000000000106e+03
-2.711981000000000222e+03
-2.715693999999999960e+03
-2.720891000000000076e+03
-2.719405999999999949e+03
-2.697501999999999953e+03
-2.669288000000000011e+03
-2.645527999999999793e+03
-2.673000000000000000e+03
-2.684509000000000015e+03
-2.661119999999999891e+03
-2.691934000000000196e+03
-2.714579999999999927e+03
-2.709382999999999811e+03
-2.696760000000000218e+03
-2.687106999999999971e+03
-2.685251000000000204e+03
-2.699730000000000018e+03
-2.697501999999999953e+03
-2.690820000000000164e+03
-2.700472000000000207e+03
-2.700844000000000051e+03
-2.684880000000000109e+03
-2.688592999999999847e+03
-2.668173999999999978e+03
-2.655550999999999931e+03
-2.669288000000000011e+03
-2.638474000000000160e+03
-2.645155999999999949e+03
-2.609144999999999982e+03
-2.618797999999999774e+03
-2.588355000000000018e+03
-2.609516000000000076e+03
-2.623623999999999796e+03
-2.607289000000000215e+03
-2.590954000000000178e+03
-2.615085000000000036e+03
-2.605432999999999993e+03
-2.606175000000000182e+03
-2.584271000000000186e+03
-2.620653999999999996e+03
-2.597264999999999873e+03
-2.611001000000000204e+03
-2.613971000000000004e+03
-2.596521999999999935e+03
-2.609887000000000171e+03
-2.619911000000000058e+03
-2.618054999999999836e+03
-2.628079000000000178e+03
-2.545289999999999964e+03
-2.521530000000000200e+03
-2.539349999999999909e+03
-2.554199999999999818e+03
-2.514476000000000113e+03
-2.573505000000000109e+03
-2.544918999999999869e+03
-2.558284000000000106e+03
-2.560139999999999873e+03
-2.533039000000000215e+03
-2.535266000000000076e+03
-2.576474999999999909e+03
-2.550487999999999829e+03
-2.522271999999999935e+03
-2.492201000000000022e+03
-2.550487999999999829e+03
-2.523385999999999967e+03
-2.573134000000000015e+03
-2.554199999999999818e+03
-2.507050999999999931e+03
-2.552344000000000051e+03
-2.576103999999999814e+03
-2.492572999999999865e+03
-2.544175999999999931e+03
-2.558284000000000106e+03
-2.516333000000000084e+03
-2.549744999999999891e+03
-2.547889000000000124e+03
-2.546403999999999996e+03
-2.544918999999999869e+03
-2.587983999999999924e+03
-2.537494000000000142e+03
-2.582043999999999869e+03
-2.585755999999999858e+03
-2.557913000000000011e+03
-2.606916999999999916e+03
-2.585755999999999858e+03
-2.565338000000000193e+03
-2.590954000000000178e+03
-2.636246000000000095e+03
-2.543063000000000102e+03
-2.610259000000000015e+03
-2.622139000000000124e+03
-2.591695999999999913e+03
-2.571277999999999793e+03
-2.619911000000000058e+03
-2.597635999999999967e+03
-2.582043999999999869e+03
-2.590954000000000178e+03
-2.596521999999999935e+03
-2.588355000000000018e+03
-2.629193000000000211e+03
-2.581672999999999774e+03
-2.599492000000000189e+03
-2.651838999999999942e+03
-2.628820999999999913e+03
-2.594666000000000167e+03
-2.644784999999999854e+03
-2.591695999999999913e+03
-2.583900000000000091e+03
-2.642186000000000149e+03
-2.613599999999999909e+03
-2.615085000000000036e+03
-2.625851000000000113e+03
-2.640701000000000022e+03
-2.632534000000000106e+03
-2.665574999999999818e+03
-2.645527999999999793e+03
-2.577960000000000036e+03
-2.643670999999999822e+03
-2.641072999999999865e+03
-2.635503999999999905e+03
-2.657036000000000058e+03
-2.678197999999999865e+03
-2.644414000000000215e+03
-2.691563000000000102e+03
-2.650353999999999814e+03
-2.668173999999999978e+03
-2.682280999999999949e+03
-2.669288000000000011e+03
-2.676713000000000193e+03
-2.679682999999999993e+03
-2.690820000000000164e+03
-2.712353000000000065e+03
-2.685994000000000142e+03
-2.667059999999999945e+03
-2.699730000000000018e+03
-2.708268999999999778e+03
-2.677826000000000022e+03
-2.685623000000000047e+03
-2.710496000000000095e+03
-2.737969000000000051e+03
-2.702329000000000178e+03
-2.753190000000000055e+03
-2.727202999999999975e+03
-2.698615999999999985e+03
-2.745764999999999873e+03
-2.739454000000000178e+03
-2.763213999999999942e+03
-2.755045999999999822e+03
-2.744650999999999840e+03
-2.727945000000000164e+03
-2.752818999999999960e+03
-2.755416999999999916e+03
-2.737969000000000051e+03
-2.751704999999999927e+03
-2.742423999999999978e+03
-2.741309999999999945e+03
-2.728315999999999804e+03
-2.763956000000000131e+03
-2.755416999999999916e+03
-2.776208000000000084e+03
-2.771010000000000218e+03
-2.762099999999999909e+03
-2.766925999999999931e+03
-2.784746000000000095e+03
-2.781405000000000200e+03
-2.772123999999999796e+03
-2.800710000000000036e+03
-2.763585000000000036e+03
-2.801824000000000069e+03
-2.815188999999999851e+03
-2.796626000000000204e+03
-2.823728000000000065e+03
-2.817045000000000073e+03
-2.824840999999999894e+03
-2.822614000000000033e+03
-2.821871000000000095e+03
-2.773980000000000018e+03
-2.866050000000000182e+03
-2.827068999999999960e+03
-2.807021000000000186e+03
-2.863822999999999865e+03
-2.854541000000000167e+03
-2.860481000000000222e+03
-2.854541000000000167e+03
-2.846744999999999891e+03
-2.844146000000000186e+03
-2.869019999999999982e+03
-2.894264999999999873e+03
-2.842289999999999964e+03
-2.881643000000000029e+03
-2.897606000000000222e+03
-2.905773999999999887e+03
-2.897606000000000222e+03
-2.894264999999999873e+03
-2.833009000000000015e+03
-2.837092999999999847e+03
-2.867534999999999854e+03
-2.848972000000000207e+03
-2.869762000000000171e+03
-2.880900000000000091e+03
-2.865307999999999993e+03
-2.858996000000000095e+03
-2.895007999999999811e+03
-2.890923999999999978e+03
-2.869762000000000171e+03
-2.880157000000000153e+03
-2.887954000000000178e+03
-2.879414999999999964e+03
-2.918768000000000029e+03
-2.876445000000000164e+03
-2.903175000000000182e+03
-2.923222000000000207e+03
-2.903916999999999916e+03
-2.916168999999999869e+03
-2.933246000000000095e+03
-2.930646999999999935e+03
-2.922108999999999924e+03
-2.942155999999999949e+03
-2.928048999999999978e+03
-2.925449999999999818e+03
-2.957005999999999858e+03
-2.913940999999999804e+03
-2.930275999999999840e+03
-2.929163000000000011e+03
-2.945498000000000047e+03
-2.954407000000000153e+03
-2.964431000000000040e+03
-2.942155999999999949e+03
-2.958119999999999891e+03
-2.965545000000000073e+03
-2.988934000000000196e+03
-2.976682999999999993e+03
-2.965545000000000073e+03
-2.951065999999999804e+03
-2.990418999999999869e+03
-2.979280999999999949e+03
-3.006753999999999905e+03
-2.993018000000000029e+03
-3.067268000000000029e+03
-2.982623000000000047e+03
-3.021231999999999971e+03
-3.019376000000000204e+03
-3.006010999999999967e+03
-3.006010999999999967e+03
-3.052416999999999916e+03
-3.034969000000000051e+03
-3.050561000000000149e+03
-3.056501000000000204e+03
-3.033112999999999829e+03
-3.042021999999999935e+03
-3.040909000000000106e+03
-3.046849000000000160e+03
-3.043135999999999967e+03
-3.041650999999999840e+03
-3.049076000000000022e+03
-3.022346000000000004e+03
-3.061699000000000069e+03
-3.023088999999999942e+03
-3.084715999999999894e+03
-3.057614999999999782e+03
-3.052416999999999916e+03
-3.078034000000000106e+03
-3.080632999999999811e+03
-3.077291000000000167e+03
-3.064668999999999869e+03
-3.117757999999999811e+03
-3.063554999999999836e+03
-3.085088000000000193e+03
-3.096967999999999847e+03
-3.073579000000000178e+03
-3.074693000000000211e+03
-3.090284999999999854e+03
-3.090655999999999949e+03
-3.069494999999999891e+03
-3.106248999999999796e+03
-3.113673999999999978e+03
-3.122954999999999927e+03
-3.122583999999999833e+03
-3.173445000000000164e+03
-3.138918999999999869e+03
-3.092884000000000015e+03
-3.019748000000000047e+03
-3.019376000000000204e+03
-3.028657000000000153e+03
-3.025315999999999804e+03
-2.991532000000000153e+03
-3.011208999999999833e+03
-3.026800999999999931e+03
-3.015291999999999916e+03
-3.010094999999999800e+03
-2.990789999999999964e+03
-3.017891000000000076e+03
