2.476313000000000102e+02
2.353797000000000139e+02
2.205292000000000030e+02
2.197866999999999962e+02
2.268406999999999982e+02
2.223855000000000075e+02
1.785766999999999882e+02
2.179303999999999917e+02
1.915707999999999913e+02
1.648400000000000034e+02
1.678101000000000056e+02
1.600135999999999967e+02
1.332828000000000088e+02
1.251150999999999982e+02
1.444207000000000107e+02
1.173186000000000035e+02
1.147197000000000031e+02
7.425226999999999578e+01
1.147197000000000031e+02
1.039531999999999954e+02
1.154622999999999990e+02
8.279128000000000043e+01
1.199174000000000007e+02
1.202887000000000057e+02
6.756955999999999563e+01
1.009830999999999932e+02
9.430038000000000409e+01
8.093497000000000696e+01
9.689920999999999651e+01
9.021650999999999954e+01
8.279128000000000043e+01
7.313848000000000127e+01
8.539011000000000706e+01
8.613263000000000602e+01
1.028393999999999977e+02
7.462353000000000236e+01
7.944992999999999483e+01
6.719830000000000325e+01
6.348568999999999818e+01
4.418010000000000304e+01
5.457542000000000115e+01
5.680297999999999803e+01
4.492262000000000199e+01
7.685110000000000241e+01
6.125811999999999813e+01
4.418010000000000304e+01
6.794083000000000538e+01
5.903054999999999808e+01
3.749739000000000289e+01
7.796488000000000085e+00
2.376072999999999880e+01
3.675486999999999682e+01
3.378477999999999781e+01
3.415603999999999729e+01
2.190441999999999823e+01
1.485045000000000037e+01
2.970091000000000037e+01
2.227568000000000126e+01
3.638360999999999734e+01
4.529388000000000147e+01
4.046748000000000189e+01
0.000000000000000000e+00
1.707801999999999865e+01
-9.652499999999999858e+00
-3.712499999999999911e+00
-4.455000000000000071e+00
6.682704000000000200e+00
2.635954999999999870e+01
5.568920000000000314e+00
-7.053749999999999964e+00
-7.425000000000000488e-01
-7.424999999999999822e+00
-1.744875000000000043e+01
-6.682500000000000107e+00
-1.150874999999999915e+01
-2.227500000000000036e+00
9.281532999999999589e+00
-1.819125000000000014e+01
-2.004749999999999943e+01
-3.267000000000000171e+01
-2.153249999999999886e+01
-1.336500000000000021e+01
-4.009499999999999886e+01
-3.118499999999999872e+01
-2.190374999999999872e+01
-2.598750000000000071e+01
-9.281250000000000000e+00
8.910272000000000858e+00
-2.895749999999999957e+01
-2.413125000000000142e+01
-1.819125000000000014e+01
-4.009499999999999886e+01
-3.712499999999999911e+00
-7.796249999999999680e+00
-2.710125000000000028e+01
-4.269375000000000142e+01
-2.264624999999999844e+01
-3.898125000000000284e+01
-3.044249999999999901e+01
-5.977125000000000199e+01
-3.378374999999999773e+01
-3.081374999999999886e+01
-3.229874999999999829e+01
-2.487375000000000114e+01
-4.120875000000000199e+01
-4.714874999999999972e+01
-2.004749999999999943e+01
-6.014249999999999829e+01
-4.752000000000000313e+01
-4.009499999999999886e+01
-4.009499999999999886e+01
-5.308874999999999744e+01
-5.791499999999999915e+01
-3.601124999999999687e+01
-2.264624999999999844e+01
-6.756749999999999545e+01
-6.979500000000000171e+01
-4.714874999999999972e+01
-6.608249999999999602e+01
-8.650124999999999886e+01
-7.350749999999999318e+01
-9.986624999999999375e+01
-7.276500000000000057e+01
-9.763875000000000171e+01
-9.281250000000000000e+01
-9.132750000000000057e+01
-1.020938000000000017e+02
-1.091474999999999937e+02
-9.281250000000000000e+01
-9.986624999999999375e+01
-1.128599999999999994e+02
-1.043212999999999937e+02
-1.199137000000000057e+02
-1.217699999999999960e+02
-1.191711999999999989e+02
-9.726749999999999829e+01
-1.162012000000000000e+02
-9.689624999999999488e+01
-1.169437000000000069e+02
-1.247399999999999949e+02
-1.217699999999999960e+02
-8.761499999999999488e+01
-1.035788000000000011e+02
-9.801000000000000512e+01
-1.076624999999999943e+02
-9.169875000000000398e+01
-1.061774999999999949e+02
-9.801000000000000512e+01
-1.098900000000000006e+02
-1.080337999999999994e+02
-1.121175000000000068e+02
-1.317937000000000012e+02
-1.158299999999999983e+02
-1.228837999999999937e+02
-1.221413000000000011e+02
-1.395900000000000034e+02
-1.414463000000000079e+02
-1.681762999999999977e+02
-1.444162000000000035e+02
-1.303086999999999875e+02
-1.425600000000000023e+02
-1.410749999999999886e+02
-1.418174999999999955e+02
-1.366200000000000045e+02
-1.447874999999999943e+02
-1.577812999999999874e+02
-1.744875000000000114e+02
-1.644636999999999887e+02
-1.577812999999999874e+02
-1.265962999999999994e+02
-8.835750000000000171e+01
-1.032074999999999960e+02
-1.080337999999999994e+02
-1.039500000000000028e+02
-1.102613000000000056e+02
-1.080337999999999994e+02
-1.217699999999999960e+02
-8.761499999999999488e+01
-1.043212999999999937e+02
-9.169875000000000398e+01
-1.032074999999999960e+02
-1.110037999999999982e+02
-1.132313000000000045e+02
-1.128599999999999994e+02
-1.273388000000000062e+02
-9.689624999999999488e+01
-1.121175000000000068e+02
-1.236263000000000005e+02
-1.273388000000000062e+02
-9.726749999999999829e+01
-1.102613000000000056e+02
-1.191711999999999989e+02
-1.284524999999999864e+02
-1.213987999999999943e+02
-1.310512999999999977e+02
-1.202849999999999966e+02
-5.791499999999999915e+01
-6.905249999999999488e+01
-6.459749999999999659e+01
-6.014249999999999829e+01
-5.828625000000000256e+01
-6.125625000000000142e+01
-6.014249999999999829e+01
-5.828625000000000256e+01
-5.086124999999999829e+01
-7.759125000000000227e+01
-5.234624999999999773e+01
-5.791499999999999915e+01
-6.905249999999999488e+01
-6.571125000000000682e+01
-6.645374999999999943e+01
-3.155624999999999858e+01
-4.232249999999999801e+01
-4.120875000000000199e+01
-7.053749999999999432e+01
-6.459749999999999659e+01
-7.647750000000000625e+01
-6.311249999999999716e+01
-6.831000000000000227e+01
-5.754375000000000284e+01
-6.979500000000000171e+01
-6.274125000000000085e+01
-4.789124999999999943e+01
-6.088499999999999801e+01
-6.014249999999999829e+01
-6.014249999999999829e+01
-6.496875000000000000e+01
-8.464499999999999602e+01
-6.793874999999999886e+01
-5.160374999999999801e+01
-4.529249999999999687e+01
-7.202249999999999375e+01
-7.016625000000000512e+01
-6.534000000000000341e+01
-6.236999999999999744e+01
-6.125625000000000142e+01
-7.202249999999999375e+01
-4.937624999999999886e+01
-5.902875000000000227e+01
-7.016625000000000512e+01
-5.977125000000000199e+01
-5.160374999999999801e+01
-7.870499999999999829e+01
-7.499250000000000682e+01
-5.717249999999999943e+01
-7.907625000000000171e+01
-7.350749999999999318e+01
-5.680125000000000313e+01
-8.427375000000000682e+01
-7.128000000000000114e+01
-5.605875000000000341e+01
-8.687250000000000227e+01
-8.501624999999999943e+01
-7.350749999999999318e+01
-6.459749999999999659e+01
-7.573499999999999943e+01
-5.717249999999999943e+01
-9.763875000000000171e+01
-1.013512000000000057e+02
-8.687250000000000227e+01
-7.499250000000000682e+01
-7.981874999999999432e+01
-9.095624999999999716e+01
-9.429749999999999943e+01
-8.761499999999999488e+01
-8.241750000000000398e+01
-1.128599999999999994e+02
-9.615375000000000227e+01
-7.944750000000000512e+01
-8.241750000000000398e+01
-1.310512999999999977e+02
-1.143449999999999989e+02
-1.136025000000000063e+02
-1.128599999999999994e+02
-1.084050000000000011e+02
-1.121175000000000068e+02
-1.232549999999999955e+02
-1.232549999999999955e+02
-1.321649999999999920e+02
-1.239975000000000023e+02
-1.065488000000000000e+02
-1.225125000000000028e+02
-1.228837999999999937e+02
-1.076624999999999943e+02
-1.169437000000000069e+02
-1.251113000000000000e+02
-1.288237000000000023e+02
-1.369912999999999954e+02
-1.277099999999999937e+02
-1.128599999999999994e+02
-5.568750000000000000e+01
-4.306499999999999773e+01
-2.338875000000000171e+01
-4.566375000000000028e+01
-5.123250000000000171e+01
-4.640625000000000000e+01
-5.086124999999999829e+01
-3.860999999999999943e+01
-3.415500000000000114e+01
-4.269375000000000142e+01
-3.415500000000000114e+01
-2.450250000000000128e+01
-4.157999999999999829e+01
-3.712500000000000000e+01
-2.413125000000000142e+01
-2.153249999999999886e+01
-4.046625000000000227e+01
-2.153249999999999886e+01
-2.710125000000000028e+01
-3.415500000000000114e+01
-4.603499999999999659e+01
-4.380749999999999744e+01
-2.969999999999999929e+01
-4.343625000000000114e+01
-4.603499999999999659e+01
-3.860999999999999943e+01
-4.269375000000000142e+01
-7.276500000000000057e+01
-4.269375000000000142e+01
-3.564000000000000057e+01
-7.759125000000000227e+01
-6.014249999999999829e+01
-4.529249999999999687e+01
-6.088499999999999801e+01
-3.898125000000000284e+01
-4.306499999999999773e+01
-6.014249999999999829e+01
-4.974750000000000227e+01
-5.011874999999999858e+01
-5.271750000000000114e+01
-6.868125000000000568e+01
-6.051375000000000171e+01
-5.494500000000000028e+01
-6.645374999999999943e+01
-3.489750000000000085e+01
-3.378374999999999773e+01
-5.494500000000000028e+01
-5.346000000000000085e+01
-5.642999999999999972e+01
-4.306499999999999773e+01
-6.014249999999999829e+01
-6.236999999999999744e+01
-4.343625000000000114e+01
-1.893374999999999986e+01
-5.160374999999999801e+01
-5.902875000000000227e+01
-3.229874999999999829e+01
-4.269375000000000142e+01
-6.682500000000000284e+01
-6.459749999999999659e+01
-3.304124999999999801e+01
-4.157999999999999829e+01
-6.682500000000000284e+01
-4.232249999999999801e+01
-4.380749999999999744e+01
-5.605875000000000341e+01
-4.492125000000000057e+01
-5.086124999999999829e+01
-2.598750000000000071e+01
-2.227499999999999858e+01
-3.081374999999999886e+01
-3.415500000000000114e+01
-2.078999999999999915e+01
-3.378374999999999773e+01
-2.858624999999999972e+01
-3.155624999999999858e+01
-4.232249999999999801e+01
-2.264624999999999844e+01
-3.081374999999999886e+01
-1.782000000000000028e+01
-3.823875000000000313e+01
-1.930499999999999972e+01
-3.786749999999999972e+01
-2.969999999999999929e+01
-2.413125000000000142e+01
-2.413125000000000142e+01
-2.895749999999999957e+01
-3.415500000000000114e+01
-1.447874999999999979e+01
-3.749625000000000341e+01
-2.227499999999999858e+01
-3.823875000000000313e+01
-2.376000000000000156e+01
-1.262250000000000050e+01
-3.675374999999999659e+01
-1.856250000000000000e+01
-3.564000000000000057e+01
-2.895749999999999957e+01
-3.155624999999999858e+01
-3.526874999999999716e+01
-4.492125000000000057e+01
-3.452624999999999744e+01
-2.747250000000000014e+01
-4.714874999999999972e+01
-2.784375000000000000e+01
-4.195125000000000171e+01
-3.415500000000000114e+01
-2.004749999999999943e+01
-5.160374999999999801e+01
-3.415500000000000114e+01
-5.568750000000000000e+01
-4.714874999999999972e+01
-3.935249999999999915e+01
-3.564000000000000057e+01
-3.749625000000000341e+01
-4.863374999999999915e+01
-5.605875000000000341e+01
-3.304124999999999801e+01
-4.232249999999999801e+01
-6.793874999999999886e+01
-3.526874999999999716e+01
-5.160374999999999801e+01
