2.338945999999999970e+02
2.376073000000000093e+02
2.056787999999999954e+02
2.116189999999999998e+02
2.008523999999999887e+02
1.960260000000000105e+02
1.733789999999999907e+02
1.585286000000000115e+02
1.915707999999999913e+02
1.804329999999999927e+02
1.503608000000000118e+02
1.559298000000000002e+02
1.440493999999999915e+02
1.228875000000000028e+02
1.065520000000000067e+02
1.269714000000000027e+02
9.875552000000000419e+01
1.136059999999999945e+02
6.534199999999999875e+01
8.650388999999999839e+01
6.088685999999999865e+01
4.529388000000000147e+01
7.425226999999999578e+01
3.823991999999999791e+01
4.269505000000000194e+01
1.967685000000000173e+01
2.301820000000000022e+01
6.682704000000000200e+00
1.633549999999999969e+01
1.002406000000000041e+01
1.262288999999999994e+01
4.083874999999999922e+00
3.044342999999999932e+01
-2.227499999999999858e+01
-2.004749999999999943e+01
-1.150874999999999915e+01
-4.826249999999999929e+00
-3.081374999999999886e+01
-9.281250000000000000e+00
-1.113750000000000018e+00
-9.652499999999999858e+00
-2.858624999999999972e+01
-3.898125000000000284e+01
-1.522124999999999950e+01
7.425226999999999578e+00
-2.784375000000000000e+01
-7.425000000000000488e-01
-1.410749999999999993e+01
-3.044249999999999901e+01
-4.380749999999999744e+01
-5.234624999999999773e+01
-5.717249999999999943e+01
-6.051375000000000171e+01
-3.007124999999999915e+01
-6.756749999999999545e+01
-7.313625000000000398e+01
-5.494500000000000028e+01
-6.385499999999999687e+01
-5.791499999999999915e+01
-6.979500000000000171e+01
-8.167499999999999716e+01
-7.833374999999999488e+01
-3.081374999999999886e+01
-6.459749999999999659e+01
-9.541124999999999545e+01
-8.278874999999999318e+01
-7.499250000000000682e+01
-9.318375000000000341e+01
-5.123250000000000171e+01
-9.132750000000000057e+01
-9.986624999999999375e+01
-8.724375000000000568e+01
-1.002374999999999972e+02
-1.158299999999999983e+02
-9.466875000000000284e+01
-1.158299999999999983e+02
-1.046924999999999955e+02
-8.798624999999999829e+01
-1.176861999999999995e+02
-1.035788000000000011e+02
-1.191711999999999989e+02
-1.347637000000000000e+02
-1.429311999999999898e+02
-1.258538000000000068e+02
-1.162012000000000000e+02
-1.373625000000000114e+02
-1.332786999999999864e+02
-1.284524999999999864e+02
-1.737450000000000045e+02
-1.510988000000000113e+02
-1.451588000000000136e+02
-1.670625000000000000e+02
-1.574099999999999966e+02
-1.510988000000000113e+02
-1.570388000000000090e+02
-1.440449999999999875e+02
-1.425600000000000023e+02
-1.622363000000000000e+02
-1.551825000000000045e+02
-1.770862999999999943e+02
-1.919362000000000137e+02
-1.726313000000000102e+02
-1.588950000000000102e+02
-1.926787999999999954e+02
-2.041875000000000000e+02
-1.640925000000000011e+02
-1.893375000000000057e+02
-1.893375000000000057e+02
-1.841399999999999864e+02
-1.911938000000000102e+02
-1.781999999999999886e+02
-1.937924999999999898e+02
-1.963913000000000011e+02
-1.848824999999999932e+02
-1.807988000000000000e+02
-1.997324999999999875e+02
-2.286899999999999977e+02
-1.956487999999999943e+02
-2.049300000000000068e+02
-1.993613000000000000e+02
-2.004749999999999943e+02
-2.212649999999999864e+02
-2.197800000000000011e+02
-1.889661999999999864e+02
-2.156963000000000079e+02
-2.316599999999999966e+02
-1.934211999999999989e+02
-2.223788000000000125e+02
-2.205225000000000080e+02
-2.145825000000000102e+02
-2.246062000000000012e+02
-2.234925000000000068e+02
-2.205225000000000080e+02
-2.357437999999999931e+02
-2.316599999999999966e+02
-2.372288000000000068e+02
-2.457675000000000125e+02
-2.888324999999999818e+02
-2.621025000000000205e+02
-2.647013000000000034e+02
-2.476237000000000137e+02
-2.862337999999999738e+02
-2.769524999999999864e+02
-2.847486999999999853e+02
-2.999700000000000273e+02
-3.055387999999999806e+02
-2.814075000000000273e+02
-2.899463000000000079e+02
-2.524499999999999886e+02
-2.134687999999999874e+02
-2.350012999999999863e+02
-2.234925000000000068e+02
-2.286899999999999977e+02
-2.171812999999999931e+02
-2.130974999999999966e+02
-2.227500000000000000e+02
-1.767150000000000034e+02
-1.897087999999999965e+02
-1.956487999999999943e+02
-1.793137999999999863e+02
-1.767150000000000034e+02
-1.975049999999999955e+02
-1.752299999999999898e+02
-2.015886999999999887e+02
-2.216362000000000023e+02
-2.153249999999999886e+02
-2.112412999999999954e+02
-2.231211999999999875e+02
-1.930500000000000114e+02
-1.752299999999999898e+02
-1.752299999999999898e+02
-1.845112000000000023e+02
-1.885949999999999989e+02
-1.796850000000000023e+02
-1.915649999999999977e+02
-1.911938000000000102e+02
-1.952775000000000034e+02
-1.689187000000000012e+02
-2.093849999999999909e+02
-1.945349999999999966e+02
-1.815412000000000035e+02
-1.978762999999999863e+02
-2.138400000000000034e+02
-1.934211999999999989e+02
-2.060437000000000012e+02
-2.249774999999999920e+02
-2.208937999999999988e+02
-2.264625000000000057e+02
-2.435399999999999920e+02
-2.223788000000000125e+02
-2.383425000000000011e+02
-2.312888000000000090e+02
-2.264625000000000057e+02
-2.027024999999999864e+02
-2.097563000000000102e+02
-1.848824999999999932e+02
-1.904512000000000000e+02
-2.079000000000000057e+02
-1.975049999999999955e+02
-2.101274999999999977e+02
-2.201511999999999887e+02
-2.045586999999999875e+02
-2.034449999999999932e+02
-2.168100000000000023e+02
-2.015886999999999887e+02
-2.108700000000000045e+02
-2.238637999999999977e+02
-2.130974999999999966e+02
-2.194088000000000136e+02
-2.401987000000000023e+02
-2.346299999999999955e+02
-1.986187999999999931e+02
-2.093849999999999909e+02
-1.826550000000000011e+02
-1.900800000000000125e+02
-2.082712999999999965e+02
-2.220074999999999932e+02
-2.130974999999999966e+02
-2.368574999999999875e+02
-2.316599999999999966e+02
-2.208937999999999988e+02
-2.208937999999999988e+02
-2.298037999999999954e+02
-2.357437999999999931e+02
-2.301750000000000114e+02
-2.442824999999999989e+02
-2.197800000000000011e+02
-2.056725000000000136e+02
-1.711462999999999965e+02
-1.533262000000000000e+02
-1.555537999999999954e+02
-1.614937999999999931e+02
-1.659487000000000023e+02
-1.562961999999999989e+02
-1.507274999999999920e+02
-1.733737000000000137e+02
-1.859961999999999875e+02
-1.644636999999999887e+02
-1.681762999999999977e+02
-1.685475000000000136e+02
-1.811699999999999875e+02
-1.711462999999999965e+02
-1.856250000000000000e+02
-1.867387999999999977e+02
-1.752299999999999898e+02
-1.900800000000000125e+02
-1.841399999999999864e+02
-1.885949999999999989e+02
-1.923075000000000045e+02
-1.663199999999999932e+02
-1.711462999999999965e+02
-1.941638000000000090e+02
-1.897087999999999965e+02
-1.793137999999999863e+02
-1.562961999999999989e+02
-1.629787000000000035e+02
-1.455300000000000011e+02
-1.358774999999999977e+02
-1.139737999999999971e+02
-1.373625000000000114e+02
-1.191711999999999989e+02
-1.310512999999999977e+02
-1.139737999999999971e+02
-1.343925000000000125e+02
-1.536974999999999909e+02
-1.358774999999999977e+02
-1.310512999999999977e+02
-1.510988000000000113e+02
-1.314225000000000136e+02
-1.473862000000000023e+02
-1.277099999999999937e+02
-1.061774999999999949e+02
-1.366200000000000045e+02
-1.451588000000000136e+02
-1.187999999999999972e+02
-1.351349999999999909e+02
-1.514699999999999989e+02
-1.310512999999999977e+02
-1.436738000000000000e+02
-1.251113000000000000e+02
-1.306800000000000068e+02
-1.551825000000000045e+02
-1.470149999999999864e+02
-1.395900000000000034e+02
-1.154586999999999932e+02
-1.421887999999999863e+02
-1.310512999999999977e+02
-1.284524999999999864e+02
-1.303086999999999875e+02
-1.221413000000000011e+02
-1.295663000000000125e+02
-1.496137999999999977e+02
-1.351349999999999909e+02
-1.239975000000000023e+02
-1.466437999999999988e+02
-1.373625000000000114e+02
-1.392187999999999874e+02
-1.410749999999999886e+02
-1.232549999999999955e+02
-1.225125000000000028e+02
-1.551825000000000045e+02
-1.418174999999999955e+02
-1.499850000000000136e+02
-1.633499999999999943e+02
-1.403325000000000102e+02
-1.310512999999999977e+02
-1.429311999999999898e+02
-1.340212999999999965e+02
-1.325363000000000113e+02
-1.384763000000000090e+02
-1.447874999999999943e+02
-1.306800000000000068e+02
-1.510988000000000113e+02
-1.291949999999999932e+02
-1.477574999999999932e+02
-1.466437999999999988e+02
-1.562961999999999989e+02
-1.325363000000000113e+02
-1.522125000000000057e+02
-1.640925000000000011e+02
-1.473862000000000023e+02
-1.418174999999999955e+02
-1.555537999999999954e+02
-1.644636999999999887e+02
-1.663199999999999932e+02
-1.507274999999999920e+02
-1.373625000000000114e+02
-1.369912999999999954e+02
-1.670625000000000000e+02
-1.581525000000000034e+02
-1.796850000000000023e+02
-1.726313000000000102e+02
-1.540688000000000102e+02
-1.730024999999999977e+02
-1.473862000000000023e+02
-1.470149999999999864e+02
-1.633499999999999943e+02
-1.588950000000000102e+02
-1.696613000000000113e+02
-1.592663000000000011e+02
-1.377336999999999989e+02
-1.473862000000000023e+02
-1.666913000000000125e+02
-1.232549999999999955e+02
-1.548112000000000137e+02
-1.440449999999999875e+02
-1.577812999999999874e+02
-1.403325000000000102e+02
-1.310512999999999977e+02
-1.366200000000000045e+02
-1.403325000000000102e+02
-1.451588000000000136e+02
-1.473862000000000023e+02
-1.210275000000000034e+02
-1.162012000000000000e+02
-1.321649999999999920e+02
-1.169437000000000069e+02
-1.210275000000000034e+02
-1.020938000000000017e+02
-1.091474999999999937e+02
-1.228837999999999937e+02
-1.147162000000000006e+02
-1.039500000000000028e+02
-1.184287000000000063e+02
-1.314225000000000136e+02
-1.139737999999999971e+02
-1.228837999999999937e+02
-1.314225000000000136e+02
-1.254825000000000017e+02
-1.195425000000000040e+02
-1.306800000000000068e+02
-1.124887999999999977e+02
-1.210275000000000034e+02
-1.098900000000000006e+02
-1.013512000000000057e+02
-1.158299999999999983e+02
-1.058062999999999931e+02
-9.949500000000000455e+01
-1.277099999999999937e+02
-1.366200000000000045e+02
-1.110037999999999982e+02
-1.128599999999999994e+02
-1.407038000000000011e+02
-1.213987999999999943e+02
-9.763875000000000171e+01
-1.032074999999999960e+02
-1.020938000000000017e+02
-1.035788000000000011e+02
-1.110037999999999982e+02
-9.429749999999999943e+01
-1.176861999999999995e+02
-1.303086999999999875e+02
-1.002374999999999972e+02
-1.169437000000000069e+02
-6.459749999999999659e+01
-6.348375000000000057e+01
-6.571125000000000682e+01
-6.385499999999999687e+01
-6.162749999999999773e+01
-5.828625000000000256e+01
-7.239374999999999716e+01
-5.902875000000000227e+01
-5.086124999999999829e+01
-6.422624999999999318e+01
-5.531624999999999659e+01
-2.710125000000000028e+01
-4.826250000000000284e+01
-5.494500000000000028e+01
-4.863374999999999915e+01
-4.714874999999999972e+01
-5.123250000000000171e+01
-2.858624999999999972e+01
