-4.850381000000000313e+03
-4.851494999999999891e+03
-4.790980999999999767e+03
-4.864488999999999578e+03
-4.861146999999999935e+03
-4.865230999999999767e+03
-4.854465000000000146e+03
-4.891219000000000051e+03
-4.877481999999999971e+03
-4.851494999999999891e+03
-4.881194999999999709e+03
-4.878595999999999549e+03
-4.877481999999999971e+03
-4.895673999999999978e+03
-4.872655999999999949e+03
-4.900871000000000095e+03
-4.860033999999999651e+03
-4.944307999999999993e+03
-4.864859999999999673e+03
-4.911265999999999622e+03
-4.943194000000000415e+03
-4.893445999999999913e+03
-4.927972999999999956e+03
-4.912751000000000204e+03
-4.943936999999999898e+03
-4.969923999999999978e+03
-4.952104000000000269e+03
-4.938368000000000393e+03
-4.955815999999999804e+03
-4.991456000000000131e+03
-4.963240999999999985e+03
-4.988114999999999782e+03
-4.979576000000000022e+03
-4.973265000000000327e+03
-5.006305999999999585e+03
-5.004449999999999818e+03
-4.985145000000000437e+03
-5.023384000000000015e+03
-5.015587000000000444e+03
-4.978833999999999833e+03
-5.001109000000000378e+03
-5.030438000000000102e+03
-4.999252000000000407e+03
-5.040832999999999629e+03
-5.044917000000000371e+03
-5.036748999999999796e+03
-5.049371000000000095e+03
-5.046400999999999840e+03
-5.066448999999999614e+03
-5.005192000000000007e+03
-5.043802999999999884e+03
-5.019671000000000276e+03
-5.007792000000000371e+03
-5.077957999999999629e+03
-5.046400999999999840e+03
-5.031921999999999571e+03
-5.061622999999999593e+03
-5.057909999999999854e+03
-5.026354000000000269e+03
-5.049000000000000000e+03
-5.044545000000000073e+03
-5.036377000000000407e+03
-5.064220999999999549e+03
-5.073873999999999796e+03
-5.061993999999999687e+03
-5.082783999999999651e+03
-5.068676000000000386e+03
-5.067190999999999804e+03
-5.101345999999999549e+03
-5.106914999999999964e+03
-5.062735999999999876e+03
-5.115824999999999818e+03
-5.112113000000000284e+03
-5.087238999999999578e+03
-5.112113000000000284e+03
-5.094663999999999760e+03
-5.109514000000000124e+03
-5.108399999999999636e+03
-5.139213999999999942e+03
-5.125478000000000065e+03
-5.164829999999999927e+03
-5.130675000000000182e+03
-5.120650999999999840e+03
-5.144039999999999964e+03
-5.148123999999999796e+03
-5.110627000000000407e+03
-5.136985999999999876e+03
-5.130675000000000182e+03
-5.123993000000000393e+03
-5.143296999999999571e+03
-5.177823999999999614e+03
-5.123621000000000095e+03
-5.160003999999999905e+03
-5.171512999999999920e+03
-5.160003999999999905e+03
-5.169284999999999854e+03
-5.184877000000000407e+03
-5.178938000000000102e+03
-5.185248999999999796e+03
-5.190445999999999913e+03
-5.199728000000000065e+03
-5.205296000000000276e+03
-5.239079999999999927e+03
-5.228314000000000306e+03
-5.256158000000000357e+03
-5.236480999999999767e+03
-5.256529000000000451e+03
-5.246876000000000204e+03
-5.266552999999999884e+03
-5.255043999999999869e+03
-5.285114999999999782e+03
-5.237224000000000160e+03
-5.152949999999999818e+03
-5.182279000000000451e+03
-5.149238000000000284e+03
-5.142555000000000291e+03
-5.182279000000000451e+03
-5.181908000000000357e+03
-5.195644000000000233e+03
-5.198984999999999673e+03
-5.208637999999999920e+03
-5.191930999999999585e+03
-5.191930999999999585e+03
-5.188961000000000240e+03
-5.193417000000000371e+03
-5.193417000000000371e+03
-5.191930999999999585e+03
-5.217918999999999869e+03
-5.218289999999999964e+03
-5.234996000000000095e+03
-5.209380000000000109e+03
-5.193787999999999556e+03
-5.226086000000000240e+03
-5.184135000000000218e+03
-5.202698000000000320e+03
-5.196386000000000422e+03
-5.206409999999999854e+03
-5.158146999999999935e+03
-5.174110999999999876e+03
-5.150722999999999956e+03
-5.135872999999999593e+03
-5.176710000000000036e+03
-5.140328000000000429e+03
-5.175225000000000364e+03
-5.121021999999999935e+03
-5.147752000000000407e+03
-5.118052999999999884e+03
-5.145154000000000451e+03
-5.145154000000000451e+03
-5.131046000000000276e+03
-5.139213999999999942e+03
-5.162230999999999767e+03
-5.148123999999999796e+03
-5.155920000000000073e+03
-5.155548999999999978e+03
-5.113225999999999658e+03
-5.122878999999999905e+03
-5.139585000000000036e+03
-5.083154999999999745e+03
-5.184877000000000407e+03
-5.115082999999999629e+03
-5.120279999999999745e+03
-5.130675000000000182e+03
-5.146639000000000124e+03
-5.114340000000000146e+03
-5.169655999999999949e+03
-5.185248999999999796e+03
-5.121021999999999935e+03
-5.172997999999999593e+03
-5.175967999999999847e+03
-5.168171000000000276e+03
-5.173368999999999687e+03
-5.230542000000000371e+03
-5.197128999999999905e+03
-5.165573000000000320e+03
-5.234996000000000095e+03
-5.169284999999999854e+03
-5.162974000000000160e+03
-5.210122999999999593e+03
-5.184877000000000407e+03
-5.198984999999999673e+03
-5.229055999999999585e+03
-5.200470000000000255e+03
-5.206038999999999760e+03
-5.185990999999999985e+03
-5.161859999999999673e+03
-5.170770000000000437e+03
-5.143296999999999571e+03
-5.150350999999999658e+03
-5.194158999999999651e+03
-5.168913999999999760e+03
-5.154435000000000400e+03
-5.153320999999999913e+03
-5.159631999999999607e+03
-5.138100000000000364e+03
-5.149609000000000378e+03
-5.175967999999999847e+03
-5.176710000000000036e+03
-5.186734000000000378e+03
-5.210122999999999593e+03
-5.194900999999999840e+03
-5.210493999999999687e+03
-5.250960000000000036e+03
-5.238708999999999833e+03
-5.231283999999999651e+03
-5.239451000000000022e+03
-5.214578000000000429e+03
-5.218661000000000058e+03
-5.230170000000000073e+03
-5.240194000000000415e+03
-5.178565999999999804e+03
-5.210122999999999593e+03
-5.225344000000000051e+03
-5.189703999999999724e+03
-5.172255000000000109e+03
-5.205667000000000371e+03
-5.179680000000000291e+03
-5.183764000000000124e+03
-5.164829999999999927e+03
-5.195271999999999935e+03
-5.183764000000000124e+03
-5.206409999999999854e+03
-5.194529999999999745e+03
-5.213092999999999847e+03
-5.208265999999999622e+03
-5.203811999999999898e+03
-5.216063000000000102e+03
-5.176710000000000036e+03
-5.172626000000000204e+03
-5.158519000000000233e+03
-5.190074999999999818e+03
-5.165573000000000320e+03
-5.196756999999999607e+03
-5.193787999999999556e+03
-5.131788999999999760e+03
-5.190817000000000007e+03
-5.207895000000000437e+03
-5.204925000000000182e+03
-5.190817000000000007e+03
-5.200470000000000255e+03
-5.172997999999999593e+03
-5.187847999999999956e+03
-5.204182999999999993e+03
-5.180793999999999869e+03
-5.209009000000000015e+03
-5.175967999999999847e+03
-5.209751000000000204e+03
-5.171512999999999920e+03
-5.248360999999999876e+03
-5.185990999999999985e+03
-5.227942000000000007e+03
-5.217546999999999571e+03
-5.198984999999999673e+03
-5.234996000000000095e+03
-5.201583999999999833e+03
-5.233140000000000327e+03
-5.223115999999999985e+03
-5.276948000000000320e+03
-5.256158000000000357e+03
-5.238337000000000444e+03
-5.283259000000000015e+03
-5.257270999999999731e+03
-5.299594000000000051e+03
-5.298479999999999563e+03
-5.282145000000000437e+03
-5.294024999999999636e+03
-5.328551000000000386e+03
-5.284001000000000204e+03
-5.308875000000000000e+03
-5.295881000000000313e+03
-5.295510000000000218e+03
-5.315929000000000087e+03
-5.303305999999999585e+03
-5.300336000000000240e+03
-5.309246000000000095e+03
-5.328180000000000291e+03
-5.325582000000000335e+03
-5.310730999999999767e+03
-5.351569000000000415e+03
-5.324095999999999549e+03
-5.343771999999999935e+03
-5.357509000000000015e+03
-5.383496000000000095e+03
-5.341173999999999978e+03
-5.406885000000000218e+03
-5.362707000000000335e+03
-5.343029999999999745e+03
-5.374215000000000146e+03
-5.383868000000000393e+03
-5.409113000000000284e+03
-5.404286000000000058e+03
-5.426561999999999898e+03
-5.377927999999999884e+03
-5.392777000000000044e+03
-5.403914999999999964e+03
-5.396118999999999687e+03
-5.436957000000000335e+03
-5.415795000000000073e+03
-5.407998999999999796e+03
-5.433243999999999687e+03
-5.433614999999999782e+03
-5.414680999999999585e+03
-5.481877000000000407e+03
-5.464429000000000087e+03
-5.453662999999999556e+03
-5.493015000000000327e+03
-5.496355999999999767e+03
-5.486703999999999724e+03
-5.507493999999999687e+03
-5.519744999999999891e+03
-5.515289999999999964e+03
-5.533853000000000065e+03
-5.530511000000000422e+03
-5.524199999999999818e+03
-5.506380000000000109e+03
-5.546845999999999549e+03
-5.540534999999999854e+03
-5.568006999999999607e+03
-5.541277000000000044e+03
-5.529769000000000233e+03
-5.517518000000000029e+03
-5.474453000000000429e+03
-5.514176000000000386e+03
-5.463686999999999898e+03
-5.506751000000000204e+03
-5.488560000000000400e+03
-5.463686999999999898e+03
-5.499326000000000022e+03
-5.521972999999999956e+03
-5.517889000000000124e+03
-5.532738999999999578e+03
-5.520488000000000284e+03
-5.528283999999999651e+03
-5.564295000000000073e+03
-5.551671999999999571e+03
-5.541649000000000342e+03
-5.563923999999999978e+03
-5.545731999999999971e+03
-5.557240999999999985e+03
-5.577288999999999760e+03
-5.552043999999999869e+03
-5.529025999999999840e+03
-5.557240999999999985e+03
-5.517145999999999731e+03
-5.450692000000000007e+03
-5.510463999999999942e+03
-5.495613999999999578e+03
-5.492644000000000233e+03
-5.502296000000000276e+03
-5.487817000000000007e+03
-5.462573000000000320e+03
-5.495243000000000393e+03
-5.488930999999999585e+03
-5.512319999999999709e+03
-5.517518000000000029e+03
-5.506380000000000109e+03
-5.505265999999999622e+03
-5.509720999999999549e+03
-5.489302999999999884e+03
-5.502667000000000371e+03
-5.517518000000000029e+03
-5.527170000000000073e+03
-5.477793999999999869e+03
-5.521229999999999563e+03
-5.496728000000000065e+03
-5.489673999999999978e+03
-5.495613999999999578e+03
-5.529769000000000233e+03
-5.491900999999999840e+03
-5.532368000000000393e+03
-5.516774999999999636e+03
-5.469997999999999593e+03
-5.532738999999999578e+03
-5.508235999999999876e+03
-5.527542000000000371e+03
-5.518260000000000218e+03
-5.557984000000000378e+03
-5.506380000000000109e+03
-5.520115999999999985e+03
-5.557984000000000378e+03
-5.499698000000000320e+03
-5.557613000000000284e+03
-5.524199999999999818e+03
-5.524199999999999818e+03
-5.520488000000000284e+03
-5.538307999999999993e+03
-5.510835000000000036e+03
-5.527542000000000371e+03
-5.588426000000000386e+03
-5.543876000000000204e+03
-5.573204999999999927e+03
-5.609958999999999833e+03
-5.566894000000000233e+03
-5.559840000000000146e+03
-5.616640999999999622e+03
-5.585828000000000429e+03
-5.595850999999999658e+03
-5.629635000000000218e+03
-5.575432999999999993e+03
-5.587684000000000196e+03
-5.571720000000000255e+03
-5.577659999999999854e+03
-5.593994999999999891e+03
-5.609216000000000349e+03
-5.605503999999999905e+03
-5.572091000000000349e+03
-5.612929000000000087e+03
-5.620725000000000364e+03
-5.601792000000000371e+03
-5.556869999999999891e+03
-5.572833999999999833e+03
-5.550559000000000196e+03
