2.817873999999999910e+02
2.695357000000000198e+02
2.739909000000000106e+02
2.476313000000000102e+02
2.498589000000000055e+02
2.309244999999999948e+02
2.376073000000000093e+02
2.090201000000000136e+02
1.889720000000000084e+02
2.157027999999999963e+02
1.588999000000000024e+02
1.332828000000000088e+02
1.622411999999999921e+02
1.551871999999999900e+02
1.124921999999999969e+02
1.366242000000000019e+02
1.087796000000000021e+02
1.050669999999999931e+02
1.195461999999999989e+02
8.650388999999999839e+01
1.013542999999999950e+02
8.910272000000000503e+01
6.237189999999999657e+01
5.568919999999999959e+01
7.907867000000000246e+01
8.576136999999999944e+01
3.489856999999999942e+01
2.635954999999999870e+01
3.935370000000000346e+01
1.225162000000000084e+01
3.267099999999999937e+01
1.633549999999999969e+01
-7.424999999999999822e+00
9.281532999999999589e+00
1.039531999999999989e+01
-2.264624999999999844e+01
-8.538750000000000284e+00
-1.930499999999999972e+01
-2.376000000000000156e+01
-6.422624999999999318e+01
-6.051375000000000171e+01
-7.313625000000000398e+01
-6.719625000000000625e+01
-9.169875000000000398e+01
-8.204625000000000057e+01
-1.076624999999999943e+02
-9.652500000000000568e+01
-1.002374999999999972e+02
-1.262249999999999943e+02
-1.288237000000000023e+02
-1.202849999999999966e+02
-1.303086999999999875e+02
-1.392187999999999874e+02
-1.407038000000000011e+02
-1.451588000000000136e+02
-1.767150000000000034e+02
-1.488711999999999875e+02
-1.381049999999999898e+02
-1.492425000000000068e+02
-1.819124999999999943e+02
-1.577812999999999874e+02
-1.666913000000000125e+02
-1.614937999999999931e+02
-1.807988000000000000e+02
-2.064149999999999920e+02
-2.186662000000000035e+02
-2.075286999999999864e+02
-1.781999999999999886e+02
-2.041875000000000000e+02
-2.104987000000000137e+02
-2.179238000000000000e+02
-2.357437999999999931e+02
-2.127263000000000090e+02
-2.420550000000000068e+02
-2.565337999999999852e+02
-2.524499999999999886e+02
-2.676712999999999738e+02
-2.776949999999999932e+02
-2.479950000000000045e+02
-2.431687000000000012e+02
-2.658149999999999977e+02
-2.554199999999999875e+02
-2.621025000000000205e+02
-3.033111999999999853e+02
-2.925450000000000159e+02
-2.728686999999999898e+02
-2.981136999999999944e+02
-3.036825000000000045e+02
-3.207599999999999909e+02
-3.122212999999999852e+02
-3.111075000000000159e+02
-3.285561999999999898e+02
-3.344961999999999875e+02
-3.445199999999999818e+02
-3.500887000000000171e+02
-3.779325000000000045e+02
-3.712500000000000000e+02
-3.549150000000000205e+02
-3.690224999999999795e+02
-3.615975000000000250e+02
-3.786750000000000114e+02
-3.950099999999999909e+02
-3.912975000000000136e+02
-3.578849999999999909e+02
-3.890699999999999932e+02
-3.742200000000000273e+02
-3.467475000000000023e+02
-3.593700000000000045e+02
-3.341250000000000000e+02
-2.951437000000000239e+02
-3.252149999999999750e+02
-3.315262000000000171e+02
-2.350012999999999863e+02
-2.587613000000000056e+02
-2.569049999999999727e+02
-2.350012999999999863e+02
-2.732400000000000091e+02
-2.762099999999999795e+02
-2.624737999999999829e+02
-2.828924999999999841e+02
-3.021974999999999909e+02
-2.713838000000000079e+02
-2.880899999999999750e+02
-3.040536999999999921e+02
-2.762099999999999795e+02
-2.914311999999999898e+02
-2.843774999999999977e+02
-2.910600000000000023e+02
-2.754674999999999727e+02
-2.966288000000000125e+02
-2.858625000000000114e+02
-2.958863000000000056e+02
-3.166761999999999944e+02
-3.181612999999999829e+02
-2.984850000000000136e+02
-3.356100000000000136e+02
-3.140774999999999864e+02
-3.118500000000000227e+02
-3.422925000000000182e+02
-3.203888000000000034e+02
-3.044250000000000114e+02
-2.962574999999999932e+02
-2.955149999999999864e+02
-2.999700000000000273e+02
-2.977425000000000068e+02
-2.995987999999999829e+02
-3.118500000000000227e+02
-3.211313000000000102e+02
-3.263288000000000011e+02
-3.333824999999999932e+02
-3.196462000000000216e+02
-2.799225000000000136e+02
-2.862337999999999738e+02
-2.899463000000000079e+02
-2.925450000000000159e+02
-2.988562999999999761e+02
-3.118500000000000227e+02
-2.866050000000000182e+02
-3.070237000000000194e+02
-3.281850000000000023e+02
-2.903174999999999955e+02
-2.958863000000000056e+02
-3.441487000000000194e+02
-3.382087000000000216e+02
-3.259574999999999818e+02
-3.426637999999999806e+02
-3.526875000000000000e+02
-3.304125000000000227e+02
-3.344961999999999875e+02
-3.437774999999999750e+02
-3.367237999999999829e+02
-3.177900000000000205e+02
-3.125924999999999727e+02
-3.218736999999999853e+02
-2.966288000000000125e+02
-3.055387999999999806e+02
-3.040536999999999921e+02
-3.096225000000000023e+02
-2.550488000000000000e+02
-2.665575000000000045e+02
-2.613600000000000136e+02
-2.494799999999999898e+02
-2.416836999999999875e+02
-2.780663000000000125e+02
-2.550488000000000000e+02
-2.290612000000000137e+02
-2.357437999999999931e+02
-2.182949999999999875e+02
-2.097563000000000102e+02
-2.168100000000000023e+02
-2.186662000000000035e+02
-2.246062000000000012e+02
-2.260911999999999864e+02
-2.194088000000000136e+02
-2.294325000000000045e+02
-2.234925000000000068e+02
-2.153249999999999886e+02
-2.260911999999999864e+02
-2.249774999999999920e+02
-2.160674999999999955e+02
-2.309174999999999898e+02
-2.535637999999999863e+02
-2.357437999999999931e+02
-2.324025000000000034e+02
-2.453962999999999965e+02
-2.420550000000000068e+02
-2.457675000000000125e+02
-2.491086999999999989e+02
-2.364863000000000000e+02
-2.528213000000000079e+02
-2.535637999999999863e+02
-2.710124999999999886e+02
-2.483662999999999954e+02
-2.409413000000000125e+02
-2.531924999999999955e+02
-2.390850000000000080e+02
-2.517075000000000102e+02
-2.598750000000000000e+02
-2.535637999999999863e+02
-2.609886999999999944e+02
-2.171812999999999931e+02
-2.134687999999999874e+02
-2.168100000000000023e+02
-2.186662000000000035e+02
-2.220074999999999932e+02
-2.041875000000000000e+02
-2.067863000000000113e+02
-1.923075000000000045e+02
-2.097563000000000102e+02
-2.060437000000000012e+02
-2.182949999999999875e+02
-2.268337999999999965e+02
-2.375999999999999943e+02
-2.401987000000000023e+02
-2.468813000000000102e+02
-2.427975000000000136e+02
-2.238637999999999977e+02
-2.335163000000000011e+02
-2.420550000000000068e+02
-2.175525000000000091e+02
-2.012175000000000011e+02
-1.789424999999999955e+02
-1.975049999999999955e+02
-1.956487999999999943e+02
-2.049300000000000068e+02
-1.833975000000000080e+02
-1.793137999999999863e+02
-1.889661999999999864e+02
-1.975049999999999955e+02
-2.130974999999999966e+02
-2.023312999999999988e+02
-2.056725000000000136e+02
-1.941638000000000090e+02
-2.171812999999999931e+02
-2.053012999999999977e+02
-1.878524999999999920e+02
-1.915649999999999977e+02
-2.171812999999999931e+02
-2.027024999999999864e+02
-1.941638000000000090e+02
-2.001037000000000035e+02
-2.023312999999999988e+02
-2.008463000000000136e+02
-1.707750000000000057e+02
-1.856250000000000000e+02
-1.971338000000000079e+02
-1.789424999999999955e+02
-1.993613000000000000e+02
-2.130974999999999966e+02
-2.134687999999999874e+02
-1.956487999999999943e+02
-1.930500000000000114e+02
-1.978762999999999863e+02
-1.833975000000000080e+02
-2.053012999999999977e+02
-1.967624999999999886e+02
-2.153249999999999886e+02
-2.079000000000000057e+02
-2.012175000000000011e+02
-1.845112000000000023e+02
-2.116125000000000114e+02
-2.034449999999999932e+02
-2.049300000000000068e+02
-2.142112999999999943e+02
-1.934211999999999989e+02
-2.060437000000000012e+02
-2.286899999999999977e+02
-1.611225000000000023e+02
-1.002374999999999972e+02
-1.299375000000000000e+02
-1.176861999999999995e+02
-1.087763000000000062e+02
-1.162012000000000000e+02
-9.095624999999999716e+01
-1.173149999999999977e+02
-9.578249999999999886e+01
-8.798624999999999829e+01
-1.054350000000000023e+02
-1.069200000000000017e+02
-8.947124999999999773e+01
-9.169875000000000398e+01
-1.054350000000000023e+02
-1.139737999999999971e+02
-1.162012000000000000e+02
-1.169437000000000069e+02
-1.035788000000000011e+02
-9.801000000000000512e+01
-1.080337999999999994e+02
-1.084050000000000011e+02
-9.169875000000000398e+01
-1.403325000000000102e+02
-1.080337999999999994e+02
-9.615375000000000227e+01
-1.035788000000000011e+02
-1.113750000000000000e+02
-9.949500000000000455e+01
-1.213987999999999943e+02
-1.110037999999999982e+02
-1.113750000000000000e+02
-1.395900000000000034e+02
-1.325363000000000113e+02
-1.210275000000000034e+02
-1.247399999999999949e+02
-1.410749999999999886e+02
-1.117463000000000051e+02
-1.225125000000000028e+02
-1.102613000000000056e+02
-8.761499999999999488e+01
-9.318375000000000341e+01
-8.835750000000000171e+01
-8.872875000000000512e+01
-8.241750000000000398e+01
-9.206999999999999318e+01
-8.501624999999999943e+01
-9.169875000000000398e+01
-9.392624999999999602e+01
-8.724375000000000568e+01
-8.761499999999999488e+01
-8.798624999999999829e+01
-8.427375000000000682e+01
-7.907625000000000171e+01
-9.466875000000000284e+01
-8.241750000000000398e+01
-8.427375000000000682e+01
-9.949500000000000455e+01
-7.536374999999999602e+01
-7.796250000000000568e+01
-6.051375000000000171e+01
-7.387874999999999659e+01
-6.459749999999999659e+01
-4.380749999999999744e+01
-4.714874999999999972e+01
-6.682500000000000284e+01
-7.796250000000000568e+01
-4.566375000000000028e+01
-6.534000000000000341e+01
-5.902875000000000227e+01
-6.459749999999999659e+01
-7.165125000000000455e+01
-5.902875000000000227e+01
-5.902875000000000227e+01
-6.274125000000000085e+01
-4.937624999999999886e+01
-6.645374999999999943e+01
-6.979500000000000171e+01
-8.241750000000000398e+01
-7.165125000000000455e+01
-7.425000000000000000e+01
-7.462125000000000341e+01
-6.199875000000000114e+01
-6.422624999999999318e+01
-7.313625000000000398e+01
-6.496875000000000000e+01
-6.125625000000000142e+01
-7.313625000000000398e+01
-5.717249999999999943e+01
-6.348375000000000057e+01
-6.756749999999999545e+01
-6.719625000000000625e+01
-6.199875000000000114e+01
-5.680125000000000313e+01
-6.236999999999999744e+01
-6.162749999999999773e+01
-4.232249999999999801e+01
-5.346000000000000085e+01
-6.534000000000000341e+01
-6.645374999999999943e+01
-5.902875000000000227e+01
-5.383124999999999716e+01
-7.759125000000000227e+01
-7.165125000000000455e+01
-3.823875000000000313e+01
-6.793874999999999886e+01
-5.383124999999999716e+01
-5.680125000000000313e+01
-7.721999999999999886e+01
-5.977125000000000199e+01
-5.271750000000000114e+01
-7.165125000000000455e+01
-6.162749999999999773e+01
-5.531624999999999659e+01
-7.907625000000000171e+01
-8.687250000000000227e+01
-6.348375000000000057e+01
-5.791499999999999915e+01
-4.306499999999999773e+01
-6.756749999999999545e+01
-8.167499999999999716e+01
-4.195125000000000171e+01
-6.014249999999999829e+01
-7.425000000000000000e+01
-7.350749999999999318e+01
