1.143485000000000014e+02
8.353379999999999939e+01
6.608451999999999771e+01
1.291989000000000090e+02
1.202887000000000057e+02
7.053964999999999463e+01
7.128216999999999359e+01
8.576136999999999944e+01
6.571326000000000533e+01
4.677893000000000256e+01
4.492262000000000199e+01
4.863522999999999996e+01
5.791676999999999964e+01
5.568919999999999959e+01
2.227568000000000126e+01
1.262288999999999994e+01
4.937776000000000209e+01
5.086280000000000001e+01
-5.940000000000000391e+00
5.568920000000000314e+00
1.967685000000000173e+01
1.670675999999999917e+01
-2.227499999999999858e+01
-7.424999999999999822e+00
-1.373625000000000007e+01
6.682704000000000200e+00
-7.462125000000000341e+01
-4.232249999999999801e+01
-3.712499999999999911e+00
-1.188000000000000078e+01
-2.413125000000000142e+01
0.000000000000000000e+00
-5.383124999999999716e+01
-6.422624999999999318e+01
3.712613000000000163e-01
-1.782000000000000028e+01
8.167749000000000592e+00
-1.967624999999999957e+01
-4.566375000000000028e+01
-3.526874999999999716e+01
-2.004749999999999943e+01
-2.635875000000000057e+01
-5.197500000000000142e+01
-3.526874999999999716e+01
-5.123250000000000171e+01
-5.977125000000000199e+01
-3.675374999999999659e+01
-2.487375000000000114e+01
-3.526874999999999716e+01
-5.197500000000000142e+01
-4.157999999999999829e+01
-2.450250000000000128e+01
-1.039499999999999957e+01
-4.826250000000000284e+01
-5.680125000000000313e+01
-3.823875000000000313e+01
-5.234624999999999773e+01
-8.056125000000000114e+01
-7.090874999999999773e+01
-6.793874999999999886e+01
-9.281250000000000000e+01
-9.875249999999999773e+01
-8.390250000000000341e+01
-7.016625000000000512e+01
-7.202249999999999375e+01
-5.086124999999999829e+01
-9.095624999999999716e+01
-6.979500000000000171e+01
-5.197500000000000142e+01
-8.390250000000000341e+01
-7.833374999999999488e+01
-7.610625000000000284e+01
-8.984250000000000114e+01
-9.355500000000000682e+01
-9.615375000000000227e+01
-9.095624999999999716e+01
-9.244124999999999659e+01
-8.315999999999999659e+01
-9.318375000000000341e+01
-8.650124999999999886e+01
-7.239374999999999716e+01
-1.187999999999999972e+02
-1.080337999999999994e+02
-1.028362999999999943e+02
-1.113750000000000000e+02
-1.136025000000000063e+02
-9.726749999999999829e+01
-8.909999999999999432e+01
-9.281250000000000000e+01
-1.002374999999999972e+02
-1.225125000000000028e+02
-1.184287000000000063e+02
-9.578249999999999886e+01
-1.336500000000000057e+02
-1.340212999999999965e+02
-1.147162000000000006e+02
-1.455300000000000011e+02
-1.277099999999999937e+02
-1.247399999999999949e+02
-1.347637000000000000e+02
-1.258538000000000068e+02
-1.121175000000000068e+02
-1.329074999999999989e+02
-1.314225000000000136e+02
-1.277099999999999937e+02
-1.384763000000000090e+02
-1.314225000000000136e+02
-1.395900000000000034e+02
-1.618650000000000091e+02
-1.540688000000000102e+02
-1.607512999999999863e+02
-1.540688000000000102e+02
-1.577812999999999874e+02
-1.485000000000000000e+02
-1.614937999999999931e+02
-1.603799999999999955e+02
-1.507274999999999920e+02
-1.648350000000000080e+02
-1.663199999999999932e+02
-1.225125000000000028e+02
-1.559250000000000114e+02
-1.897087999999999965e+02
-1.459011999999999887e+02
-1.819124999999999943e+02
-2.001037000000000035e+02
-1.807988000000000000e+02
-1.759724999999999966e+02
-1.930500000000000114e+02
-2.212649999999999864e+02
-2.015886999999999887e+02
-1.900800000000000125e+02
-2.104987000000000137e+02
-2.015886999999999887e+02
-1.915649999999999977e+02
-1.859961999999999875e+02
-1.841399999999999864e+02
-1.878524999999999920e+02
-1.897087999999999965e+02
-1.785713000000000079e+02
-1.904512000000000000e+02
-1.826550000000000011e+02
-1.975049999999999955e+02
-2.156963000000000079e+02
-1.629787000000000035e+02
-1.960200000000000102e+02
-2.275762000000000000e+02
-1.830261999999999887e+02
-2.023312999999999988e+02
-2.301750000000000114e+02
-2.156963000000000079e+02
-2.090137000000000000e+02
-2.082712999999999965e+02
-2.049300000000000068e+02
-1.934211999999999989e+02
-1.971338000000000079e+02
-1.945349999999999966e+02
-2.138400000000000034e+02
-2.260911999999999864e+02
-2.119836999999999989e+02
-2.268337999999999965e+02
-2.387136999999999887e+02
-2.223788000000000125e+02
-2.257199999999999989e+02
-2.453962999999999965e+02
-2.695274999999999750e+02
-2.576474999999999795e+02
-2.587613000000000056e+02
-2.528213000000000079e+02
-2.598750000000000000e+02
-2.531924999999999955e+02
-2.446536999999999864e+02
-2.442824999999999989e+02
-2.617312999999999761e+02
-2.546775000000000091e+02
-2.650724999999999909e+02
-2.680425000000000182e+02
-2.710124999999999886e+02
-2.765812000000000239e+02
-2.851200000000000045e+02
-2.880899999999999750e+02
-2.665575000000000045e+02
-2.866050000000000182e+02
-2.970000000000000000e+02
-2.747250000000000227e+02
-3.081374999999999886e+02
-3.144488000000000056e+02
-2.958863000000000056e+02
-2.884612000000000194e+02
-3.300412999999999784e+02
-3.111075000000000159e+02
-3.189037000000000148e+02
-3.374662000000000148e+02
-3.263288000000000011e+02
-3.378374999999999773e+02
-3.318974999999999795e+02
-3.315262000000000171e+02
-3.530586999999999875e+02
-3.311549999999999727e+02
-3.129637000000000171e+02
-3.118500000000000227e+02
-2.958863000000000056e+02
-2.502224999999999966e+02
-2.498513000000000090e+02
-2.483662999999999954e+02
-2.569049999999999727e+02
-2.758387000000000171e+02
-2.565337999999999852e+02
-2.583899999999999864e+02
-2.724975000000000023e+02
-2.947724999999999795e+02
-2.661861999999999853e+02
-2.739825000000000159e+02
-2.721263000000000147e+02
-2.739825000000000159e+02
-3.226161999999999921e+02
-2.817787000000000148e+02
-2.817787000000000148e+02
-3.148199999999999932e+02
-2.966288000000000125e+02
-2.721263000000000147e+02
-3.122212999999999852e+02
-3.007124999999999773e+02
-3.070237000000000194e+02
-2.936587999999999852e+02
-3.051675000000000182e+02
-3.148199999999999932e+02
-3.140774999999999864e+02
-3.185325000000000273e+02
-3.125924999999999727e+02
-2.970000000000000000e+02
-2.910600000000000023e+02
-2.869762999999999806e+02
-2.955149999999999864e+02
-3.085088000000000079e+02
-3.055387999999999806e+02
-3.021974999999999909e+02
-3.018263000000000034e+02
-3.177900000000000205e+02
-3.163050000000000068e+02
-3.259574999999999818e+02
-3.218736999999999853e+02
-3.144488000000000056e+02
-3.066524999999999750e+02
-2.988562999999999761e+02
-2.854911999999999921e+02
-3.007124999999999773e+02
-3.025688000000000102e+02
-2.984850000000000136e+02
-3.114787999999999784e+02
-3.192749999999999773e+02
-2.802937999999999761e+02
-2.621025000000000205e+02
-2.539350000000000023e+02
-2.468813000000000102e+02
-2.676712999999999738e+02
-2.465099999999999909e+02
-2.587613000000000056e+02
-2.673000000000000114e+02
-2.661861999999999853e+02
-2.691562999999999874e+02
-2.806650000000000205e+02
-2.817787000000000148e+02
-2.832638000000000034e+02
-2.892038000000000011e+02
-2.728686999999999898e+02
-2.602461999999999875e+02
-2.736113000000000284e+02
-2.840063000000000102e+02
-2.992275000000000205e+02
-2.743537999999999784e+02
-2.747250000000000227e+02
-2.966288000000000125e+02
-3.070237000000000194e+02
-2.940299999999999727e+02
-2.832638000000000034e+02
-3.129637000000000171e+02
-2.866050000000000182e+02
-2.884612000000000194e+02
-2.873475000000000250e+02
-2.828924999999999841e+02
-2.647013000000000034e+02
-2.736113000000000284e+02
-2.394562999999999988e+02
-2.145825000000000102e+02
-2.190374999999999943e+02
-2.015886999999999887e+02
-2.164387999999999863e+02
-2.320312999999999874e+02
-2.275762000000000000e+02
-2.023312999999999988e+02
-2.212649999999999864e+02
-2.220074999999999932e+02
-2.257199999999999989e+02
-2.038163000000000125e+02
-1.963913000000000011e+02
-2.268337999999999965e+02
-2.216362000000000023e+02
-1.986187999999999931e+02
-1.975049999999999955e+02
-2.253488000000000113e+02
-2.272050000000000125e+02
-2.168100000000000023e+02
-2.212649999999999864e+02
-2.164387999999999863e+02
-2.079000000000000057e+02
-2.364863000000000000e+02
-2.238637999999999977e+02
-2.194088000000000136e+02
-2.461387000000000000e+02
-2.338874999999999886e+02
-2.465099999999999909e+02
-2.216362000000000023e+02
-2.416836999999999875e+02
-2.413125000000000000e+02
-2.372288000000000068e+02
-2.375999999999999943e+02
-2.494799999999999898e+02
-2.628450000000000273e+02
-2.491086999999999989e+02
-2.468813000000000102e+02
-2.543062999999999931e+02
-2.546775000000000091e+02
-2.453962999999999965e+02
-2.520788000000000011e+02
-2.509650000000000034e+02
-2.498513000000000090e+02
-2.550488000000000000e+02
-2.676712999999999738e+02
-2.561625000000000227e+02
-2.706413000000000011e+02
-2.476237000000000137e+02
-2.208937999999999988e+02
-2.364863000000000000e+02
-2.446536999999999864e+02
-2.394562999999999988e+02
-2.346299999999999955e+02
-2.390850000000000080e+02
-2.338874999999999886e+02
-2.413125000000000000e+02
-2.431687000000000012e+02
-2.453962999999999965e+02
-2.550488000000000000e+02
-2.465099999999999909e+02
-2.476237000000000137e+02
-2.439113000000000113e+02
-2.405699999999999932e+02
-2.520788000000000011e+02
-2.505937999999999874e+02
-2.424262999999999977e+02
-2.632162000000000148e+02
-2.379713000000000136e+02
-2.543062999999999931e+02
-2.531924999999999955e+02
-2.561625000000000227e+02
-2.650724999999999909e+02
-2.524499999999999886e+02
-2.621025000000000205e+02
-2.754674999999999727e+02
-2.405699999999999932e+02
-2.747250000000000227e+02
-2.591324999999999932e+02
-2.661861999999999853e+02
-2.687850000000000250e+02
-2.613600000000000136e+02
-2.654438000000000102e+02
-2.758387000000000171e+02
-2.587613000000000056e+02
-2.695274999999999750e+02
-2.788086999999999875e+02
-2.613600000000000136e+02
-2.654438000000000102e+02
-2.572762000000000171e+02
-2.509650000000000034e+02
-2.602461999999999875e+02
-2.780663000000000125e+02
-2.806650000000000205e+02
-2.591324999999999932e+02
-2.595038000000000125e+02
-2.910600000000000023e+02
-2.721263000000000147e+02
-2.884612000000000194e+02
-2.929162999999999784e+02
-2.810362999999999829e+02
-2.799225000000000136e+02
-2.866050000000000182e+02
-2.583899999999999864e+02
-2.877187999999999874e+02
-2.825212000000000216e+02
-2.847486999999999853e+02
-2.754674999999999727e+02
-2.992275000000000205e+02
-2.955149999999999864e+02
-3.081374999999999886e+02
-3.140774999999999864e+02
-2.995987999999999829e+02
-2.799225000000000136e+02
-2.724975000000000023e+02
-3.033111999999999853e+02
-2.847486999999999853e+02
-3.051675000000000182e+02
-2.914311999999999898e+02
-3.174187999999999761e+02
-3.036825000000000045e+02
-2.947724999999999795e+02
-3.033111999999999853e+02
-3.118500000000000227e+02
-2.966288000000000125e+02
-3.111075000000000159e+02
-3.077663000000000011e+02
-3.185325000000000273e+02
-3.129637000000000171e+02
-3.292988000000000284e+02
