-2.249774999999999920e+02
-2.468813000000000102e+02
-2.387136999999999887e+02
-2.643299999999999841e+02
-2.654438000000000102e+02
-2.583899999999999864e+02
-2.981136999999999944e+02
-2.840063000000000102e+02
-3.177900000000000205e+02
-3.434062999999999874e+02
-3.311549999999999727e+02
-3.170475000000000136e+02
-3.497174999999999727e+02
-3.367237999999999829e+02
-3.270713000000000079e+02
-3.623399999999999750e+02
-3.823874999999999886e+02
-3.731062999999999761e+02
-3.861000000000000227e+02
-3.849863000000000284e+02
-3.864712999999999852e+02
-3.883274999999999864e+02
-3.924112999999999829e+02
-4.180274999999999750e+02
-4.232250000000000227e+02
-4.128299999999999841e+02
-4.005788000000000011e+02
-4.202549999999999955e+02
-4.024350000000000023e+02
-4.551524999999999750e+02
-4.228537999999999784e+02
-4.243387000000000171e+02
-4.117162000000000148e+02
-4.080038000000000125e+02
-3.961236999999999853e+02
-4.209975000000000023e+02
-4.737149999999999750e+02
-4.451288000000000125e+02
-4.295362999999999829e+02
-4.751999999999999886e+02
-4.878224999999999909e+02
-4.659187999999999761e+02
-4.967325000000000159e+02
-4.859662000000000148e+02
-4.666612999999999829e+02
-5.030437999999999761e+02
-5.041575000000000273e+02
-4.495837000000000216e+02
-4.466138000000000261e+02
-4.781700000000000159e+02
-4.777988000000000284e+02
-5.156662999999999784e+02
-4.956186999999999898e+02
-4.596075000000000159e+02
-5.056424999999999841e+02
-5.067563000000000102e+02
-4.852237999999999829e+02
-5.093550000000000182e+02
-5.138099999999999454e+02
-4.815113000000000056e+02
-4.959900000000000091e+02
-5.034150000000000205e+02
-4.777988000000000284e+02
-4.848525000000000205e+02
-5.063849999999999909e+02
-5.034150000000000205e+02
-5.082411999999999921e+02
-5.160375000000000227e+02
-5.034150000000000205e+02
-5.297736999999999625e+02
-5.464800000000000182e+02
-5.412825000000000273e+02
-5.275462999999999738e+02
-5.535338000000000420e+02
-5.338574999999999591e+02
-5.197500000000000000e+02
-5.312586999999999762e+02
-5.346000000000000227e+02
-5.854611999999999625e+02
-5.631862999999999602e+02
-5.613300000000000409e+02
-5.720963000000000420e+02
-5.876888000000000147e+02
-5.884312999999999647e+02
-6.025388000000000375e+02
-5.828624999999999545e+02
-5.940000000000000000e+02
-6.103350000000000364e+02
-6.088500000000000227e+02
-6.251849999999999454e+02
-6.211013000000000375e+02
-6.133049999999999500e+02
-6.311250000000000000e+02
-6.240711999999999762e+02
-6.211013000000000375e+02
-6.110774999999999864e+02
-6.259275000000000091e+02
-6.218437999999999874e+02
-6.522862999999999829e+02
-6.366938000000000102e+02
-6.489450000000000500e+02
-6.411486999999999625e+02
-6.504299999999999500e+02
-6.574837999999999738e+02
-6.407775000000000318e+02
-6.567413000000000238e+02
-6.745612999999999602e+02
-6.623099999999999454e+02
-6.548849999999999909e+02
-6.831000000000000227e+02
-6.901536999999999580e+02
-6.689924999999999500e+02
-6.842137000000000171e+02
-6.686213000000000193e+02
-6.608250000000000455e+02
-6.816150000000000091e+02
-6.170175000000000409e+02
-6.140475000000000136e+02
-6.118200000000000500e+02
-6.166462000000000216e+02
-6.077363000000000284e+02
-6.303825000000000500e+02
-6.159036999999999580e+02
-6.017962999999999738e+02
-6.311250000000000000e+02
-5.984550000000000409e+02
-5.639288000000000238e+02
-5.260612999999999602e+02
-5.527912999999999784e+02
-5.190075000000000500e+02
-5.409112999999999829e+02
-5.438812000000000353e+02
-5.364561999999999671e+02
-5.416536999999999580e+02
-5.256900000000000546e+02
-4.789125000000000227e+02
-4.796549999999999727e+02
-4.904212999999999738e+02
-4.993312999999999988e+02
-4.796549999999999727e+02
-4.818824999999999932e+02
-4.700024999999999977e+02
-4.785412999999999784e+02
-4.718587999999999738e+02
-4.744574999999999818e+02
-4.852237999999999829e+02
-5.008163000000000125e+02
-4.829961999999999875e+02
-4.811399999999999864e+02
-4.837388000000000261e+02
-4.926487000000000194e+02
-4.952475000000000023e+02
-5.034150000000000205e+02
-4.974750000000000227e+02
-5.074986999999999853e+02
-5.130674999999999955e+02
-5.160375000000000227e+02
-5.078700000000000045e+02
-5.186362000000000307e+02
-5.086125000000000114e+02
-5.019300000000000068e+02
-5.026725000000000136e+02
-5.290312999999999874e+02
-5.071274999999999977e+02
-4.751999999999999886e+02
-4.607212999999999852e+02
-4.648050000000000068e+02
-4.740862000000000194e+02
-4.662900000000000205e+02
-4.651763000000000261e+02
-4.666612999999999829e+02
-4.777988000000000284e+02
-4.848525000000000205e+02
-4.907925000000000182e+02
-4.759424999999999955e+02
-4.729725000000000250e+02
-5.108399999999999750e+02
-4.971037999999999784e+02
-4.885649999999999977e+02
-5.089837999999999738e+02
-5.175225000000000364e+02
-5.089837999999999738e+02
-5.342287999999999784e+02
-5.219774999999999636e+02
-5.204924999999999500e+02
-5.164088000000000420e+02
-5.542762000000000171e+02
-5.294025000000000318e+02
-5.371987000000000307e+02
-5.427675000000000409e+02
-5.357137000000000171e+02
-5.371987000000000307e+02
-5.494500000000000455e+02
-5.360850000000000364e+02
-5.334863000000000284e+02
-5.468513000000000375e+02
-5.327437999999999647e+02
-5.613300000000000409e+02
-5.620724999999999909e+02
-5.490787000000000262e+02
-5.576174999999999500e+02
-5.453663000000000238e+02
-5.438812000000000353e+02
-5.301449999999999818e+02
-5.449950000000000045e+02
-5.520488000000000284e+02
-5.631862999999999602e+02
-5.435099999999999909e+02
-5.453663000000000238e+02
-5.598450000000000273e+02
-5.654138000000000375e+02
-5.490787000000000262e+02
-5.635575000000000045e+02
-5.750662999999999556e+02
-5.579887999999999693e+02
-5.758088000000000193e+02
-5.862037000000000262e+02
-5.784075000000000273e+02
-5.754375000000000000e+02
-5.709824999999999591e+02
-5.702400000000000091e+02
-5.568750000000000000e+02
-5.843474999999999682e+02
-5.728387000000000171e+02
-5.806349999999999909e+02
-5.720963000000000420e+02
-5.769225000000000136e+02
-5.813775000000000546e+02
-5.854611999999999625e+02
-5.969700000000000273e+02
-6.058799999999999955e+02
-6.084787999999999784e+02
-5.357137000000000171e+02
-5.475937999999999874e+02
-5.464800000000000182e+02
-5.371987000000000307e+02
-5.256900000000000546e+02
-5.353424999999999727e+02
-5.048999999999999773e+02
-5.037862999999999829e+02
-5.227200000000000273e+02
-5.175225000000000364e+02
-5.167799999999999727e+02
-5.271749999999999545e+02
-5.297736999999999625e+02
-5.186362000000000307e+02
-5.308875000000000455e+02
-5.301449999999999818e+02
-5.145525000000000091e+02
-5.527912999999999784e+02
-5.386838000000000193e+02
-5.509349999999999454e+02
-5.320013000000000147e+02
-5.256900000000000546e+02
-5.327437999999999647e+02
-5.435099999999999909e+02
-5.334863000000000284e+02
-5.260612999999999602e+02
-5.591024999999999636e+02
-5.591024999999999636e+02
-5.409112999999999829e+02
-5.572463000000000193e+02
-5.613300000000000409e+02
-5.423962000000000216e+02
-5.709824999999999591e+02
-5.620724999999999909e+02
-5.509349999999999454e+02
-5.553899999999999864e+02
-5.178936999999999671e+02
-5.487074999999999818e+02
-5.097262999999999806e+02
-4.703736999999999853e+02
-4.670325000000000273e+02
-4.989599999999999795e+02
-4.993312999999999988e+02
-4.751999999999999886e+02
-4.700024999999999977e+02
-4.844812999999999761e+02
-4.815113000000000056e+02
-4.807687999999999988e+02
-4.841100000000000136e+02
-4.841100000000000136e+02
-4.930199999999999818e+02
-4.900500000000000114e+02
-4.770561999999999898e+02
-4.959900000000000091e+02
-4.926487000000000194e+02
-4.781700000000000159e+02
-5.052712000000000216e+02
-5.175225000000000364e+02
-4.674037000000000148e+02
-4.863374999999999773e+02
-4.822538000000000125e+02
-4.748288000000000011e+02
-4.443863000000000056e+02
-4.536675000000000182e+02
-4.484700000000000273e+02
-4.525536999999999921e+02
-4.781700000000000159e+02
-4.584936999999999898e+02
-4.492124999999999773e+02
-4.618349999999999795e+02
-4.551524999999999750e+02
-4.525536999999999921e+02
-4.547812999999999874e+02
-4.447574999999999932e+02
-4.429012000000000171e+02
-4.640625000000000000e+02
-4.499549999999999841e+02
-4.659187999999999761e+02
-4.581225000000000023e+02
-4.258238000000000056e+02
-4.614637000000000171e+02
-4.700024999999999977e+02
-4.529250000000000114e+02
-4.674037000000000148e+02
-4.659187999999999761e+02
-4.529250000000000114e+02
-4.514399999999999977e+02
-4.581225000000000023e+02
-4.447574999999999932e+02
-4.510688000000000102e+02
-4.555237000000000194e+02
-4.529250000000000114e+02
-4.388174999999999955e+02
-4.581225000000000023e+02
-4.596075000000000159e+02
-4.540387999999999806e+02
-4.544100000000000250e+02
-4.662900000000000205e+02
-4.406738000000000284e+02
-4.674037000000000148e+02
-4.625774999999999864e+02
-4.599787999999999784e+02
-4.577513000000000147e+02
-4.455000000000000000e+02
-4.636913000000000125e+02
-4.685174999999999841e+02
-4.506974999999999909e+02
-4.529250000000000114e+02
-4.718587999999999738e+02
-4.492124999999999773e+02
-4.618349999999999795e+02
-4.540387999999999806e+02
-4.510688000000000102e+02
-4.596075000000000159e+02
-4.655475000000000136e+02
-4.403025000000000091e+02
-4.529250000000000114e+02
-4.792837999999999852e+02
-4.499549999999999841e+02
-4.443863000000000056e+02
-4.674037000000000148e+02
-4.503263000000000034e+02
-4.466138000000000261e+02
-4.729725000000000250e+02
-4.703736999999999853e+02
-4.603500000000000227e+02
-4.967325000000000159e+02
-4.711161999999999921e+02
-4.636913000000000125e+02
-4.722300000000000182e+02
-4.670325000000000273e+02
-4.603500000000000227e+02
-4.592363000000000284e+02
-4.521825000000000045e+02
-4.588650000000000091e+02
-4.644336999999999875e+02
-4.607212999999999852e+02
-4.495837000000000216e+02
-4.937624999999999886e+02
-4.655475000000000136e+02
-4.410450000000000159e+02
-4.711161999999999921e+02
-4.759424999999999955e+02
-4.532962999999999738e+02
-4.447574999999999932e+02
-4.670325000000000273e+02
-4.514399999999999977e+02
-4.666612999999999829e+02
-4.662900000000000205e+02
-4.688888000000000034e+02
-4.703736999999999853e+02
-4.748288000000000011e+02
-4.700024999999999977e+02
-4.722300000000000182e+02
-4.763138000000000147e+02
-4.726012999999999806e+02
-4.655475000000000136e+02
-4.722300000000000182e+02
-4.532962999999999738e+02
-4.718587999999999738e+02
-4.692599999999999909e+02
-4.599787999999999784e+02
-4.867087000000000216e+02
-4.707450000000000045e+02
-4.770561999999999898e+02
-4.677749999999999773e+02
-4.603500000000000227e+02
-4.688888000000000034e+02
-4.714875000000000114e+02
-4.584936999999999898e+02
-4.644336999999999875e+02
-4.536675000000000182e+02
-4.751999999999999886e+02
-4.662900000000000205e+02
-4.651763000000000261e+02
-4.826250000000000000e+02
-4.774275000000000091e+02
-4.536675000000000182e+02
-4.711161999999999921e+02
-4.707450000000000045e+02
