-6.831000000000000227e+01
-7.536374999999999602e+01
-1.013512000000000057e+02
-9.095624999999999716e+01
-1.106324999999999932e+02
-1.032074999999999960e+02
-1.381049999999999898e+02
-1.451588000000000136e+02
-1.648350000000000080e+02
-1.388474999999999966e+02
-1.678050000000000068e+02
-1.756013000000000090e+02
-1.767150000000000034e+02
-2.071574999999999989e+02
-2.312888000000000090e+02
-2.427975000000000136e+02
-2.164387999999999863e+02
-2.309174999999999898e+02
-2.409413000000000125e+02
-2.747250000000000227e+02
-2.799225000000000136e+02
-2.465099999999999909e+02
-2.572762000000000171e+02
-2.509650000000000034e+02
-2.561625000000000227e+02
-2.906888000000000147e+02
-3.285561999999999898e+02
-2.973711999999999875e+02
-3.274424999999999955e+02
-3.686512000000000171e+02
-3.181612999999999829e+02
-3.775611999999999853e+02
-3.467475000000000023e+02
-3.701363000000000056e+02
-3.790462999999999738e+02
-3.734775000000000205e+02
-3.886988000000000056e+02
-3.920400000000000205e+02
-4.158000000000000114e+02
-4.139438000000000102e+02
-4.280511999999999944e+02
-4.287937999999999761e+02
-4.455000000000000000e+02
-4.306499999999999773e+02
-4.570088000000000079e+02
-4.740862000000000194e+02
-4.681462000000000216e+02
-4.945049999999999955e+02
-4.889361999999999853e+02
-5.115824999999999818e+02
-5.115824999999999818e+02
-5.045287000000000148e+02
-4.867087000000000216e+02
-5.230911999999999580e+02
-5.141812999999999647e+02
-5.230911999999999580e+02
-5.498211999999999762e+02
-5.598450000000000273e+02
-5.576174999999999500e+02
-5.873174999999999955e+02
-6.017962999999999738e+02
-5.713537999999999784e+02
-5.843474999999999682e+02
-5.843474999999999682e+02
-6.043949999999999818e+02
-6.500588000000000193e+02
-6.370650000000000546e+02
-6.166462000000000216e+02
-6.051375000000000455e+02
-5.553899999999999864e+02
-5.457374999999999545e+02
-4.948763000000000147e+02
-5.093550000000000182e+02
-5.331150000000000091e+02
-5.375700000000000500e+02
-5.457374999999999545e+02
-5.479650000000000318e+02
-5.646712999999999738e+02
-5.676412000000000262e+02
-5.542762000000000171e+02
-5.791499999999999773e+02
-5.683836999999999762e+02
-5.568750000000000000e+02
-5.854611999999999625e+02
-5.999400000000000546e+02
-5.735811999999999671e+02
-5.991974999999999909e+02
-5.891738000000000284e+02
-5.880599999999999454e+02
-6.170175000000000409e+02
-6.162749999999999773e+02
-5.902875000000000227e+02
-5.999400000000000546e+02
-6.229574999999999818e+02
-5.873174999999999955e+02
-6.095924999999999727e+02
-5.765512999999999693e+02
-5.713537999999999784e+02
-5.991974999999999909e+02
-6.095924999999999727e+02
-5.843474999999999682e+02
-5.876888000000000147e+02
-5.932575000000000500e+02
-5.817487999999999602e+02
-5.847187999999999874e+02
-5.943713000000000193e+02
-6.047662000000000262e+02
-6.114487000000000307e+02
-6.133049999999999500e+02
-6.069937999999999647e+02
-6.482024999999999864e+02
-6.574837999999999738e+02
-6.522862999999999829e+02
-6.496875000000000000e+02
-6.337237999999999829e+02
-6.292686999999999671e+02
-6.500588000000000193e+02
-5.680125000000000455e+02
-5.294025000000000318e+02
-5.472224999999999682e+02
-5.494500000000000455e+02
-5.401688000000000329e+02
-5.579887999999999693e+02
-5.501924999999999955e+02
-5.479650000000000318e+02
-5.431386999999999716e+02
-5.346000000000000227e+02
-5.520488000000000284e+02
-5.249474999999999909e+02
-5.687549999999999955e+02
-5.531625000000000227e+02
-5.568750000000000000e+02
-5.617011999999999716e+02
-5.509349999999999454e+02
-5.646712999999999738e+02
-5.542762000000000171e+02
-5.628150000000000546e+02
-5.732100000000000364e+02
-5.951137999999999693e+02
-5.739524999999999864e+02
-5.668986999999999625e+02
-6.062513000000000147e+02
-5.776649999999999636e+02
-5.821200000000000045e+02
-5.769225000000000136e+02
-5.954850000000000136e+02
-5.802636999999999716e+02
-5.876888000000000147e+02
-5.839763000000000375e+02
-6.003112999999999602e+02
-6.185025000000000546e+02
-6.185025000000000546e+02
-6.229574999999999818e+02
-6.181312000000000353e+02
-6.340950000000000273e+02
-6.292686999999999671e+02
-6.530286999999999580e+02
-6.448613000000000284e+02
-6.211013000000000375e+02
-6.229574999999999818e+02
-6.352087000000000216e+02
-6.348374999999999773e+02
-6.415199999999999818e+02
-6.155325000000000273e+02
-6.318674999999999500e+02
-6.522862999999999829e+02
-6.567413000000000238e+02
-6.430049999999999955e+02
-6.448613000000000284e+02
-5.917725000000000364e+02
-5.553899999999999864e+02
-5.683836999999999762e+02
-5.758088000000000193e+02
-5.464800000000000182e+02
-5.691263000000000147e+02
-5.535338000000000420e+02
-5.505638000000000147e+02
-5.772938000000000329e+02
-5.780362999999999829e+02
-5.657849999999999682e+02
-5.847187999999999874e+02
-5.628150000000000546e+02
-5.702400000000000091e+02
-5.836050000000000182e+02
-5.665275000000000318e+02
-5.572463000000000193e+02
-5.769225000000000136e+02
-5.501924999999999955e+02
-5.123250000000000455e+02
-5.238337000000000216e+02
-4.930199999999999818e+02
-5.401688000000000329e+02
-5.487074999999999818e+02
-5.397975000000000136e+02
-5.149238000000000284e+02
-5.524199999999999591e+02
-5.631862999999999602e+02
-5.204924999999999500e+02
-5.498211999999999762e+02
-5.405399999999999636e+02
-5.483361999999999625e+02
-5.572463000000000193e+02
-5.346000000000000227e+02
-5.576174999999999500e+02
-5.539049999999999727e+02
-5.591024999999999636e+02
-5.416536999999999580e+02
-5.680125000000000455e+02
-5.668986999999999625e+02
-5.628150000000000546e+02
-5.706113000000000284e+02
-5.668986999999999625e+02
-5.628150000000000546e+02
-5.694974999999999454e+02
-5.048999999999999773e+02
-4.777988000000000284e+02
-4.937624999999999886e+02
-4.796549999999999727e+02
-4.740862000000000194e+02
-4.811399999999999864e+02
-4.852237999999999829e+02
-4.811399999999999864e+02
-4.666612999999999829e+02
-4.681462000000000216e+02
-4.532962999999999738e+02
-4.614637000000000171e+02
-4.562663000000000011e+02
-4.417875000000000227e+02
-4.480987999999999829e+02
-4.480987999999999829e+02
-4.466138000000000261e+02
-4.228537999999999784e+02
-4.295362999999999829e+02
-4.462425000000000068e+02
-4.369612000000000194e+02
-4.495837000000000216e+02
-4.555237000000000194e+02
-4.536675000000000182e+02
-4.659187999999999761e+02
-4.068899999999999864e+02
-4.024350000000000023e+02
-4.072613000000000056e+02
-3.864712999999999852e+02
-4.091175000000000068e+02
-3.920400000000000205e+02
-3.790462999999999738e+02
-3.827588000000000079e+02
-4.065187999999999988e+02
-3.816449999999999818e+02
-3.883274999999999864e+02
-3.931537000000000148e+02
-3.716211999999999875e+02
-3.883274999999999864e+02
-4.042912999999999784e+02
-3.931537000000000148e+02
-4.031775000000000091e+02
-4.035488000000000284e+02
-3.920400000000000205e+02
-4.054049999999999727e+02
-4.020638000000000147e+02
-4.106025000000000205e+02
-3.838725000000000023e+02
-4.054049999999999727e+02
-3.920400000000000205e+02
-3.838725000000000023e+02
-4.169137999999999806e+02
-3.953813000000000102e+02
-3.853575000000000159e+02
-4.158000000000000114e+02
-4.050337999999999852e+02
-4.042912999999999784e+02
-4.180274999999999750e+02
-3.797887999999999806e+02
-3.868424999999999727e+02
-3.875849999999999795e+02
-3.820163000000000011e+02
-3.809024999999999750e+02
-3.968661999999999921e+02
-3.794175000000000182e+02
-3.538011999999999944e+02
-3.838725000000000023e+02
-3.812737000000000194e+02
-3.894413000000000125e+02
-3.998362000000000194e+02
-3.779325000000000045e+02
-3.809024999999999750e+02
-3.864712999999999852e+02
-3.883274999999999864e+02
-3.916687999999999761e+02
-4.005788000000000011e+02
-3.987225000000000250e+02
-3.990937999999999874e+02
-3.998362000000000194e+02
-3.942674999999999841e+02
-3.890699999999999932e+02
-3.920400000000000205e+02
-3.708788000000000125e+02
-3.809024999999999750e+02
-4.002074999999999818e+02
-3.853575000000000159e+02
-3.842436999999999898e+02
-3.909261999999999944e+02
-3.894413000000000125e+02
-3.645674999999999955e+02
-3.820163000000000011e+02
-3.924112999999999829e+02
-3.705074999999999932e+02
-3.779325000000000045e+02
-3.872137000000000171e+02
-3.942674999999999841e+02
-3.912975000000000136e+02
-3.883274999999999864e+02
-3.697649999999999864e+02
-3.760763000000000034e+02
-3.809024999999999750e+02
-3.809024999999999750e+02
-3.827588000000000079e+02
-3.916687999999999761e+02
-3.883274999999999864e+02
-3.835013000000000147e+02
-4.005788000000000011e+02
-3.734775000000000205e+02
-3.794175000000000182e+02
-3.912975000000000136e+02
-3.868424999999999727e+02
-3.849863000000000284e+02
-3.849863000000000284e+02
-3.738487999999999829e+02
-3.805312999999999874e+02
-3.682799999999999727e+02
-3.886988000000000056e+02
-3.838725000000000023e+02
-3.779325000000000045e+02
-3.861000000000000227e+02
-3.912975000000000136e+02
-3.883274999999999864e+02
-3.820163000000000011e+02
-3.719925000000000068e+02
-3.861000000000000227e+02
-3.987225000000000250e+02
-3.853575000000000159e+02
-3.786750000000000114e+02
-3.786750000000000114e+02
-3.961236999999999853e+02
-3.805312999999999874e+02
-3.734775000000000205e+02
-3.931537000000000148e+02
-3.809024999999999750e+02
-3.693937999999999988e+02
-3.749624999999999773e+02
-3.768188000000000102e+02
-3.693937999999999988e+02
-3.835013000000000147e+02
-3.790462999999999738e+02
-3.719925000000000068e+02
-3.664238000000000284e+02
-3.820163000000000011e+02
-3.705074999999999932e+02
-3.820163000000000011e+02
-4.061474999999999795e+02
-3.690224999999999795e+02
-3.864712999999999852e+02
-3.679087999999999852e+02
-3.679087999999999852e+02
-3.716211999999999875e+02
-3.801600000000000250e+02
-3.838725000000000023e+02
-3.801600000000000250e+02
-3.838725000000000023e+02
-3.653100000000000023e+02
-3.838725000000000023e+02
-3.790462999999999738e+02
-3.861000000000000227e+02
-3.838725000000000023e+02
-3.868424999999999727e+02
-3.738487999999999829e+02
-3.853575000000000159e+02
-4.065187999999999988e+02
-3.779325000000000045e+02
-3.745912000000000148e+02
-3.846150000000000091e+02
-3.671662999999999784e+02
-3.805312999999999874e+02
-3.783036999999999921e+02
-3.931537000000000148e+02
-3.868424999999999727e+02
-3.831299999999999955e+02
-3.849863000000000284e+02
-3.601125000000000114e+02
-3.664238000000000284e+02
-3.716211999999999875e+02
-3.727350000000000136e+02
-3.731062999999999761e+02
-3.935249999999999773e+02
-3.794175000000000182e+02
-3.823874999999999886e+02
-3.623399999999999750e+02
-4.120874999999999773e+02
-3.846150000000000091e+02
-3.749624999999999773e+02
-3.823874999999999886e+02
-3.775611999999999853e+02
-3.667950000000000159e+02
-3.797887999999999806e+02
-3.961236999999999853e+02
-3.749624999999999773e+02
-3.794175000000000182e+02
-3.924112999999999829e+02
-3.886988000000000056e+02
-3.875849999999999795e+02
-3.630824999999999818e+02
-3.842436999999999898e+02
