-2.492201000000000022e+03
-2.589097000000000207e+03
-2.507793999999999869e+03
-2.555313999999999851e+03
-2.579445000000000164e+03
-2.591324999999999818e+03
-2.569420999999999822e+03
-2.612856999999999971e+03
-2.606916999999999916e+03
-2.596521999999999935e+03
-2.566451000000000022e+03
-2.657778999999999996e+03
-2.637731000000000222e+03
-2.662233999999999924e+03
-2.682652999999999793e+03
-2.656664999999999964e+03
-2.652952999999999975e+03
-2.693418999999999869e+03
-2.677826000000000022e+03
-2.684509000000000015e+03
-2.687478999999999814e+03
-2.710496000000000095e+03
-2.705670000000000073e+03
-2.763585000000000036e+03
-2.725717999999999847e+03
-2.763956000000000131e+03
-2.752076000000000022e+03
-2.833009000000000015e+03
-2.704927000000000135e+03
-2.831152999999999793e+03
-2.793655999999999949e+03
-2.778063999999999851e+03
-2.801081000000000131e+03
-2.841547999999999774e+03
-2.830780999999999949e+03
-2.828925000000000182e+03
-2.849715000000000146e+03
-2.816302000000000135e+03
-2.838577999999999975e+03
-2.875702999999999975e+03
-2.855284000000000106e+03
-2.873103999999999814e+03
-2.908001000000000204e+03
-2.854541000000000167e+03
-2.902061000000000149e+03
-2.904289000000000215e+03
-2.874960000000000036e+03
-2.879414999999999964e+03
-2.942898999999999887e+03
-2.862338000000000193e+03
-2.928791000000000167e+03
-2.929905000000000200e+03
-2.956264000000000124e+03
-2.899090999999999894e+03
-2.953664999999999964e+03
-2.976682999999999993e+03
-2.954407000000000153e+03
-2.994130999999999858e+03
-2.951809000000000196e+03
-3.003413000000000011e+03
-2.984106999999999971e+03
-2.983735999999999876e+03
-2.977054000000000087e+03
-3.019376000000000204e+03
-2.997101000000000113e+03
-3.020860999999999876e+03
-3.006010999999999967e+03
-3.026429999999999836e+03
-3.016777999999999793e+03
-2.991532000000000153e+03
-3.044250000000000000e+03
-3.002298999999999978e+03
-3.042393999999999778e+03
-3.034226000000000113e+03
-3.046478000000000065e+03
-3.076920000000000073e+03
-3.047219999999999800e+03
-3.059471000000000004e+03
-3.046106000000000222e+03
-3.079146999999999935e+03
-3.055016000000000076e+03
-3.075434999999999945e+03
-3.127409999999999854e+03
-3.073949999999999818e+03
-3.121840999999999894e+03
-3.079889999999999873e+03
-3.093255000000000109e+03
-3.142260000000000218e+03
-3.101050999999999931e+03
-3.134835000000000036e+03
-3.147458000000000084e+03
-3.140403999999999996e+03
-3.140403999999999996e+03
-3.191635999999999967e+03
-3.210570000000000164e+03
-3.157110000000000127e+03
-3.177528999999999996e+03
-3.164164000000000215e+03
-3.163420999999999822e+03
-3.234329999999999927e+03
-3.170846000000000004e+03
-3.188666000000000167e+03
-3.176786000000000058e+03
-3.206114999999999782e+03
-3.174929999999999836e+03
-3.226905000000000200e+03
-3.270713000000000193e+03
-3.200916999999999916e+03
-3.252150000000000091e+03
-3.214282000000000153e+03
-3.201289000000000215e+03
-3.250293999999999869e+03
-3.218365999999999985e+03
-3.242869000000000142e+03
-3.213911000000000058e+03
-3.269228000000000065e+03
-3.236557999999999993e+03
-3.272940000000000055e+03
-3.246581000000000131e+03
-3.231360000000000127e+03
-3.324172999999999774e+03
-3.267000000000000000e+03
-3.254376999999999953e+03
-3.291130999999999858e+03
-3.296699999999999818e+03
-3.262545000000000073e+03
-3.267000000000000000e+03
-3.279994000000000142e+03
-3.287047999999999774e+03
-3.275166999999999916e+03
-3.285934000000000196e+03
-3.275539000000000215e+03
-3.250664999999999964e+03
-3.276652999999999793e+03
-3.311920999999999822e+03
-3.245838999999999942e+03
-3.313034999999999854e+03
-3.257347000000000207e+03
-3.285563000000000102e+03
-3.313777999999999793e+03
-3.269228000000000065e+03
-3.308208999999999833e+03
-3.323429999999999836e+03
-3.265514999999999873e+03
-3.252893000000000029e+03
-3.289646000000000186e+03
-3.229132999999999811e+03
-3.291501999999999953e+03
-3.235072999999999865e+03
-3.188666000000000167e+03
-3.122213000000000193e+03
-3.152284000000000106e+03
-3.099938000000000102e+03
-3.149684999999999945e+03
-3.219480000000000018e+03
-3.120728000000000065e+03
-3.122213000000000193e+03
-3.171217999999999847e+03
-3.124440000000000055e+03
-3.124811000000000149e+03
-3.174929999999999836e+03
-3.138547999999999774e+03
-3.154510999999999967e+03
-3.149684999999999945e+03
-3.151913000000000011e+03
-3.149684999999999945e+03
-3.166019999999999982e+03
-3.138175999999999931e+03
-3.163420999999999822e+03
-3.200545999999999822e+03
-3.191264999999999873e+03
-3.175672999999999774e+03
-3.170474999999999909e+03
-3.198690000000000055e+03
-3.203887000000000171e+03
-3.235443999999999960e+03
-3.199061000000000149e+03
-3.217251999999999953e+03
-3.235443999999999960e+03
-3.205744000000000142e+03
-3.245096000000000004e+03
-3.238041999999999916e+03
-3.215768000000000029e+03
-3.243239999999999782e+03
-3.267371000000000095e+03
-3.207599999999999909e+03
-3.203516000000000076e+03
-3.245467999999999847e+03
-3.231360000000000127e+03
-3.178643000000000029e+03
-3.151170000000000073e+03
-3.157853000000000065e+03
-3.130751000000000204e+03
-3.159338000000000193e+03
-3.179385000000000218e+03
-3.162679000000000087e+03
-3.137434000000000196e+03
-3.178643000000000029e+03
-3.170846000000000004e+03
-3.148199999999999818e+03
-3.165277999999999793e+03
-3.168619000000000142e+03
-3.165648999999999887e+03
-3.217251999999999953e+03
-3.205001000000000204e+03
-3.173074000000000069e+03
-3.214282000000000153e+03
-3.190150999999999840e+03
-3.203887000000000171e+03
-3.196090999999999894e+03
-3.165277999999999793e+03
-3.155625000000000000e+03
-3.129266000000000076e+03
-3.128894999999999982e+03
-3.144858999999999924e+03
-3.150798999999999978e+03
-3.154510999999999967e+03
-3.189780000000000200e+03
-3.219480000000000018e+03
-3.166762000000000171e+03
-3.181983999999999924e+03
-3.164164000000000215e+03
-3.158594999999999800e+03
-3.196833999999999833e+03
-3.199804000000000087e+03
-3.194235000000000127e+03
-3.227275999999999840e+03
-3.212054999999999836e+03
-3.212425999999999931e+03
-3.193864000000000033e+03
-3.242126000000000204e+03
-3.192750000000000000e+03
-3.214653999999999996e+03
-3.186068000000000211e+03
-3.211313000000000102e+03
-3.222079000000000178e+03
-3.216510000000000218e+03
-3.218365999999999985e+03
-3.200175000000000182e+03
-3.249550999999999931e+03
-3.242126000000000204e+03
-3.252893000000000029e+03
-3.249550999999999931e+03
-3.250664999999999964e+03
-3.236929000000000087e+03
-3.274795999999999822e+03
-3.240269999999999982e+03
-3.249550999999999931e+03
-3.268485000000000127e+03
-3.269599000000000160e+03
-3.273311000000000149e+03
-3.287789999999999964e+03
-3.238784999999999854e+03
-3.259574999999999818e+03
-3.278137000000000171e+03
-3.259204000000000178e+03
-3.317489999999999782e+03
-3.257719000000000051e+03
-3.192007999999999811e+03
-3.179755999999999858e+03
-3.185324999999999818e+03
-3.215396000000000186e+03
-3.179385000000000218e+03
-3.207228999999999814e+03
-3.226534000000000106e+03
-3.200545999999999822e+03
-3.205001000000000204e+03
-3.248065999999999804e+03
-3.236186000000000149e+03
-3.225048999999999978e+03
-3.243981999999999971e+03
-3.213911000000000058e+03
-3.225048999999999978e+03
-3.240269999999999982e+03
-3.215768000000000029e+03
-3.251036000000000058e+03
-3.278509000000000015e+03
-3.244724999999999909e+03
-3.277023999999999887e+03
-3.291501999999999953e+03
-3.251036000000000058e+03
-3.258833000000000084e+03
-3.232474000000000160e+03
-3.203144999999999982e+03
-3.213168999999999869e+03
-3.216510000000000218e+03
-3.229875000000000000e+03
-3.207228999999999814e+03
-3.254005999999999858e+03
-3.210570000000000164e+03
-3.218365999999999985e+03
-3.219480000000000018e+03
-3.228760999999999967e+03
-3.209456000000000131e+03
-3.211313000000000102e+03
-3.225048999999999978e+03
-3.176414999999999964e+03
-3.261059999999999945e+03
-3.189038000000000011e+03
-3.219108999999999924e+03
-3.231731000000000222e+03
-3.232474000000000160e+03
-3.235443999999999960e+03
-3.246581000000000131e+03
-3.262173999999999978e+03
-3.239527999999999793e+03
-3.252521000000000186e+03
-3.260688999999999851e+03
-3.245838999999999942e+03
-3.291501999999999953e+03
-3.213539999999999964e+03
-3.173815999999999804e+03
-3.209456000000000131e+03
-3.206485999999999876e+03
-3.204259000000000015e+03
-3.219480000000000018e+03
-3.207599999999999909e+03
-3.216510000000000218e+03
-3.206114999999999782e+03
-3.229132999999999811e+03
-3.211684000000000196e+03
-3.225791000000000167e+03
-3.247695000000000164e+03
-3.231360000000000127e+03
-3.218737999999999829e+03
-3.223193000000000211e+03
-3.222820999999999913e+03
-3.223934999999999945e+03
-3.262545000000000073e+03
-3.206485999999999876e+03
-3.239155999999999949e+03
-3.245467999999999847e+03
-3.227275999999999840e+03
-3.252893000000000029e+03
-3.249550999999999931e+03
-3.286304999999999836e+03
-3.211684000000000196e+03
-3.271454999999999927e+03
-3.264030000000000200e+03
-3.235443999999999960e+03
-3.303382999999999811e+03
-3.297070999999999913e+03
-3.266257999999999811e+03
-3.287047999999999774e+03
-3.269228000000000065e+03
-3.293730000000000018e+03
-3.323800999999999931e+03
-3.263659000000000106e+03
-3.258460999999999785e+03
-3.288532000000000153e+03
-3.274795999999999822e+03
-3.284449000000000069e+03
-3.307465999999999894e+03
-3.271454999999999927e+03
-3.291873999999999796e+03
-3.262916000000000167e+03
-3.286675999999999931e+03
-3.280735999999999876e+03
-3.303382999999999811e+03
-3.279251000000000204e+03
-3.269228000000000065e+03
-3.289275000000000091e+03
-3.279994000000000142e+03
-3.260688999999999851e+03
-3.257719000000000051e+03
-3.287047999999999774e+03
-3.262916000000000167e+03
-3.299298999999999978e+03
-3.289646000000000186e+03
-3.272940000000000055e+03
-3.283706000000000131e+03
-3.284820000000000164e+03
-3.314519999999999982e+03
-3.294844000000000051e+03
-3.295215000000000146e+03
-3.289275000000000091e+03
-3.330483999999999924e+03
-3.323429999999999836e+03
-3.300784000000000106e+03
-3.335309999999999945e+03
-3.324172999999999774e+03
-3.304867000000000189e+03
-3.359070000000000164e+03
-3.327885000000000218e+03
-3.323800999999999931e+03
-3.334195999999999913e+03
-3.336423999999999978e+03
-3.336795000000000073e+03
-3.341992000000000189e+03
-3.369835999999999785e+03
-3.342364000000000033e+03
-3.323059000000000196e+03
-3.387284999999999854e+03
-3.331597000000000207e+03
-3.346447999999999865e+03
-3.375775999999999840e+03
-3.390626000000000204e+03
-3.339021999999999935e+03
-3.399536000000000058e+03
-3.354244000000000142e+03
-3.373920000000000073e+03
-3.388027999999999793e+03
-3.382088000000000193e+03
-3.384686000000000149e+03
-3.406960999999999785e+03
-3.375405000000000200e+03
-3.359440999999999804e+03
-3.386914000000000215e+03
-3.406219000000000051e+03
-3.366865999999999985e+03
-3.377632999999999811e+03
-3.357956000000000131e+03
