-2.470297999999999774e+03
-2.462130000000000109e+03
-2.491458999999999833e+03
-2.448393999999999778e+03
-2.492943999999999960e+03
-2.520788000000000011e+03
-2.498512000000000171e+03
-2.543434000000000196e+03
-2.575360999999999876e+03
-2.531925000000000182e+03
-2.547889000000000124e+03
-2.578702999999999975e+03
-2.570905999999999949e+03
-2.556056000000000040e+03
-2.618425999999999931e+03
-2.563481000000000222e+03
-2.606175000000000182e+03
-2.618797999999999774e+03
-2.579815999999999804e+03
-2.610630000000000109e+03
-2.647384000000000015e+03
-2.599492000000000189e+03
-2.615827999999999975e+03
-2.630306000000000040e+03
-2.602463000000000193e+03
-2.606916999999999916e+03
-2.669288000000000011e+03
-2.627335999999999785e+03
-2.590583000000000084e+03
-2.603576000000000022e+03
-2.593552000000000135e+03
-2.612856999999999971e+03
-2.617313000000000102e+03
-2.595409000000000106e+03
-2.567565000000000055e+03
-2.605804000000000087e+03
-2.621025000000000091e+03
-2.605432999999999993e+03
-2.605804000000000087e+03
-2.649610999999999876e+03
-2.611001000000000204e+03
-2.666318000000000211e+03
-2.643300000000000182e+03
-2.658521000000000186e+03
-2.645898999999999887e+03
-2.667059999999999945e+03
-2.637731000000000222e+03
-2.715322999999999865e+03
-2.693047999999999774e+03
-2.706041000000000167e+03
-2.695275000000000091e+03
-2.692675999999999931e+03
-2.644414000000000215e+03
-2.694161000000000058e+03
-2.680795999999999822e+03
-2.687106999999999971e+03
-2.694161000000000058e+03
-2.709010999999999967e+03
-2.672257999999999811e+03
-2.684137000000000171e+03
-2.680795999999999822e+03
-2.696389000000000124e+03
-2.744280000000000200e+03
-2.776949999999999818e+03
-2.685251000000000204e+03
-2.734626999999999953e+03
-2.680425000000000182e+03
-2.690449000000000069e+03
-2.709010999999999967e+03
-2.724974999999999909e+03
-2.745764999999999873e+03
-2.742423999999999978e+03
-2.725346000000000004e+03
-2.744650999999999840e+03
-2.740195999999999913e+03
-2.744280000000000200e+03
-2.734626999999999953e+03
-2.779548999999999978e+03
-2.753561000000000149e+03
-2.742052000000000135e+03
-2.756159999999999854e+03
-2.775465000000000146e+03
-2.723860999999999876e+03
-2.751333999999999833e+03
-2.723860999999999876e+03
-2.661490999999999985e+03
-2.698244999999999891e+03
-2.680795999999999822e+03
-2.685623000000000047e+03
-2.680054000000000087e+03
-2.698987999999999829e+03
-2.704556000000000040e+03
-2.716807999999999993e+03
-2.725346000000000004e+03
-2.702329000000000178e+03
-2.703070999999999913e+03
-2.734255999999999858e+03
-2.710125000000000000e+03
-2.727574000000000069e+03
-2.763585000000000036e+03
-2.693789999999999964e+03
-2.672628999999999905e+03
-2.698615999999999985e+03
-2.673371000000000095e+03
-2.698244999999999891e+03
-2.737597000000000207e+03
-2.675969999999999800e+03
-2.722376000000000204e+03
-2.762842999999999847e+03
-2.713094999999999800e+03
-2.671143999999999778e+03
-2.727945000000000164e+03
-2.698615999999999985e+03
-2.705670000000000073e+03
-2.741309999999999945e+03
-2.700101000000000113e+03
-2.668916000000000167e+03
-2.714951000000000022e+03
-2.683766000000000076e+03
-2.705298999999999978e+03
-2.745021999999999935e+03
-2.709010999999999967e+03
-2.675228000000000065e+03
-2.741309999999999945e+03
-2.693047999999999774e+03
-2.706413000000000011e+03
-2.729059000000000196e+03
-2.692304999999999836e+03
-2.723489999999999782e+03
-2.738710999999999785e+03
-2.729800999999999931e+03
-2.696760000000000218e+03
-2.768411000000000058e+03
-2.700844000000000051e+03
-2.702329000000000178e+03
-2.754304000000000087e+03
-2.765440999999999804e+03
-2.760614999999999782e+03
-2.758759000000000015e+03
-2.745021999999999935e+03
-2.740568000000000211e+03
-2.769896000000000186e+03
-2.751704999999999927e+03
-2.745021999999999935e+03
-2.772123999999999796e+03
-2.788088000000000193e+03
-2.777320999999999913e+03
-2.762842999999999847e+03
-2.810362999999999829e+03
-2.758016000000000076e+03
-2.792170999999999822e+03
-2.814445999999999913e+03
-2.756530999999999949e+03
-2.781405000000000200e+03
-2.799967999999999847e+03
-2.771380999999999858e+03
-2.805164999999999964e+03
-2.825213000000000193e+03
-2.781405000000000200e+03
-2.833009000000000015e+03
-2.848972000000000207e+03
-2.827811000000000149e+03
-2.824469999999999800e+03
-2.810362999999999829e+03
-2.816673999999999978e+03
-2.807021000000000186e+03
-2.878300999999999931e+03
-2.854913000000000011e+03
-2.859739000000000033e+03
-2.819643999999999778e+03
-2.784746000000000095e+03
-2.838206000000000131e+03
-2.805164999999999964e+03
-2.822614000000000033e+03
-2.799967999999999847e+03
-2.831894999999999982e+03
-2.776208000000000084e+03
-2.789201000000000022e+03
-2.790686000000000149e+03
-2.788088000000000193e+03
-2.807393000000000029e+03
-2.781034000000000106e+03
-2.778063999999999851e+03
-2.790315000000000055e+03
-2.813704000000000178e+03
-2.808505999999999858e+03
-2.791057999999999993e+03
-2.824099000000000160e+03
-2.797739999999999782e+03
-2.828925000000000182e+03
-2.808876999999999953e+03
-2.804422999999999774e+03
-2.835235999999999876e+03
-2.805536000000000058e+03
-2.801824000000000069e+03
-2.801081000000000131e+03
-2.778806000000000040e+03
-2.795512000000000171e+03
-2.786603000000000065e+03
-2.845260000000000218e+03
-2.798853999999999814e+03
-2.767297999999999774e+03
-2.833380000000000109e+03
-2.800710000000000036e+03
-2.812219000000000051e+03
-2.857510999999999967e+03
-2.815188999999999851e+03
-2.823356000000000222e+03
-2.808505999999999858e+03
-2.771010000000000218e+03
-2.784003999999999905e+03
-2.834864999999999782e+03
-2.792914000000000215e+03
-2.801824000000000069e+03
-2.854541000000000167e+03
-2.834123000000000047e+03
-2.820385999999999967e+03
-2.854170000000000073e+03
-2.808505999999999858e+03
-2.855655000000000200e+03
-2.857139999999999873e+03
-2.804793999999999869e+03
-2.798481999999999971e+03
-2.843775000000000091e+03
-2.785489000000000033e+03
-2.769896000000000186e+03
-2.801452999999999975e+03
-2.792914000000000215e+03
-2.815931000000000040e+03
-2.869391000000000076e+03
-2.847115999999999985e+03
-2.824469999999999800e+03
-2.855655000000000200e+03
-2.850085999999999785e+03
-2.841918999999999869e+03
-2.869762000000000171e+03
-2.835235999999999876e+03
-2.841547999999999774e+03
-2.882385000000000218e+03
-2.866420999999999822e+03
-2.828925000000000182e+03
-2.857510999999999967e+03
-2.879043999999999869e+03
-2.833380000000000109e+03
-2.809619999999999891e+03
-2.861224000000000160e+03
-2.784003999999999905e+03
-2.851943000000000211e+03
-2.817788000000000011e+03
-2.801824000000000069e+03
-2.812960999999999785e+03
-2.802938000000000102e+03
-2.752076000000000022e+03
-2.788829999999999927e+03
-2.807764000000000124e+03
-2.769525000000000091e+03
-2.798481999999999971e+03
-2.816673999999999978e+03
-2.792170999999999822e+03
-2.770268000000000029e+03
-2.841918999999999869e+03
-2.772123999999999796e+03
-2.804422999999999774e+03
-2.796998000000000047e+03
-2.779177000000000135e+03
-2.820014999999999873e+03
-2.799967999999999847e+03
-2.816673999999999978e+03
-2.821871000000000095e+03
-2.843403999999999996e+03
-2.823356000000000222e+03
-2.817788000000000011e+03
-2.862708999999999833e+03
-2.828554000000000087e+03
-2.837835000000000036e+03
-2.836349999999999909e+03
-2.837092999999999847e+03
-2.854170000000000073e+03
-2.891295000000000073e+03
-2.858253999999999905e+03
-2.867905999999999949e+03
-2.882385000000000218e+03
-2.898349000000000160e+03
-2.888695999999999913e+03
-2.880900000000000091e+03
-2.900204999999999927e+03
-2.888695999999999913e+03
-2.922851000000000113e+03
-2.898349000000000160e+03
-2.918768000000000029e+03
-2.923594000000000051e+03
-2.941784999999999854e+03
-2.907630000000000109e+03
-2.930275999999999840e+03
-2.926934999999999945e+03
-2.936588000000000193e+03
-2.916168999999999869e+03
-2.903545999999999822e+03
-2.886469000000000051e+03
-2.905402999999999793e+03
-2.887954000000000178e+03
-2.897978000000000065e+03
-2.899090999999999894e+03
-2.901690000000000055e+03
-2.914684000000000196e+03
-2.936958999999999833e+03
-2.925079000000000178e+03
-2.905030999999999949e+03
-2.939929000000000087e+03
-2.901318999999999960e+03
-2.871619000000000142e+03
-2.905030999999999949e+03
-2.896121000000000095e+03
-2.881643000000000029e+03
-2.910971000000000004e+03
-2.931760999999999967e+03
-2.903545999999999822e+03
-2.952550999999999931e+03
-2.915797999999999774e+03
-2.952550999999999931e+03
-2.931760999999999967e+03
-2.931389999999999873e+03
-2.939557999999999993e+03
-2.944384000000000015e+03
-2.921737999999999829e+03
-2.941414000000000215e+03
-2.984106999999999971e+03
-2.959233999999999924e+03
-2.954407000000000153e+03
-2.980394999999999982e+03
-2.964802000000000135e+03
-2.957005999999999858e+03
-2.976682999999999993e+03
-2.982623000000000047e+03
-2.954036000000000058e+03
-3.003041000000000167e+03
-2.997472000000000207e+03
-2.956264000000000124e+03
-3.037568000000000211e+03
-3.030143000000000029e+03
-2.985592999999999847e+03
-3.057244000000000142e+03
-3.036454000000000178e+03
-3.002670000000000073e+03
-3.026429999999999836e+03
-3.052789000000000215e+03
-3.019005000000000109e+03
-3.049818999999999960e+03
-3.061699000000000069e+03
-3.034969000000000051e+03
-3.057614999999999782e+03
-3.074320999999999913e+03
-3.076177000000000135e+03
-3.074693000000000211e+03
-3.072835999999999785e+03
-3.060213999999999942e+03
-3.051304000000000087e+03
-3.102536000000000058e+03
-3.041280000000000200e+03
-3.096224999999999909e+03
-3.092512000000000171e+03
-3.061699000000000069e+03
-3.029028999999999996e+03
-3.057614999999999782e+03
-3.041650999999999840e+03
-3.026800999999999931e+03
-3.093626000000000204e+03
-3.052416999999999916e+03
-3.064668999999999869e+03
-3.101050999999999931e+03
-3.089541999999999916e+03
-3.064668999999999869e+03
-3.144487999999999829e+03
-3.073208000000000084e+03
-3.080632999999999811e+03
-3.096967999999999847e+03
-3.070980000000000018e+03
-3.113673999999999978e+03
-3.118500000000000000e+03
-3.113673999999999978e+03
-3.093255000000000109e+03
-3.135206000000000131e+03
-3.086943999999999960e+03
-3.068380999999999858e+03
-3.045735000000000127e+03
-3.061699000000000069e+03
-3.021974999999999909e+03
-3.058728999999999814e+03
-3.042764999999999873e+03
-3.043135999999999967e+03
-3.077291000000000167e+03
-3.051675000000000182e+03
-3.026059000000000196e+03
-3.046478000000000065e+03
-3.067268000000000029e+03
-3.051304000000000087e+03
-3.082117000000000189e+03
-3.072835999999999785e+03
-3.042764999999999873e+03
-3.065782000000000153e+03
-3.085458999999999833e+03
-3.055759000000000015e+03
-3.103278999999999996e+03
-3.081375000000000000e+03
-3.066153999999999996e+03
-3.068751999999999953e+03
-3.050932999999999993e+03
-3.050561000000000149e+03
-3.087315000000000055e+03
-3.065039999999999964e+03
-3.039052000000000135e+03
-3.064297999999999774e+03
