-6.905249999999999488e+01
-8.650124999999999886e+01
-7.944750000000000512e+01
-9.912375000000000114e+01
-8.018999999999999773e+01
-1.106324999999999932e+02
-1.032074999999999960e+02
-1.054350000000000023e+02
-9.541124999999999545e+01
-1.173149999999999977e+02
-1.529550000000000125e+02
-1.429311999999999898e+02
-1.210275000000000034e+02
-1.603799999999999955e+02
-1.362487000000000137e+02
-1.559250000000000114e+02
-1.618650000000000091e+02
-1.347637000000000000e+02
-1.562961999999999989e+02
-1.629787000000000035e+02
-1.659487000000000023e+02
-2.004749999999999943e+02
-1.882238000000000113e+02
-1.960200000000000102e+02
-2.145825000000000102e+02
-1.956487999999999943e+02
-1.941638000000000090e+02
-2.119836999999999989e+02
-2.194088000000000136e+02
-2.223788000000000125e+02
-1.989900000000000091e+02
-2.023312999999999988e+02
-1.997324999999999875e+02
-2.164387999999999863e+02
-2.130974999999999966e+02
-2.127263000000000090e+02
-2.342588000000000079e+02
-2.754674999999999727e+02
-2.494799999999999898e+02
-2.390850000000000080e+02
-2.598750000000000000e+02
-2.698987000000000194e+02
-2.398274999999999864e+02
-2.825212000000000216e+02
-2.862337999999999738e+02
-2.843774999999999977e+02
-2.843774999999999977e+02
-2.866050000000000182e+02
-3.118500000000000227e+02
-2.892038000000000011e+02
-2.970000000000000000e+02
-3.059100000000000250e+02
-3.307837999999999852e+02
-2.992275000000000205e+02
-3.092513000000000147e+02
-3.352386999999999944e+02
-3.422925000000000182e+02
-3.545437999999999761e+02
-3.575138000000000034e+02
-3.296700000000000159e+02
-3.534300000000000068e+02
-3.181612999999999829e+02
-3.144488000000000056e+02
-3.226161999999999921e+02
-3.575138000000000034e+02
-3.341250000000000000e+02
-3.330113000000000056e+02
-3.783036999999999921e+02
-3.823874999999999886e+02
-3.634538000000000011e+02
-3.927825000000000273e+02
-3.757049999999999841e+02
-3.653100000000000023e+02
-3.894413000000000125e+02
-3.864712999999999852e+02
-3.757049999999999841e+02
-4.005788000000000011e+02
-4.191413000000000011e+02
-4.094886999999999944e+02
-3.990937999999999874e+02
-4.076324999999999932e+02
-3.979800000000000182e+02
-4.258238000000000056e+02
-4.399311999999999898e+02
-4.009499999999999886e+02
-4.009499999999999886e+02
-4.091175000000000068e+02
-4.443863000000000056e+02
-4.414162999999999784e+02
-4.495837000000000216e+02
-4.544100000000000250e+02
-4.558949999999999818e+02
-4.276800000000000068e+02
-4.224825000000000159e+02
-4.235962999999999852e+02
-4.358475000000000250e+02
-4.243387000000000171e+02
-4.399311999999999898e+02
-4.429012000000000171e+02
-4.224825000000000159e+02
-4.399311999999999898e+02
-4.714875000000000114e+02
-4.414162999999999784e+02
-4.458711999999999875e+02
-4.763138000000000147e+02
-4.655475000000000136e+02
-4.302787000000000148e+02
-4.191413000000000011e+02
-3.898125000000000000e+02
-3.734775000000000205e+02
-3.645674999999999955e+02
-3.311549999999999727e+02
-3.430350000000000250e+02
-3.619687999999999874e+02
-3.400649999999999977e+02
-3.456338000000000079e+02
-3.575138000000000034e+02
-3.374662000000000148e+02
-3.448913000000000011e+02
-3.538011999999999944e+02
-3.463763000000000147e+02
-3.318974999999999795e+02
-3.563999999999999773e+02
-3.731062999999999761e+02
-3.601125000000000114e+02
-3.712500000000000000e+02
-3.964950000000000045e+02
-3.831299999999999955e+02
-3.615975000000000250e+02
-3.831299999999999955e+02
-3.827588000000000079e+02
-3.723636999999999944e+02
-3.950099999999999909e+02
-4.094886999999999944e+02
-4.054049999999999727e+02
-3.898125000000000000e+02
-4.002074999999999818e+02
-4.354762999999999806e+02
-4.013213000000000079e+02
-3.976087999999999738e+02
-4.139438000000000102e+02
-4.132013000000000034e+02
-4.176562999999999874e+02
-4.221113000000000284e+02
-4.198838000000000079e+02
-3.916687999999999761e+02
-4.310212000000000216e+02
-4.261949999999999932e+02
-4.213686999999999898e+02
-4.443863000000000056e+02
-4.488412000000000148e+02
-4.302787000000000148e+02
-4.466138000000000261e+02
-4.295362999999999829e+02
-4.536675000000000182e+02
-4.503263000000000034e+02
-4.395600000000000023e+02
-4.629488000000000056e+02
-4.544100000000000250e+02
-4.202549999999999955e+02
-4.373324999999999818e+02
-4.380749999999999886e+02
-4.403025000000000091e+02
-4.102312999999999761e+02
-4.391888000000000147e+02
-4.310212000000000216e+02
-4.258238000000000056e+02
-4.403025000000000091e+02
-4.146861999999999853e+02
-3.794175000000000182e+02
-4.046625000000000227e+02
-3.931537000000000148e+02
-3.734775000000000205e+02
-4.198838000000000079e+02
-3.976087999999999738e+02
-3.890699999999999932e+02
-4.187699999999999818e+02
-4.139438000000000102e+02
-4.054049999999999727e+02
-4.035488000000000284e+02
-4.172850000000000250e+02
-3.953813000000000102e+02
-4.046625000000000227e+02
-3.935249999999999773e+02
-4.150575000000000045e+02
-4.254524999999999864e+02
-4.039200000000000159e+02
-4.035488000000000284e+02
-4.224825000000000159e+02
-4.269375000000000000e+02
-4.128299999999999841e+02
-4.250812999999999988e+02
-4.284225000000000136e+02
-4.239674999999999727e+02
-4.506974999999999909e+02
-4.395600000000000023e+02
-4.436437999999999988e+02
-4.425299999999999727e+02
-4.744574999999999818e+02
-4.347337999999999738e+02
-4.336200000000000045e+02
-4.436437999999999988e+02
-4.529250000000000114e+02
-4.380749999999999886e+02
-4.636913000000000125e+02
-4.518111999999999853e+02
-4.473562999999999761e+02
-4.425299999999999727e+02
-4.544100000000000250e+02
-4.644336999999999875e+02
-4.399311999999999898e+02
-4.532962999999999738e+02
-4.581225000000000023e+02
-4.625774999999999864e+02
-4.718587999999999738e+02
-4.674037000000000148e+02
-4.885649999999999977e+02
-4.945049999999999955e+02
-4.959900000000000091e+02
-4.926487000000000194e+02
-4.974750000000000227e+02
-4.826250000000000000e+02
-4.937624999999999886e+02
-4.796549999999999727e+02
-4.844812999999999761e+02
-5.063849999999999909e+02
-4.907925000000000182e+02
-4.959900000000000091e+02
-4.265663000000000125e+02
-4.291650000000000205e+02
-4.473562999999999761e+02
-4.488412000000000148e+02
-4.495837000000000216e+02
-4.688888000000000034e+02
-4.488412000000000148e+02
-4.495837000000000216e+02
-4.674037000000000148e+02
-4.655475000000000136e+02
-4.603500000000000227e+02
-4.737149999999999750e+02
-4.733437999999999874e+02
-4.692599999999999909e+02
-4.777988000000000284e+02
-4.744574999999999818e+02
-4.469850000000000136e+02
-4.670325000000000273e+02
-4.714875000000000114e+02
-4.495837000000000216e+02
-4.562663000000000011e+02
-4.488412000000000148e+02
-4.670325000000000273e+02
-4.532962999999999738e+02
-4.700024999999999977e+02
-4.755713000000000079e+02
-4.674037000000000148e+02
-4.889361999999999853e+02
-4.841100000000000136e+02
-4.904212999999999738e+02
-4.900500000000000114e+02
-5.089837999999999738e+02
-4.640625000000000000e+02
-4.666612999999999829e+02
-4.488412000000000148e+02
-4.584936999999999898e+02
-4.588650000000000091e+02
-4.596075000000000159e+02
-4.685174999999999841e+02
-4.755713000000000079e+02
-4.703736999999999853e+02
-4.674037000000000148e+02
-4.711161999999999921e+02
-4.670325000000000273e+02
-4.662900000000000205e+02
-4.562663000000000011e+02
-4.573799999999999955e+02
-4.521825000000000045e+02
-4.674037000000000148e+02
-4.629488000000000056e+02
-4.640625000000000000e+02
-4.763138000000000147e+02
-4.714875000000000114e+02
-4.633199999999999932e+02
-4.666612999999999829e+02
-4.744574999999999818e+02
-4.503263000000000034e+02
-4.740862000000000194e+02
-4.707450000000000045e+02
-4.570088000000000079e+02
-4.722300000000000182e+02
-4.636913000000000125e+02
-4.603500000000000227e+02
-4.967325000000000159e+02
-4.625774999999999864e+02
-4.562663000000000011e+02
-4.655475000000000136e+02
-4.829961999999999875e+02
-4.766850000000000023e+02
-4.889361999999999853e+02
-4.907925000000000182e+02
-4.685174999999999841e+02
-4.841100000000000136e+02
-4.956186999999999898e+02
-4.662900000000000205e+02
-4.833675000000000068e+02
-4.874513000000000034e+02
-4.907925000000000182e+02
-4.900500000000000114e+02
-5.082411999999999921e+02
-4.963613000000000284e+02
-5.086125000000000114e+02
-5.023013000000000261e+02
-5.119538000000000011e+02
-5.078700000000000045e+02
-5.056424999999999841e+02
-4.848525000000000205e+02
-4.956186999999999898e+02
-5.045287000000000148e+02
-5.126961999999999762e+02
-4.818824999999999932e+02
-4.889361999999999853e+02
-4.766850000000000023e+02
-4.852237999999999829e+02
-4.803974999999999795e+02
-4.911637999999999806e+02
-4.733437999999999874e+02
-4.985887000000000171e+02
-4.785412999999999784e+02
-4.785412999999999784e+02
-4.952475000000000023e+02
-5.023013000000000261e+02
-5.045287000000000148e+02
-4.974750000000000227e+02
-5.067563000000000102e+02
-4.930199999999999818e+02
-5.156662999999999784e+02
-4.956186999999999898e+02
-5.112112000000000194e+02
-5.190075000000000500e+02
-5.182649999999999864e+02
-4.978462999999999852e+02
-5.119538000000000011e+02
-5.126961999999999762e+02
-5.134388000000000147e+02
-5.290312999999999874e+02
-5.371987000000000307e+02
-5.190075000000000500e+02
-5.268038000000000238e+02
-5.256900000000000546e+02
-5.182649999999999864e+02
-5.386838000000000193e+02
-5.249474999999999909e+02
-5.071274999999999977e+02
-5.338574999999999591e+02
-5.420249999999999773e+02
-5.297736999999999625e+02
-5.286599999999999682e+02
-4.915350000000000250e+02
-4.584936999999999898e+02
-4.740862000000000194e+02
-4.744574999999999818e+02
-4.685174999999999841e+02
-4.915350000000000250e+02
-4.881938000000000102e+02
-4.930199999999999818e+02
-4.740862000000000194e+02
-4.748288000000000011e+02
-4.822538000000000125e+02
-4.959900000000000091e+02
-4.893075000000000045e+02
-4.941338000000000079e+02
-4.971037999999999784e+02
-4.751999999999999886e+02
-4.551524999999999750e+02
-4.566374999999999886e+02
-4.800262000000000171e+02
-4.714875000000000114e+02
-4.555237000000000194e+02
-4.209975000000000023e+02
-4.117162000000000148e+02
-4.254524999999999864e+02
-4.113450000000000273e+02
-4.005788000000000011e+02
-4.191413000000000011e+02
-4.265663000000000125e+02
-4.120874999999999773e+02
-4.180274999999999750e+02
-4.347337999999999738e+02
-4.183987000000000194e+02
-4.377038000000000011e+02
-4.503263000000000034e+02
-4.351050000000000182e+02
-4.336200000000000045e+02
-4.339911999999999921e+02
-4.313924999999999841e+02
-4.306499999999999773e+02
-4.410450000000000159e+02
-4.362187999999999874e+02
-4.425299999999999727e+02
-4.421587999999999852e+02
-4.354762999999999806e+02
-4.399311999999999898e+02
-4.555237000000000194e+02
-4.284225000000000136e+02
-4.425299999999999727e+02
-4.551524999999999750e+02
-4.395600000000000023e+02
-4.521825000000000045e+02
-4.551524999999999750e+02
-4.462425000000000068e+02
-4.596075000000000159e+02
-4.332486999999999853e+02
-3.794175000000000182e+02
