-2.145825000000000102e+02
-1.904512000000000000e+02
-2.093849999999999909e+02
-2.483662999999999954e+02
-2.695274999999999750e+02
-2.750962999999999852e+02
-3.196462000000000216e+02
-2.851200000000000045e+02
-3.114787999999999784e+02
-2.914311999999999898e+02
-3.289275000000000091e+02
-3.474900000000000091e+02
-3.534300000000000068e+02
-3.749624999999999773e+02
-3.868424999999999727e+02
-4.076324999999999932e+02
-3.831299999999999955e+02
-4.005788000000000011e+02
-4.035488000000000284e+02
-4.061474999999999795e+02
-4.213686999999999898e+02
-4.132013000000000034e+02
-4.146861999999999853e+02
-4.336200000000000045e+02
-4.373324999999999818e+02
-4.299075000000000273e+02
-4.354762999999999806e+02
-4.655475000000000136e+02
-4.737149999999999750e+02
-4.733437999999999874e+02
-4.952475000000000023e+02
-4.982174999999999727e+02
-4.829961999999999875e+02
-5.115824999999999818e+02
-5.204924999999999500e+02
-5.023013000000000261e+02
-5.071274999999999977e+02
-5.364561999999999671e+02
-5.301449999999999818e+02
-5.435099999999999909e+02
-5.256900000000000546e+02
-5.145525000000000091e+02
-5.668986999999999625e+02
-5.334863000000000284e+02
-5.301449999999999818e+02
-5.579887999999999693e+02
-5.691263000000000147e+02
-5.665275000000000318e+02
-5.576174999999999500e+02
-5.461087999999999738e+02
-5.802636999999999716e+02
-6.211013000000000375e+02
-5.888025000000000091e+02
-5.639288000000000238e+02
-6.099637000000000171e+02
-6.385499999999999545e+02
-5.720963000000000420e+02
-6.270412999999999784e+02
-6.537712000000000216e+02
-6.040236999999999625e+02
-6.185025000000000546e+02
-6.051375000000000455e+02
-6.017962999999999738e+02
-6.311250000000000000e+02
-6.211013000000000375e+02
-5.958563000000000329e+02
-6.214724999999999682e+02
-6.136762999999999693e+02
-6.426336999999999762e+02
-6.396638000000000375e+02
-6.430049999999999955e+02
-6.415199999999999818e+02
-6.129338000000000193e+02
-6.600824999999999818e+02
-6.433763000000000147e+02
-6.563700000000000045e+02
-6.611961999999999762e+02
-6.678787999999999556e+02
-7.001775000000000091e+02
-6.957224999999999682e+02
-6.500588000000000193e+02
-6.827287999999999784e+02
-6.949800000000000182e+02
-6.623099999999999454e+02
-6.701063000000000329e+02
-7.187400000000000091e+02
-6.960937999999999874e+02
-6.916386999999999716e+02
-7.358174999999999955e+02
-7.027762000000000171e+02
-7.102011999999999716e+02
-7.161412000000000262e+02
-7.321050000000000182e+02
-7.317337999999999738e+02
-7.332187999999999874e+02
-7.636612999999999829e+02
-7.098300000000000409e+02
-6.779025000000000318e+02
-6.897825000000000273e+02
-6.708487999999999829e+02
-6.623099999999999454e+02
-6.660225000000000364e+02
-7.038899999999999864e+02
-6.890399999999999636e+02
-6.901536999999999580e+02
-7.020338000000000420e+02
-7.087161999999999580e+02
-7.272786999999999580e+02
-7.194824999999999591e+02
-7.295063000000000102e+02
-7.113150000000000546e+02
-7.172549999999999955e+02
-7.384162999999999784e+02
-7.246799999999999500e+02
-7.217100000000000364e+02
-7.514099999999999682e+02
-7.361888000000000147e+02
-7.365599999999999454e+02
-7.603200000000000500e+02
-7.528949999999999818e+02
-7.484400000000000546e+02
-7.651462000000000216e+02
-7.781399999999999864e+02
-7.918763000000000147e+02
-7.718287000000000262e+02
-7.803674999999999500e+02
-7.710861999999999625e+02
-7.644036999999999580e+02
-7.606912999999999556e+02
-8.186063000000000329e+02
-8.030136999999999716e+02
-7.818524999999999636e+02
-8.137799999999999727e+02
-8.189774999999999636e+02
-7.881638000000000375e+02
-8.030136999999999716e+02
-8.345700000000000500e+02
-8.219474999999999909e+02
-8.249175000000000182e+02
-8.538750000000000000e+02
-8.516475000000000364e+02
-8.431087999999999738e+02
-8.646412000000000262e+02
-8.245462999999999738e+02
-8.249175000000000182e+02
-8.304863000000000284e+02
-8.212050000000000409e+02
-7.993012999999999693e+02
-8.160075000000000500e+02
-8.148936999999999671e+02
-8.134088000000000420e+02
-8.048700000000000045e+02
-8.226900000000000546e+02
-8.427374999999999545e+02
-8.356838000000000193e+02
-8.193487999999999829e+02
-8.260312999999999874e+02
-8.557313000000000329e+02
-8.234325000000000045e+02
-8.367975000000000136e+02
-8.572161999999999580e+02
-8.538750000000000000e+02
-8.572161999999999580e+02
-8.583300000000000409e+02
-8.687250000000000227e+02
-8.494199999999999591e+02
-8.601862999999999602e+02
-8.772636999999999716e+02
-8.568450000000000273e+02
-9.025087999999999511e+02
-8.995388000000000375e+02
-8.880299999999999727e+02
-9.188437999999999874e+02
-9.106762999999999693e+02
-9.028799999999999955e+02
-9.303524999999999636e+02
-9.600525000000000091e+02
-9.396337999999999511e+02
-9.500286999999999580e+02
-9.414900000000000091e+02
-9.340650000000000546e+02
-9.440887000000000171e+02
-9.203287000000000262e+02
-9.073350000000000364e+02
-9.069637000000000171e+02
-8.958261999999999716e+02
-9.184724999999999682e+02
-8.620425000000000182e+02
-8.334561999999999671e+02
-8.271449999999999818e+02
-8.509049999999999727e+02
-8.345700000000000500e+02
-8.330850000000000364e+02
-8.512762000000000171e+02
-8.598150000000000546e+02
-8.568450000000000273e+02
-8.572161999999999580e+02
-8.512762000000000171e+02
-8.471924999999999955e+02
-8.282586999999999762e+02
-7.558650000000000091e+02
-7.521525000000000318e+02
-7.599487000000000307e+02
-7.848224999999999909e+02
-7.629188000000000329e+02
-7.692300000000000182e+02
-7.580924999999999727e+02
-7.755412999999999784e+02
-7.710861999999999625e+02
-7.722000000000000455e+02
-7.632899999999999636e+02
-7.863075000000000045e+02
-7.851938000000000102e+02
-7.985588000000000193e+02
-7.747988000000000284e+02
-7.911336999999999762e+02
-7.658886999999999716e+02
-7.959600000000000364e+02
-7.922474999999999454e+02
-7.814813000000000329e+02
-7.866788000000000238e+02
-7.814813000000000329e+02
-7.781399999999999864e+02
-7.762838000000000420e+02
-7.851938000000000102e+02
-7.770262000000000171e+02
-7.941037999999999784e+02
-7.811100000000000136e+02
-7.566074999999999591e+02
-7.744275000000000091e+02
-7.684874999999999545e+02
-7.822237999999999829e+02
-7.970737000000000307e+02
-8.048700000000000045e+02
-7.970737000000000307e+02
-7.851938000000000102e+02
-8.104388000000000147e+02
-7.744275000000000091e+02
-7.766549999999999727e+02
-7.551224999999999454e+02
-7.618049999999999500e+02
-7.514099999999999682e+02
-7.469550000000000409e+02
-7.495538000000000238e+02
-7.432424999999999500e+02
-7.502962999999999738e+02
-7.521525000000000318e+02
-7.618049999999999500e+02
-7.387875000000000227e+02
-7.373025000000000091e+02
-7.525236999999999625e+02
-7.536375000000000455e+02
-7.525236999999999625e+02
-7.473261999999999716e+02
-7.610625000000000000e+02
-7.506675000000000182e+02
-7.439850000000000136e+02
-7.495538000000000238e+02
-7.432424999999999500e+02
-7.439850000000000136e+02
-7.476974999999999909e+02
-7.139138000000000375e+02
-6.734474999999999909e+02
-6.960937999999999874e+02
-6.723337000000000216e+02
-6.908962000000000216e+02
-6.908962000000000216e+02
-6.905249999999999773e+02
-6.749325000000000045e+02
-6.916386999999999716e+02
-6.831000000000000227e+02
-6.738188000000000102e+02
-6.953513000000000375e+02
-6.667649999999999864e+02
-6.775312999999999874e+02
-6.960937999999999874e+02
-6.834713000000000420e+02
-6.745612999999999602e+02
-6.890399999999999636e+02
-6.908962000000000216e+02
-6.437474999999999454e+02
-6.433763000000000147e+02
-6.508012999999999693e+02
-6.712200000000000273e+02
-6.496875000000000000e+02
-6.456037999999999784e+02
-6.522862999999999829e+02
-6.552563000000000102e+02
-6.634238000000000284e+02
-6.508012999999999693e+02
-6.641662999999999784e+02
-6.474600000000000364e+02
-6.437474999999999454e+02
-6.697350000000000136e+02
-6.504299999999999500e+02
-6.378075000000000045e+02
-6.533999999999999773e+02
-6.396638000000000375e+02
-6.559987999999999602e+02
-6.392925000000000182e+02
-6.589687999999999874e+02
-6.556275000000000546e+02
-6.500588000000000193e+02
-6.504299999999999500e+02
-6.578550000000000182e+02
-6.637949999999999591e+02
-6.749325000000000045e+02
-6.882975000000000136e+02
-6.652799999999999727e+02
-6.667649999999999864e+02
-6.693637999999999693e+02
-6.548849999999999909e+02
-6.511725000000000136e+02
-6.559987999999999602e+02
-6.678787999999999556e+02
-6.571124999999999545e+02
-6.389212999999999738e+02
-6.637949999999999591e+02
-6.693637999999999693e+02
-6.400349999999999682e+02
-6.641662999999999784e+02
-6.463463000000000420e+02
-6.496875000000000000e+02
-6.563700000000000045e+02
-6.678787999999999556e+02
-6.626812999999999647e+02
-6.634238000000000284e+02
-6.879262999999999693e+02
-6.444900000000000091e+02
-6.767888000000000375e+02
-6.671362000000000307e+02
-6.482024999999999864e+02
-6.600824999999999818e+02
-6.667649999999999864e+02
-6.589687999999999874e+02
-6.585974999999999682e+02
-6.675075000000000500e+02
-6.753038000000000238e+02
-6.715911999999999580e+02
-6.504299999999999500e+02
-6.637949999999999591e+02
-6.949800000000000182e+02
-6.764175000000000182e+02
-6.422625000000000455e+02
-6.645375000000000227e+02
-6.790162000000000262e+02
-6.626812999999999647e+02
-6.559987999999999602e+02
-6.749325000000000045e+02
-6.593400000000000318e+02
-6.723337000000000216e+02
-6.942374999999999545e+02
-6.805013000000000147e+02
-6.727050000000000409e+02
-7.016625000000000227e+02
-6.689924999999999500e+02
-6.723337000000000216e+02
-6.771599999999999682e+02
-6.675075000000000500e+02
-6.771599999999999682e+02
-6.708487999999999829e+02
-6.663936999999999671e+02
-6.611961999999999762e+02
-6.805013000000000147e+02
-6.649088000000000420e+02
-6.749325000000000045e+02
-6.823574999999999591e+02
-6.563700000000000045e+02
-6.675075000000000500e+02
-6.741900000000000546e+02
-6.693637999999999693e+02
-6.626812999999999647e+02
-6.797586999999999762e+02
-6.749325000000000045e+02
-6.496875000000000000e+02
-6.504299999999999500e+02
-6.667649999999999864e+02
-6.901536999999999580e+02
-6.675075000000000500e+02
-6.723337000000000216e+02
-6.912675000000000409e+02
-6.882975000000000136e+02
-6.630525000000000091e+02
-6.675075000000000500e+02
-6.920099999999999909e+02
-6.585974999999999682e+02
-6.834713000000000420e+02
-6.860700000000000500e+02
-6.779025000000000318e+02
-6.741900000000000546e+02
-6.600824999999999818e+02
-6.533999999999999773e+02
-6.571124999999999545e+02
-6.526575000000000273e+02
-6.582263000000000375e+02
-6.500588000000000193e+02
-6.574837999999999738e+02
-6.526575000000000273e+02
-6.533999999999999773e+02
-6.608250000000000455e+02
-6.637949999999999591e+02
-6.585974999999999682e+02
-6.585974999999999682e+02
-6.701063000000000329e+02
-6.545136999999999716e+02
-6.615674999999999955e+02
-6.522862999999999829e+02
-6.489450000000000500e+02
-6.660225000000000364e+02
-6.496875000000000000e+02
-6.470887000000000171e+02
-6.663936999999999671e+02
