-1.271530999999999949e+03
-1.293806000000000040e+03
-1.309398999999999887e+03
-1.267448000000000093e+03
-1.322763999999999896e+03
-1.342440000000000055e+03
-1.318308999999999969e+03
-1.388474999999999909e+03
-1.365458000000000084e+03
-1.369540999999999940e+03
-1.386618999999999915e+03
-1.409635999999999967e+03
-1.408151000000000067e+03
-1.415204999999999927e+03
-1.445646999999999935e+03
-1.424486000000000104e+03
-1.448617999999999938e+03
-1.477575000000000045e+03
-1.466438000000000102e+03
-1.472749000000000024e+03
-1.564818999999999960e+03
-1.481659000000000106e+03
-1.490198000000000093e+03
-1.588578999999999951e+03
-1.530291999999999916e+03
-1.568902000000000044e+03
-1.625333000000000084e+03
-1.586351000000000113e+03
-1.598230999999999995e+03
-1.682134000000000015e+03
-1.621249000000000024e+03
-1.663570999999999913e+03
-1.652433999999999969e+03
-1.640924999999999955e+03
-1.654661000000000058e+03
-1.656888999999999896e+03
-1.683990000000000009e+03
-1.678049999999999955e+03
-1.676193999999999960e+03
-1.680648999999999887e+03
-1.651319999999999936e+03
-1.694384999999999991e+03
-1.700695999999999913e+03
-1.707750000000000000e+03
-1.717402000000000044e+03
-1.751929000000000087e+03
-1.728911000000000058e+03
-1.750443999999999960e+03
-1.770119999999999891e+03
-1.745989000000000033e+03
-1.784228000000000065e+03
-1.798335000000000036e+03
-1.799449000000000069e+03
-1.811700000000000045e+03
-1.825065000000000055e+03
-1.856250000000000000e+03
-1.838058999999999969e+03
-1.865160000000000082e+03
-1.877411000000000058e+03
-1.865902000000000044e+03
-1.852165999999999940e+03
-1.876669000000000096e+03
-1.858105999999999995e+03
-1.885950000000000045e+03
-1.889290999999999940e+03
-1.905998000000000047e+03
-1.942380000000000109e+03
-1.919363000000000056e+03
-1.943493999999999915e+03
-1.968367999999999938e+03
-1.934212999999999965e+03
-1.948319999999999936e+03
-1.970965999999999894e+03
-1.980990000000000009e+03
-1.982846000000000004e+03
-1.965769000000000005e+03
-1.976535000000000082e+03
-1.959086000000000013e+03
-2.015144999999999982e+03
-2.018857999999999947e+03
-1.975791999999999916e+03
-2.044103000000000065e+03
-2.018857999999999947e+03
-1.998809999999999945e+03
-2.015516000000000076e+03
-2.029994999999999891e+03
-2.015887999999999920e+03
-2.048929000000000087e+03
-2.032222999999999956e+03
-2.066376999999999953e+03
-2.097190999999999804e+03
-2.071945999999999913e+03
-2.117610000000000127e+03
-2.112784000000000106e+03
-2.111670000000000073e+03
-2.133202999999999975e+03
-2.116125000000000000e+03
-2.116125000000000000e+03
-2.149909000000000106e+03
-2.172925999999999931e+03
-2.142112999999999829e+03
-2.160675000000000182e+03
-2.177380999999999858e+03
-2.187405000000000200e+03
-2.166244000000000142e+03
-2.219333000000000084e+03
-2.221931000000000040e+03
-2.215619999999999891e+03
-2.241235999999999876e+03
-2.252744999999999891e+03
-2.195572999999999865e+03
-2.201884000000000015e+03
-2.206710000000000036e+03
-2.220074999999999818e+03
-2.246063000000000102e+03
-2.228242000000000189e+03
-2.213393000000000029e+03
-2.209309000000000196e+03
-2.207081000000000131e+03
-2.179237999999999829e+03
-2.200769999999999982e+03
-2.215248999999999796e+03
-2.204481999999999971e+03
-2.243463999999999942e+03
-2.230469999999999800e+03
-2.212650000000000091e+03
-2.256829000000000178e+03
-2.249403999999999996e+03
-2.200027999999999793e+03
-2.240864999999999782e+03
-2.234554000000000087e+03
-2.166985999999999876e+03
-2.205224999999999909e+03
-2.213393000000000029e+03
-2.208195000000000164e+03
-2.214876999999999953e+03
-2.257570999999999913e+03
-2.245690999999999804e+03
-2.194829999999999927e+03
-2.231954999999999927e+03
-2.241235999999999876e+03
-2.239380000000000109e+03
-2.251630999999999858e+03
-2.189260999999999967e+03
-2.207824000000000069e+03
-2.221188999999999851e+03
-2.196686000000000149e+03
-2.213393000000000029e+03
-2.199284999999999854e+03
-2.204110999999999876e+03
-2.220074999999999818e+03
-2.223416000000000167e+03
-2.221188999999999851e+03
-2.246434000000000196e+03
-2.259427000000000135e+03
-2.248289999999999964e+03
-2.251630999999999858e+03
-2.282815999999999804e+03
-2.270936000000000149e+03
-2.271679000000000087e+03
-2.285414999999999964e+03
-2.310289000000000215e+03
-2.274277999999999793e+03
-2.311773999999999887e+03
-2.305461999999999989e+03
-2.296552000000000135e+03
-2.328851000000000113e+03
-2.299893999999999778e+03
-2.324396000000000186e+03
-2.341844999999999800e+03
-2.324768000000000029e+03
-2.323653999999999996e+03
-2.365605000000000018e+03
-2.359293999999999869e+03
-2.324396000000000186e+03
-2.329594000000000051e+03
-2.315856999999999971e+03
-2.307318999999999960e+03
-2.325880999999999858e+03
-2.317713999999999942e+03
-2.312887000000000171e+03
-2.347041999999999916e+03
-2.335163000000000011e+03
-2.303978000000000065e+03
-2.315856999999999971e+03
-2.316599999999999909e+03
-2.310659999999999854e+03
-2.332563999999999851e+03
-2.345186000000000149e+03
-2.348155999999999949e+03
-2.344072999999999865e+03
-2.326994999999999891e+03
-2.337018999999999778e+03
-2.369688999999999851e+03
-2.368204000000000178e+03
-2.377856000000000222e+03
-2.380454999999999927e+03
-2.364119999999999891e+03
-2.367460999999999785e+03
-2.381568999999999960e+03
-2.370802000000000135e+03
-2.388623000000000047e+03
-2.417208999999999833e+03
-2.368574999999999818e+03
-2.394190999999999804e+03
-2.428717999999999847e+03
-2.406070999999999913e+03
-2.407556000000000040e+03
-2.427974999999999909e+03
-2.402730000000000018e+03
-2.410525999999999840e+03
-2.435400000000000091e+03
-2.447280000000000200e+03
-2.411268999999999778e+03
-2.425748000000000047e+03
-2.463614999999999782e+03
-2.442454000000000178e+03
-2.471782000000000153e+03
-2.492572999999999865e+03
-2.463244000000000142e+03
-2.511876999999999953e+03
-2.512990999999999985e+03
-2.469925999999999931e+03
-2.513733999999999924e+03
-2.530068999999999960e+03
-2.460273999999999887e+03
-2.437255999999999858e+03
-2.457675000000000182e+03
-2.409041000000000167e+03
-2.414239000000000033e+03
-2.470297999999999774e+03
-2.426860999999999876e+03
-2.443195999999999913e+03
-2.487003999999999905e+03
-2.416094999999999800e+03
-2.411268999999999778e+03
-2.384166999999999916e+03
-2.359293999999999869e+03
-2.349269999999999982e+03
-2.369688999999999851e+03
-2.358179999999999836e+03
-2.376742000000000189e+03
-2.397161000000000058e+03
-2.381197999999999865e+03
-2.411268999999999778e+03
-2.415353000000000065e+03
-2.388623000000000047e+03
-2.400873999999999796e+03
-2.404585999999999785e+03
-2.411639999999999873e+03
-2.405699999999999818e+03
-2.444681000000000040e+03
-2.454704999999999927e+03
-2.424262000000000171e+03
-2.436514000000000124e+03
-2.441340000000000146e+03
-2.450992000000000189e+03
-2.450621000000000095e+03
-2.450992000000000189e+03
-2.462501000000000204e+03
-2.497027999999999793e+03
-2.455076000000000022e+03
-2.459530999999999949e+03
-2.491829999999999927e+03
-2.485518999999999778e+03
-2.449135999999999967e+03
-2.501110999999999876e+03
-2.475494999999999891e+03
-2.445423999999999978e+03
-2.495170999999999822e+03
-2.492572999999999865e+03
-2.451735000000000127e+03
-2.500369000000000142e+03
-2.481063999999999851e+03
-2.469554999999999836e+03
-2.501853999999999814e+03
-2.499255000000000109e+03
-2.495914000000000215e+03
-2.522271999999999935e+03
-2.518188999999999851e+03
-2.499255000000000109e+03
-2.510021000000000186e+03
-2.506309000000000196e+03
-2.510021000000000186e+03
-2.512248999999999796e+03
-2.457304000000000087e+03
-2.426489999999999782e+03
-2.465099999999999909e+03
-2.461759000000000015e+03
-2.440597000000000207e+03
-2.450621000000000095e+03
-2.458045999999999822e+03
-2.429831000000000131e+03
-2.478465000000000146e+03
-2.474010000000000218e+03
-2.449878999999999905e+03
-2.494429000000000087e+03
-2.467327999999999975e+03
-2.464728999999999814e+03
-2.487375000000000000e+03
-2.499255000000000109e+03
-2.471039999999999964e+03
-2.485518999999999778e+03
-2.495541999999999916e+03
-2.470668999999999869e+03
-2.493315000000000055e+03
-2.496655999999999949e+03
-2.469554999999999836e+03
-2.497769999999999982e+03
-2.511135000000000218e+03
-2.503338999999999942e+03
-2.508907000000000153e+03
-2.526728000000000065e+03
-2.502224999999999909e+03
-2.529697999999999865e+03
-2.536380000000000109e+03
-2.521159000000000106e+03
-2.550115999999999985e+03
-2.573505000000000109e+03
-2.549373999999999796e+03
-2.557913000000000011e+03
-2.564965999999999894e+03
-2.548630999999999858e+03
-2.583900000000000091e+03
-2.566451000000000022e+03
-2.550115999999999985e+03
-2.570534999999999854e+03
-2.609516000000000076e+03
-2.564594999999999800e+03
-2.567193999999999960e+03
-2.608402999999999793e+03
-2.580929999999999836e+03
-2.567193999999999960e+03
-2.610630000000000109e+03
-2.589097000000000207e+03
-2.596893999999999778e+03
-2.608402999999999793e+03
-2.597635999999999967e+03
-2.608773999999999887e+03
-2.602090999999999894e+03
-2.594666000000000167e+03
-2.607659999999999854e+03
-2.625480000000000018e+03
-2.608773999999999887e+03
-2.588355000000000018e+03
-2.599864000000000033e+03
-2.590210999999999785e+03
-2.620653999999999996e+03
-2.626222000000000207e+03
-2.625851000000000113e+03
-2.611373000000000047e+03
-2.596521999999999935e+03
-2.631420000000000073e+03
-2.623623999999999796e+03
-2.623994999999999891e+03
-2.632163000000000011e+03
-2.612485999999999876e+03
-2.622880999999999858e+03
-2.616570000000000164e+03
-2.616940999999999804e+03
-2.665204000000000178e+03
-2.623623999999999796e+03
-2.639215999999999894e+03
-2.681539000000000215e+03
-2.655550999999999931e+03
-2.638474000000000160e+03
-2.656293999999999869e+03
-2.659264000000000124e+03
-2.657778999999999996e+03
-2.671143999999999778e+03
-2.662976000000000113e+03
-2.652581000000000131e+03
-2.662976000000000113e+03
-2.664833000000000084e+03
-2.687106999999999971e+03
-2.670030000000000200e+03
-2.683766000000000076e+03
-2.678940000000000055e+03
-2.693047999999999774e+03
-2.697873999999999796e+03
-2.690077999999999975e+03
-2.707896999999999935e+03
-2.671885999999999967e+03
-2.674485000000000127e+03
-2.708268999999999778e+03
-2.695646000000000186e+03
-2.689335000000000036e+03
-2.685623000000000047e+03
-2.671143999999999778e+03
-2.677826000000000022e+03
-2.690077999999999975e+03
-2.689335000000000036e+03
-2.694161000000000058e+03
-2.704184999999999945e+03
-2.696389000000000124e+03
-2.669288000000000011e+03
-2.693047999999999774e+03
-2.711239000000000033e+03
-2.655922999999999774e+03
-2.672257999999999811e+03
-2.712724000000000160e+03
-2.694532000000000153e+03
-2.714579999999999927e+03
-2.693418999999999869e+03
-2.657407000000000153e+03
-2.681909999999999854e+03
-2.687106999999999971e+03
-2.646641000000000076e+03
-2.679311000000000149e+03
-2.691563000000000102e+03
-2.664833000000000084e+03
-2.677083999999999833e+03
