-4.295362999999999829e+02
-4.447574999999999932e+02
-4.436437999999999988e+02
-4.239674999999999727e+02
-4.622062999999999988e+02
-4.551524999999999750e+02
-4.484700000000000273e+02
-4.596075000000000159e+02
-4.325063000000000102e+02
-4.599787999999999784e+02
-4.848525000000000205e+02
-4.755713000000000079e+02
-4.829961999999999875e+02
-4.800262000000000171e+02
-4.826250000000000000e+02
-4.859662000000000148e+02
-4.740862000000000194e+02
-4.889361999999999853e+02
-4.785412999999999784e+02
-4.529250000000000114e+02
-4.800262000000000171e+02
-5.041575000000000273e+02
-4.978462999999999852e+02
-4.971037999999999784e+02
-5.060138000000000034e+02
-5.108399999999999750e+02
-5.056424999999999841e+02
-5.178936999999999671e+02
-5.197500000000000000e+02
-4.967325000000000159e+02
-5.000738000000000056e+02
-5.412825000000000273e+02
-5.294025000000000318e+02
-5.294025000000000318e+02
-5.268038000000000238e+02
-5.297736999999999625e+02
-5.197500000000000000e+02
-4.941338000000000079e+02
-5.268038000000000238e+02
-5.264325000000000045e+02
-5.494500000000000455e+02
-5.527912999999999784e+02
-5.409112999999999829e+02
-5.197500000000000000e+02
-5.405399999999999636e+02
-5.520488000000000284e+02
-5.557612000000000307e+02
-5.498211999999999762e+02
-5.371987000000000307e+02
-5.680125000000000455e+02
-5.427675000000000409e+02
-5.401688000000000329e+02
-5.642999999999999545e+02
-5.583600000000000136e+02
-5.698687999999999647e+02
-5.720963000000000420e+02
-5.895449999999999591e+02
-5.605874999999999773e+02
-5.873174999999999955e+02
-5.602161999999999580e+02
-5.598450000000000273e+02
-5.008163000000000125e+02
-5.138099999999999454e+02
-5.349713000000000420e+02
-5.412825000000000273e+02
-5.242050000000000409e+02
-5.234624999999999773e+02
-5.479650000000000318e+02
-5.405399999999999636e+02
-5.190075000000000500e+02
-5.193787999999999556e+02
-5.561325000000000500e+02
-5.271749999999999545e+02
-5.353424999999999727e+02
-5.568750000000000000e+02
-5.312586999999999762e+02
-5.513062999999999647e+02
-5.446237999999999602e+02
-5.457374999999999545e+02
-5.457374999999999545e+02
-5.542762000000000171e+02
-5.527912999999999784e+02
-5.360850000000000364e+02
-5.717250000000000227e+02
-5.672699999999999818e+02
-5.646712999999999738e+02
-5.572463000000000193e+02
-5.624437000000000353e+02
-5.583600000000000136e+02
-5.442525000000000546e+02
-5.171512000000000171e+02
-5.323724999999999454e+02
-5.308875000000000455e+02
-5.030437999999999761e+02
-5.308875000000000455e+02
-5.409112999999999829e+02
-5.297736999999999625e+02
-5.308875000000000455e+02
-5.401688000000000329e+02
-5.230911999999999580e+02
-5.368274999999999864e+02
-5.312586999999999762e+02
-5.271749999999999545e+02
-5.249474999999999909e+02
-5.204924999999999500e+02
-5.219774999999999636e+02
-5.268038000000000238e+02
-5.338574999999999591e+02
-5.208637999999999693e+02
-5.327437999999999647e+02
-5.505638000000000147e+02
-5.409112999999999829e+02
-5.290312999999999874e+02
-5.312586999999999762e+02
-5.461087999999999738e+02
-5.249474999999999909e+02
-5.230911999999999580e+02
-5.353424999999999727e+02
-5.342287999999999784e+02
-5.416536999999999580e+02
-5.305162000000000262e+02
-5.539049999999999727e+02
-5.412825000000000273e+02
-5.375700000000000500e+02
-5.494500000000000455e+02
-5.568750000000000000e+02
-5.427675000000000409e+02
-5.405399999999999636e+02
-5.561325000000000500e+02
-5.178936999999999671e+02
-5.264325000000000045e+02
-5.279175000000000182e+02
-5.242050000000000409e+02
-5.245761999999999716e+02
-5.494500000000000455e+02
-5.186362000000000307e+02
-5.204924999999999500e+02
-5.368274999999999864e+02
-5.204924999999999500e+02
-5.234624999999999773e+02
-5.498211999999999762e+02
-5.397975000000000136e+02
-4.989599999999999795e+02
-5.115824999999999818e+02
-5.457374999999999545e+02
-5.368274999999999864e+02
-5.286599999999999682e+02
-5.442525000000000546e+02
-5.464800000000000182e+02
-5.609587000000000216e+02
-5.368274999999999864e+02
-5.609587000000000216e+02
-5.598450000000000273e+02
-5.501924999999999955e+02
-5.420249999999999773e+02
-5.624437000000000353e+02
-5.587313000000000329e+02
-5.301449999999999818e+02
-5.464800000000000182e+02
-5.505638000000000147e+02
-5.475937999999999874e+02
-5.453663000000000238e+02
-5.520488000000000284e+02
-5.342287999999999784e+02
-5.572463000000000193e+02
-5.412825000000000273e+02
-5.375700000000000500e+02
-5.698687999999999647e+02
-5.457374999999999545e+02
-5.449950000000000045e+02
-5.431386999999999716e+02
-5.453663000000000238e+02
-5.409112999999999829e+02
-5.483361999999999625e+02
-5.427675000000000409e+02
-5.386838000000000193e+02
-5.565037999999999556e+02
-5.197500000000000000e+02
-5.379412999999999556e+02
-5.531625000000000227e+02
-5.449950000000000045e+02
-5.342287999999999784e+02
-5.472224999999999682e+02
-5.602161999999999580e+02
-5.494500000000000455e+02
-5.394262999999999693e+02
-5.557612000000000307e+02
-5.308875000000000455e+02
-5.401688000000000329e+02
-5.539049999999999727e+02
-5.494500000000000455e+02
-5.375700000000000500e+02
-5.683836999999999762e+02
-5.546475000000000364e+02
-5.587313000000000329e+02
-5.535338000000000420e+02
-5.446237999999999602e+02
-5.620724999999999909e+02
-5.591024999999999636e+02
-5.483361999999999625e+02
-5.539049999999999727e+02
-5.472224999999999682e+02
-5.527912999999999784e+02
-5.546475000000000364e+02
-5.383125000000000000e+02
-5.464800000000000182e+02
-5.453663000000000238e+02
-5.591024999999999636e+02
-5.531625000000000227e+02
-5.516775000000000091e+02
-5.609587000000000216e+02
-5.639288000000000238e+02
-5.553899999999999864e+02
-5.420249999999999773e+02
-5.576174999999999500e+02
-5.732100000000000364e+02
-5.639288000000000238e+02
-5.605874999999999773e+02
-5.546475000000000364e+02
-5.568750000000000000e+02
-5.498211999999999762e+02
-5.650425000000000182e+02
-5.668986999999999625e+02
-5.401688000000000329e+02
-5.468513000000000375e+02
-5.487074999999999818e+02
-5.665275000000000318e+02
-5.665275000000000318e+02
-5.509349999999999454e+02
-5.553899999999999864e+02
-5.501924999999999955e+02
-5.576174999999999500e+02
-5.602161999999999580e+02
-5.494500000000000455e+02
-5.642999999999999545e+02
-5.565037999999999556e+02
-5.487074999999999818e+02
-5.728387000000000171e+02
-5.550186999999999671e+02
-5.531625000000000227e+02
-5.494500000000000455e+02
-5.602161999999999580e+02
-5.609587000000000216e+02
-5.728387000000000171e+02
-5.509349999999999454e+02
-5.527912999999999784e+02
-5.791499999999999773e+02
-5.516775000000000091e+02
-5.594737999999999829e+02
-5.661562999999999874e+02
-5.646712999999999738e+02
-5.505638000000000147e+02
-5.598450000000000273e+02
-5.624437000000000353e+02
-5.431386999999999716e+02
-5.728387000000000171e+02
-5.579887999999999693e+02
-5.605874999999999773e+02
-5.709824999999999591e+02
-5.494500000000000455e+02
-5.594737999999999829e+02
-5.602161999999999580e+02
-5.524199999999999591e+02
-5.542762000000000171e+02
-5.605874999999999773e+02
-5.416536999999999580e+02
-5.483361999999999625e+02
-5.572463000000000193e+02
-5.676412000000000262e+02
-5.583600000000000136e+02
-5.598450000000000273e+02
-5.810062000000000353e+02
-5.639288000000000238e+02
-5.817487999999999602e+02
-5.791499999999999773e+02
-5.646712999999999738e+02
-5.895449999999999591e+02
-5.791499999999999773e+02
-5.594737999999999829e+02
-5.661562999999999874e+02
-5.605874999999999773e+02
-5.535338000000000420e+02
-5.694974999999999454e+02
-5.750662999999999556e+02
-5.438812000000000353e+02
-5.587313000000000329e+02
-5.631862999999999602e+02
-5.572463000000000193e+02
-5.676412000000000262e+02
-5.743237000000000307e+02
-5.602161999999999580e+02
-5.691263000000000147e+02
-5.602161999999999580e+02
-5.720963000000000420e+02
-5.687549999999999955e+02
-5.750662999999999556e+02
-5.620724999999999909e+02
-5.728387000000000171e+02
-5.680125000000000455e+02
-5.639288000000000238e+02
-5.862037000000000262e+02
-5.865750000000000455e+02
-6.006825000000000045e+02
-5.984550000000000409e+02
-5.980837000000000216e+02
-5.977124999999999773e+02
-5.850900000000000318e+02
-5.862037000000000262e+02
-5.921436999999999671e+02
-6.121912999999999556e+02
-5.824913000000000238e+02
-5.902875000000000227e+02
-6.003112999999999602e+02
-5.965987999999999829e+02
-5.847187999999999874e+02
-6.014249999999999545e+02
-5.936287999999999556e+02
-5.802636999999999716e+02
-5.854611999999999625e+02
-6.021675000000000182e+02
-5.746950000000000500e+02
-5.940000000000000000e+02
-6.014249999999999545e+02
-5.936287999999999556e+02
-5.843474999999999682e+02
-5.884312999999999647e+02
-6.006825000000000045e+02
-6.077363000000000284e+02
-5.943713000000000193e+02
-6.036525000000000318e+02
-5.995687000000000353e+02
-5.772938000000000329e+02
-5.680125000000000455e+02
-5.628150000000000546e+02
-5.724674999999999727e+02
-5.605874999999999773e+02
-5.516775000000000091e+02
-5.698687999999999647e+02
-5.550186999999999671e+02
-5.650425000000000182e+02
-5.587313000000000329e+02
-5.539049999999999727e+02
-5.605874999999999773e+02
-5.461087999999999738e+02
-5.490787000000000262e+02
-5.579887999999999693e+02
-5.628150000000000546e+02
-5.598450000000000273e+02
-5.565037999999999556e+02
-5.631862999999999602e+02
-5.516775000000000091e+02
-5.602161999999999580e+02
-5.613300000000000409e+02
-5.657849999999999682e+02
-5.561325000000000500e+02
-5.683836999999999762e+02
-5.579887999999999693e+02
-5.609587000000000216e+02
-5.620724999999999909e+02
-5.598450000000000273e+02
-5.427675000000000409e+02
-5.743237000000000307e+02
-5.810062000000000353e+02
-5.694974999999999454e+02
-5.472224999999999682e+02
-5.598450000000000273e+02
-5.449950000000000045e+02
-5.587313000000000329e+02
-5.739524999999999864e+02
-5.631862999999999602e+02
-5.494500000000000455e+02
-5.654138000000000375e+02
-5.438812000000000353e+02
-5.784075000000000273e+02
-5.743237000000000307e+02
-5.320013000000000147e+02
-5.713537999999999784e+02
-5.665275000000000318e+02
-5.401688000000000329e+02
-5.513062999999999647e+02
-5.694974999999999454e+02
-5.453663000000000238e+02
-5.550186999999999671e+02
-5.546475000000000364e+02
-5.297736999999999625e+02
-5.494500000000000455e+02
-5.631862999999999602e+02
-5.457374999999999545e+02
-5.323724999999999454e+02
-5.427675000000000409e+02
-5.472224999999999682e+02
-5.308875000000000455e+02
-5.405399999999999636e+02
-5.691263000000000147e+02
-5.435099999999999909e+02
-5.464800000000000182e+02
-5.464800000000000182e+02
-5.505638000000000147e+02
-5.390549999999999500e+02
-5.178936999999999671e+02
-5.438812000000000353e+02
-5.457374999999999545e+02
-5.268038000000000238e+02
-5.357137000000000171e+02
-5.505638000000000147e+02
-5.405399999999999636e+02
-5.431386999999999716e+02
-5.535338000000000420e+02
-5.431386999999999716e+02
-5.409112999999999829e+02
-5.509349999999999454e+02
-5.617011999999999716e+02
