2.190441999999999894e+02
2.071638000000000090e+02
2.045649999999999977e+02
2.119901999999999873e+02
1.882295000000000016e+02
1.822892999999999972e+02
1.830318000000000040e+02
1.860019000000000062e+02
1.191748999999999938e+02
1.737503000000000100e+02
1.303127000000000066e+02
1.295701999999999998e+02
1.243725000000000023e+02
1.106359000000000066e+02
1.421930999999999869e+02
1.381091999999999871e+02
1.150909999999999940e+02
1.473907000000000096e+02
1.770917000000000030e+02
1.199174000000000007e+02
1.020969000000000051e+02
1.325403000000000020e+02
1.280851999999999862e+02
1.317977999999999952e+02
1.039531999999999954e+02
1.284564000000000021e+02
1.303127000000000066e+02
1.321690000000000111e+02
9.281533000000000300e+01
1.262288999999999959e+02
1.266000999999999976e+02
1.136059999999999945e+02
8.204874999999999829e+01
9.875552000000000419e+01
9.801299000000000206e+01
6.051559999999999917e+01
9.021650999999999954e+01
8.984524999999999295e+01
6.237189999999999657e+01
5.865928999999999860e+01
7.350973999999999364e+01
5.049154000000000053e+01
5.643171999999999855e+01
6.162937999999999761e+01
5.049154000000000053e+01
5.271911000000000058e+01
6.422821000000000424e+01
6.014433999999999969e+01
3.341351999999999833e+01
5.940180999999999756e+01
5.865928999999999860e+01
5.086280000000000001e+01
5.568919999999999959e+01
4.789271000000000100e+01
4.492262000000000199e+01
4.083874999999999744e+01
1.744928000000000168e+01
2.932965000000000089e+01
2.524577000000000027e+01
1.744928000000000168e+01
1.485045000000000037e+01
1.522170999999999985e+01
3.378477999999999781e+01
-1.039499999999999957e+01
-1.633500000000000085e+01
2.561702999999999975e+01
1.373667000000000016e+01
5.940180999999999933e+00
3.489856999999999942e+01
2.338945999999999970e+01
2.673082000000000136e+01
5.494668000000000063e+01
1.744928000000000168e+01
1.002406000000000041e+01
4.121000999999999692e+01
3.526982000000000284e+01
8.910272000000000858e+00
1.113784000000000107e+00
2.895837999999999823e+01
2.227568000000000215e+00
-8.167500000000000426e+00
3.601234999999999786e+01
1.002406000000000041e+01
-9.652499999999999858e+00
1.559298000000000073e+01
-4.455000000000000071e+00
2.858711999999999875e+01
3.712613000000000163e+00
0.000000000000000000e+00
4.083874999999999922e+00
2.153315999999999875e+01
-1.113750000000000018e+00
-2.338875000000000171e+01
-1.336500000000000021e+01
3.712613000000000163e+00
-1.150874999999999915e+01
-1.522124999999999950e+01
1.485045000000000037e+01
-1.373625000000000007e+01
2.227568000000000215e+00
-1.113749999999999929e+01
-1.225125000000000064e+01
0.000000000000000000e+00
-2.227500000000000036e+00
-5.123250000000000171e+01
-1.967624999999999957e+01
-7.424999999999999822e+00
-3.972375000000000256e+01
-2.450250000000000128e+01
-3.415500000000000114e+01
-2.895749999999999957e+01
-4.603499999999999659e+01
-2.747250000000000014e+01
-5.605875000000000341e+01
-4.863374999999999915e+01
-2.895749999999999957e+01
-5.939999999999999858e+01
-5.457374999999999687e+01
-5.791499999999999915e+01
-5.160374999999999801e+01
-4.677750000000000341e+01
-5.160374999999999801e+01
-5.494500000000000028e+01
-4.826250000000000284e+01
-5.160374999999999801e+01
-6.422624999999999318e+01
-6.088499999999999801e+01
-5.939999999999999858e+01
-7.759125000000000227e+01
-8.501624999999999943e+01
-5.680125000000000313e+01
-7.833374999999999488e+01
-6.088499999999999801e+01
-5.568750000000000000e+01
-8.798624999999999829e+01
-7.053749999999999432e+01
-6.125625000000000142e+01
-6.125625000000000142e+01
-8.947124999999999773e+01
-8.427375000000000682e+01
-8.130374999999999375e+01
-8.204625000000000057e+01
-8.204625000000000057e+01
-4.529249999999999687e+01
-5.346000000000000085e+01
-6.459749999999999659e+01
-2.858624999999999972e+01
-6.979500000000000171e+01
-3.712500000000000000e+01
-3.601124999999999687e+01
-6.385499999999999687e+01
-6.051375000000000171e+01
-4.492125000000000057e+01
-6.014249999999999829e+01
-6.422624999999999318e+01
-6.051375000000000171e+01
-6.274125000000000085e+01
-6.236999999999999744e+01
-7.870499999999999829e+01
-8.538750000000000284e+01
-6.831000000000000227e+01
-7.796250000000000568e+01
-8.501624999999999943e+01
-6.088499999999999801e+01
-7.536374999999999602e+01
-6.534000000000000341e+01
-7.462125000000000341e+01
-8.798624999999999829e+01
-8.056125000000000114e+01
-8.612999999999999545e+01
-9.578249999999999886e+01
-7.090874999999999773e+01
-8.650124999999999886e+01
-1.039500000000000028e+02
-8.278874999999999318e+01
-9.169875000000000398e+01
-8.724375000000000568e+01
-9.169875000000000398e+01
-6.942374999999999829e+01
-5.420250000000000057e+01
-6.162749999999999773e+01
-3.341250000000000142e+01
-5.123250000000000171e+01
-5.568750000000000000e+01
-4.640625000000000000e+01
-4.417875000000000085e+01
-8.761499999999999488e+01
-6.793874999999999886e+01
-5.308874999999999744e+01
-7.647750000000000625e+01
-2.598750000000000071e+01
-2.598750000000000071e+01
-3.044249999999999901e+01
7.796488000000000085e+00
-2.969999999999999929e+01
-1.930499999999999972e+01
-2.784375000000000000e+01
-2.747250000000000014e+01
-4.083749999999999858e+01
-2.895749999999999957e+01
-4.157999999999999829e+01
-5.234624999999999773e+01
-3.415500000000000114e+01
-2.970000000000000195e+00
-4.120875000000000199e+01
-2.376000000000000156e+01
-2.153249999999999886e+01
-4.603499999999999659e+01
-2.338875000000000171e+01
-1.707750000000000057e+01
-3.378374999999999773e+01
-3.898125000000000284e+01
-2.784375000000000000e+01
-3.489750000000000085e+01
-5.308874999999999744e+01
-4.714874999999999972e+01
-6.199875000000000114e+01
-2.969999999999999929e+01
-6.682500000000000284e+01
-6.571125000000000682e+01
-5.123250000000000171e+01
-4.714874999999999972e+01
-5.383124999999999716e+01
-7.053749999999999432e+01
-5.197500000000000142e+01
-4.677750000000000341e+01
-4.789124999999999943e+01
-5.717249999999999943e+01
-6.534000000000000341e+01
-4.752000000000000313e+01
-4.603499999999999659e+01
-7.573499999999999943e+01
-6.719625000000000625e+01
-6.199875000000000114e+01
-7.425000000000000000e+01
-8.056125000000000114e+01
-5.791499999999999915e+01
-4.714874999999999972e+01
-8.501624999999999943e+01
-6.608249999999999602e+01
-5.086124999999999829e+01
-7.276500000000000057e+01
-5.160374999999999801e+01
-5.271750000000000114e+01
-5.049000000000000199e+01
-4.826250000000000284e+01
-7.276500000000000057e+01
-6.125625000000000142e+01
-6.422624999999999318e+01
-7.165125000000000455e+01
-6.311249999999999716e+01
-9.169875000000000398e+01
-7.053749999999999432e+01
-1.113749999999999929e+01
-3.192749999999999844e+01
-1.113750000000000018e+00
-1.485000000000000098e+00
9.281532999999999589e+00
-2.116124999999999901e+01
-2.338875000000000171e+01
-2.041874999999999929e+01
-3.155624999999999858e+01
-2.301749999999999829e+01
-1.484999999999999964e+01
-3.044249999999999901e+01
-1.225125000000000064e+01
-3.044249999999999901e+01
-4.380749999999999744e+01
-1.707750000000000057e+01
-3.860999999999999943e+01
-3.192749999999999844e+01
-3.007124999999999915e+01
-2.858624999999999972e+01
-5.049000000000000199e+01
-4.195125000000000171e+01
-2.932874999999999943e+01
-5.457374999999999687e+01
-3.081374999999999886e+01
-2.895749999999999957e+01
-6.014249999999999829e+01
-4.380749999999999744e+01
-2.116124999999999901e+01
-4.009499999999999886e+01
-4.863374999999999915e+01
-1.670625000000000071e+01
-5.160374999999999801e+01
-3.378374999999999773e+01
-3.786749999999999972e+01
-4.640625000000000000e+01
-2.561625000000000085e+01
-3.267000000000000171e+01
-5.605875000000000341e+01
-2.858624999999999972e+01
-2.190374999999999872e+01
-3.415500000000000114e+01
-2.784375000000000000e+01
-2.895749999999999957e+01
-4.083749999999999858e+01
-4.974750000000000227e+01
-4.417875000000000085e+01
-3.007124999999999915e+01
-3.712500000000000000e+01
-3.378374999999999773e+01
-4.343625000000000114e+01
-3.044249999999999901e+01
-4.752000000000000313e+01
-4.492125000000000057e+01
-6.236999999999999744e+01
-3.267000000000000171e+01
-4.046625000000000227e+01
-5.160374999999999801e+01
-4.009499999999999886e+01
-4.454999999999999716e+01
-4.603499999999999659e+01
-6.162749999999999773e+01
-5.049000000000000199e+01
-5.457374999999999687e+01
-5.568750000000000000e+01
-5.642999999999999972e+01
-5.457374999999999687e+01
-5.123250000000000171e+01
-4.826250000000000284e+01
-6.756749999999999545e+01
-4.269375000000000142e+01
-4.232249999999999801e+01
-7.202249999999999375e+01
-6.534000000000000341e+01
-6.608249999999999602e+01
-4.454999999999999716e+01
-4.157999999999999829e+01
-3.675374999999999659e+01
-2.376000000000000156e+01
-8.538750000000000284e+00
-2.004749999999999943e+01
-2.116124999999999901e+01
-2.004749999999999943e+01
-2.561625000000000085e+01
-2.227499999999999858e+01
-2.784375000000000000e+01
-2.264624999999999844e+01
-4.454999999999999716e+01
-3.452624999999999744e+01
-3.192749999999999844e+01
-2.969999999999999929e+01
-1.782000000000000028e+01
-2.561625000000000085e+01
-3.786749999999999972e+01
-1.819125000000000014e+01
-3.935249999999999915e+01
-4.306499999999999773e+01
-2.895749999999999957e+01
-2.673000000000000043e+01
-4.306499999999999773e+01
-3.749625000000000341e+01
-4.343625000000000114e+01
-4.083749999999999858e+01
-3.860999999999999943e+01
-3.118499999999999872e+01
-4.269375000000000142e+01
-4.417875000000000085e+01
-2.635875000000000057e+01
-4.083749999999999858e+01
-3.452624999999999744e+01
-4.343625000000000114e+01
-4.826250000000000284e+01
-3.786749999999999972e+01
-4.417875000000000085e+01
-6.385499999999999687e+01
-4.380749999999999744e+01
-4.046625000000000227e+01
-7.833374999999999488e+01
-1.670625000000000071e+01
-5.605875000000000341e+01
-6.051375000000000171e+01
-5.568750000000000000e+01
-5.234624999999999773e+01
-5.865749999999999886e+01
-2.784375000000000000e+01
2.970091000000000037e+00
-2.004749999999999943e+01
-1.150874999999999915e+01
-4.083750000000000213e+00
-2.041874999999999929e+01
-4.826249999999999929e+00
0.000000000000000000e+00
-2.301749999999999829e+01
4.826397000000000048e+00
-1.485000000000000098e+00
-1.188000000000000078e+01
-7.425000000000000488e-01
6.682704000000000200e+00
2.970091000000000037e+00
-3.341250000000000053e+00
-5.197499999999999787e+00
-1.596374999999999922e+01
5.940180999999999933e+00
-7.424999999999999822e+00
-1.522124999999999950e+01
-8.538750000000000284e+00
3.712613000000000163e-01
2.970091000000000037e+00
-2.598749999999999893e+00
9.652794999999999348e+00
1.076657999999999937e+01
-9.652499999999999858e+00
1.262288999999999994e+01
-1.039499999999999957e+01
-1.336500000000000021e+01
5.568920000000000314e+00
-5.197499999999999787e+00
-1.522124999999999950e+01
-7.424999999999999822e+00
