1.529596999999999980e+02
1.897144999999999868e+02
1.819181000000000097e+02
1.607562000000000069e+02
1.659538000000000011e+02
1.377379999999999995e+02
1.221449999999999960e+02
1.295701999999999998e+02
1.202887000000000057e+02
1.314265000000000043e+02
1.020969000000000051e+02
9.727047000000000310e+01
8.613263000000000602e+01
1.098933999999999997e+02
6.385694999999999766e+01
4.752145000000000152e+01
6.459946999999999662e+01
2.450325000000000131e+01
4.121000999999999692e+01
5.457542000000000115e+01
3.341351999999999833e+01
1.596424000000000021e+01
3.601234999999999786e+01
1.076657999999999937e+01
-2.041874999999999929e+01
-5.568749999999999645e+00
1.930558999999999870e+01
-1.930499999999999972e+01
-2.895749999999999957e+01
-3.118499999999999872e+01
-3.638250000000000028e+01
-1.893374999999999986e+01
-3.341250000000000142e+01
-2.747250000000000014e+01
-4.863374999999999915e+01
-5.531624999999999659e+01
-2.784375000000000000e+01
-4.157999999999999829e+01
-5.977125000000000199e+01
-5.531624999999999659e+01
-3.415500000000000114e+01
-1.006086999999999989e+02
-8.353125000000000000e+01
-4.900500000000000256e+01
-8.872875000000000512e+01
-1.080337999999999994e+02
-1.080337999999999994e+02
-1.110037999999999982e+02
-1.284524999999999864e+02
-7.684874999999999545e+01
-7.907625000000000171e+01
-9.763875000000000171e+01
-1.020938000000000017e+02
-9.318375000000000341e+01
-1.024650000000000034e+02
-1.046924999999999955e+02
-1.128599999999999994e+02
-1.462725000000000080e+02
-1.165725000000000051e+02
-1.195425000000000040e+02
-1.481288000000000125e+02
-1.600088000000000079e+02
-1.425600000000000023e+02
-1.592663000000000011e+02
-1.210275000000000034e+02
-1.548112000000000137e+02
-1.781999999999999886e+02
-1.737450000000000045e+02
-1.652062999999999988e+02
-1.871100000000000136e+02
-1.585237999999999943e+02
-1.685475000000000136e+02
-1.874812000000000012e+02
-1.640925000000000011e+02
-1.618650000000000091e+02
-2.038163000000000125e+02
-2.216362000000000023e+02
-1.878524999999999920e+02
-2.257199999999999989e+02
-2.379713000000000136e+02
-2.134687999999999874e+02
-2.060437000000000012e+02
-1.919362000000000137e+02
-1.685475000000000136e+02
-2.049300000000000068e+02
-1.785713000000000079e+02
-1.763437999999999874e+02
-1.744875000000000114e+02
-2.004749999999999943e+02
-1.369912999999999954e+02
-1.373625000000000114e+02
-1.440449999999999875e+02
-1.280812999999999988e+02
-1.217699999999999960e+02
-1.444162000000000035e+02
-1.202849999999999966e+02
-1.529550000000000125e+02
-1.663199999999999932e+02
-1.392187999999999874e+02
-1.425600000000000023e+02
-1.611225000000000023e+02
-1.106324999999999932e+02
-1.228837999999999937e+02
-1.429311999999999898e+02
-1.373625000000000114e+02
-1.343925000000000125e+02
-1.340212999999999965e+02
-1.477574999999999932e+02
-1.555537999999999954e+02
-1.395900000000000034e+02
-1.562961999999999989e+02
-1.600088000000000079e+02
-1.551825000000000045e+02
-1.748586999999999989e+02
-1.707750000000000057e+02
-1.577812999999999874e+02
-1.414463000000000079e+02
-1.804275000000000091e+02
-1.607512999999999863e+02
-1.741162999999999954e+02
-1.722599999999999909e+02
-1.796850000000000023e+02
-1.715175000000000125e+02
-1.540688000000000102e+02
-1.733737000000000137e+02
-1.666913000000000125e+02
-1.793137999999999863e+02
-1.722599999999999909e+02
-1.730024999999999977e+02
-1.863675000000000068e+02
-1.796850000000000023e+02
-1.941638000000000090e+02
-1.770862999999999943e+02
-2.049300000000000068e+02
-1.945349999999999966e+02
-1.993613000000000000e+02
-2.041875000000000000e+02
-2.041875000000000000e+02
-2.067863000000000113e+02
-2.123549999999999898e+02
-2.208937999999999988e+02
-2.041875000000000000e+02
-2.090137000000000000e+02
-2.023312999999999988e+02
-2.212649999999999864e+02
-2.249774999999999920e+02
-2.197800000000000011e+02
-2.168100000000000023e+02
-2.060437000000000012e+02
-2.249774999999999920e+02
-2.442824999999999989e+02
-2.442824999999999989e+02
-2.249774999999999920e+02
-2.398274999999999864e+02
-2.197800000000000011e+02
-2.015886999999999887e+02
-2.205225000000000080e+02
-2.286899999999999977e+02
-2.257199999999999989e+02
-2.275762000000000000e+02
-2.246062000000000012e+02
-2.331450000000000102e+02
-2.439113000000000113e+02
-2.472524999999999977e+02
-2.595038000000000125e+02
-2.635874999999999773e+02
-2.550488000000000000e+02
-2.353725000000000023e+02
-2.201511999999999887e+02
-2.223788000000000125e+02
-2.067863000000000113e+02
-1.941638000000000090e+02
-2.075286999999999864e+02
-1.529550000000000125e+02
-1.184287000000000063e+02
-1.425600000000000023e+02
-1.384763000000000090e+02
-1.618650000000000091e+02
-1.555537999999999954e+02
-1.395900000000000034e+02
-1.355063000000000102e+02
-1.462725000000000080e+02
-1.455300000000000011e+02
-1.366200000000000045e+02
-1.633499999999999943e+02
-1.533262000000000000e+02
-1.473862000000000023e+02
-1.648350000000000080e+02
-1.588950000000000102e+02
-1.451588000000000136e+02
-1.800562999999999931e+02
-1.700324999999999989e+02
-1.533262000000000000e+02
-1.470149999999999864e+02
-1.536974999999999909e+02
-1.518411999999999864e+02
-1.841399999999999864e+02
-1.685475000000000136e+02
-1.596374999999999886e+02
-1.600088000000000079e+02
-1.737450000000000045e+02
-1.741162999999999954e+02
-1.741162999999999954e+02
-1.841399999999999864e+02
-1.822838000000000136e+02
-1.822838000000000136e+02
-2.030737000000000023e+02
-2.027024999999999864e+02
-1.945349999999999966e+02
-1.833975000000000080e+02
-2.104987000000000137e+02
-1.986187999999999931e+02
-1.874812000000000012e+02
-2.079000000000000057e+02
-1.949062999999999874e+02
-1.893375000000000057e+02
-2.027024999999999864e+02
-2.079000000000000057e+02
-2.220074999999999932e+02
-2.086425000000000125e+02
-2.364863000000000000e+02
-2.331450000000000102e+02
-2.238637999999999977e+02
-2.175525000000000091e+02
-2.234925000000000068e+02
-2.041875000000000000e+02
-2.205225000000000080e+02
-2.368574999999999875e+02
-2.242350000000000136e+02
-2.420550000000000068e+02
-2.368574999999999875e+02
-2.379713000000000136e+02
-2.372288000000000068e+02
-2.513362999999999943e+02
-2.264625000000000057e+02
-2.368574999999999875e+02
-2.194088000000000136e+02
-2.231211999999999875e+02
-2.576474999999999795e+02
-2.535637999999999863e+02
-2.450250000000000057e+02
-2.546775000000000091e+02
-2.427975000000000136e+02
-2.387136999999999887e+02
-2.569049999999999727e+02
-2.702699999999999818e+02
-2.583899999999999864e+02
-2.702699999999999818e+02
-2.468813000000000102e+02
-1.982475000000000023e+02
-2.090137000000000000e+02
-2.220074999999999932e+02
-2.156963000000000079e+02
-2.494799999999999898e+02
-2.179238000000000000e+02
-1.956487999999999943e+02
-1.952775000000000034e+02
-1.986187999999999931e+02
-1.904512000000000000e+02
-1.770862999999999943e+02
-2.012175000000000011e+02
-2.034449999999999932e+02
-2.075286999999999864e+02
-1.945349999999999966e+02
-1.978762999999999863e+02
-2.086425000000000125e+02
-2.056725000000000136e+02
-2.119836999999999989e+02
-1.930500000000000114e+02
-2.090137000000000000e+02
-1.993613000000000000e+02
-1.715175000000000125e+02
-1.648350000000000080e+02
-1.455300000000000011e+02
-1.696613000000000113e+02
-1.618650000000000091e+02
-1.462725000000000080e+02
-1.566674999999999898e+02
-1.529550000000000125e+02
-1.433025000000000091e+02
-1.692899999999999920e+02
-1.477574999999999932e+02
-1.544399999999999977e+02
-1.715175000000000125e+02
-1.544399999999999977e+02
-1.462725000000000080e+02
-1.451588000000000136e+02
-1.692899999999999920e+02
-1.533262000000000000e+02
-1.395900000000000034e+02
-1.588950000000000102e+02
-1.581525000000000034e+02
-1.592663000000000011e+02
-1.570388000000000090e+02
-1.633499999999999943e+02
-1.570388000000000090e+02
-1.666913000000000125e+02
-1.692899999999999920e+02
-1.510988000000000113e+02
-1.607512999999999863e+02
-1.704036999999999864e+02
-1.730024999999999977e+02
-1.707750000000000057e+02
-1.848824999999999932e+02
-1.733737000000000137e+02
-1.496137999999999977e+02
-1.830261999999999887e+02
-1.744875000000000114e+02
-1.577812999999999874e+02
-1.678050000000000068e+02
-1.752299999999999898e+02
-1.863675000000000068e+02
-1.626074999999999875e+02
-1.607512999999999863e+02
-1.778288000000000011e+02
-1.670625000000000000e+02
-1.626074999999999875e+02
-1.971338000000000079e+02
-1.789424999999999955e+02
-1.722599999999999909e+02
-1.767150000000000034e+02
-1.830261999999999887e+02
-1.845112000000000023e+02
-1.945349999999999966e+02
-1.815412000000000035e+02
-1.793137999999999863e+02
-1.882238000000000113e+02
-1.956487999999999943e+02
-1.752299999999999898e+02
-1.867387999999999977e+02
-1.904512000000000000e+02
-1.800562999999999931e+02
-1.859961999999999875e+02
-1.841399999999999864e+02
-1.833975000000000080e+02
-1.989900000000000091e+02
-1.989900000000000091e+02
-1.989900000000000091e+02
-2.012175000000000011e+02
-1.878524999999999920e+02
-2.064149999999999920e+02
-2.004749999999999943e+02
-1.975049999999999955e+02
-2.101274999999999977e+02
-1.830261999999999887e+02
-2.090137000000000000e+02
-1.830261999999999887e+02
-1.900800000000000125e+02
-1.986187999999999931e+02
-2.001037000000000035e+02
-2.249774999999999920e+02
-2.082712999999999965e+02
-2.015886999999999887e+02
-1.859961999999999875e+02
-2.082712999999999965e+02
-1.815412000000000035e+02
-2.116125000000000114e+02
-1.967624999999999886e+02
-2.097563000000000102e+02
-1.975049999999999955e+02
-1.848824999999999932e+02
-2.179238000000000000e+02
-2.101274999999999977e+02
-2.227500000000000000e+02
-1.989900000000000091e+02
-2.305461999999999989e+02
-2.305461999999999989e+02
-1.989900000000000091e+02
-2.112412999999999954e+02
-2.041875000000000000e+02
-1.900800000000000125e+02
-2.194088000000000136e+02
-1.978762999999999863e+02
-1.893375000000000057e+02
-1.982475000000000023e+02
-2.116125000000000114e+02
-2.186662000000000035e+02
-2.260911999999999864e+02
-2.153249999999999886e+02
-2.101274999999999977e+02
-1.897087999999999965e+02
-2.156963000000000079e+02
-2.049300000000000068e+02
-2.119836999999999989e+02
-1.975049999999999955e+02
-1.915649999999999977e+02
-2.075286999999999864e+02
-2.071574999999999989e+02
-2.008463000000000136e+02
-2.008463000000000136e+02
-2.082712999999999965e+02
-1.993613000000000000e+02
-2.156963000000000079e+02
-2.060437000000000012e+02
-2.064149999999999920e+02
-2.164387999999999863e+02
-2.116125000000000114e+02
-2.130974999999999966e+02
-2.130974999999999966e+02
-2.294325000000000045e+02
-2.290612000000000137e+02
-2.104987000000000137e+02
-1.889661999999999864e+02
-2.093849999999999909e+02
-2.086425000000000125e+02
-2.023312999999999988e+02
-2.160674999999999955e+02
-2.082712999999999965e+02
-2.123549999999999898e+02
-2.171812999999999931e+02
-2.238637999999999977e+02
-2.168100000000000023e+02
