-3.307837999999999852e+02
-3.237300000000000182e+02
-3.400649999999999977e+02
-3.864712999999999852e+02
-3.389513000000000034e+02
-4.113450000000000273e+02
-4.113450000000000273e+02
-3.950099999999999909e+02
-4.299075000000000273e+02
-4.577513000000000147e+02
-4.985887000000000171e+02
-4.900500000000000114e+02
-4.922774999999999750e+02
-5.216063000000000329e+02
-5.123250000000000455e+02
-5.323724999999999454e+02
-5.657849999999999682e+02
-5.423962000000000216e+02
-5.921436999999999671e+02
-5.991974999999999909e+02
-5.546475000000000364e+02
-6.095924999999999727e+02
-5.925149999999999864e+02
-5.862037000000000262e+02
-6.285262000000000171e+02
-6.519149999999999636e+02
-6.363224999999999909e+02
-6.771599999999999682e+02
-6.559987999999999602e+02
-6.838424999999999727e+02
-7.298775000000000546e+02
-7.287636999999999716e+02
-7.399012000000000171e+02
-7.974450000000000500e+02
-7.714574999999999818e+02
-7.554937999999999647e+02
-7.803674999999999500e+02
-7.929900000000000091e+02
-7.714574999999999818e+02
-7.944750000000000227e+02
-8.304863000000000284e+02
-8.301150000000000091e+02
-8.252888000000000375e+02
-8.319713000000000420e+02
-8.657549999999999955e+02
-8.360549999999999500e+02
-8.601862999999999602e+02
-8.583300000000000409e+02
-8.765212000000000216e+02
-8.947124999999999773e+02
-8.865449999999999591e+02
-9.010236999999999625e+02
-9.195861999999999625e+02
-9.262686999999999671e+02
-9.277537999999999556e+02
-9.607949999999999591e+02
-9.463162999999999556e+02
-9.626512000000000171e+02
-9.819561999999999671e+02
-9.385199999999999818e+02
-1.025392000000000053e+03
-9.942074999999999818e+02
-1.008686000000000035e+03
-1.036529999999999973e+03
-1.048780999999999949e+03
-1.021308999999999969e+03
-1.057691000000000031e+03
-1.069200000000000045e+03
-1.029476000000000113e+03
-1.085163999999999987e+03
-1.111151000000000067e+03
-1.081823000000000093e+03
-1.111151000000000067e+03
-1.128229000000000042e+03
-1.123773999999999887e+03
-1.088875999999999976e+03
-1.126743999999999915e+03
-1.136395999999999958e+03
-1.140851000000000113e+03
-1.157557000000000016e+03
-1.154959000000000060e+03
-1.155701000000000022e+03
-1.207675999999999931e+03
-1.187258000000000038e+03
-1.197652000000000044e+03
-1.265220000000000027e+03
-1.199136999999999944e+03
-1.209903999999999996e+03
-1.271530999999999949e+03
-1.224010999999999967e+03
-1.229951000000000022e+03
-1.304943999999999960e+03
-1.278955999999999904e+03
-1.288980000000000018e+03
-1.321650000000000091e+03
-1.298633000000000038e+03
-1.312740000000000009e+03
-1.338355999999999995e+03
-1.338355999999999995e+03
-1.344296000000000049e+03
-1.389960000000000036e+03
-1.371769000000000005e+03
-1.368798999999999978e+03
-1.405181000000000040e+03
-1.434881000000000085e+03
-1.435624000000000024e+03
-1.450473999999999933e+03
-1.474605000000000018e+03
-1.427455999999999904e+03
-1.435994999999999891e+03
-1.486855999999999995e+03
-1.461611000000000104e+03
-1.461611000000000104e+03
-1.516556000000000040e+03
-1.501705999999999904e+03
-1.508017000000000053e+03
-1.523609999999999900e+03
-1.540688000000000102e+03
-1.526209000000000060e+03
-1.525465999999999894e+03
-1.531777000000000044e+03
-1.540316000000000031e+03
-1.568902000000000044e+03
-1.532519999999999982e+03
-1.572615000000000009e+03
-1.613452999999999975e+03
-1.583381000000000085e+03
-1.591176999999999907e+03
-1.595633000000000038e+03
-1.587464999999999918e+03
-1.633128999999999905e+03
-1.587836000000000013e+03
-1.593404999999999973e+03
-1.630529999999999973e+03
-1.629787000000000035e+03
-1.638698000000000093e+03
-1.648721000000000004e+03
-1.651691000000000031e+03
-1.638698000000000093e+03
-1.679905999999999949e+03
-1.665426999999999907e+03
-1.653919000000000096e+03
-1.698839999999999918e+03
-1.717402000000000044e+03
-1.679163999999999987e+03
-1.662086000000000013e+03
-1.689930000000000064e+03
-1.689930000000000064e+03
-1.693642000000000053e+03
-1.712948000000000093e+03
-1.718144999999999982e+03
-1.766778999999999996e+03
-1.760096000000000004e+03
-1.734851000000000113e+03
-1.745617999999999938e+03
-1.733738000000000056e+03
-1.771976000000000113e+03
-1.762694999999999936e+03
-1.762324000000000069e+03
-1.736336000000000013e+03
-1.725941000000000031e+03
-1.767520999999999958e+03
-1.731138999999999896e+03
-1.763438000000000102e+03
-1.788310999999999922e+03
-1.759354000000000042e+03
-1.799077999999999975e+03
-1.792766000000000076e+03
-1.786826000000000022e+03
-1.788682000000000016e+03
-1.805759999999999991e+03
-1.770119999999999891e+03
-1.768634999999999991e+03
-1.807988000000000056e+03
-1.812442999999999984e+03
-1.769006000000000085e+03
-1.790538999999999987e+03
-1.817269000000000005e+03
-1.782742999999999938e+03
-1.818753999999999905e+03
-1.806131000000000085e+03
-1.792394999999999982e+03
-1.836202999999999975e+03
-1.818753999999999905e+03
-1.792023999999999887e+03
-1.840286000000000058e+03
-1.839544000000000096e+03
-1.773461000000000013e+03
-1.822837999999999965e+03
-1.817269000000000005e+03
-1.799819999999999936e+03
-1.820980999999999995e+03
-1.808730000000000018e+03
-1.821353000000000065e+03
-1.829891000000000076e+03
-1.840286000000000058e+03
-1.851051999999999907e+03
-1.846226000000000113e+03
-1.886320999999999913e+03
-1.859220000000000027e+03
-1.876669000000000096e+03
-1.887434999999999945e+03
-1.883722999999999956e+03
-1.933098999999999933e+03
-1.934212999999999965e+03
-1.901541999999999916e+03
-1.931614000000000033e+03
-1.943493999999999915e+03
-1.916763999999999896e+03
-1.910080999999999904e+03
-1.908224999999999909e+03
-1.880381000000000085e+03
-1.885578999999999951e+03
-1.880752999999999929e+03
-1.870357999999999947e+03
-1.869243999999999915e+03
-1.916393000000000029e+03
-1.888176999999999907e+03
-1.902655999999999949e+03
-1.933098999999999933e+03
-1.919733999999999924e+03
-1.886692999999999984e+03
-1.855508000000000038e+03
-1.815412000000000035e+03
-1.792394999999999982e+03
-1.822837999999999965e+03
-1.823951000000000022e+03
-1.822095000000000027e+03
-1.848083000000000084e+03
-1.842884999999999991e+03
-1.832490000000000009e+03
-1.834718000000000075e+03
-1.843627999999999929e+03
-1.834718000000000075e+03
-1.840286000000000058e+03
-1.883722999999999956e+03
-1.848453999999999951e+03
-1.869615000000000009e+03
-1.867759000000000015e+03
-1.852165999999999940e+03
-1.875183999999999969e+03
-1.901171000000000049e+03
-1.865160000000000082e+03
-1.907482999999999947e+03
-1.893003999999999905e+03
-1.860704999999999927e+03
-1.895973999999999933e+03
-1.882608999999999924e+03
-1.873699000000000069e+03
-1.926415999999999940e+03
-1.901913999999999987e+03
-1.895973999999999933e+03
-1.929758000000000038e+03
-1.911938000000000102e+03
-1.917877999999999929e+03
-1.939780999999999949e+03
-1.920847999999999956e+03
-1.931614000000000033e+03
-1.952031999999999925e+03
-1.944236000000000104e+03
-1.927159000000000106e+03
-1.923445999999999913e+03
-1.916763999999999896e+03
-1.922703999999999951e+03
-1.936810999999999922e+03
-1.951661000000000058e+03
-1.919363000000000056e+03
-1.934212999999999965e+03
-1.970223999999999933e+03
-1.945349999999999909e+03
-1.950547000000000025e+03
-1.925673999999999978e+03
-1.905998000000000047e+03
-1.906740000000000009e+03
-1.925301999999999907e+03
-1.910080999999999904e+03
-1.932355999999999995e+03
-1.927529999999999973e+03
-1.925301999999999907e+03
-1.940523999999999887e+03
-1.953888999999999896e+03
-1.928271999999999935e+03
-1.972823000000000093e+03
-1.978762999999999920e+03
-1.936440000000000055e+03
-1.980990000000000009e+03
-1.986558999999999969e+03
-1.969480999999999995e+03
-1.972451000000000022e+03
-1.971709000000000060e+03
-1.930871000000000095e+03
-1.934584000000000060e+03
-1.972823000000000093e+03
-1.935326000000000022e+03
-1.938666999999999916e+03
-1.955374000000000024e+03
-1.956858999999999924e+03
-1.982474999999999909e+03
-1.979875999999999976e+03
-1.986930000000000064e+03
-1.998439000000000078e+03
-2.005864000000000033e+03
-1.985816000000000031e+03
-1.987300999999999931e+03
-2.012916999999999916e+03
-2.008834000000000060e+03
-1.992127999999999929e+03
-2.022199000000000069e+03
-2.015144999999999982e+03
-1.997695999999999913e+03
-2.058210000000000036e+03
-2.044103000000000065e+03
-2.015144999999999982e+03
-2.065635000000000218e+03
-2.049670999999999822e+03
-2.031108999999999924e+03
-2.040390000000000100e+03
-2.036676999999999907e+03
-2.050784999999999854e+03
-2.052269999999999982e+03
-2.044103000000000065e+03
-2.038904999999999973e+03
-2.067490999999999985e+03
-2.026653999999999996e+03
-2.037420000000000073e+03
-2.056724999999999909e+03
-2.067119999999999891e+03
-2.066748999999999796e+03
-2.077514999999999873e+03
-2.090509000000000015e+03
-2.074545000000000073e+03
-2.104987999999999829e+03
-2.115382999999999811e+03
-2.082711999999999989e+03
-2.108699999999999818e+03
-2.109813999999999851e+03
-2.103501999999999953e+03
-2.090880000000000109e+03
-2.080114000000000033e+03
-2.070833000000000084e+03
-2.077885999999999967e+03
-2.095706000000000131e+03
-2.074545000000000073e+03
-2.111298999999999978e+03
-2.095335000000000036e+03
-2.091623000000000047e+03
-2.122807999999999993e+03
-2.136914999999999964e+03
-2.101646000000000186e+03
-2.139143000000000029e+03
-2.157704999999999927e+03
-2.138400000000000091e+03
-2.160675000000000182e+03
-2.121322999999999865e+03
-2.121322999999999865e+03
-2.144340000000000146e+03
-2.152507999999999811e+03
-2.134315999999999804e+03
-2.099789999999999964e+03
-2.107215000000000146e+03
-2.117610000000000127e+03
-2.080114000000000033e+03
-2.092735999999999876e+03
-2.098304999999999836e+03
-2.109443000000000211e+03
-2.113896999999999935e+03
-2.103130999999999858e+03
-2.073431000000000040e+03
-2.076771999999999935e+03
-2.068605000000000018e+03
-2.054126000000000204e+03
-2.067490999999999985e+03
-1.996211000000000013e+03
-2.014773999999999887e+03
-2.044845000000000027e+03
-2.021455999999999904e+03
-2.015887999999999920e+03
-2.071945999999999913e+03
-2.042246000000000095e+03
-2.038904999999999973e+03
-2.047443999999999960e+03
-2.042989000000000033e+03
-2.045215999999999894e+03
-2.060809000000000196e+03
-2.081228000000000065e+03
-2.073431000000000040e+03
-2.103130999999999858e+03
-2.097934000000000196e+03
-2.087539000000000215e+03
-2.097563000000000102e+03
-2.102018000000000029e+03
-2.104244999999999891e+03
-2.119465999999999894e+03
-2.113155000000000200e+03
-2.115382999999999811e+03
-2.129860999999999876e+03
-2.131717999999999847e+03
-2.116867000000000189e+03
-2.129860999999999876e+03
-2.164387000000000171e+03
-2.130974999999999909e+03
-2.156590999999999894e+03
-2.146195999999999913e+03
-2.143969000000000051e+03
-2.167356999999999971e+03
-2.169585000000000036e+03
-2.142483999999999924e+03
-2.168842999999999847e+03
-2.152507999999999811e+03
-2.153250000000000000e+03
-2.137286000000000058e+03
-2.136914999999999964e+03
