-2.217476000000000113e+03
-2.244577999999999975e+03
-2.215619999999999891e+03
-2.239751000000000204e+03
-2.259798999999999978e+03
-2.293210999999999785e+03
-2.297295000000000073e+03
-2.313259000000000015e+03
-2.311030999999999949e+03
-2.283929999999999836e+03
-2.305090999999999894e+03
-2.337018999999999778e+03
-2.310289000000000215e+03
-2.334791000000000167e+03
-2.342215999999999894e+03
-2.316599999999999909e+03
-2.354467999999999847e+03
-2.393077999999999975e+03
-2.324768000000000029e+03
-2.384539000000000215e+03
-2.382311000000000149e+03
-2.344072999999999865e+03
-2.393077999999999975e+03
-2.388251000000000204e+03
-2.387880000000000109e+03
-2.406070999999999913e+03
-2.424634000000000015e+03
-2.397161000000000058e+03
-2.407556000000000040e+03
-2.447280000000000200e+03
-2.453961999999999989e+03
-2.446166000000000167e+03
-2.470297999999999774e+03
-2.445423999999999978e+03
-2.459159999999999854e+03
-2.486632999999999811e+03
-2.465471000000000004e+03
-2.517445999999999913e+03
-2.515960999999999785e+03
-2.468070000000000164e+03
-2.512619999999999891e+03
-2.512990999999999985e+03
-2.512619999999999891e+03
-2.524128999999999905e+03
-2.540092999999999847e+03
-2.531925000000000182e+03
-2.543804999999999836e+03
-2.529326000000000022e+03
-2.549744999999999891e+03
-2.560882999999999811e+03
-2.603576000000000022e+03
-2.586498999999999796e+03
-2.600606000000000222e+03
-2.569791999999999916e+03
-2.573876000000000204e+03
-2.587612999999999829e+03
-2.589469000000000051e+03
-2.577217999999999847e+03
-2.598378999999999905e+03
-2.611373000000000047e+03
-2.605804000000000087e+03
-2.631048999999999978e+03
-2.643670999999999822e+03
-2.665204000000000178e+03
-2.664090000000000146e+03
-2.680425000000000182e+03
-2.677454999999999927e+03
-2.661490999999999985e+03
-2.683394999999999982e+03
-2.706413000000000011e+03
-2.677826000000000022e+03
-2.710125000000000000e+03
-2.700101000000000113e+03
-2.703443000000000211e+03
-2.754675000000000182e+03
-2.703813999999999851e+03
-2.720519999999999982e+03
-2.753561000000000149e+03
-2.739083000000000084e+03
-2.717550000000000182e+03
-2.786603000000000065e+03
-2.721634000000000015e+03
-2.724603999999999814e+03
-2.780663000000000011e+03
-2.766184000000000196e+03
-2.761356999999999971e+03
-2.808135000000000218e+03
-2.776579000000000178e+03
-2.766554999999999836e+03
-2.831894999999999982e+03
-2.824469999999999800e+03
-2.825213000000000193e+03
-2.803679999999999836e+03
-2.815188999999999851e+03
-2.804422999999999774e+03
-2.831152999999999793e+03
-2.825213000000000193e+03
-2.794027999999999793e+03
-2.837092999999999847e+03
-2.849344000000000051e+03
-2.831152999999999793e+03
-2.866420999999999822e+03
-2.829295999999999822e+03
-2.848601000000000113e+03
-2.893521999999999935e+03
-2.887210999999999785e+03
-2.841918999999999869e+03
-2.873103999999999814e+03
-2.867905999999999949e+03
-2.834123000000000047e+03
-2.875702999999999975e+03
-2.871989999999999782e+03
-2.876074000000000069e+03
-2.859367000000000189e+03
-2.880528999999999996e+03
-2.881643000000000029e+03
-2.878672999999999774e+03
-2.885726000000000113e+03
-2.880528999999999996e+03
-2.870134000000000015e+03
-2.905030999999999949e+03
-2.905773999999999887e+03
-2.848601000000000113e+03
-2.918768000000000029e+03
-2.892038000000000011e+03
-2.926563999999999851e+03
-2.907259000000000015e+03
-2.912827999999999975e+03
-2.913199000000000069e+03
-2.938815000000000055e+03
-2.932503999999999905e+03
-2.930275999999999840e+03
-2.970742000000000189e+03
-2.971485000000000127e+03
-2.953293999999999869e+03
-3.011951000000000022e+03
-2.933246000000000095e+03
-2.990789999999999964e+03
-2.988934000000000196e+03
-2.980766000000000076e+03
-2.986706000000000131e+03
-3.037195999999999913e+03
-3.007496000000000095e+03
-3.008239000000000033e+03
-3.040166000000000167e+03
-3.024202999999999975e+03
-3.009724000000000160e+03
-3.052045999999999822e+03
-3.053902999999999793e+03
-3.011579999999999927e+03
-3.076920000000000073e+03
-3.076548999999999978e+03
-3.066896000000000186e+03
-3.086201000000000022e+03
-3.080632999999999811e+03
-3.098824000000000069e+03
-3.075063999999999851e+03
-3.082489000000000033e+03
-3.045364000000000033e+03
-3.088429000000000087e+03
-3.084715999999999894e+03
-3.090284999999999854e+03
-3.114788000000000011e+03
-3.098824000000000069e+03
-3.111074999999999818e+03
-3.135206000000000131e+03
-3.124811000000000149e+03
-3.173445000000000164e+03
-3.161936000000000149e+03
-3.178271000000000186e+03
-3.138918999999999869e+03
-3.102164999999999964e+03
-2.961833000000000084e+03
-2.967400999999999840e+03
-2.967771999999999935e+03
-3.005639999999999873e+03
-2.932132999999999811e+03
-3.005639999999999873e+03
-2.968885999999999967e+03
-2.987820000000000164e+03
-2.991161000000000058e+03
-2.981137000000000171e+03
-2.972969999999999800e+03
-3.037568000000000211e+03
-3.035340000000000146e+03
-3.003041000000000167e+03
-3.031255999999999858e+03
-3.029771000000000186e+03
-2.953664999999999964e+03
-2.932875000000000000e+03
-2.977425000000000182e+03
-2.951809000000000196e+03
-2.949952999999999975e+03
-2.934731000000000222e+03
-2.964431000000000040e+03
-2.966288000000000011e+03
-2.965173999999999978e+03
-2.935103000000000065e+03
-2.952922999999999774e+03
-2.984478999999999814e+03
-2.927677000000000135e+03
-3.006382999999999811e+03
-2.993760000000000218e+03
-2.951809000000000196e+03
-2.994873999999999796e+03
-3.001556000000000040e+03
-2.990047999999999774e+03
-2.993760000000000218e+03
-2.986706000000000131e+03
-2.955893000000000029e+03
-3.003784000000000106e+03
-3.003041000000000167e+03
-3.020489999999999782e+03
-3.004155000000000200e+03
-3.039795000000000073e+03
-2.993760000000000218e+03
-3.014920999999999822e+03
-3.031626999999999953e+03
-3.022346000000000004e+03
-3.036824999999999818e+03
-3.068380999999999858e+03
-3.039795000000000073e+03
-3.042021999999999935e+03
-3.076548999999999978e+03
-3.065411000000000058e+03
-3.082489000000000033e+03
-3.113302000000000135e+03
-3.072835999999999785e+03
-3.063554999999999836e+03
-3.109590000000000146e+03
-3.090284999999999854e+03
-3.076177000000000135e+03
-3.121840999999999894e+03
-3.107733999999999924e+03
-3.075806000000000040e+03
-3.135577999999999975e+03
-3.122583999999999833e+03
-3.109590000000000146e+03
-3.121099000000000160e+03
-3.155253999999999905e+03
-3.117014999999999873e+03
-3.150798999999999978e+03
-3.160451000000000022e+03
-3.157110000000000127e+03
-3.168248000000000047e+03
-3.135949000000000069e+03
-3.164534999999999854e+03
-3.193864000000000033e+03
-3.172702999999999975e+03
-3.160079999999999927e+03
-3.187923999999999978e+03
-3.207599999999999909e+03
-3.195719999999999800e+03
-3.233215999999999894e+03
-3.214653999999999996e+03
-3.213168999999999869e+03
-3.219108999999999924e+03
-3.207971000000000004e+03
-3.220222000000000207e+03
-3.232844999999999800e+03
-3.259945999999999913e+03
-3.248438000000000102e+03
-3.238414000000000215e+03
-3.249179999999999836e+03
-3.231731000000000222e+03
-3.231360000000000127e+03
-3.253264000000000124e+03
-3.223934999999999945e+03
-3.223563999999999851e+03
-3.242498000000000047e+03
-3.203887000000000171e+03
-3.217251999999999953e+03
-3.239155999999999949e+03
-3.238414000000000215e+03
-3.238041999999999916e+03
-3.226534000000000106e+03
-3.234329999999999927e+03
-3.244353999999999814e+03
-3.256976000000000113e+03
-3.252893000000000029e+03
-3.258833000000000084e+03
-3.288161000000000058e+03
-3.265885999999999967e+03
-3.281106999999999971e+03
-3.289646000000000186e+03
-3.273682999999999993e+03
-3.291873999999999796e+03
-3.284449000000000069e+03
-3.268114000000000033e+03
-3.299670000000000073e+03
-3.304867000000000189e+03
-3.265143999999999778e+03
-3.310065000000000055e+03
-3.286675999999999931e+03
-3.246952999999999975e+03
-3.290389000000000124e+03
-3.288532000000000153e+03
-3.269228000000000065e+03
-3.278509000000000015e+03
-3.328626999999999953e+03
-3.330483999999999924e+03
-3.296699999999999818e+03
-3.320460000000000036e+03
-3.308579999999999927e+03
-3.328255999999999858e+03
-3.326771000000000186e+03
-3.337909000000000106e+03
-3.305610000000000127e+03
-3.356471000000000004e+03
-3.318974999999999909e+03
-3.305981000000000222e+03
-3.321945000000000164e+03
-3.315262000000000171e+03
-3.287789999999999964e+03
-3.336795000000000073e+03
-3.321945000000000164e+03
-3.335309999999999945e+03
-3.341250000000000000e+03
-3.327143000000000029e+03
-3.317119000000000142e+03
-3.317860999999999876e+03
-3.308579999999999927e+03
-3.347561000000000149e+03
-3.367980000000000018e+03
-3.351273999999999887e+03
-3.361668999999999869e+03
-3.382829999999999927e+03
-3.370208000000000084e+03
-3.368722000000000207e+03
-3.398793999999999869e+03
-3.400278999999999996e+03
-3.413271999999999935e+03
-3.395452999999999975e+03
-3.403248999999999796e+03
-3.393596000000000004e+03
-3.432206000000000131e+03
-3.393596000000000004e+03
-3.398050999999999931e+03
-3.430349999999999909e+03
-3.412159000000000106e+03
-3.397679999999999836e+03
-3.429606999999999971e+03
-3.461164000000000215e+03
-3.406590000000000146e+03
-3.440373999999999796e+03
-3.444085999999999785e+03
-3.385057999999999993e+03
-3.381715999999999894e+03
-3.389512000000000171e+03
-3.379117000000000189e+03
-3.348304000000000087e+03
-3.359440999999999804e+03
-3.377632999999999811e+03
-3.339393999999999778e+03
-3.326400000000000091e+03
-3.296699999999999818e+03
-3.321945000000000164e+03
-3.299298999999999978e+03
-3.331969000000000051e+03
-3.290018000000000029e+03
-3.345704999999999927e+03
-3.308951000000000022e+03
-3.285934000000000196e+03
-3.334938999999999851e+03
-3.285563000000000102e+03
-3.313034999999999854e+03
-3.320460000000000036e+03
-3.283335000000000036e+03
-3.284449000000000069e+03
-3.331597000000000207e+03
-3.293358999999999924e+03
-3.297813999999999851e+03
-3.331969000000000051e+03
-3.308951000000000022e+03
-3.298556000000000040e+03
-3.335309999999999945e+03
-3.328998999999999796e+03
-3.327143000000000029e+03
-3.360554999999999836e+03
-3.317119000000000142e+03
-3.332710999999999785e+03
-3.370949999999999818e+03
-3.346818999999999960e+03
-3.381715999999999894e+03
-3.360184000000000196e+03
-3.339021999999999935e+03
-3.311550000000000182e+03
-3.363153999999999996e+03
-3.305981000000000222e+03
-3.351644999999999982e+03
-3.351273999999999887e+03
-3.311179000000000087e+03
-3.333454000000000178e+03
-3.324914999999999964e+03
-3.316005000000000109e+03
-3.337166000000000167e+03
-3.342735000000000127e+03
-3.330483999999999924e+03
-3.318974999999999909e+03
-3.360184000000000196e+03
-3.336423999999999978e+03
-3.350902999999999793e+03
-3.327514000000000124e+03
-3.354985999999999876e+03
-3.348675000000000182e+03
-3.376518999999999778e+03
-3.340135999999999967e+03
-3.371320999999999913e+03
-3.373177000000000135e+03
-3.367980000000000018e+03
-3.349045999999999822e+03
-3.360554999999999836e+03
