-6.207300000000000182e+02
-6.144188000000000329e+02
-6.389212999999999738e+02
-6.170175000000000409e+02
-6.897825000000000273e+02
-6.619388000000000147e+02
-6.129338000000000193e+02
-6.916386999999999716e+02
-7.161412000000000262e+02
-6.901536999999999580e+02
-7.302487999999999602e+02
-7.465837000000000216e+02
-7.198537999999999784e+02
-7.759125000000000227e+02
-7.543799999999999955e+02
-7.402725000000000364e+02
-8.486775000000000091e+02
-8.290013000000000147e+02
-8.037563000000000102e+02
-8.338274999999999864e+02
-8.676113000000000284e+02
-8.460787000000000262e+02
-8.297437999999999647e+02
-8.924850000000000136e+02
-8.731799999999999500e+02
-8.542463000000000193e+02
-9.418613000000000284e+02
-9.047363000000000284e+02
-9.251549999999999727e+02
-9.685911999999999580e+02
-9.867825000000000273e+02
-9.281250000000000000e+02
-9.856688000000000329e+02
-9.852975000000000136e+02
-1.010913999999999987e+03
-1.016110999999999990e+03
-1.035045000000000073e+03
-1.050266000000000076e+03
-1.079965999999999894e+03
-1.072540999999999940e+03
-1.042470000000000027e+03
-1.135653999999999996e+03
-1.087019999999999982e+03
-1.147534000000000106e+03
-1.167580999999999904e+03
-1.133055000000000064e+03
-1.122660000000000082e+03
-1.223640000000000100e+03
-1.162384000000000015e+03
-1.197280999999999949e+03
-1.215101000000000113e+03
-1.226980999999999995e+03
-1.222896999999999935e+03
-1.223269000000000005e+03
-1.247028999999999996e+03
-1.276357999999999947e+03
-1.264848999999999933e+03
-1.277471000000000004e+03
-1.313854000000000042e+03
-1.309027000000000044e+03
-1.338728000000000065e+03
-1.289351000000000113e+03
-1.342440000000000055e+03
-1.375480999999999995e+03
-1.343554000000000087e+03
-1.383277000000000044e+03
-1.369912000000000035e+03
-1.362488000000000056e+03
-1.382163999999999987e+03
-1.361374000000000024e+03
-1.364714999999999918e+03
-1.420402000000000044e+03
-1.388474999999999909e+03
-1.422259000000000015e+03
-1.428199000000000069e+03
-1.412605999999999995e+03
-1.446760999999999967e+03
-1.491682000000000016e+03
-1.447503999999999905e+03
-1.474976000000000113e+03
-1.519526000000000067e+03
-1.541058999999999969e+03
-1.502077999999999975e+03
-1.541800999999999931e+03
-1.538460000000000036e+03
-1.523609999999999900e+03
-1.573357999999999947e+03
-1.579297000000000025e+03
-1.572243999999999915e+03
-1.575955999999999904e+03
-1.530663999999999987e+03
-1.520269000000000005e+03
-1.499479000000000042e+03
-1.474233999999999924e+03
-1.493910000000000082e+03
-1.523980999999999995e+03
-1.496880000000000109e+03
-1.477203999999999951e+03
-1.534375999999999976e+03
-1.521010999999999967e+03
-1.488340999999999894e+03
-1.530663999999999987e+03
-1.590806000000000040e+03
-1.509131000000000085e+03
-1.532519999999999982e+03
-1.593776000000000067e+03
-1.547369999999999891e+03
-1.596375000000000000e+03
-1.618278999999999996e+03
-1.587836000000000013e+03
-1.640554000000000087e+03
-1.632758000000000038e+03
-1.613452999999999975e+03
-1.624961000000000013e+03
-1.642410000000000082e+03
-1.603799999999999955e+03
-1.658374000000000024e+03
-1.644266000000000076e+03
-1.659858999999999924e+03
-1.681762999999999920e+03
-1.661344000000000051e+03
-1.632015000000000100e+03
-1.646865000000000009e+03
-1.679905999999999949e+03
-1.673965999999999894e+03
-1.675823000000000093e+03
-1.712204999999999927e+03
-1.673595000000000027e+03
-1.689188000000000102e+03
-1.734108999999999924e+03
-1.725199000000000069e+03
-1.699211000000000013e+03
-1.728539999999999964e+03
-1.732252999999999929e+03
-1.698469000000000051e+03
-1.763066000000000031e+03
-1.759354000000000042e+03
-1.751557000000000016e+03
-1.790910000000000082e+03
-1.749701000000000022e+03
-1.741904999999999973e+03
-1.768263999999999896e+03
-1.741534000000000106e+03
-1.743019000000000005e+03
-1.762694999999999936e+03
-1.771233999999999924e+03
-1.762324000000000069e+03
-1.738192999999999984e+03
-1.753413999999999987e+03
-1.748215999999999894e+03
-1.752299999999999955e+03
-1.773833000000000084e+03
-1.779401000000000067e+03
-1.777545000000000073e+03
-1.789054000000000087e+03
-1.786454999999999927e+03
-1.780885999999999967e+03
-1.795736000000000104e+03
-1.783114000000000033e+03
-1.704779999999999973e+03
-1.739306000000000040e+03
-1.741162000000000035e+03
-1.737450000000000045e+03
-1.756384000000000015e+03
-1.714432000000000016e+03
-1.773461000000000013e+03
-1.750815000000000055e+03
-1.754898999999999887e+03
-1.757498000000000047e+03
-1.774575000000000045e+03
-1.788682000000000016e+03
-1.778287000000000035e+03
-1.793137999999999920e+03
-1.802047000000000025e+03
-1.781258000000000038e+03
-1.824693999999999960e+03
-1.768634999999999991e+03
-1.776431000000000040e+03
-1.789054000000000087e+03
-1.793509000000000015e+03
-1.795736000000000104e+03
-1.774575000000000045e+03
-1.773833000000000084e+03
-1.787940000000000055e+03
-1.816526000000000067e+03
-1.801305000000000064e+03
-1.812442999999999984e+03
-1.787940000000000055e+03
-1.764180000000000064e+03
-1.793137999999999920e+03
-1.803903999999999996e+03
-1.779771999999999935e+03
-1.816526000000000067e+03
-1.825807000000000016e+03
-1.802419000000000096e+03
-1.844369999999999891e+03
-1.819496000000000095e+03
-1.825065000000000055e+03
-1.859962999999999965e+03
-1.865160000000000082e+03
-1.835460000000000036e+03
-1.886320999999999913e+03
-1.925673999999999978e+03
-1.863304000000000087e+03
-1.893375000000000000e+03
-1.935326000000000022e+03
-1.947577999999999975e+03
-1.934212999999999965e+03
-1.955002999999999929e+03
-1.964654999999999973e+03
-1.952031999999999925e+03
-1.964284000000000106e+03
-1.979134000000000015e+03
-1.962426999999999907e+03
-1.986930000000000064e+03
-2.000665999999999940e+03
-1.998067999999999984e+03
-2.027025000000000091e+03
-2.013660000000000082e+03
-2.013660000000000082e+03
-2.064893000000000029e+03
-2.045959000000000060e+03
-2.041875000000000000e+03
-2.074545000000000073e+03
-2.067119999999999891e+03
-2.080114000000000033e+03
-2.115382999999999811e+03
-2.100903999999999996e+03
-2.090509000000000015e+03
-2.097190999999999804e+03
-2.044473999999999933e+03
-2.045215999999999894e+03
-2.070833000000000084e+03
-2.041133000000000038e+03
-2.017373000000000047e+03
-2.034820999999999913e+03
-2.004008000000000038e+03
-1.926415999999999940e+03
-1.946835000000000036e+03
-1.946835000000000036e+03
-1.939410000000000082e+03
-1.966140000000000100e+03
-1.947949000000000069e+03
-1.891890000000000100e+03
-1.901171000000000049e+03
-1.939410000000000082e+03
-1.934584000000000060e+03
-1.915650000000000091e+03
-1.936068999999999960e+03
-1.921589999999999918e+03
-1.915278999999999996e+03
-1.913794000000000096e+03
-1.910824000000000069e+03
-1.945721000000000004e+03
-1.937924999999999955e+03
-1.936068999999999960e+03
-1.976905999999999949e+03
-1.951289999999999964e+03
-1.962056000000000040e+03
-2.003265000000000100e+03
-1.926045000000000073e+03
-1.918990999999999985e+03
-1.957601000000000113e+03
-1.956858999999999924e+03
-1.967253999999999905e+03
-1.956488000000000056e+03
-1.948319999999999936e+03
-1.940523999999999887e+03
-1.948691000000000031e+03
-1.915278999999999996e+03
-1.900429000000000087e+03
-1.913794000000000096e+03
-1.945721000000000004e+03
-1.931984999999999900e+03
-1.908596000000000004e+03
-1.947949000000000069e+03
-1.934212999999999965e+03
-1.934584000000000060e+03
-1.952031999999999925e+03
-1.931242999999999938e+03
-1.939410000000000082e+03
-1.955374000000000024e+03
-1.940523999999999887e+03
-1.927159000000000106e+03
-1.845855000000000018e+03
-1.871471000000000004e+03
-1.900799999999999955e+03
-1.883351000000000113e+03
-1.861448000000000093e+03
-1.928271999999999935e+03
-1.868130000000000109e+03
-1.849939000000000078e+03
-1.904884000000000015e+03
-1.914536000000000058e+03
-1.881865999999999985e+03
-1.862190000000000055e+03
-1.880752999999999929e+03
-1.869615000000000009e+03
-1.864416999999999916e+03
-1.910452999999999975e+03
-1.918619999999999891e+03
-1.886320999999999913e+03
-1.929385999999999967e+03
-1.881494999999999891e+03
-1.860704999999999927e+03
-1.906740000000000009e+03
-1.893003999999999905e+03
-1.843999000000000024e+03
-1.850309999999999945e+03
-1.842513999999999896e+03
-1.846969000000000051e+03
-1.820980999999999995e+03
-1.861448000000000093e+03
-1.852537000000000035e+03
-1.867759000000000015e+03
-1.874441000000000031e+03
-1.847339999999999918e+03
-1.858105999999999995e+03
-1.835830999999999904e+03
-1.836944999999999936e+03
-1.849195999999999913e+03
-1.863304000000000087e+03
-1.843256000000000085e+03
-1.881865999999999985e+03
-1.847339999999999918e+03
-1.847339999999999918e+03
-1.849939000000000078e+03
-1.848083000000000084e+03
-1.841400000000000091e+03
-1.877781999999999925e+03
-1.865902000000000044e+03
-1.852909000000000106e+03
-1.901171000000000049e+03
-1.890404999999999973e+03
-1.876669000000000096e+03
-1.888920000000000073e+03
-1.879268000000000029e+03
-1.837316000000000031e+03
-1.851795000000000073e+03
-1.877411000000000058e+03
-1.862190000000000055e+03
-1.873699000000000069e+03
-1.901171000000000049e+03
-1.849567999999999984e+03
-1.838058999999999969e+03
-1.848453999999999951e+03
-1.868130000000000109e+03
-1.838800999999999931e+03
-1.864788999999999987e+03
-1.868130000000000109e+03
-1.862190000000000055e+03
-1.882608999999999924e+03
-1.897087999999999965e+03
-1.887806000000000040e+03
-1.881124000000000024e+03
-1.882980000000000018e+03
-1.885950000000000045e+03
-1.850309999999999945e+03
-1.845855000000000018e+03
-1.860704999999999927e+03
-1.842513999999999896e+03
-1.855508000000000038e+03
-1.850309999999999945e+03
-1.883722999999999956e+03
-1.852909000000000106e+03
-1.874813000000000102e+03
-1.891519000000000005e+03
-1.857734999999999900e+03
-1.883722999999999956e+03
-1.870729000000000042e+03
-1.860334000000000060e+03
-1.881494999999999891e+03
-1.870357999999999947e+03
-1.877411000000000058e+03
-1.887806000000000040e+03
-1.888548999999999978e+03
-1.911566000000000031e+03
-1.920476000000000113e+03
-1.901171000000000049e+03
-1.899685999999999922e+03
-1.927159000000000106e+03
-1.902655999999999949e+03
-1.888548999999999978e+03
-1.901171000000000049e+03
-1.898573000000000093e+03
-1.913794000000000096e+03
-1.911566000000000031e+03
-1.900429000000000087e+03
-1.882238000000000056e+03
-1.894489000000000033e+03
-1.899685999999999922e+03
-1.848825000000000045e+03
-1.870357999999999947e+03
-1.913050999999999931e+03
-1.855878999999999905e+03
-1.855508000000000038e+03
-1.895603000000000065e+03
-1.874813000000000102e+03
-1.875183999999999969e+03
-1.895230999999999995e+03
-1.900057000000000016e+03
-1.869615000000000009e+03
-1.884094000000000051e+03
-1.889290999999999940e+03
-1.890776000000000067e+03
-1.902655999999999949e+03
-1.889290999999999940e+03
-1.872585000000000036e+03
-1.919363000000000056e+03
-1.889662000000000035e+03
-1.899315000000000055e+03
-1.907854000000000042e+03
