-3.449655000000000200e+03
-3.448913000000000011e+03
-3.463762000000000171e+03
-3.501259000000000015e+03
-3.485295000000000073e+03
-3.458565000000000055e+03
-3.483068000000000211e+03
-3.486409000000000106e+03
-3.465619000000000142e+03
-3.537641000000000076e+03
-3.511653999999999996e+03
-3.497545999999999822e+03
-3.524646999999999935e+03
-3.535041999999999916e+03
-3.545438000000000102e+03
-3.539126000000000204e+03
-3.546550999999999931e+03
-3.546922999999999774e+03
-3.526875000000000000e+03
-3.564000000000000000e+03
-3.512768000000000029e+03
-3.587389000000000124e+03
-3.555090000000000146e+03
-3.557318000000000211e+03
-3.580335000000000036e+03
-3.578478999999999814e+03
-3.607065000000000055e+03
-3.593699999999999818e+03
-3.600382999999999811e+03
-3.561771999999999935e+03
-3.581449000000000069e+03
-3.622657000000000153e+03
-3.538755000000000109e+03
-3.585161000000000058e+03
-3.613748000000000047e+03
-3.594813999999999851e+03
-3.566599000000000160e+03
-3.606322999999999865e+03
-3.588501999999999953e+03
-3.616717999999999847e+03
-3.642333999999999833e+03
-3.614489999999999782e+03
-3.608550000000000182e+03
-3.625626999999999953e+03
-3.620059000000000196e+03
-3.653842999999999847e+03
-3.685769999999999982e+03
-3.608179000000000087e+03
-3.684284999999999854e+03
-3.673146999999999935e+03
-3.650501000000000204e+03
-3.679088000000000193e+03
-3.683541999999999916e+03
-3.678715999999999894e+03
-3.670548999999999978e+03
-3.708045000000000073e+03
-3.662010000000000218e+03
-3.713614000000000033e+03
-3.700248999999999796e+03
-3.723266000000000076e+03
-3.708045000000000073e+03
-3.735889000000000124e+03
-3.739972999999999956e+03
-3.684284999999999854e+03
-3.696164999999999964e+03
-3.725494000000000142e+03
-3.691338999999999942e+03
-3.711014999999999873e+03
-3.737373999999999796e+03
-3.694679999999999836e+03
-3.709900999999999840e+03
-3.745913000000000011e+03
-3.705074999999999818e+03
-3.716583999999999833e+03
-3.754451000000000022e+03
-3.746655000000000200e+03
-3.760762000000000171e+03
-3.758534999999999854e+03
-3.732918999999999869e+03
-3.734032000000000153e+03
-3.765217999999999847e+03
-3.729577999999999975e+03
-3.731434000000000196e+03
-3.739972999999999956e+03
-3.754822999999999865e+03
-3.736630999999999858e+03
-3.731434000000000196e+03
-3.717697999999999865e+03
-3.776355000000000018e+03
-3.763360999999999876e+03
-3.733661000000000058e+03
-3.790463000000000193e+03
-3.760762000000000171e+03
-3.788235000000000127e+03
-3.745913000000000011e+03
-3.784150999999999840e+03
-3.757050000000000182e+03
-3.765960000000000036e+03
-3.767074000000000069e+03
-3.748139999999999873e+03
-3.746284000000000106e+03
-3.754451000000000022e+03
-3.795659999999999854e+03
-3.793432999999999993e+03
-3.781552000000000135e+03
-3.779324999999999818e+03
-3.794175000000000182e+03
-3.781181000000000040e+03
-3.795659999999999854e+03
-3.820534000000000106e+03
-3.766702999999999975e+03
-3.804940999999999804e+03
-3.809396000000000186e+03
-3.809768000000000029e+03
-3.800856999999999971e+03
-3.826103000000000065e+03
-3.822389999999999873e+03
-3.764103999999999814e+03
-3.825731000000000222e+03
-3.799001000000000204e+03
-3.811994999999999891e+03
-3.810880999999999858e+03
-3.853574999999999818e+03
-3.793061000000000149e+03
-3.796402999999999793e+03
-3.811251999999999953e+03
-3.833155999999999949e+03
-3.808282000000000153e+03
-3.813108999999999924e+03
-3.824246000000000095e+03
-3.828329999999999927e+03
-3.831670999999999822e+03
-3.829815000000000055e+03
-3.840210000000000036e+03
-3.847635000000000218e+03
-3.868054000000000087e+03
-3.830557999999999993e+03
-3.851719000000000051e+03
-3.840952999999999975e+03
-3.855802000000000135e+03
-3.851719000000000051e+03
-3.844293999999999869e+03
-3.861000000000000000e+03
-3.856545000000000073e+03
-3.860628999999999905e+03
-3.862856000000000222e+03
-3.848005999999999858e+03
-3.881418999999999869e+03
-3.857659000000000106e+03
-3.866940000000000055e+03
-3.876963999999999942e+03
-3.859514999999999873e+03
-3.882161000000000058e+03
-3.896639999999999873e+03
-3.876221000000000004e+03
-3.877335000000000036e+03
-3.923740999999999985e+03
-3.874364999999999782e+03
-3.902208999999999833e+03
-3.928938999999999851e+03
-3.855431000000000040e+03
-3.917429999999999836e+03
-3.904436000000000149e+03
-3.902579999999999927e+03
-3.893670000000000073e+03
-3.912603999999999814e+03
-3.897753999999999905e+03
-3.911489999999999782e+03
-3.930423999999999978e+03
-3.906291999999999916e+03
-3.910005000000000109e+03
-3.904436000000000149e+03
-3.905920999999999822e+03
-3.890699999999999818e+03
-3.904065000000000055e+03
-3.884389000000000124e+03
-3.902951000000000022e+03
-3.931538000000000011e+03
-3.910005000000000109e+03
-3.928938999999999851e+03
-3.940076000000000022e+03
-3.950842999999999847e+03
-3.920028999999999996e+03
-3.974231000000000222e+03
-3.958639000000000124e+03
-3.883646000000000186e+03
-3.913346000000000004e+03
-3.930423999999999978e+03
-3.871766000000000076e+03
-3.876592999999999847e+03
-3.882903999999999996e+03
-3.867311000000000149e+03
-3.877706000000000131e+03
-3.867682999999999993e+03
-3.878077999999999975e+03
-3.873623000000000047e+03
-3.895525999999999840e+03
-3.865454999999999927e+03
-3.892927000000000135e+03
-3.859514999999999873e+03
-3.854688999999999851e+03
-3.901465999999999894e+03
-3.879563000000000102e+03
-3.875478999999999814e+03
-3.881789999999999964e+03
-3.898125000000000000e+03
-3.877706000000000131e+03
-3.897010999999999967e+03
-3.911489999999999782e+03
-3.875106999999999971e+03
-3.896639999999999873e+03
-3.891813999999999851e+03
-3.876592999999999847e+03
-3.844664999999999964e+03
-3.878449000000000069e+03
-3.841695000000000164e+03
-3.858771999999999935e+03
-3.894784000000000106e+03
-3.914088999999999942e+03
-3.895896999999999935e+03
-3.878077999999999975e+03
-3.906664000000000215e+03
-3.863969999999999800e+03
-3.918914999999999964e+03
-3.878077999999999975e+03
-3.871023999999999887e+03
-3.861000000000000000e+03
-3.884389000000000124e+03
-3.872509000000000015e+03
-3.898867000000000189e+03
-3.880304999999999836e+03
-3.878449000000000069e+03
-3.927454000000000178e+03
-3.903322999999999865e+03
-3.880675999999999931e+03
-3.930052000000000135e+03
-3.916688000000000102e+03
-3.943416999999999916e+03
-3.940447999999999865e+03
-3.905179000000000087e+03
-3.867682999999999993e+03
-3.902579999999999927e+03
-3.894041000000000167e+03
-3.891443000000000211e+03
-3.924483999999999924e+03
-3.886987999999999829e+03
-3.937478000000000065e+03
-3.930795000000000073e+03
-3.916688000000000102e+03
-3.910005000000000109e+03
-3.945273999999999887e+03
-3.875478999999999814e+03
-3.919657000000000153e+03
-3.937478000000000065e+03
-3.898867000000000189e+03
-3.929681000000000040e+03
-3.940447999999999865e+03
-3.936735000000000127e+03
-3.914831000000000131e+03
-3.934135999999999967e+03
-3.923369999999999891e+03
-3.907405999999999949e+03
-3.937106000000000222e+03
-3.959010000000000218e+03
-3.924483999999999924e+03
-3.940447999999999865e+03
-3.951213999999999942e+03
-3.952327999999999975e+03
-3.963465000000000146e+03
-3.931166000000000167e+03
-3.948614999999999782e+03
-3.930795000000000073e+03
-3.918172999999999774e+03
-3.926710999999999785e+03
-3.931166000000000167e+03
-3.928195999999999913e+03
-3.929309999999999945e+03
-3.961980000000000018e+03
-3.937478000000000065e+03
-3.946759000000000015e+03
-3.983141000000000076e+03
-3.971260999999999967e+03
-3.946016000000000076e+03
-3.983884000000000015e+03
-4.006900999999999840e+03
-3.970518999999999778e+03
-3.960865999999999985e+03
-4.015811000000000149e+03
-3.966063999999999851e+03
-3.968663000000000011e+03
-4.010242000000000189e+03
-3.954925999999999931e+03
-3.956411000000000058e+03
-3.999105000000000018e+03
-3.979057999999999993e+03
-3.987224999999999909e+03
-4.009500000000000000e+03
-4.010614000000000033e+03
-3.988710000000000036e+03
-4.012469999999999800e+03
-3.997990999999999985e+03
-3.992050999999999931e+03
-4.026577999999999975e+03
-3.996135000000000218e+03
-4.039570999999999913e+03
-4.048110000000000127e+03
-4.020266000000000076e+03
-4.004302000000000135e+03
-4.016925000000000182e+03
-4.026206000000000131e+03
-3.994278999999999996e+03
-4.006159000000000106e+03
-3.981655999999999949e+03
-3.988710000000000036e+03
-3.996505999999999858e+03
-3.967177000000000135e+03
-3.948244000000000142e+03
-3.991309000000000196e+03
-4.003188999999999851e+03
-3.988710000000000036e+03
-4.026577999999999975e+03
-3.971260999999999967e+03
-4.002074999999999818e+03
-3.998733999999999924e+03
-3.995021000000000186e+03
-3.941190000000000055e+03
-3.961980000000000018e+03
-3.999476000000000113e+03
-3.975344999999999800e+03
-3.975715999999999894e+03
-4.017295999999999822e+03
-4.011356000000000222e+03
-4.002818000000000211e+03
-4.015440000000000055e+03
-4.017295999999999822e+03
-4.035487999999999829e+03
-4.035115999999999985e+03
-3.995764000000000124e+03
-4.026206000000000131e+03
-3.971632999999999811e+03
-3.983141000000000076e+03
-4.000590000000000146e+03
-4.008014999999999873e+03
-4.020637000000000171e+03
-4.032146000000000186e+03
-4.061474999999999909e+03
-4.038085999999999785e+03
-4.046625000000000000e+03
-4.042541000000000167e+03
-4.038829000000000178e+03
-4.034001999999999953e+03
-4.081893999999999778e+03
-4.034001999999999953e+03
-4.039570999999999913e+03
-4.055164000000000215e+03
-4.041798999999999978e+03
-4.035858999999999924e+03
-4.029175999999999931e+03
-4.038458000000000084e+03
-3.998733999999999924e+03
-4.072240999999999985e+03
-4.052193999999999960e+03
-4.074097999999999956e+03
-4.052936000000000149e+03
-4.078923999999999978e+03
-4.050708999999999833e+03
-4.081893999999999778e+03
-4.087090999999999894e+03
-4.082635999999999967e+03
-4.061103999999999814e+03
-4.057762000000000171e+03
-4.063331000000000131e+03
-4.104539999999999964e+03
-4.067043999999999869e+03
-4.116048999999999978e+03
-4.102684000000000196e+03
-4.099713999999999942e+03
-4.105654000000000451e+03
-4.123845000000000255e+03
-4.117904999999999745e+03
-4.132384000000000015e+03
-4.130527000000000044e+03
-4.100456000000000131e+03
-4.101940999999999804e+03
-4.109365999999999985e+03
-4.100828000000000429e+03
-4.064074000000000069e+03
-4.089318999999999960e+03
-4.067786000000000058e+03
-4.039199999999999818e+03
-4.080780000000000200e+03
-4.048853000000000065e+03
-4.068528999999999996e+03
-4.036972999999999956e+03
-4.068528999999999996e+03
-4.017666999999999916e+03
-4.038829000000000178e+03
-4.043284000000000106e+03
-4.005788000000000011e+03
-4.033260000000000218e+03
-4.052565000000000055e+03
-4.018039000000000215e+03
-4.074469000000000051e+03
-4.058134000000000015e+03
-4.034001999999999953e+03
-4.044396999999999935e+03
-4.072240999999999985e+03
-4.045139999999999873e+03
-4.087833999999999833e+03
-4.051079999999999927e+03
-3.995764000000000124e+03
-4.037715000000000146e+03
