-1.679905999999999949e+03
-1.724455999999999904e+03
-1.753041999999999916e+03
-1.724827999999999975e+03
-1.751929000000000087e+03
-1.753785000000000082e+03
-1.774575000000000045e+03
-1.764550999999999931e+03
-1.817269000000000005e+03
-1.826549999999999955e+03
-1.789424999999999955e+03
-1.823579999999999927e+03
-1.851795000000000073e+03
-1.803531999999999925e+03
-1.856621000000000095e+03
-1.879638999999999896e+03
-1.837316000000000031e+03
-1.900057000000000016e+03
-1.877039999999999964e+03
-1.848825000000000045e+03
-1.915650000000000091e+03
-1.915650000000000091e+03
-1.874069999999999936e+03
-1.910080999999999904e+03
-1.950175999999999931e+03
-1.922703999999999951e+03
-1.940523999999999887e+03
-1.944607999999999947e+03
-1.936440000000000055e+03
-1.965396999999999935e+03
-1.970595000000000027e+03
-1.979505000000000109e+03
-2.009576000000000022e+03
-1.985816000000000031e+03
-2.002894000000000005e+03
-2.035192999999999984e+03
-2.036676999999999907e+03
-2.004750000000000000e+03
-2.044103000000000065e+03
-2.047073000000000093e+03
-2.030365999999999985e+03
-2.070460999999999785e+03
-2.095706000000000131e+03
-2.074545000000000073e+03
-2.103873999999999796e+03
-2.138400000000000091e+03
-2.075659000000000106e+03
-2.113155000000000200e+03
-2.111298999999999978e+03
-2.106101000000000113e+03
-2.132460000000000036e+03
-2.134688000000000102e+03
-2.151021999999999935e+03
-2.112784000000000106e+03
-2.142483999999999924e+03
-2.179608999999999924e+03
-2.129489999999999782e+03
-2.182579000000000178e+03
-2.161416999999999916e+03
-2.167728999999999814e+03
-2.191117000000000189e+03
-2.183693000000000211e+03
-2.174782000000000153e+03
-2.190375000000000000e+03
-2.214505999999999858e+03
-2.241235999999999876e+03
-2.201141000000000076e+03
-2.229356000000000222e+03
-2.220074999999999818e+03
-2.224159000000000106e+03
-2.180351000000000113e+03
-2.189260999999999967e+03
-2.198541999999999916e+03
-2.198170999999999822e+03
-2.205596000000000004e+03
-2.202255000000000109e+03
-2.230840999999999894e+03
-2.183693000000000211e+03
-2.261655000000000200e+03
-2.220818000000000211e+03
-2.229728000000000065e+03
-2.242349999999999909e+03
-2.212650000000000091e+03
-2.249775000000000091e+03
-2.243835000000000036e+03
-2.241606999999999971e+03
-2.237894999999999982e+03
-2.280588999999999942e+03
-2.264625000000000000e+03
-2.283188000000000102e+03
-2.278731999999999971e+03
-2.304349000000000160e+03
-2.290240999999999985e+03
-2.314001000000000204e+03
-2.290612999999999829e+03
-2.283188000000000102e+03
-2.331449999999999818e+03
-2.316599999999999909e+03
-2.244577999999999975e+03
-2.252744999999999891e+03
-2.278731999999999971e+03
-2.247918999999999869e+03
-2.233440000000000055e+03
-2.252373999999999796e+03
-2.254230000000000018e+03
-2.269079999999999927e+03
-2.250889000000000124e+03
-2.257943000000000211e+03
-2.259056000000000040e+03
-2.279846000000000004e+03
-2.268708999999999833e+03
-2.310289000000000215e+03
-2.277619000000000142e+03
-2.270193999999999960e+03
-2.262396999999999935e+03
-2.331449999999999818e+03
-2.261284000000000106e+03
-2.296552000000000135e+03
-2.318456000000000131e+03
-2.327737999999999829e+03
-2.322539999999999964e+03
-2.350012000000000171e+03
-2.309175000000000182e+03
-2.313630000000000109e+03
-2.326994999999999891e+03
-2.330708000000000084e+03
-2.298409000000000106e+03
-2.360778999999999996e+03
-2.328851000000000113e+03
-2.338132999999999811e+03
-2.361893000000000029e+03
-2.340360000000000127e+03
-2.333306000000000040e+03
-2.373771999999999935e+03
-2.346670999999999822e+03
-2.363748999999999796e+03
-2.377485000000000127e+03
-2.399760000000000218e+03
-2.356695000000000164e+03
-2.354467999999999847e+03
-2.375257999999999811e+03
-2.355581000000000131e+03
-2.390478999999999814e+03
-2.385652999999999793e+03
-2.367460999999999785e+03
-2.401244999999999891e+03
-2.290240999999999985e+03
-2.265367000000000189e+03
-2.283188000000000102e+03
-2.267224000000000160e+03
-2.245690999999999804e+03
-2.290983999999999924e+03
-2.272050000000000182e+03
-2.230099000000000160e+03
-2.265367000000000189e+03
-2.259427000000000135e+03
-2.280588999999999942e+03
-2.295068000000000211e+03
-2.281331000000000131e+03
-2.245690999999999804e+03
-2.254601000000000113e+03
-2.285043999999999869e+03
-2.211164999999999964e+03
-2.217847000000000207e+03
-2.261655000000000200e+03
-2.211164999999999964e+03
-2.226757999999999811e+03
-2.256829000000000178e+03
-2.215619999999999891e+03
-2.235295999999999822e+03
-2.277248000000000047e+03
-2.219333000000000084e+03
-2.260541000000000167e+03
-2.254230000000000018e+03
-2.232326000000000022e+03
-2.257199999999999818e+03
-2.284672999999999774e+03
-2.253115999999999985e+03
-2.282445000000000164e+03
-2.301007999999999811e+03
-2.257943000000000211e+03
-2.290983999999999924e+03
-2.275019999999999982e+03
-2.259798999999999978e+03
-2.274648999999999887e+03
-2.282445000000000164e+03
-2.267594999999999800e+03
-2.261284000000000106e+03
-2.291355000000000018e+03
-2.304349000000000160e+03
-2.238266000000000076e+03
-2.245320000000000164e+03
-2.265739000000000033e+03
-2.229728000000000065e+03
-2.216733999999999924e+03
-2.246804999999999836e+03
-2.227500000000000000e+03
-2.244949000000000069e+03
-2.226014999999999873e+03
-2.240123000000000047e+03
-2.228985000000000127e+03
-2.236409999999999854e+03
-2.242721000000000004e+03
-2.229728000000000065e+03
-2.215990999999999985e+03
-2.184063999999999851e+03
-2.235295999999999822e+03
-2.216362999999999829e+03
-2.239009000000000015e+03
-2.201512000000000171e+03
-2.253858999999999924e+03
-2.213764000000000124e+03
-2.256085999999999785e+03
-2.205967999999999847e+03
-2.214505999999999858e+03
-2.264253999999999905e+03
-2.224159000000000106e+03
-2.208565999999999804e+03
-2.230469999999999800e+03
-2.233811000000000149e+03
-2.237152999999999793e+03
-2.231211999999999989e+03
-2.233811000000000149e+03
-2.230469999999999800e+03
-2.269079999999999927e+03
-2.276505000000000109e+03
-2.275391000000000076e+03
-2.273905999999999949e+03
-2.252001999999999953e+03
-2.243463999999999942e+03
-2.270193999999999960e+03
-2.237894999999999982e+03
-2.265367000000000189e+03
-2.282445000000000164e+03
-2.292097000000000207e+03
-2.253115999999999985e+03
-2.262025999999999840e+03
-2.291726000000000113e+03
-2.235295999999999822e+03
-2.273534999999999854e+03
-2.277619000000000142e+03
-2.226385999999999967e+03
-2.282815999999999804e+03
-2.273905999999999949e+03
-2.263510999999999967e+03
-2.259056000000000040e+03
-2.299893999999999778e+03
-2.253487999999999829e+03
-2.264253999999999905e+03
-2.273905999999999949e+03
-2.220445999999999913e+03
-2.256458000000000084e+03
-2.254230000000000018e+03
-2.249403999999999996e+03
-2.242721000000000004e+03
-2.258313999999999851e+03
-2.247547999999999774e+03
-2.267594999999999800e+03
-2.290612999999999829e+03
-2.279103999999999814e+03
-2.270193999999999960e+03
-2.285414999999999964e+03
-2.273534999999999854e+03
-2.261284000000000106e+03
-2.290240999999999985e+03
-2.268336999999999989e+03
-2.256458000000000084e+03
-2.281702999999999975e+03
-2.250889000000000124e+03
-2.253115999999999985e+03
-2.285786000000000058e+03
-2.265739000000000033e+03
-2.240494000000000142e+03
-2.298409000000000106e+03
-2.260170000000000073e+03
-2.238266000000000076e+03
-2.287643000000000029e+03
-2.277248000000000047e+03
-2.248661000000000058e+03
-2.303235000000000127e+03
-2.281331000000000131e+03
-2.260170000000000073e+03
-2.298409000000000106e+03
-2.295438999999999851e+03
-2.276505000000000109e+03
-2.286157000000000153e+03
-2.292840000000000146e+03
-2.310289000000000215e+03
-2.260170000000000073e+03
-2.315485999999999876e+03
-2.301378999999999905e+03
-2.288755999999999858e+03
-2.288755999999999858e+03
-2.304349000000000160e+03
-2.283929999999999836e+03
-2.274277999999999793e+03
-2.303235000000000127e+03
-2.279103999999999814e+03
-2.257199999999999818e+03
-2.280217999999999847e+03
-2.305461999999999989e+03
-2.280588999999999942e+03
-2.280960000000000036e+03
-2.306204999999999927e+03
-2.275762000000000171e+03
-2.295438999999999851e+03
-2.303606000000000222e+03
-2.344443999999999960e+03
-2.290983999999999924e+03
-2.320684000000000196e+03
-2.306947999999999865e+03
-2.321054999999999836e+03
-2.294695999999999913e+03
-2.308061000000000149e+03
-2.320684000000000196e+03
-2.308061000000000149e+03
-2.322911000000000058e+03
-2.306947999999999865e+03
-2.298409000000000106e+03
-2.312144999999999982e+03
-2.301750000000000000e+03
-2.310659999999999854e+03
-2.299893999999999778e+03
-2.309545999999999822e+03
-2.302864000000000033e+03
-2.321425999999999931e+03
-2.311402999999999793e+03
-2.341844999999999800e+03
-2.329965000000000146e+03
-2.305833999999999833e+03
-2.337760999999999967e+03
-2.333677000000000135e+03
-2.330708000000000084e+03
-2.344072999999999865e+03
-2.356695000000000164e+03
-2.307318999999999960e+03
-2.364490999999999985e+03
-2.352239999999999782e+03
-2.316599999999999909e+03
-2.352610999999999876e+03
-2.351498000000000047e+03
-2.359293999999999869e+03
-2.331449999999999818e+03
-2.360036000000000058e+03
-2.345557999999999993e+03
-2.355581000000000131e+03
-2.389364999999999782e+03
-2.341474000000000160e+03
-2.344815000000000055e+03
-2.378228000000000065e+03
-2.328108999999999924e+03
-2.329222000000000207e+03
-2.365605000000000018e+03
-2.366719000000000051e+03
-2.351498000000000047e+03
-2.355581000000000131e+03
-2.338132999999999811e+03
-2.364490999999999985e+03
-2.368574999999999818e+03
-2.387509000000000015e+03
-2.392335000000000036e+03
-2.378969999999999800e+03
-2.390849999999999909e+03
-2.365605000000000018e+03
-2.402358999999999924e+03
-2.359293999999999869e+03
-2.321425999999999931e+03
-2.349269999999999982e+03
-2.324768000000000029e+03
-2.350755000000000109e+03
-2.332934999999999945e+03
-2.327737999999999829e+03
-2.298038000000000011e+03
-2.354467999999999847e+03
-2.349269999999999982e+03
-2.316971000000000004e+03
-2.352981999999999971e+03
-2.387137000000000171e+03
-2.343701000000000022e+03
-2.355952999999999975e+03
-2.388623000000000047e+03
-2.349269999999999982e+03
-2.354467999999999847e+03
-2.370431000000000040e+03
-2.349641000000000076e+03
-2.361893000000000029e+03
-2.348155999999999949e+03
-2.360036000000000058e+03
-2.360036000000000058e+03
-2.371173999999999978e+03
-2.371916000000000167e+03
-2.355581000000000131e+03
-2.396789999999999964e+03
-2.357438000000000102e+03
-2.349269999999999982e+03
-2.378599000000000160e+03
-2.367090000000000146e+03
-2.383425000000000182e+03
-2.383425000000000182e+03
-2.359293999999999869e+03
-2.370059999999999945e+03
-2.397532000000000153e+03
-2.374885999999999967e+03
-2.374514999999999873e+03
-2.379711999999999989e+03
-2.381940000000000055e+03
-2.370431000000000040e+03
-2.376000000000000000e+03
-2.372288000000000011e+03
-2.401615999999999985e+03
-2.372659000000000106e+03
-2.402358999999999924e+03
