-6.014249999999999829e+01
-7.313625000000000398e+01
-1.050638000000000005e+02
-4.009499999999999886e+01
-7.053749999999999432e+01
-5.457374999999999687e+01
-8.575875000000000625e+01
-1.017224999999999966e+02
-1.072913000000000068e+02
-8.056125000000000114e+01
-7.907625000000000171e+01
-7.313625000000000398e+01
-1.069200000000000017e+02
-7.239374999999999716e+01
-5.680125000000000313e+01
-9.912375000000000114e+01
-9.838124999999999432e+01
-1.199137000000000057e+02
-1.091474999999999937e+02
-1.254825000000000017e+02
-1.035788000000000011e+02
-1.117463000000000051e+02
-1.169437000000000069e+02
-1.329074999999999989e+02
-1.314225000000000136e+02
-1.388474999999999966e+02
-1.325363000000000113e+02
-1.288237000000000023e+02
-1.395900000000000034e+02
-1.169437000000000069e+02
-1.277099999999999937e+02
-1.321649999999999920e+02
-1.199137000000000057e+02
-1.306800000000000068e+02
-1.195425000000000040e+02
-1.009800000000000040e+02
-1.395900000000000034e+02
-1.317937000000000012e+02
-1.247399999999999949e+02
-1.165725000000000051e+02
-1.076624999999999943e+02
-1.325363000000000113e+02
-1.663199999999999932e+02
-1.373625000000000114e+02
-1.462725000000000080e+02
-1.551825000000000045e+02
-1.592663000000000011e+02
-1.555537999999999954e+02
-1.510988000000000113e+02
-1.514699999999999989e+02
-1.540688000000000102e+02
-1.685475000000000136e+02
-1.570388000000000090e+02
-1.722599999999999909e+02
-1.522125000000000057e+02
-1.748586999999999989e+02
-1.692899999999999920e+02
-1.885949999999999989e+02
-1.781999999999999886e+02
-1.848824999999999932e+02
-2.053012999999999977e+02
-1.811699999999999875e+02
-2.015886999999999887e+02
-2.312888000000000090e+02
-2.049300000000000068e+02
-2.071574999999999989e+02
-2.387136999999999887e+02
-2.138400000000000034e+02
-2.168100000000000023e+02
-2.067863000000000113e+02
-1.949062999999999874e+02
-2.090137000000000000e+02
-2.350012999999999863e+02
-1.937924999999999898e+02
-1.982475000000000023e+02
-2.071574999999999989e+02
-2.138400000000000034e+02
-2.134687999999999874e+02
-2.234925000000000068e+02
-1.900800000000000125e+02
-2.012175000000000011e+02
-1.807988000000000000e+02
-1.796850000000000023e+02
-2.108700000000000045e+02
-2.216362000000000023e+02
-1.960200000000000102e+02
-1.852538000000000125e+02
-2.394562999999999988e+02
-2.015886999999999887e+02
-1.986187999999999931e+02
-2.257199999999999989e+02
-2.249774999999999920e+02
-1.871100000000000136e+02
-2.001037000000000035e+02
-2.286899999999999977e+02
-1.923075000000000045e+02
-2.327737999999999943e+02
-2.216362000000000023e+02
-2.324025000000000034e+02
-2.168100000000000023e+02
-2.346299999999999955e+02
-2.383425000000000011e+02
-2.409413000000000125e+02
-2.268337999999999965e+02
-2.231211999999999875e+02
-2.632162000000000148e+02
-2.483662999999999954e+02
-2.509650000000000034e+02
-2.650724999999999909e+02
-2.583899999999999864e+02
-2.476237000000000137e+02
-2.739825000000000159e+02
-2.687850000000000250e+02
-2.598750000000000000e+02
-2.687850000000000250e+02
-2.684137999999999806e+02
-2.817787000000000148e+02
-2.955149999999999864e+02
-2.918025000000000091e+02
-2.840063000000000102e+02
-2.880899999999999750e+02
-2.936587999999999852e+02
-2.802937999999999761e+02
-3.125924999999999727e+02
-3.207599999999999909e+02
-2.944012000000000171e+02
-2.520788000000000011e+02
-2.609886999999999944e+02
-2.810362999999999829e+02
-2.977425000000000068e+02
-2.505937999999999874e+02
-2.684137999999999806e+02
-2.988562999999999761e+02
-2.587613000000000056e+02
-2.958863000000000056e+02
-2.880899999999999750e+02
-2.903174999999999955e+02
-3.014549999999999841e+02
-2.910600000000000023e+02
-2.780663000000000125e+02
-2.995987999999999829e+02
-3.140774999999999864e+02
-3.088799999999999955e+02
-3.040536999999999921e+02
-3.389513000000000034e+02
-3.348675000000000068e+02
-3.300412999999999784e+02
-3.307837999999999852e+02
-3.348675000000000068e+02
-3.233587999999999738e+02
-3.229875000000000114e+02
-3.348675000000000068e+02
-2.780663000000000125e+02
-2.866050000000000182e+02
-2.769524999999999864e+02
-2.546775000000000091e+02
-2.988562999999999761e+02
-2.873475000000000250e+02
-2.572762000000000171e+02
-2.880899999999999750e+02
-2.747250000000000227e+02
-2.747250000000000227e+02
-2.869762999999999806e+02
-2.914311999999999898e+02
-2.658149999999999977e+02
-2.453962999999999965e+02
-2.312888000000000090e+02
-2.149538000000000011e+02
-2.171812999999999931e+02
-2.205225000000000080e+02
-2.305461999999999989e+02
-1.904512000000000000e+02
-1.837687999999999988e+02
-1.830261999999999887e+02
-1.507274999999999920e+02
-1.536974999999999909e+02
-1.845112000000000023e+02
-1.418174999999999955e+02
-1.796850000000000023e+02
-1.711462999999999965e+02
-1.696613000000000113e+02
-2.030737000000000023e+02
-1.845112000000000023e+02
-1.626074999999999875e+02
-1.867387999999999977e+02
-1.763437999999999874e+02
-1.752299999999999898e+02
-1.781999999999999886e+02
-1.722599999999999909e+02
-1.819124999999999943e+02
-1.663199999999999932e+02
-1.618650000000000091e+02
-1.863675000000000068e+02
-1.800562999999999931e+02
-1.655774999999999864e+02
-1.807988000000000000e+02
-1.934211999999999989e+02
-1.737450000000000045e+02
-1.885949999999999989e+02
-2.138400000000000034e+02
-2.190374999999999943e+02
-1.923075000000000045e+02
-1.934211999999999989e+02
-1.804275000000000091e+02
-1.937924999999999898e+02
-1.934211999999999989e+02
-1.993613000000000000e+02
-2.238637999999999977e+02
-1.982475000000000023e+02
-1.941638000000000090e+02
-1.852538000000000125e+02
-2.130974999999999966e+02
-1.904512000000000000e+02
-1.971338000000000079e+02
-1.993613000000000000e+02
-2.112412999999999954e+02
-2.008463000000000136e+02
-2.012175000000000011e+02
-2.294325000000000045e+02
-2.142112999999999943e+02
-2.064149999999999920e+02
-1.997324999999999875e+02
-2.045586999999999875e+02
-2.283188000000000102e+02
-2.286899999999999977e+02
-1.997324999999999875e+02
-2.197800000000000011e+02
-2.112412999999999954e+02
-1.897087999999999965e+02
-1.993613000000000000e+02
-1.885949999999999989e+02
-1.997324999999999875e+02
-1.897087999999999965e+02
-1.900800000000000125e+02
-2.130974999999999966e+02
-2.008463000000000136e+02
-1.885949999999999989e+02
-2.034449999999999932e+02
-1.989900000000000091e+02
-1.882238000000000113e+02
-2.012175000000000011e+02
-2.045586999999999875e+02
-2.023312999999999988e+02
-2.049300000000000068e+02
-1.941638000000000090e+02
-1.945349999999999966e+02
-1.989900000000000091e+02
-2.079000000000000057e+02
-2.090137000000000000e+02
-1.934211999999999989e+02
-2.090137000000000000e+02
-2.160674999999999955e+02
-1.923075000000000045e+02
-2.108700000000000045e+02
-2.104987000000000137e+02
-1.960200000000000102e+02
-2.249774999999999920e+02
-2.034449999999999932e+02
-1.945349999999999966e+02
-2.019600000000000080e+02
-2.149538000000000011e+02
-2.071574999999999989e+02
-2.049300000000000068e+02
-2.071574999999999989e+02
-1.878524999999999920e+02
-2.116125000000000114e+02
-2.190374999999999943e+02
-2.012175000000000011e+02
-2.130974999999999966e+02
-1.997324999999999875e+02
-2.060437000000000012e+02
-2.127263000000000090e+02
-2.249774999999999920e+02
-2.053012999999999977e+02
-1.893375000000000057e+02
-1.885949999999999989e+02
-1.815412000000000035e+02
-2.004749999999999943e+02
-2.027024999999999864e+02
-1.885949999999999989e+02
-1.930500000000000114e+02
-1.889661999999999864e+02
-1.793137999999999863e+02
-1.685475000000000136e+02
-1.908224999999999909e+02
-1.982475000000000023e+02
-1.993613000000000000e+02
-2.027024999999999864e+02
-1.774575000000000102e+02
-1.863675000000000068e+02
-1.856250000000000000e+02
-1.588950000000000102e+02
-1.804275000000000091e+02
-2.001037000000000035e+02
-1.807988000000000000e+02
-1.759724999999999966e+02
-2.075286999999999864e+02
-1.830261999999999887e+02
-1.867387999999999977e+02
-1.704036999999999864e+02
-1.908224999999999909e+02
-1.871100000000000136e+02
-1.934211999999999989e+02
-2.023312999999999988e+02
-1.897087999999999965e+02
-2.056725000000000136e+02
-2.030737000000000023e+02
-1.904512000000000000e+02
-1.900800000000000125e+02
-1.874812000000000012e+02
-1.833975000000000080e+02
-1.900800000000000125e+02
-1.822838000000000136e+02
-1.978762999999999863e+02
-2.060437000000000012e+02
-1.837687999999999988e+02
-2.093849999999999909e+02
-1.882238000000000113e+02
-1.882238000000000113e+02
-2.097563000000000102e+02
-2.027024999999999864e+02
-1.893375000000000057e+02
-2.097563000000000102e+02
-1.897087999999999965e+02
-1.833975000000000080e+02
-1.830261999999999887e+02
-2.056725000000000136e+02
-2.175525000000000091e+02
-1.897087999999999965e+02
-2.030737000000000023e+02
-2.149538000000000011e+02
-2.142112999999999943e+02
-1.952775000000000034e+02
-1.960200000000000102e+02
-1.934211999999999989e+02
-1.982475000000000023e+02
-2.023312999999999988e+02
-2.101274999999999977e+02
-1.923075000000000045e+02
-2.186662000000000035e+02
-1.941638000000000090e+02
-1.923075000000000045e+02
-1.997324999999999875e+02
-2.067863000000000113e+02
-2.142112999999999943e+02
-1.930500000000000114e+02
-2.090137000000000000e+02
-2.171812999999999931e+02
-2.171812999999999931e+02
-2.079000000000000057e+02
-2.116125000000000114e+02
-1.986187999999999931e+02
-2.138400000000000034e+02
-2.112412999999999954e+02
-2.015886999999999887e+02
-2.190374999999999943e+02
-2.324025000000000034e+02
-2.234925000000000068e+02
-2.156963000000000079e+02
-2.647013000000000034e+02
-2.424262999999999977e+02
-2.238637999999999977e+02
-2.090137000000000000e+02
-1.956487999999999943e+02
-2.149538000000000011e+02
-2.149538000000000011e+02
-1.967624999999999886e+02
-2.182949999999999875e+02
-2.324025000000000034e+02
-2.279474999999999909e+02
-2.357437999999999931e+02
-2.294325000000000045e+02
-2.160674999999999955e+02
-2.127263000000000090e+02
-1.978762999999999863e+02
-2.179238000000000000e+02
-1.978762999999999863e+02
-2.238637999999999977e+02
-2.116125000000000114e+02
-2.186662000000000035e+02
-2.405699999999999932e+02
-2.171812999999999931e+02
-2.101274999999999977e+02
-2.027024999999999864e+02
-2.097563000000000102e+02
-1.763437999999999874e+02
-1.941638000000000090e+02
-2.119836999999999989e+02
-1.915649999999999977e+02
-2.012175000000000011e+02
-2.034449999999999932e+02
-2.041875000000000000e+02
-2.049300000000000068e+02
-2.023312999999999988e+02
-2.053012999999999977e+02
-1.793137999999999863e+02
-1.785713000000000079e+02
-1.878524999999999920e+02
-1.793137999999999863e+02
-1.882238000000000113e+02
-1.867387999999999977e+02
-1.960200000000000102e+02
-2.012175000000000011e+02
-1.871100000000000136e+02
-1.833975000000000080e+02
-1.893375000000000057e+02
-1.785713000000000079e+02
-1.785713000000000079e+02
-1.793137999999999863e+02
-1.900800000000000125e+02
-1.937924999999999898e+02
-1.934211999999999989e+02
