-2.505937999999999874e+02
-2.587613000000000056e+02
-2.732400000000000091e+02
-2.468813000000000102e+02
-2.502224999999999966e+02
-2.728686999999999898e+02
-2.676712999999999738e+02
-2.799225000000000136e+02
-2.780663000000000125e+02
-2.691562999999999874e+02
-2.736113000000000284e+02
-2.999700000000000273e+02
-3.029399999999999977e+02
-3.222450000000000045e+02
-3.378374999999999773e+02
-3.055387999999999806e+02
-3.318974999999999795e+02
-3.426637999999999806e+02
-3.385799999999999841e+02
-3.033111999999999853e+02
-3.177900000000000205e+02
-3.266999999999999886e+02
-3.489750000000000227e+02
-3.615975000000000250e+02
-3.519449999999999932e+02
-3.786750000000000114e+02
-3.731062999999999761e+02
-3.575138000000000034e+02
-3.742200000000000273e+02
-3.976087999999999738e+02
-3.964950000000000045e+02
-3.771899999999999977e+02
-3.883274999999999864e+02
-4.080038000000000125e+02
-4.098600000000000136e+02
-4.158000000000000114e+02
-4.169137999999999806e+02
-4.035488000000000284e+02
-4.172850000000000250e+02
-3.979800000000000182e+02
-4.206263000000000147e+02
-4.291650000000000205e+02
-3.972375000000000114e+02
-3.920400000000000205e+02
-4.187699999999999818e+02
-4.250812999999999988e+02
-4.094886999999999944e+02
-4.447574999999999932e+02
-4.206263000000000147e+02
-4.351050000000000182e+02
-4.299075000000000273e+02
-4.455000000000000000e+02
-4.265663000000000125e+02
-4.406738000000000284e+02
-4.711161999999999921e+02
-4.310212000000000216e+02
-4.414162999999999784e+02
-4.833675000000000068e+02
-4.822538000000000125e+02
-4.733437999999999874e+02
-4.800262000000000171e+02
-4.800262000000000171e+02
-4.859662000000000148e+02
-5.086125000000000114e+02
-4.737149999999999750e+02
-4.941338000000000079e+02
-5.000738000000000056e+02
-4.945049999999999955e+02
-5.078700000000000045e+02
-5.030437999999999761e+02
-5.152949999999999591e+02
-5.397975000000000136e+02
-5.160375000000000227e+02
-4.982174999999999727e+02
-5.219774999999999636e+02
-4.889361999999999853e+02
-5.078700000000000045e+02
-5.115824999999999818e+02
-5.138099999999999454e+02
-4.855950000000000273e+02
-4.889361999999999853e+02
-4.848525000000000205e+02
-4.870799999999999841e+02
-4.930199999999999818e+02
-5.104687999999999874e+02
-5.160375000000000227e+02
-5.141812999999999647e+02
-5.234624999999999773e+02
-5.071274999999999977e+02
-5.152949999999999591e+02
-5.320013000000000147e+02
-5.089837999999999738e+02
-5.286599999999999682e+02
-5.193787999999999556e+02
-5.145525000000000091e+02
-5.160375000000000227e+02
-5.457374999999999545e+02
-5.438812000000000353e+02
-5.160375000000000227e+02
-5.386838000000000193e+02
-5.342287999999999784e+02
-5.505638000000000147e+02
-5.360850000000000364e+02
-5.375700000000000500e+02
-5.609587000000000216e+02
-5.457374999999999545e+02
-5.371987000000000307e+02
-5.642999999999999545e+02
-5.739524999999999864e+02
-5.628150000000000546e+02
-5.572463000000000193e+02
-5.691263000000000147e+02
-5.772938000000000329e+02
-5.628150000000000546e+02
-5.683836999999999762e+02
-5.457374999999999545e+02
-5.609587000000000216e+02
-5.698687999999999647e+02
-5.394262999999999693e+02
-5.828624999999999545e+02
-5.977124999999999773e+02
-5.702400000000000091e+02
-5.940000000000000000e+02
-5.984550000000000409e+02
-5.657849999999999682e+02
-5.594737999999999829e+02
-5.635575000000000045e+02
-5.795212000000000216e+02
-5.732100000000000364e+02
-5.605874999999999773e+02
-5.535338000000000420e+02
-5.821200000000000045e+02
-5.758088000000000193e+02
-5.787786999999999580e+02
-5.713537999999999784e+02
-5.791499999999999773e+02
-5.780362999999999829e+02
-5.765512999999999693e+02
-5.850900000000000318e+02
-5.828624999999999545e+02
-5.991974999999999909e+02
-5.977124999999999773e+02
-5.769225000000000136e+02
-5.928862000000000307e+02
-6.147899999999999636e+02
-6.032812999999999874e+02
-5.954850000000000136e+02
-6.088500000000000227e+02
-6.077363000000000284e+02
-6.222150000000000318e+02
-6.203587999999999738e+02
-5.839763000000000375e+02
-6.010538000000000238e+02
-6.140475000000000136e+02
-6.055086999999999762e+02
-6.151612999999999829e+02
-6.255562999999999647e+02
-6.251849999999999454e+02
-6.251849999999999454e+02
-6.248138000000000147e+02
-6.133049999999999500e+02
-6.307537999999999556e+02
-6.274125000000000227e+02
-6.133049999999999500e+02
-6.017962999999999738e+02
-6.344661999999999580e+02
-6.248138000000000147e+02
-6.196163000000000238e+02
-6.418912000000000262e+02
-6.355800000000000409e+02
-6.467174999999999727e+02
-6.630525000000000091e+02
-6.548849999999999909e+02
-6.556275000000000546e+02
-6.931237999999999602e+02
-6.611961999999999762e+02
-6.522862999999999829e+02
-6.823574999999999591e+02
-6.771599999999999682e+02
-6.816150000000000091e+02
-6.660225000000000364e+02
-6.559987999999999602e+02
-6.311250000000000000e+02
-6.266699999999999591e+02
-6.359511999999999716e+02
-6.470887000000000171e+02
-6.396638000000000375e+02
-6.615674999999999955e+02
-6.519149999999999636e+02
-6.482024999999999864e+02
-6.418912000000000262e+02
-6.519149999999999636e+02
-6.630525000000000091e+02
-6.667649999999999864e+02
-6.701063000000000329e+02
-6.934950000000000045e+02
-6.882975000000000136e+02
-6.749325000000000045e+02
-6.808724999999999454e+02
-6.920099999999999909e+02
-6.938663000000000238e+02
-6.805013000000000147e+02
-7.038899999999999864e+02
-7.105724999999999909e+02
-6.960937999999999874e+02
-7.213387000000000171e+02
-7.250512999999999693e+02
-7.391588000000000420e+02
-7.462124999999999773e+02
-6.942374999999999545e+02
-7.347037000000000262e+02
-7.287636999999999716e+02
-7.235662999999999556e+02
-7.373025000000000091e+02
-7.406436999999999671e+02
-7.402725000000000364e+02
-7.491825000000000045e+02
-7.484400000000000546e+02
-7.432424999999999500e+02
-7.540086999999999762e+02
-7.309913000000000238e+02
-7.406436999999999671e+02
-7.339611999999999625e+02
-7.295063000000000102e+02
-7.373025000000000091e+02
-7.231950000000000500e+02
-7.517812999999999874e+02
-7.380449999999999591e+02
-7.083450000000000273e+02
-7.124288000000000238e+02
-7.098300000000000409e+02
-6.949800000000000182e+02
-7.001775000000000091e+02
-6.790162000000000262e+02
-6.819863000000000284e+02
-6.942374999999999545e+02
-6.541425000000000409e+02
-6.600824999999999818e+02
-6.593400000000000318e+02
-6.574837999999999738e+02
-6.363224999999999909e+02
-6.366938000000000102e+02
-6.303825000000000500e+02
-6.396638000000000375e+02
-6.326100000000000136e+02
-6.248138000000000147e+02
-5.821200000000000045e+02
-5.914012000000000171e+02
-5.910299999999999727e+02
-5.884312999999999647e+02
-5.832337999999999738e+02
-5.650425000000000182e+02
-5.802636999999999716e+02
-5.665275000000000318e+02
-5.869461999999999762e+02
-6.032812999999999874e+02
-5.795212000000000216e+02
-5.969700000000000273e+02
-5.925149999999999864e+02
-6.099637000000000171e+02
-5.865750000000000455e+02
-5.969700000000000273e+02
-5.798925000000000409e+02
-5.836050000000000182e+02
-5.836050000000000182e+02
-5.865750000000000455e+02
-5.806349999999999909e+02
-5.865750000000000455e+02
-6.017962999999999738e+02
-5.980837000000000216e+02
-6.047662000000000262e+02
-6.103350000000000364e+02
-6.003112999999999602e+02
-5.980837000000000216e+02
-6.118200000000000500e+02
-6.025388000000000375e+02
-6.051375000000000455e+02
-6.077363000000000284e+02
-5.839763000000000375e+02
-5.873174999999999955e+02
-6.058799999999999955e+02
-5.965987999999999829e+02
-6.069937999999999647e+02
-6.043949999999999818e+02
-5.843474999999999682e+02
-6.043949999999999818e+02
-6.159036999999999580e+02
-6.003112999999999602e+02
-5.891738000000000284e+02
-6.081074999999999591e+02
-6.084787999999999784e+02
-5.936287999999999556e+02
-5.984550000000000409e+02
-6.099637000000000171e+02
-5.969700000000000273e+02
-5.988261999999999716e+02
-5.776649999999999636e+02
-5.798925000000000409e+02
-5.988261999999999716e+02
-5.784075000000000273e+02
-5.769225000000000136e+02
-6.043949999999999818e+02
-5.862037000000000262e+02
-5.769225000000000136e+02
-5.921436999999999671e+02
-5.798925000000000409e+02
-5.865750000000000455e+02
-6.014249999999999545e+02
-5.776649999999999636e+02
-5.854611999999999625e+02
-5.958563000000000329e+02
-5.902875000000000227e+02
-5.754375000000000000e+02
-6.003112999999999602e+02
-5.895449999999999591e+02
-5.902875000000000227e+02
-5.824913000000000238e+02
-5.164088000000000420e+02
-5.405399999999999636e+02
-5.342287999999999784e+02
-5.353424999999999727e+02
-5.238337000000000216e+02
-5.197500000000000000e+02
-5.219774999999999636e+02
-5.130674999999999955e+02
-5.208637999999999693e+02
-5.294025000000000318e+02
-5.271749999999999545e+02
-5.308875000000000455e+02
-4.993312999999999988e+02
-5.204924999999999500e+02
-5.078700000000000045e+02
-5.112112000000000194e+02
-5.048999999999999773e+02
-5.119538000000000011e+02
-5.115824999999999818e+02
-5.056424999999999841e+02
-5.082411999999999921e+02
-5.186362000000000307e+02
-4.919062999999999874e+02
-5.130674999999999955e+02
-5.193787999999999556e+02
-4.978462999999999852e+02
-5.167799999999999727e+02
-5.193787999999999556e+02
-5.037862999999999829e+02
-5.004449999999999932e+02
-5.119538000000000011e+02
-4.997024999999999864e+02
-5.063849999999999909e+02
-4.900500000000000114e+02
-5.026725000000000136e+02
-5.149238000000000284e+02
-4.978462999999999852e+02
-4.985887000000000171e+02
-5.152949999999999591e+02
-5.030437999999999761e+02
-4.926487000000000194e+02
-5.119538000000000011e+02
-4.896786999999999921e+02
-4.933913000000000011e+02
-5.082411999999999921e+02
-5.216063000000000329e+02
-5.100975000000000250e+02
-5.164088000000000420e+02
-4.993312999999999988e+02
-4.971037999999999784e+02
-4.930199999999999818e+02
-5.023013000000000261e+02
-5.008163000000000125e+02
-4.997024999999999864e+02
-5.037862999999999829e+02
-5.026725000000000136e+02
-5.167799999999999727e+02
-5.056424999999999841e+02
-5.104687999999999874e+02
-5.104687999999999874e+02
-5.011875000000000000e+02
-4.919062999999999874e+02
-5.115824999999999818e+02
-5.138099999999999454e+02
-4.985887000000000171e+02
-5.071274999999999977e+02
-5.086125000000000114e+02
-5.034150000000000205e+02
-5.026725000000000136e+02
-5.100975000000000250e+02
-5.082411999999999921e+02
-5.271749999999999545e+02
-5.230911999999999580e+02
-5.056424999999999841e+02
-5.011875000000000000e+02
-5.271749999999999545e+02
-5.156662999999999784e+02
-4.948763000000000147e+02
-5.271749999999999545e+02
-5.112112000000000194e+02
-5.190075000000000500e+02
-5.112112000000000194e+02
-5.071274999999999977e+02
-5.115824999999999818e+02
-5.238337000000000216e+02
-5.089837999999999738e+02
-5.271749999999999545e+02
-5.245761999999999716e+02
-5.019300000000000068e+02
-4.900500000000000114e+02
-5.082411999999999921e+02
-5.082411999999999921e+02
-5.193787999999999556e+02
-5.178936999999999671e+02
-5.152949999999999591e+02
