-1.633500000000000085e+01
-1.447874999999999979e+01
-3.823875000000000313e+01
-2.821499999999999986e+01
-1.076624999999999943e+01
-6.162749999999999773e+01
-2.561625000000000085e+01
-4.380749999999999744e+01
-5.346000000000000085e+01
-7.016625000000000512e+01
-7.870499999999999829e+01
-8.575875000000000625e+01
-5.457374999999999687e+01
-8.687250000000000227e+01
-8.724375000000000568e+01
-5.605875000000000341e+01
-1.009800000000000040e+02
-7.276500000000000057e+01
-8.315999999999999659e+01
-8.650124999999999886e+01
-1.343925000000000125e+02
-9.429749999999999943e+01
-9.615375000000000227e+01
-1.291949999999999932e+02
-9.355500000000000682e+01
-1.321649999999999920e+02
-1.473862000000000023e+02
-1.774575000000000102e+02
-1.466437999999999988e+02
-1.369912999999999954e+02
-1.407038000000000011e+02
-1.663199999999999932e+02
-1.626074999999999875e+02
-1.882238000000000113e+02
-1.819124999999999943e+02
-1.707750000000000057e+02
-1.718887000000000000e+02
-1.885949999999999989e+02
-1.715175000000000125e+02
-1.949062999999999874e+02
-1.819124999999999943e+02
-2.079000000000000057e+02
-2.045586999999999875e+02
-2.253488000000000113e+02
-2.487375000000000114e+02
-2.145825000000000102e+02
-2.249774999999999920e+02
-2.517075000000000102e+02
-2.249774999999999920e+02
-2.038163000000000125e+02
-2.576474999999999795e+02
-2.249774999999999920e+02
-2.413125000000000000e+02
-2.368574999999999875e+02
-2.387136999999999887e+02
-2.093849999999999909e+02
-2.647013000000000034e+02
-2.305461999999999989e+02
-2.234925000000000068e+02
-2.539350000000000023e+02
-2.483662999999999954e+02
-2.472524999999999977e+02
-2.260911999999999864e+02
-2.673000000000000114e+02
-2.739825000000000159e+02
-2.457675000000000125e+02
-2.710124999999999886e+02
-3.014549999999999841e+02
-2.910600000000000023e+02
-2.784375000000000000e+02
-2.791800000000000068e+02
-2.743537999999999784e+02
-3.055387999999999806e+02
-2.970000000000000000e+02
-2.446536999999999864e+02
-2.312888000000000090e+02
-2.286899999999999977e+02
-2.457675000000000125e+02
-2.390850000000000080e+02
-2.264625000000000057e+02
-2.342588000000000079e+02
-2.416836999999999875e+02
-2.431687000000000012e+02
-2.546775000000000091e+02
-2.750962999999999852e+02
-2.531924999999999955e+02
-2.357437999999999931e+02
-2.617312999999999761e+02
-2.665575000000000045e+02
-2.669286999999999921e+02
-2.468813000000000102e+02
-2.472524999999999977e+02
-2.680425000000000182e+02
-2.710124999999999886e+02
-2.602461999999999875e+02
-2.710124999999999886e+02
-2.513362999999999943e+02
-2.788086999999999875e+02
-2.498513000000000090e+02
-2.706413000000000011e+02
-2.869762999999999806e+02
-2.810362999999999829e+02
-2.598750000000000000e+02
-2.940299999999999727e+02
-2.929162999999999784e+02
-2.944012000000000171e+02
-2.903174999999999955e+02
-2.995987999999999829e+02
-2.836349999999999909e+02
-2.847486999999999853e+02
-3.040536999999999921e+02
-3.070237000000000194e+02
-3.174187999999999761e+02
-3.033111999999999853e+02
-3.259574999999999818e+02
-3.129637000000000171e+02
-3.155625000000000000e+02
-3.189037000000000148e+02
-3.396938000000000102e+02
-3.441487000000000194e+02
-3.408075000000000045e+02
-3.471186999999999898e+02
-3.679087999999999852e+02
-3.482325000000000159e+02
-3.434062999999999874e+02
-3.463763000000000147e+02
-3.675375000000000227e+02
-3.374662000000000148e+02
-3.656811999999999898e+02
-3.593700000000000045e+02
-3.478613000000000284e+02
-3.560287000000000148e+02
-3.589986999999999853e+02
-3.768188000000000102e+02
-3.597411999999999921e+02
-3.560287000000000148e+02
-3.404361999999999853e+02
-3.363525000000000205e+02
-3.378374999999999773e+02
-3.404361999999999853e+02
-3.259574999999999818e+02
-3.764474999999999909e+02
-3.701363000000000056e+02
-3.664238000000000284e+02
-3.619687999999999874e+02
-3.615975000000000250e+02
-3.664238000000000284e+02
-3.753337000000000216e+02
-3.645674999999999955e+02
-3.601125000000000114e+02
-3.604837999999999738e+02
-3.708788000000000125e+02
-3.445199999999999818e+02
-3.478613000000000284e+02
-3.842436999999999898e+02
-3.660525000000000091e+02
-3.779325000000000045e+02
-3.783036999999999921e+02
-3.641963000000000079e+02
-3.315262000000000171e+02
-3.404361999999999853e+02
-3.460049999999999955e+02
-3.404361999999999853e+02
-3.538011999999999944e+02
-3.608550000000000182e+02
-3.820163000000000011e+02
-3.779325000000000045e+02
-3.742200000000000273e+02
-3.849863000000000284e+02
-3.864712999999999852e+02
-3.515738000000000056e+02
-3.894413000000000125e+02
-3.801600000000000250e+02
-3.675375000000000227e+02
-3.879562999999999988e+02
-3.846150000000000091e+02
-3.757049999999999841e+02
-4.195124999999999886e+02
-3.935249999999999773e+02
-3.508312999999999988e+02
-3.723636999999999944e+02
-3.731062999999999761e+02
-3.701363000000000056e+02
-3.771899999999999977e+02
-3.686512000000000171e+02
-3.719925000000000068e+02
-3.835013000000000147e+02
-3.686512000000000171e+02
-3.723636999999999944e+02
-3.745912000000000148e+02
-3.734775000000000205e+02
-3.545437999999999761e+02
-3.671662999999999784e+02
-3.861000000000000227e+02
-3.630824999999999818e+02
-3.976087999999999738e+02
-4.024350000000000023e+02
-3.760763000000000034e+02
-3.816449999999999818e+02
-4.042912999999999784e+02
-3.653100000000000023e+02
-3.716211999999999875e+02
-3.745912000000000148e+02
-3.344961999999999875e+02
-3.504599999999999795e+02
-3.612262999999999806e+02
-3.619687999999999874e+02
-3.608550000000000182e+02
-3.552862999999999829e+02
-3.601125000000000114e+02
-3.471186999999999898e+02
-3.378374999999999773e+02
-3.300412999999999784e+02
-3.649388000000000147e+02
-3.504599999999999795e+02
-3.300412999999999784e+02
-3.682799999999999727e+02
-3.653100000000000023e+02
-3.378374999999999773e+02
-3.512024999999999864e+02
-3.597411999999999921e+02
-3.133349999999999795e+02
-2.951437000000000239e+02
-3.103650000000000091e+02
-3.040536999999999921e+02
-3.118500000000000227e+02
-3.174187999999999761e+02
-3.218736999999999853e+02
-3.203888000000000034e+02
-3.437774999999999750e+02
-3.177900000000000205e+02
-3.051675000000000182e+02
-2.962574999999999932e+02
-3.055387999999999806e+02
-3.010837000000000216e+02
-2.958863000000000056e+02
-3.003412000000000148e+02
-2.825212000000000216e+02
-2.958863000000000056e+02
-2.680425000000000182e+02
-2.732400000000000091e+02
-2.925450000000000159e+02
-2.795511999999999944e+02
-2.862337999999999738e+02
-3.007124999999999773e+02
-2.892038000000000011e+02
-2.776949999999999932e+02
-2.918025000000000091e+02
-2.884612000000000194e+02
-2.932875000000000227e+02
-3.144488000000000056e+02
-3.029399999999999977e+02
-2.977425000000000068e+02
-3.111075000000000159e+02
-3.059100000000000250e+02
-2.962574999999999932e+02
-2.992275000000000205e+02
-3.118500000000000227e+02
-2.962574999999999932e+02
-2.866050000000000182e+02
-3.066524999999999750e+02
-2.895749999999999886e+02
-3.033111999999999853e+02
-2.836349999999999909e+02
-3.014549999999999841e+02
-3.003412000000000148e+02
-2.862337999999999738e+02
-2.918025000000000091e+02
-2.973711999999999875e+02
-2.992275000000000205e+02
-2.999700000000000273e+02
-3.007124999999999773e+02
-2.955149999999999864e+02
-2.951437000000000239e+02
-2.918025000000000091e+02
-2.650724999999999909e+02
-2.877187999999999874e+02
-2.918025000000000091e+02
-2.929162999999999784e+02
-2.947724999999999795e+02
-2.992275000000000205e+02
-2.914311999999999898e+02
-3.040536999999999921e+02
-2.951437000000000239e+02
-3.081374999999999886e+02
-3.010837000000000216e+02
-3.189037000000000148e+02
-2.940299999999999727e+02
-3.010837000000000216e+02
-3.103650000000000091e+02
-3.051675000000000182e+02
-3.114787999999999784e+02
-3.222450000000000045e+02
-3.177900000000000205e+02
-3.051675000000000182e+02
-3.096225000000000023e+02
-3.318974999999999795e+02
-3.018263000000000034e+02
-3.151913000000000125e+02
-3.047962999999999738e+02
-2.483662999999999954e+02
-2.669286999999999921e+02
-2.416836999999999875e+02
-2.439113000000000113e+02
-2.687850000000000250e+02
-2.461387000000000000e+02
-2.587613000000000056e+02
-2.669286999999999921e+02
-2.535637999999999863e+02
-2.472524999999999977e+02
-2.698987000000000194e+02
-2.502224999999999966e+02
-2.260911999999999864e+02
-2.435399999999999920e+02
-2.361150000000000091e+02
-2.130974999999999966e+02
-2.472524999999999977e+02
-2.624737999999999829e+02
-2.231211999999999875e+02
-2.227500000000000000e+02
-2.398274999999999864e+02
-2.472524999999999977e+02
-2.212649999999999864e+02
-2.465099999999999909e+02
-2.483662999999999954e+02
-2.272050000000000125e+02
-2.264625000000000057e+02
-2.275762000000000000e+02
-2.034449999999999932e+02
-2.312888000000000090e+02
-2.294325000000000045e+02
-2.060437000000000012e+02
-2.067863000000000113e+02
-2.279474999999999909e+02
-2.465099999999999909e+02
-2.119836999999999989e+02
-2.305461999999999989e+02
-2.286899999999999977e+02
-2.253488000000000113e+02
-2.175525000000000091e+02
-2.257199999999999989e+02
-2.394562999999999988e+02
-2.246062000000000012e+02
-2.205225000000000080e+02
-2.368574999999999875e+02
-2.390850000000000080e+02
-2.413125000000000000e+02
-2.405699999999999932e+02
-2.324025000000000034e+02
-2.364863000000000000e+02
-2.394562999999999988e+02
-2.064149999999999920e+02
-2.283188000000000102e+02
-2.305461999999999989e+02
-2.234925000000000068e+02
-2.301750000000000114e+02
-2.197800000000000011e+02
-2.457675000000000125e+02
-2.331450000000000102e+02
-2.320312999999999874e+02
-2.439113000000000113e+02
-2.479950000000000045e+02
-2.602461999999999875e+02
-2.427975000000000136e+02
-2.372288000000000068e+02
-2.509650000000000034e+02
-2.524499999999999886e+02
-2.401987000000000023e+02
-2.472524999999999977e+02
-2.587613000000000056e+02
-2.379713000000000136e+02
-2.524499999999999886e+02
-2.450250000000000057e+02
-2.427975000000000136e+02
-2.546775000000000091e+02
-2.450250000000000057e+02
-2.557913000000000068e+02
-2.424262999999999977e+02
-2.465099999999999909e+02
-2.550488000000000000e+02
-2.439113000000000113e+02
-2.401987000000000023e+02
-2.387136999999999887e+02
-2.502224999999999966e+02
-2.442824999999999989e+02
-2.535637999999999863e+02
-2.550488000000000000e+02
-2.569049999999999727e+02
-2.420550000000000068e+02
-2.632162000000000148e+02
-2.628450000000000273e+02
-2.357437999999999931e+02
-2.635874999999999773e+02
-2.569049999999999727e+02
-2.479950000000000045e+02
-2.550488000000000000e+02
-2.520788000000000011e+02
-2.357437999999999931e+02
-2.539350000000000023e+02
-2.661861999999999853e+02
-2.621025000000000205e+02
-2.769524999999999864e+02
-2.624737999999999829e+02
-2.825212000000000216e+02
-2.739825000000000159e+02
-2.595038000000000125e+02
-2.658149999999999977e+02
-2.702699999999999818e+02
-2.531924999999999955e+02
-2.639587000000000216e+02
-2.828924999999999841e+02
-2.743537999999999784e+02
