-1.150875000000000000e+03
-1.177605000000000018e+03
-1.133425999999999931e+03
-1.172778999999999996e+03
-1.175749000000000024e+03
-1.128971000000000004e+03
-1.163868999999999915e+03
-1.216958000000000084e+03
-1.180945999999999913e+03
-1.207675999999999931e+03
-1.239232999999999947e+03
-1.200250999999999976e+03
-1.230693999999999960e+03
-1.222526000000000067e+03
-1.228837999999999965e+03
-1.209531999999999925e+03
-1.254083000000000084e+03
-1.235148999999999887e+03
-1.245172000000000025e+03
-1.242574000000000069e+03
-1.268932000000000016e+03
-1.264478000000000065e+03
-1.280069999999999936e+03
-1.299003999999999905e+03
-1.302715999999999894e+03
-1.315338999999999942e+03
-1.308655999999999949e+03
-1.282297000000000025e+03
-1.311625999999999976e+03
-1.319794000000000096e+03
-1.304573000000000093e+03
-1.353205999999999904e+03
-1.311998000000000047e+03
-1.318680000000000064e+03
-1.334271999999999935e+03
-1.314596000000000004e+03
-1.345780999999999949e+03
-1.355805000000000064e+03
-1.327219000000000051e+03
-1.350979000000000042e+03
-1.371769000000000005e+03
-1.349123000000000047e+03
-1.388846000000000004e+03
-1.410378999999999905e+03
-1.396270999999999958e+03
-1.392930000000000064e+03
-1.430055000000000064e+03
-1.446760999999999967e+03
-1.422259000000000015e+03
-1.448989000000000033e+03
-1.419288999999999987e+03
-1.448246000000000095e+03
-1.457527000000000044e+03
-1.425229000000000042e+03
-1.415576000000000022e+03
-1.483144000000000005e+03
-1.464210000000000036e+03
-1.417432000000000016e+03
-1.490568999999999960e+03
-1.468664999999999964e+03
-1.451215999999999894e+03
-1.480545000000000073e+03
-1.477945999999999913e+03
-1.488340999999999894e+03
-1.512472999999999956e+03
-1.495023999999999887e+03
-1.503933999999999969e+03
-1.529921000000000049e+03
-1.520640000000000100e+03
-1.509874000000000024e+03
-1.533634000000000015e+03
-1.522867999999999938e+03
-1.538088999999999942e+03
-1.560364000000000033e+03
-1.537346000000000004e+03
-1.536604000000000042e+03
-1.546256000000000085e+03
-1.567788999999999987e+03
-1.532148999999999887e+03
-1.600087999999999965e+03
-1.615308999999999969e+03
-1.587464999999999918e+03
-1.588578999999999951e+03
-1.638698000000000093e+03
-1.634614000000000033e+03
-1.627189000000000078e+03
-1.675079999999999927e+03
-1.672853000000000065e+03
-1.655031999999999925e+03
-1.674709000000000060e+03
-1.684732999999999947e+03
-1.707378999999999905e+03
-1.699583000000000084e+03
-1.723713999999999942e+03
-1.727055000000000064e+03
-1.745617999999999938e+03
-1.699583000000000084e+03
-1.722599999999999909e+03
-1.705151000000000067e+03
-1.731509999999999991e+03
-1.724827999999999975e+03
-1.735222999999999956e+03
-1.753413999999999987e+03
-1.754527000000000044e+03
-1.730025000000000091e+03
-1.743019000000000005e+03
-1.758982999999999947e+03
-1.765664999999999964e+03
-1.757498000000000047e+03
-1.769377999999999929e+03
-1.778659000000000106e+03
-1.791652000000000044e+03
-1.807244999999999891e+03
-1.812814000000000078e+03
-1.802047000000000025e+03
-1.806874000000000024e+03
-1.821353000000000065e+03
-1.770119999999999891e+03
-1.741162000000000035e+03
-1.756384000000000015e+03
-1.760468000000000075e+03
-1.774203999999999951e+03
-1.784598999999999933e+03
-1.763066000000000031e+03
-1.788310999999999922e+03
-1.796479000000000042e+03
-1.769377999999999929e+03
-1.780144000000000005e+03
-1.818010999999999967e+03
-1.796849999999999909e+03
-1.792394999999999982e+03
-1.828777000000000044e+03
-1.800563000000000102e+03
-1.780885999999999967e+03
-1.816896999999999935e+03
-1.814670000000000073e+03
-1.805018000000000029e+03
-1.818753999999999905e+03
-1.842513999999999896e+03
-1.829519999999999982e+03
-1.859220000000000027e+03
-1.861076000000000022e+03
-1.831375999999999976e+03
-1.851795000000000073e+03
-1.882980000000000018e+03
-1.895603000000000065e+03
-1.876297000000000025e+03
-1.895603000000000065e+03
-1.873327999999999975e+03
-1.897087999999999965e+03
-1.895973999999999933e+03
-1.897829999999999927e+03
-1.914164999999999964e+03
-1.898201000000000022e+03
-1.914536000000000058e+03
-1.914536000000000058e+03
-1.943123000000000047e+03
-1.907482999999999947e+03
-1.917506000000000085e+03
-1.942750999999999976e+03
-1.926045000000000073e+03
-1.917134999999999991e+03
-1.946093000000000075e+03
-1.947949000000000069e+03
-1.930128999999999905e+03
-1.900057000000000016e+03
-1.925301999999999907e+03
-1.877039999999999964e+03
-1.909338999999999942e+03
-1.922703999999999951e+03
-1.893375000000000000e+03
-1.913422000000000025e+03
-1.907111000000000104e+03
-1.884464999999999918e+03
-1.895973999999999933e+03
-1.884464999999999918e+03
-1.900429000000000087e+03
-1.923075000000000045e+03
-1.900057000000000016e+03
-1.890776000000000067e+03
-1.923445999999999913e+03
-1.887434999999999945e+03
-1.892260999999999967e+03
-1.902655999999999949e+03
-1.911566000000000031e+03
-1.916393000000000029e+03
-1.932728000000000065e+03
-1.940152000000000044e+03
-1.893746000000000095e+03
-1.907482999999999947e+03
-1.920847999999999956e+03
-1.903027000000000044e+03
-1.899315000000000055e+03
-1.944607999999999947e+03
-1.927901000000000067e+03
-1.949433999999999969e+03
-1.943493999999999915e+03
-1.934954999999999927e+03
-1.973565000000000055e+03
-1.939038999999999987e+03
-1.922703999999999951e+03
-1.967996000000000095e+03
-1.956858999999999924e+03
-1.933098999999999933e+03
-1.966510999999999967e+03
-1.963912000000000035e+03
-1.944979000000000042e+03
-1.958714999999999918e+03
-1.971337999999999965e+03
-1.988414999999999964e+03
-1.988786000000000058e+03
-1.980990000000000009e+03
-1.943493999999999915e+03
-1.950919000000000096e+03
-1.981361000000000104e+03
-1.972451000000000022e+03
-1.965769000000000005e+03
-1.985816000000000031e+03
-1.973193999999999960e+03
-1.962426999999999907e+03
-1.979134000000000015e+03
-1.982846000000000004e+03
-1.994355000000000018e+03
-1.996211000000000013e+03
-1.986188000000000102e+03
-2.000295000000000073e+03
-2.000295000000000073e+03
-1.996953999999999951e+03
-2.012916999999999916e+03
-1.989900000000000091e+03
-1.996211000000000013e+03
-2.009948000000000093e+03
-2.025169000000000096e+03
-1.993983999999999924e+03
-1.991756000000000085e+03
-2.035934999999999945e+03
-1.997695999999999913e+03
-2.003635999999999967e+03
-2.038534000000000106e+03
-2.027025000000000091e+03
-2.035564000000000078e+03
-2.052269999999999982e+03
-2.049670999999999822e+03
-2.054126000000000204e+03
-2.064893000000000029e+03
-2.043359999999999900e+03
-2.038162000000000035e+03
-2.064150000000000091e+03
-2.075659000000000106e+03
-2.074173999999999978e+03
-2.085682999999999993e+03
-2.071574999999999818e+03
-2.035192999999999984e+03
-2.027025000000000091e+03
-2.035934999999999945e+03
-2.024797000000000025e+03
-2.045959000000000060e+03
-2.052269999999999982e+03
-2.038904999999999973e+03
-2.062664999999999964e+03
-2.057467999999999847e+03
-2.067490999999999985e+03
-2.086425000000000182e+03
-2.079742000000000189e+03
-2.078257999999999811e+03
-2.096449000000000069e+03
-2.093106999999999971e+03
-2.058581000000000131e+03
-2.093106999999999971e+03
-2.107958000000000084e+03
-2.078257999999999811e+03
-2.072688999999999851e+03
-2.080856000000000222e+03
-2.069719000000000051e+03
-2.083083999999999833e+03
-2.081969999999999800e+03
-2.081599000000000160e+03
-2.097934000000000196e+03
-2.086425000000000182e+03
-2.079000000000000000e+03
-2.099789999999999964e+03
-2.099789999999999964e+03
-2.098304999999999836e+03
-2.124664000000000215e+03
-2.117239000000000033e+03
-2.112784000000000106e+03
-2.132088999999999942e+03
-2.133574000000000069e+03
-2.145824999999999818e+03
-2.157333999999999833e+03
-2.162902999999999793e+03
-2.163644999999999982e+03
-2.185548999999999978e+03
-2.187775999999999840e+03
-2.174782000000000153e+03
-2.195943999999999960e+03
-2.164387000000000171e+03
-2.181094000000000051e+03
-2.175525000000000091e+03
-2.192603000000000065e+03
-2.167356999999999971e+03
-2.178123999999999796e+03
-2.189260999999999967e+03
-2.208565999999999804e+03
-2.200398999999999887e+03
-2.201884000000000015e+03
-2.186291000000000167e+03
-2.208938000000000102e+03
-2.214135000000000218e+03
-2.201884000000000015e+03
-2.236409999999999854e+03
-2.237523999999999887e+03
-2.212278999999999996e+03
-2.220074999999999818e+03
-2.229728000000000065e+03
-2.241606999999999971e+03
-2.249403999999999996e+03
-2.267965999999999894e+03
-2.253115999999999985e+03
-2.240864999999999782e+03
-2.255344000000000051e+03
-2.223416000000000167e+03
-2.176639000000000124e+03
-2.194086999999999989e+03
-2.191489000000000033e+03
-2.141740999999999985e+03
-2.139885000000000218e+03
-2.152135999999999967e+03
-2.139514000000000124e+03
-2.130231999999999971e+03
-2.131717999999999847e+03
-2.132088999999999942e+03
-2.142112999999999829e+03
-2.145824999999999818e+03
-2.163644999999999982e+03
-2.153992000000000189e+03
-2.138771000000000186e+03
-2.153992000000000189e+03
-2.137286000000000058e+03
-2.137286000000000058e+03
-2.144710999999999785e+03
-2.168099999999999909e+03
-2.162159999999999854e+03
-2.148423999999999978e+03
-2.148423999999999978e+03
-2.159561000000000149e+03
-2.159190000000000055e+03
-2.143969000000000051e+03
-2.171070000000000164e+03
-2.191117000000000189e+03
-2.165130000000000109e+03
-2.187775999999999840e+03
-2.193344999999999800e+03
-2.194458999999999833e+03
-2.181094000000000051e+03
-2.193715999999999894e+03
-2.187775999999999840e+03
-2.214505999999999858e+03
-2.170327999999999975e+03
-2.201141000000000076e+03
-2.200027999999999793e+03
-2.177010000000000218e+03
-2.206710000000000036e+03
-2.213764000000000124e+03
-2.203739999999999782e+03
-2.201141000000000076e+03
-2.197429000000000087e+03
-2.216733999999999924e+03
-2.207452999999999975e+03
-2.200398999999999887e+03
-2.175153999999999996e+03
-2.182949999999999818e+03
-2.171070000000000164e+03
-2.168471000000000004e+03
-2.156961999999999989e+03
-2.189260999999999967e+03
-2.179980000000000018e+03
-2.199284999999999854e+03
-2.206338999999999942e+03
-2.201512000000000171e+03
-2.188146999999999935e+03
-2.226014999999999873e+03
-2.220074999999999818e+03
-2.208938000000000102e+03
-2.208195000000000164e+03
-2.198914000000000215e+03
-2.188518999999999778e+03
-2.179980000000000018e+03
-2.207824000000000069e+03
-2.200769999999999982e+03
-2.188146999999999935e+03
-2.167728999999999814e+03
-2.162530999999999949e+03
-2.165130000000000109e+03
-2.148052000000000135e+03
-2.146938999999999851e+03
-2.168099999999999909e+03
-2.142483999999999924e+03
-2.128005000000000109e+03
-2.165501000000000204e+03
-2.141369999999999891e+03
-2.117610000000000127e+03
-2.184806000000000040e+03
-2.148795000000000073e+03
-2.103501999999999953e+03
-2.128376000000000204e+03
-2.120208999999999833e+03
-2.112413000000000011e+03
-2.113896999999999935e+03
-2.124664000000000215e+03
-2.125034999999999854e+03
-2.131346000000000004e+03
