3.526983000000000175e+02
3.181709999999999923e+02
3.359914999999999736e+02
3.296800999999999817e+02
2.940389999999999873e+02
2.803023000000000025e+02
2.695357000000000198e+02
2.606254999999999882e+02
2.528289000000000044e+02
2.279544999999999959e+02
2.335234000000000094e+02
2.086488999999999976e+02
2.012236000000000047e+02
1.633549999999999898e+02
1.392230000000000132e+02
1.254863000000000000e+02
1.462769999999999868e+02
1.295701999999999998e+02
9.875552000000000419e+01
1.173186000000000035e+02
1.121209000000000060e+02
1.214025000000000034e+02
1.136059999999999945e+02
1.043243999999999971e+02
8.798893999999999949e+01
3.786865999999999843e+01
2.673082000000000136e+01
4.380883999999999645e+01
1.559298000000000073e+01
3.712613000000000163e-01
-4.455000000000000071e+00
3.712613000000000163e-01
-1.633500000000000085e+01
1.336541000000000068e+01
-2.970000000000000195e+00
-1.262250000000000050e+01
-4.120875000000000199e+01
-7.276500000000000057e+01
-5.346000000000000085e+01
-5.123250000000000171e+01
-5.865749999999999886e+01
-7.350749999999999318e+01
-8.056125000000000114e+01
-6.831000000000000227e+01
-7.128000000000000114e+01
-1.284524999999999864e+02
-1.043212999999999937e+02
-8.241750000000000398e+01
-1.496137999999999977e+02
-1.592663000000000011e+02
-1.225125000000000028e+02
-1.321649999999999920e+02
-1.562961999999999989e+02
-1.455300000000000011e+02
-1.577812999999999874e+02
-1.529550000000000125e+02
-1.882238000000000113e+02
-1.874812000000000012e+02
-1.885949999999999989e+02
-1.696613000000000113e+02
-2.027024999999999864e+02
-1.845112000000000023e+02
-2.097563000000000102e+02
-1.963913000000000011e+02
-2.149538000000000011e+02
-1.863675000000000068e+02
-2.153249999999999886e+02
-2.216362000000000023e+02
-2.246062000000000012e+02
-2.309174999999999898e+02
-2.253488000000000113e+02
-2.049300000000000068e+02
-2.182949999999999875e+02
-2.260911999999999864e+02
-2.190374999999999943e+02
-2.416836999999999875e+02
-2.654438000000000102e+02
-2.498513000000000090e+02
-2.524499999999999886e+02
-2.698987000000000194e+02
-2.788086999999999875e+02
-2.505937999999999874e+02
-2.802937999999999761e+02
-3.081374999999999886e+02
-3.025688000000000102e+02
-3.077663000000000011e+02
-3.181612999999999829e+02
-3.055387999999999806e+02
-3.200174999999999841e+02
-3.133349999999999795e+02
-2.944012000000000171e+02
-3.486037999999999784e+02
-3.460049999999999955e+02
-3.025688000000000102e+02
-3.111075000000000159e+02
-3.059100000000000250e+02
-3.073949999999999818e+02
-3.285561999999999898e+02
-3.567712000000000216e+02
-3.549150000000000205e+02
-3.634538000000000011e+02
-3.742200000000000273e+02
-3.382087000000000216e+02
-3.883274999999999864e+02
-3.812737000000000194e+02
-3.649388000000000147e+02
-3.979800000000000182e+02
-3.957524999999999977e+02
-4.046625000000000227e+02
-4.158000000000000114e+02
-4.436437999999999988e+02
-4.050337999999999852e+02
-4.336200000000000045e+02
-4.395600000000000023e+02
-4.395600000000000023e+02
-4.636913000000000125e+02
-4.733437999999999874e+02
-4.662900000000000205e+02
-4.577513000000000147e+02
-4.596075000000000159e+02
-4.848525000000000205e+02
-4.945049999999999955e+02
-5.204924999999999500e+02
-4.974750000000000227e+02
-5.045287000000000148e+02
-5.371987000000000307e+02
-5.015586999999999875e+02
-4.893075000000000045e+02
-5.197500000000000000e+02
-4.744574999999999818e+02
-5.216063000000000329e+02
-5.368274999999999864e+02
-5.338574999999999591e+02
-5.282888000000000375e+02
-5.516775000000000091e+02
-5.375700000000000500e+02
-5.754375000000000000e+02
-5.487074999999999818e+02
-5.891738000000000284e+02
-5.984550000000000409e+02
-5.928862000000000307e+02
-5.932575000000000500e+02
-5.977124999999999773e+02
-5.862037000000000262e+02
-6.140475000000000136e+02
-6.322387999999999693e+02
-6.404062999999999874e+02
-6.017962999999999738e+02
-6.266699999999999591e+02
-6.556275000000000546e+02
-6.114487000000000307e+02
-6.300112000000000307e+02
-6.426336999999999762e+02
-6.415199999999999818e+02
-6.474600000000000364e+02
-6.585974999999999682e+02
-6.129338000000000193e+02
-5.847187999999999874e+02
-5.576174999999999500e+02
-5.019300000000000068e+02
-5.290312999999999874e+02
-5.490787000000000262e+02
-4.967325000000000159e+02
-5.427675000000000409e+02
-5.568750000000000000e+02
-5.249474999999999909e+02
-5.197500000000000000e+02
-5.230911999999999580e+02
-5.346000000000000227e+02
-5.074986999999999853e+02
-5.338574999999999591e+02
-5.152949999999999591e+02
-5.212350000000000136e+02
-5.375700000000000500e+02
-5.386838000000000193e+02
-5.253187000000000353e+02
-5.331150000000000091e+02
-5.197500000000000000e+02
-5.126961999999999762e+02
-5.193787999999999556e+02
-5.260612999999999602e+02
-5.082411999999999921e+02
-5.197500000000000000e+02
-4.495837000000000216e+02
-4.562663000000000011e+02
-4.733437999999999874e+02
-4.514399999999999977e+02
-4.287937999999999761e+02
-4.648050000000000068e+02
-4.343625000000000114e+02
-4.250812999999999988e+02
-4.662900000000000205e+02
-4.187699999999999818e+02
-4.224825000000000159e+02
-4.339911999999999921e+02
-4.336200000000000045e+02
-4.091175000000000068e+02
-4.209975000000000023e+02
-4.169137999999999806e+02
-4.098600000000000136e+02
-3.961236999999999853e+02
-4.065187999999999988e+02
-3.593700000000000045e+02
-3.760763000000000034e+02
-3.768188000000000102e+02
-3.734775000000000205e+02
-3.883274999999999864e+02
-3.619687999999999874e+02
-3.823874999999999886e+02
-3.727350000000000136e+02
-3.742200000000000273e+02
-3.660525000000000091e+02
-3.742200000000000273e+02
-3.693937999999999988e+02
-3.872137000000000171e+02
-3.920400000000000205e+02
-3.898125000000000000e+02
-3.968661999999999921e+02
-3.861000000000000227e+02
-3.775611999999999853e+02
-3.901836999999999875e+02
-3.894413000000000125e+02
-3.931537000000000148e+02
-3.968661999999999921e+02
-4.005788000000000011e+02
-4.109737999999999829e+02
-4.198838000000000079e+02
-4.150575000000000045e+02
-4.146861999999999853e+02
-4.120874999999999773e+02
-3.775611999999999853e+02
-4.139438000000000102e+02
-3.961236999999999853e+02
-3.972375000000000114e+02
-3.994649999999999750e+02
-4.343625000000000114e+02
-4.191413000000000011e+02
-4.146861999999999853e+02
-3.983512999999999806e+02
-4.358475000000000250e+02
-4.369612000000000194e+02
-3.976087999999999738e+02
-4.239674999999999727e+02
-4.547812999999999874e+02
-4.202549999999999955e+02
-4.228537999999999784e+02
-4.273086999999999875e+02
-4.332486999999999853e+02
-4.540387999999999806e+02
-4.503263000000000034e+02
-4.622062999999999988e+02
-4.458711999999999875e+02
-4.399311999999999898e+02
-4.503263000000000034e+02
-4.351050000000000182e+02
-4.358475000000000250e+02
-4.462425000000000068e+02
-4.492124999999999773e+02
-4.525536999999999921e+02
-4.417875000000000227e+02
-4.625774999999999864e+02
-4.596075000000000159e+02
-4.759424999999999955e+02
-4.618349999999999795e+02
-4.087461999999999875e+02
-3.998362000000000194e+02
-3.864712999999999852e+02
-4.020638000000000147e+02
-3.898125000000000000e+02
-3.849863000000000284e+02
-4.016924999999999955e+02
-3.968661999999999921e+02
-3.701363000000000056e+02
-4.135724999999999909e+02
-3.953813000000000102e+02
-3.812737000000000194e+02
-4.035488000000000284e+02
-3.905550000000000068e+02
-3.957524999999999977e+02
-4.013213000000000079e+02
-3.953813000000000102e+02
-3.909261999999999944e+02
-3.946388000000000034e+02
-4.128299999999999841e+02
-4.258238000000000056e+02
-3.853575000000000159e+02
-3.831299999999999955e+02
-4.065187999999999988e+02
-3.901836999999999875e+02
-4.013213000000000079e+02
-3.682799999999999727e+02
-3.968661999999999921e+02
-4.024350000000000023e+02
-3.693937999999999988e+02
-3.760763000000000034e+02
-3.898125000000000000e+02
-3.857287999999999784e+02
-3.812737000000000194e+02
-4.054049999999999727e+02
-3.950099999999999909e+02
-4.117162000000000148e+02
-4.013213000000000079e+02
-3.924112999999999829e+02
-3.898125000000000000e+02
-4.061474999999999795e+02
-3.779325000000000045e+02
-3.890699999999999932e+02
-4.050337999999999852e+02
-3.972375000000000114e+02
-4.057762000000000171e+02
-4.046625000000000227e+02
-4.128299999999999841e+02
-4.002074999999999818e+02
-3.886988000000000056e+02
-4.098600000000000136e+02
-4.083750000000000000e+02
-3.998362000000000194e+02
-4.076324999999999932e+02
-4.276800000000000068e+02
-4.191413000000000011e+02
-4.080038000000000125e+02
-4.050337999999999852e+02
-4.187699999999999818e+02
-4.013213000000000079e+02
-4.039200000000000159e+02
-4.109737999999999829e+02
-4.213686999999999898e+02
-4.206263000000000147e+02
-4.369612000000000194e+02
-4.198838000000000079e+02
-4.369612000000000194e+02
-4.317638000000000034e+02
-4.154286999999999921e+02
-4.339911999999999921e+02
-4.358475000000000250e+02
-4.158000000000000114e+02
-4.195124999999999886e+02
-4.313924999999999841e+02
-4.273086999999999875e+02
-4.425299999999999727e+02
-4.287937999999999761e+02
-4.080038000000000125e+02
-4.432724999999999795e+02
-4.451288000000000125e+02
-4.358475000000000250e+02
-4.265663000000000125e+02
-4.551524999999999750e+02
-4.351050000000000182e+02
-4.455000000000000000e+02
-4.343625000000000114e+02
-4.395600000000000023e+02
-4.599787999999999784e+02
-4.577513000000000147e+02
-4.369612000000000194e+02
-4.332486999999999853e+02
-4.466138000000000261e+02
-4.514399999999999977e+02
-4.391888000000000147e+02
-4.692599999999999909e+02
-4.636913000000000125e+02
-4.492124999999999773e+02
-4.343625000000000114e+02
-4.670325000000000273e+02
-4.562663000000000011e+02
-4.625774999999999864e+02
-4.521825000000000045e+02
-4.603500000000000227e+02
-4.848525000000000205e+02
-4.558949999999999818e+02
-4.659187999999999761e+02
-4.867087000000000216e+02
-4.636913000000000125e+02
-4.570088000000000079e+02
-4.781700000000000159e+02
-4.792837999999999852e+02
-4.818824999999999932e+02
-4.896786999999999921e+02
-4.759424999999999955e+02
-5.026725000000000136e+02
-4.870799999999999841e+02
-4.930199999999999818e+02
-4.870799999999999841e+02
-5.034150000000000205e+02
-4.907925000000000182e+02
-4.818824999999999932e+02
-4.971037999999999784e+02
-4.870799999999999841e+02
-4.674037000000000148e+02
-4.948763000000000147e+02
-4.878224999999999909e+02
-4.937624999999999886e+02
-5.023013000000000261e+02
-4.874513000000000034e+02
-4.911637999999999806e+02
-4.833675000000000068e+02
-4.748288000000000011e+02
-4.718587999999999738e+02
-4.729725000000000250e+02
-4.714875000000000114e+02
-4.666612999999999829e+02
-4.915350000000000250e+02
-4.930199999999999818e+02
-4.855950000000000273e+02
-4.937624999999999886e+02
-5.126961999999999762e+02
-4.881938000000000102e+02
-4.959900000000000091e+02
-4.945049999999999955e+02
-4.844812999999999761e+02
-5.097262999999999806e+02
-5.112112000000000194e+02
-4.985887000000000171e+02
