-4.466138000000000261e+02
-4.622062999999999988e+02
-4.614637000000000171e+02
-4.369612000000000194e+02
-4.573799999999999955e+02
-4.610924999999999727e+02
-4.484700000000000273e+02
-4.410450000000000159e+02
-4.707450000000000045e+02
-4.826250000000000000e+02
-4.651763000000000261e+02
-4.599787999999999784e+02
-4.629488000000000056e+02
-4.622062999999999988e+02
-4.655475000000000136e+02
-4.447574999999999932e+02
-4.529250000000000114e+02
-4.833675000000000068e+02
-4.696313000000000102e+02
-4.599787999999999784e+02
-4.755713000000000079e+02
-4.777988000000000284e+02
-4.670325000000000273e+02
-4.763138000000000147e+02
-4.733437999999999874e+02
-4.863374999999999773e+02
-4.893075000000000045e+02
-4.855950000000000273e+02
-4.640625000000000000e+02
-4.907925000000000182e+02
-4.885649999999999977e+02
-4.870799999999999841e+02
-4.770561999999999898e+02
-4.907925000000000182e+02
-4.781700000000000159e+02
-4.900500000000000114e+02
-4.956186999999999898e+02
-4.967325000000000159e+02
-5.008163000000000125e+02
-4.937624999999999886e+02
-4.904212999999999738e+02
-5.093550000000000182e+02
-5.097262999999999806e+02
-4.893075000000000045e+02
-4.963613000000000284e+02
-5.060138000000000034e+02
-5.086125000000000114e+02
-5.208637999999999693e+02
-5.282888000000000375e+02
-4.811399999999999864e+02
-4.985887000000000171e+02
-5.364561999999999671e+02
-5.056424999999999841e+02
-5.152949999999999591e+02
-5.334863000000000284e+02
-5.086125000000000114e+02
-5.397975000000000136e+02
-5.357137000000000171e+02
-5.431386999999999716e+02
-5.379412999999999556e+02
-5.334863000000000284e+02
-5.201213000000000193e+02
-5.086125000000000114e+02
-5.178936999999999671e+02
-5.100975000000000250e+02
-5.294025000000000318e+02
-5.427675000000000409e+02
-5.126961999999999762e+02
-5.197500000000000000e+02
-5.353424999999999727e+02
-5.405399999999999636e+02
-5.397975000000000136e+02
-5.490787000000000262e+02
-5.216063000000000329e+02
-5.438812000000000353e+02
-5.583600000000000136e+02
-5.097262999999999806e+02
-5.765512999999999693e+02
-5.709824999999999591e+02
-5.249474999999999909e+02
-5.346000000000000227e+02
-5.461087999999999738e+02
-5.342287999999999784e+02
-5.349713000000000420e+02
-5.342287999999999784e+02
-5.279175000000000182e+02
-5.490787000000000262e+02
-5.446237999999999602e+02
-5.375700000000000500e+02
-5.320013000000000147e+02
-5.245761999999999716e+02
-5.346000000000000227e+02
-5.427675000000000409e+02
-5.672699999999999818e+02
-5.238337000000000216e+02
-5.245761999999999716e+02
-5.602161999999999580e+02
-5.208637999999999693e+02
-5.457374999999999545e+02
-5.357137000000000171e+02
-5.286599999999999682e+02
-5.290312999999999874e+02
-5.149238000000000284e+02
-5.320013000000000147e+02
-5.271749999999999545e+02
-5.245761999999999716e+02
-5.312586999999999762e+02
-5.383125000000000000e+02
-5.357137000000000171e+02
-5.342287999999999784e+02
-5.219774999999999636e+02
-5.394262999999999693e+02
-5.520488000000000284e+02
-5.082411999999999921e+02
-5.245761999999999716e+02
-5.397975000000000136e+02
-5.449950000000000045e+02
-5.501924999999999955e+02
-5.405399999999999636e+02
-5.416536999999999580e+02
-5.576174999999999500e+02
-5.297736999999999625e+02
-5.375700000000000500e+02
-5.490787000000000262e+02
-5.524199999999999591e+02
-5.472224999999999682e+02
-5.572463000000000193e+02
-5.609587000000000216e+02
-5.475937999999999874e+02
-5.464800000000000182e+02
-5.331150000000000091e+02
-5.327437999999999647e+02
-5.256900000000000546e+02
-5.275462999999999738e+02
-5.190075000000000500e+02
-5.557612000000000307e+02
-5.268038000000000238e+02
-5.238337000000000216e+02
-5.305162000000000262e+02
-5.423962000000000216e+02
-5.464800000000000182e+02
-5.561325000000000500e+02
-5.112112000000000194e+02
-5.186362000000000307e+02
-5.498211999999999762e+02
-5.349713000000000420e+02
-5.290312999999999874e+02
-5.397975000000000136e+02
-5.668986999999999625e+02
-5.342287999999999784e+02
-5.442525000000000546e+02
-5.346000000000000227e+02
-5.483361999999999625e+02
-5.279175000000000182e+02
-5.446237999999999602e+02
-5.557612000000000307e+02
-5.483361999999999625e+02
-5.316299999999999955e+02
-5.320013000000000147e+02
-5.561325000000000500e+02
-5.409112999999999829e+02
-5.483361999999999625e+02
-5.561325000000000500e+02
-5.442525000000000546e+02
-5.531625000000000227e+02
-5.646712999999999738e+02
-5.457374999999999545e+02
-5.498211999999999762e+02
-5.713537999999999784e+02
-5.665275000000000318e+02
-5.646712999999999738e+02
-5.591024999999999636e+02
-5.676412000000000262e+02
-5.572463000000000193e+02
-5.698687999999999647e+02
-5.594737999999999829e+02
-5.613300000000000409e+02
-5.691263000000000147e+02
-5.550186999999999671e+02
-5.691263000000000147e+02
-5.706113000000000284e+02
-5.665275000000000318e+02
-5.639288000000000238e+02
-5.683836999999999762e+02
-5.628150000000000546e+02
-5.617011999999999716e+02
-5.758088000000000193e+02
-5.739524999999999864e+02
-5.806349999999999909e+02
-5.854611999999999625e+02
-5.769225000000000136e+02
-5.891738000000000284e+02
-5.728387000000000171e+02
-5.899162999999999784e+02
-5.817487999999999602e+02
-5.839763000000000375e+02
-5.780362999999999829e+02
-5.680125000000000455e+02
-5.876888000000000147e+02
-5.657849999999999682e+02
-5.587313000000000329e+02
-5.668986999999999625e+02
-5.565037999999999556e+02
-5.134388000000000147e+02
-4.885649999999999977e+02
-5.037862999999999829e+02
-4.952475000000000023e+02
-4.803974999999999795e+02
-4.881938000000000102e+02
-4.822538000000000125e+02
-4.822538000000000125e+02
-4.963613000000000284e+02
-4.878224999999999909e+02
-4.841100000000000136e+02
-4.848525000000000205e+02
-5.023013000000000261e+02
-4.800262000000000171e+02
-4.833675000000000068e+02
-4.870799999999999841e+02
-4.989599999999999795e+02
-4.759424999999999955e+02
-4.718587999999999738e+02
-4.915350000000000250e+02
-4.989599999999999795e+02
-4.577513000000000147e+02
-4.844812999999999761e+02
-5.138099999999999454e+02
-5.015586999999999875e+02
-4.792837999999999852e+02
-4.859662000000000148e+02
-4.826250000000000000e+02
-4.841100000000000136e+02
-4.937624999999999886e+02
-4.881938000000000102e+02
-4.870799999999999841e+02
-4.933913000000000011e+02
-4.707450000000000045e+02
-4.785412999999999784e+02
-4.989599999999999795e+02
-4.933913000000000011e+02
-4.815113000000000056e+02
-4.893075000000000045e+02
-5.011875000000000000e+02
-5.093550000000000182e+02
-4.926487000000000194e+02
-4.729725000000000250e+02
-4.907925000000000182e+02
-5.078700000000000045e+02
-4.911637999999999806e+02
-4.833675000000000068e+02
-4.959900000000000091e+02
-4.893075000000000045e+02
-4.867087000000000216e+02
-5.141812999999999647e+02
-5.067563000000000102e+02
-4.785412999999999784e+02
-4.904212999999999738e+02
-4.896786999999999921e+02
-4.807687999999999988e+02
-4.971037999999999784e+02
-5.023013000000000261e+02
-4.852237999999999829e+02
-4.926487000000000194e+02
-4.807687999999999988e+02
-4.896786999999999921e+02
-4.919062999999999874e+02
-4.971037999999999784e+02
-4.826250000000000000e+02
-4.766850000000000023e+02
-4.811399999999999864e+02
-4.540387999999999806e+02
-4.896786999999999921e+02
-4.811399999999999864e+02
-4.807687999999999988e+02
-4.982174999999999727e+02
-4.829961999999999875e+02
-4.740862000000000194e+02
-5.008163000000000125e+02
-4.729725000000000250e+02
-4.755713000000000079e+02
-4.952475000000000023e+02
-4.707450000000000045e+02
-4.796549999999999727e+02
-4.967325000000000159e+02
-4.919062999999999874e+02
-4.770561999999999898e+02
-4.822538000000000125e+02
-5.041575000000000273e+02
-4.648050000000000068e+02
-4.841100000000000136e+02
-4.859662000000000148e+02
-4.833675000000000068e+02
-4.740862000000000194e+02
-4.859662000000000148e+02
-4.900500000000000114e+02
-4.789125000000000227e+02
-4.826250000000000000e+02
-4.748288000000000011e+02
-4.967325000000000159e+02
-5.126961999999999762e+02
-4.933913000000000011e+02
-5.074986999999999853e+02
-4.997024999999999864e+02
-4.863374999999999773e+02
-4.911637999999999806e+02
-5.086125000000000114e+02
-4.896786999999999921e+02
-4.855950000000000273e+02
-4.896786999999999921e+02
-4.811399999999999864e+02
-4.941338000000000079e+02
-5.093550000000000182e+02
-4.959900000000000091e+02
-4.837388000000000261e+02
-5.045287000000000148e+02
-5.008163000000000125e+02
-4.807687999999999988e+02
-4.945049999999999955e+02
-4.904212999999999738e+02
-4.915350000000000250e+02
-4.893075000000000045e+02
-4.844812999999999761e+02
-4.956186999999999898e+02
-5.056424999999999841e+02
-4.848525000000000205e+02
-5.141812999999999647e+02
-5.182649999999999864e+02
-4.829961999999999875e+02
-5.145525000000000091e+02
-5.160375000000000227e+02
-4.922774999999999750e+02
-5.126961999999999762e+02
-4.900500000000000114e+02
-5.052712000000000216e+02
-5.197500000000000000e+02
-5.037862999999999829e+02
-5.190075000000000500e+02
-5.230911999999999580e+02
-5.256900000000000546e+02
-5.060138000000000034e+02
-4.978462999999999852e+02
-5.160375000000000227e+02
-5.082411999999999921e+02
-5.138099999999999454e+02
-5.089837999999999738e+02
-5.019300000000000068e+02
-5.074986999999999853e+02
-5.249474999999999909e+02
-4.919062999999999874e+02
-5.238337000000000216e+02
-5.108399999999999750e+02
-5.141812999999999647e+02
-5.216063000000000329e+02
-4.926487000000000194e+02
-4.855950000000000273e+02
-4.592363000000000284e+02
-4.751999999999999886e+02
-4.662900000000000205e+02
-4.659187999999999761e+02
-4.811399999999999864e+02
-4.592363000000000284e+02
-4.629488000000000056e+02
-4.822538000000000125e+02
-4.726012999999999806e+02
-4.759424999999999955e+02
-4.848525000000000205e+02
-4.592363000000000284e+02
-4.681462000000000216e+02
-4.636913000000000125e+02
-4.740862000000000194e+02
-4.618349999999999795e+02
-4.544100000000000250e+02
-4.811399999999999864e+02
-4.900500000000000114e+02
-4.726012999999999806e+02
-4.796549999999999727e+02
-4.800262000000000171e+02
-4.792837999999999852e+02
-4.993312999999999988e+02
-4.789125000000000227e+02
-4.777988000000000284e+02
-4.863374999999999773e+02
-4.655475000000000136e+02
-4.829961999999999875e+02
-4.789125000000000227e+02
-4.811399999999999864e+02
-5.015586999999999875e+02
-4.796549999999999727e+02
-4.518111999999999853e+02
-4.711161999999999921e+02
-4.919062999999999874e+02
-4.848525000000000205e+02
-4.815113000000000056e+02
-4.974750000000000227e+02
-4.777988000000000284e+02
-4.711161999999999921e+02
-5.041575000000000273e+02
-5.048999999999999773e+02
-4.919062999999999874e+02
-4.881938000000000102e+02
-4.997024999999999864e+02
-4.982174999999999727e+02
-5.078700000000000045e+02
-4.948763000000000147e+02
-4.822538000000000125e+02
-4.815113000000000056e+02
-4.993312999999999988e+02
-4.982174999999999727e+02
-5.000738000000000056e+02
-5.026725000000000136e+02
-4.974750000000000227e+02
-4.982174999999999727e+02
