-1.842884999999999991e+03
-1.841028999999999996e+03
-1.878895999999999958e+03
-1.858478000000000065e+03
-1.841028999999999996e+03
-1.888176999999999907e+03
-1.908968000000000075e+03
-1.905625999999999976e+03
-1.953145999999999958e+03
-1.948319999999999936e+03
-1.945349999999999909e+03
-1.965396999999999935e+03
-1.990270999999999958e+03
-1.996211000000000013e+03
-1.991384999999999991e+03
-2.007348999999999933e+03
-2.015144999999999982e+03
-2.007720000000000027e+03
-2.037048999999999978e+03
-2.047073000000000093e+03
-2.034078999999999951e+03
-2.038534000000000106e+03
-2.075288000000000011e+03
-2.096820000000000164e+03
-2.084197999999999865e+03
-2.098304999999999836e+03
-2.151021999999999935e+03
-2.145824999999999818e+03
-2.115382999999999811e+03
-2.178494999999999891e+03
-2.160304000000000087e+03
-2.144340000000000146e+03
-2.181465000000000146e+03
-2.200398999999999887e+03
-2.186291000000000167e+03
-2.240123000000000047e+03
-2.227871000000000095e+03
-2.221931000000000040e+03
-2.257570999999999913e+03
-2.268336999999999989e+03
-2.242349999999999909e+03
-2.289869999999999891e+03
-2.286900000000000091e+03
-2.277989999999999782e+03
-2.318456000000000131e+03
-2.309916999999999916e+03
-2.293210999999999785e+03
-2.327365999999999985e+03
-2.312887000000000171e+03
-2.339246000000000095e+03
-2.358550999999999931e+03
-2.349641000000000076e+03
-2.328480000000000018e+03
-2.371173999999999978e+03
-2.376000000000000000e+03
-2.314373000000000047e+03
-2.366347000000000207e+03
-2.412753999999999905e+03
-2.370431000000000040e+03
-2.377114000000000033e+03
-2.429831000000000131e+03
-2.401244999999999891e+03
-2.414239000000000033e+03
-2.457304000000000087e+03
-2.429460000000000036e+03
-2.433914999999999964e+03
-2.490715999999999894e+03
-2.425005000000000109e+03
-2.476980000000000018e+03
-2.512990999999999985e+03
-2.493686000000000149e+03
-2.520045000000000073e+03
-2.527469999999999800e+03
-2.527469999999999800e+03
-2.557170000000000073e+03
-2.556427000000000135e+03
-2.544547999999999774e+03
-2.550487999999999829e+03
-2.587983999999999924e+03
-2.579445000000000164e+03
-2.599864000000000033e+03
-2.611001000000000204e+03
-2.576846000000000004e+03
-2.612114999999999782e+03
-2.648869000000000142e+03
-2.621396000000000186e+03
-2.647012000000000171e+03
-2.686364999999999782e+03
-2.682652999999999793e+03
-2.652210000000000036e+03
-2.700844000000000051e+03
-2.673000000000000000e+03
-2.655922999999999774e+03
-2.705298999999999978e+03
-2.688592999999999847e+03
-2.648869000000000142e+03
-2.709010999999999967e+03
-2.703443000000000211e+03
-2.697130999999999858e+03
-2.730914999999999964e+03
-2.706041000000000167e+03
-2.728315999999999804e+03
-2.736855000000000018e+03
-2.724231999999999971e+03
-2.745021999999999935e+03
-2.760244000000000142e+03
-2.763585000000000036e+03
-2.774351000000000113e+03
-2.793655999999999949e+03
-2.796998000000000047e+03
-2.815559999999999945e+03
-2.824840999999999894e+03
-2.798481999999999971e+03
-2.812960999999999785e+03
-2.790315000000000055e+03
-2.810362999999999829e+03
-2.844518000000000029e+03
-2.831152999999999793e+03
-2.847487999999999829e+03
-2.829666999999999916e+03
-2.876815999999999804e+03
-2.854913000000000011e+03
-2.846373999999999796e+03
-2.882014000000000124e+03
-2.870876000000000204e+03
-2.887210999999999785e+03
-2.919510000000000218e+03
-2.915425999999999931e+03
-2.849344000000000051e+03
-2.893521999999999935e+03
-2.897235000000000127e+03
-2.901690000000000055e+03
-2.901318999999999960e+03
-2.904289000000000215e+03
-2.896121000000000095e+03
-2.917282000000000153e+03
-2.906887000000000171e+03
-2.875702999999999975e+03
-2.937701000000000022e+03
-2.890923999999999978e+03
-2.888695999999999913e+03
-2.889809999999999945e+03
-2.848972000000000207e+03
-2.833380000000000109e+03
-2.889809999999999945e+03
-2.856768999999999778e+03
-2.834123000000000047e+03
-2.876815999999999804e+03
-2.848972000000000207e+03
-2.860853000000000065e+03
-2.876074000000000069e+03
-2.869391000000000076e+03
-2.859739000000000033e+03
-2.890552000000000135e+03
-2.848972000000000207e+03
-2.834864999999999782e+03
-2.825954999999999927e+03
-2.858996000000000095e+03
-2.840063000000000102e+03
-2.824099000000000160e+03
-2.864936000000000149e+03
-2.876445000000000164e+03
-2.866050000000000182e+03
-2.884612999999999829e+03
-2.865307999999999993e+03
-2.883869999999999891e+03
-2.870876000000000204e+03
-2.847487999999999829e+03
-2.857139999999999873e+03
-2.863079999999999927e+03
-2.846744999999999891e+03
-2.869391000000000076e+03
-2.883869999999999891e+03
-2.847115999999999985e+03
-2.833380000000000109e+03
-2.867534999999999854e+03
-2.874217999999999847e+03
-2.850085999999999785e+03
-2.857510999999999967e+03
-2.864936000000000149e+03
-2.855655000000000200e+03
-2.892409000000000106e+03
-2.849715000000000146e+03
-2.874960000000000036e+03
-2.892038000000000011e+03
-2.886097000000000207e+03
-2.889809999999999945e+03
-2.928048999999999978e+03
-2.882755999999999858e+03
-2.897978000000000065e+03
-2.930646999999999935e+03
-2.918768000000000029e+03
-2.908373000000000047e+03
-2.935103000000000065e+03
-2.969628999999999905e+03
-2.928048999999999978e+03
-2.950324000000000069e+03
-2.929163000000000011e+03
-2.930646999999999935e+03
-2.938815000000000055e+03
-2.938815000000000055e+03
-2.963318000000000211e+03
-2.957748999999999796e+03
-2.967771999999999935e+03
-2.920251999999999953e+03
-2.918396000000000186e+03
-2.923965000000000146e+03
-2.929534000000000106e+03
-2.932875000000000000e+03
-2.948467999999999847e+03
-2.943269999999999982e+03
-2.931018999999999778e+03
-2.951809000000000196e+03
-2.945869000000000142e+03
-2.932503999999999905e+03
-2.923594000000000051e+03
-2.926563999999999851e+03
-2.936215999999999894e+03
-2.952922999999999774e+03
-2.923965000000000146e+03
-2.948838999999999942e+03
-2.955521000000000186e+03
-2.921365999999999985e+03
-2.957005999999999858e+03
-2.942527999999999793e+03
-2.964059999999999945e+03
-2.975197999999999865e+03
-2.976682999999999993e+03
-2.962945999999999913e+03
-2.964802000000000135e+03
-2.938072999999999865e+03
-2.970742000000000189e+03
-2.993018000000000029e+03
-2.956264000000000124e+03
-2.971485000000000127e+03
-2.993760000000000218e+03
-2.971485000000000127e+03
-2.949581000000000131e+03
-2.997844000000000051e+03
-2.965545000000000073e+03
-2.878300999999999931e+03
-2.889809999999999945e+03
-2.891295000000000073e+03
-2.859367000000000189e+03
-2.865307999999999993e+03
-2.888695999999999913e+03
-2.899833999999999833e+03
-2.903175000000000182e+03
-2.910228999999999814e+03
-2.909114999999999782e+03
-2.922851000000000113e+03
-2.917653999999999996e+03
-2.900947999999999865e+03
-2.929534000000000106e+03
-2.944755000000000109e+03
-2.931760999999999967e+03
-2.927677000000000135e+03
-2.952550999999999931e+03
-2.958490999999999985e+03
-2.969628999999999905e+03
-2.939929000000000087e+03
-2.908373000000000047e+03
-2.904659999999999854e+03
-2.885726000000000113e+03
-2.873474999999999909e+03
-2.870134000000000015e+03
-2.885726000000000113e+03
-2.867164000000000215e+03
-2.869762000000000171e+03
-2.910971000000000004e+03
-2.899463000000000193e+03
-2.886469000000000051e+03
-2.916539999999999964e+03
-2.896864000000000033e+03
-2.893150999999999840e+03
-2.926934999999999945e+03
-2.890552000000000135e+03
-2.904659999999999854e+03
-2.949952999999999975e+03
-2.934360000000000127e+03
-2.917282000000000153e+03
-2.949581000000000131e+03
-2.935844999999999800e+03
-2.929163000000000011e+03
-2.953293999999999869e+03
-2.933617000000000189e+03
-2.909114999999999782e+03
-2.904659999999999854e+03
-2.928791000000000167e+03
-2.899463000000000193e+03
-2.900576000000000022e+03
-2.922851000000000113e+03
-2.918396000000000186e+03
-2.918025000000000091e+03
-2.925820999999999913e+03
-2.941041999999999916e+03
-2.939557999999999993e+03
-2.931760999999999967e+03
-2.929905000000000200e+03
-2.922480000000000018e+03
-2.898719999999999800e+03
-2.895750000000000000e+03
-2.895007999999999811e+03
-2.918768000000000029e+03
-2.905773999999999887e+03
-2.908373000000000047e+03
-2.926193000000000211e+03
-2.907259000000000015e+03
-2.921365999999999985e+03
-2.934360000000000127e+03
-2.899463000000000193e+03
-2.909856999999999971e+03
-2.925449999999999818e+03
-2.917653999999999996e+03
-2.936215999999999894e+03
-2.922851000000000113e+03
-2.907259000000000015e+03
-2.924335999999999785e+03
-2.935103000000000065e+03
-2.927306000000000040e+03
-2.925449999999999818e+03
-2.932503999999999905e+03
-2.926193000000000211e+03
-2.917653999999999996e+03
-2.939186000000000149e+03
-2.920251999999999953e+03
-2.941414000000000215e+03
-2.957376999999999953e+03
-2.931018999999999778e+03
-2.963688999999999851e+03
-2.966288000000000011e+03
-2.965173999999999978e+03
-2.966659000000000106e+03
-3.001184999999999945e+03
-2.986335000000000036e+03
-2.987077999999999975e+03
-2.984849999999999909e+03
-2.960347000000000207e+03
-2.993018000000000029e+03
-2.986335000000000036e+03
-2.977054000000000087e+03
-2.998958000000000084e+03
-2.995987999999999829e+03
-2.995987999999999829e+03
-2.994501999999999953e+03
-3.005268999999999778e+03
-3.004155000000000200e+03
-3.000443000000000211e+03
-3.016405999999999949e+03
-3.026429999999999836e+03
-3.022346000000000004e+03
-3.024202999999999975e+03
-3.024202999999999975e+03
-3.035340000000000146e+03
-3.030143000000000029e+03
-3.040538000000000011e+03
-3.052045999999999822e+03
-3.039052000000000135e+03
-3.035340000000000146e+03
-3.057244000000000142e+03
-3.082860000000000127e+03
-3.051675000000000182e+03
-3.065411000000000058e+03
-3.044250000000000000e+03
-3.032369999999999891e+03
-3.017519999999999982e+03
-3.029028999999999996e+03
-3.045735000000000127e+03
-3.040166000000000167e+03
-3.047963000000000193e+03
-3.033483999999999924e+03
-3.058356999999999971e+03
-3.068010000000000218e+03
-3.053159999999999854e+03
-3.036083000000000084e+03
-3.042764999999999873e+03
-3.042393999999999778e+03
-3.040166000000000167e+03
-3.048333999999999833e+03
-3.047963000000000193e+03
-3.062440999999999804e+03
-3.068010000000000218e+03
-3.054273999999999887e+03
-3.044621000000000095e+03
-3.056501000000000204e+03
-3.056501000000000204e+03
-3.046106000000000222e+03
-3.073579000000000178e+03
-3.073949999999999818e+03
-3.074693000000000211e+03
-3.083603000000000065e+03
-3.074693000000000211e+03
-3.068380999999999858e+03
-3.075434999999999945e+03
-3.055759000000000015e+03
-3.064297999999999774e+03
-3.072465000000000146e+03
-3.080632999999999811e+03
-3.067639000000000124e+03
-3.070608999999999924e+03
-3.083974000000000160e+03
-3.079889999999999873e+03
-3.081375000000000000e+03
-3.082489000000000033e+03
-3.077663000000000011e+03
-3.071351000000000113e+03
-3.100679999999999836e+03
-3.077291000000000167e+03
-3.077663000000000011e+03
-3.098452999999999975e+03
-3.082860000000000127e+03
-3.102907000000000153e+03
