-3.474900000000000091e+02
-3.805312999999999874e+02
-3.675375000000000227e+02
-3.627112000000000194e+02
-3.742200000000000273e+02
-3.864712999999999852e+02
-3.931537000000000148e+02
-3.953813000000000102e+02
-3.927825000000000273e+02
-4.183987000000000194e+02
-3.861000000000000227e+02
-3.786750000000000114e+02
-4.016924999999999955e+02
-3.950099999999999909e+02
-4.009499999999999886e+02
-4.057762000000000171e+02
-4.158000000000000114e+02
-4.039200000000000159e+02
-4.440149999999999864e+02
-4.529250000000000114e+02
-4.365899999999999750e+02
-4.547812999999999874e+02
-4.859662000000000148e+02
-4.495837000000000216e+02
-4.677749999999999773e+02
-5.115824999999999818e+02
-4.659187999999999761e+02
-4.811399999999999864e+02
-4.926487000000000194e+02
-5.023013000000000261e+02
-4.971037999999999784e+02
-5.223487999999999829e+02
-4.997024999999999864e+02
-4.948763000000000147e+02
-5.160375000000000227e+02
-5.286599999999999682e+02
-5.004449999999999932e+02
-5.164088000000000420e+02
-5.539049999999999727e+02
-5.219774999999999636e+02
-5.609587000000000216e+02
-5.357137000000000171e+02
-5.364561999999999671e+02
-5.943713000000000193e+02
-5.331150000000000091e+02
-5.561325000000000500e+02
-5.810062000000000353e+02
-5.305162000000000262e+02
-5.516775000000000091e+02
-5.765512999999999693e+02
-5.405399999999999636e+02
-5.498211999999999762e+02
-5.984550000000000409e+02
-5.839763000000000375e+02
-5.568750000000000000e+02
-5.665275000000000318e+02
-5.654138000000000375e+02
-5.646712999999999738e+02
-5.891738000000000284e+02
-5.910299999999999727e+02
-5.717250000000000227e+02
-5.680125000000000455e+02
-5.694974999999999454e+02
-5.828624999999999545e+02
-5.843474999999999682e+02
-5.824913000000000238e+02
-6.017962999999999738e+02
-6.404062999999999874e+02
-6.233287000000000262e+02
-5.906588000000000420e+02
-6.366938000000000102e+02
-6.482024999999999864e+02
-6.452324999999999591e+02
-6.448613000000000284e+02
-6.593400000000000318e+02
-6.407775000000000318e+02
-6.285262000000000171e+02
-6.262988000000000284e+02
-6.370650000000000546e+02
-6.474600000000000364e+02
-6.407775000000000318e+02
-6.133049999999999500e+02
-6.352087000000000216e+02
-6.307537999999999556e+02
-6.489450000000000500e+02
-6.378075000000000045e+02
-6.307537999999999556e+02
-6.407775000000000318e+02
-6.485737000000000307e+02
-6.296399999999999864e+02
-6.418912000000000262e+02
-6.645375000000000227e+02
-6.597111999999999625e+02
-6.370650000000000546e+02
-6.318674999999999500e+02
-6.147899999999999636e+02
-5.784075000000000273e+02
-5.884312999999999647e+02
-5.668986999999999625e+02
-5.546475000000000364e+02
-5.824913000000000238e+02
-5.594737999999999829e+02
-5.628150000000000546e+02
-5.795212000000000216e+02
-5.988261999999999716e+02
-5.754375000000000000e+02
-5.639288000000000238e+02
-5.743237000000000307e+02
-5.617011999999999716e+02
-5.839763000000000375e+02
-5.836050000000000182e+02
-5.772938000000000329e+02
-5.940000000000000000e+02
-5.665275000000000318e+02
-5.910299999999999727e+02
-5.758088000000000193e+02
-5.817487999999999602e+02
-5.954850000000000136e+02
-5.824913000000000238e+02
-5.888025000000000091e+02
-5.854611999999999625e+02
-5.780362999999999829e+02
-6.103350000000000364e+02
-5.880599999999999454e+02
-5.810062000000000353e+02
-6.017962999999999738e+02
-6.066224999999999454e+02
-5.899162999999999784e+02
-6.151612999999999829e+02
-6.207300000000000182e+02
-6.121912999999999556e+02
-6.326100000000000136e+02
-6.032812999999999874e+02
-6.248138000000000147e+02
-5.813775000000000546e+02
-5.951137999999999693e+02
-5.921436999999999671e+02
-6.207300000000000182e+02
-6.147899999999999636e+02
-5.943713000000000193e+02
-6.192450000000000045e+02
-6.043949999999999818e+02
-6.199874999999999545e+02
-6.129338000000000193e+02
-6.136762999999999693e+02
-6.110774999999999864e+02
-6.088500000000000227e+02
-6.088500000000000227e+02
-6.166462000000000216e+02
-6.262988000000000284e+02
-6.162749999999999773e+02
-6.025388000000000375e+02
-6.196163000000000238e+02
-6.318674999999999500e+02
-5.943713000000000193e+02
-6.017962999999999738e+02
-6.203587999999999738e+02
-6.055086999999999762e+02
-6.092213000000000420e+02
-6.151612999999999829e+02
-6.062513000000000147e+02
-6.170175000000000409e+02
-5.906588000000000420e+02
-5.902875000000000227e+02
-5.973411999999999580e+02
-6.192450000000000045e+02
-6.118200000000000500e+02
-6.051375000000000455e+02
-6.077363000000000284e+02
-6.055086999999999762e+02
-5.958563000000000329e+02
-6.073650000000000091e+02
-6.084787999999999784e+02
-6.188737999999999602e+02
-6.136762999999999693e+02
-6.081074999999999591e+02
-6.166462000000000216e+02
-6.181312000000000353e+02
-6.259275000000000091e+02
-6.043949999999999818e+02
-6.103350000000000364e+02
-6.140475000000000136e+02
-6.166462000000000216e+02
-6.185025000000000546e+02
-6.237000000000000455e+02
-6.270412999999999784e+02
-6.069937999999999647e+02
-6.211013000000000375e+02
-6.392925000000000182e+02
-6.359511999999999716e+02
-6.203587999999999738e+02
-6.366938000000000102e+02
-6.378075000000000045e+02
-5.984550000000000409e+02
-6.147899999999999636e+02
-6.262988000000000284e+02
-6.248138000000000147e+02
-6.207300000000000182e+02
-6.244424999999999955e+02
-6.396638000000000375e+02
-6.292686999999999671e+02
-6.307537999999999556e+02
-6.411486999999999625e+02
-6.159036999999999580e+02
-6.329813000000000329e+02
-6.259275000000000091e+02
-6.366938000000000102e+02
-6.355800000000000409e+02
-6.181312000000000353e+02
-6.333524999999999636e+02
-6.485737000000000307e+02
-6.400349999999999682e+02
-6.381788000000000238e+02
-6.563700000000000045e+02
-6.400349999999999682e+02
-6.474600000000000364e+02
-6.574837999999999738e+02
-6.563700000000000045e+02
-6.381788000000000238e+02
-6.448613000000000284e+02
-6.530286999999999580e+02
-6.511725000000000136e+02
-6.344661999999999580e+02
-6.533999999999999773e+02
-6.374362999999999602e+02
-6.352087000000000216e+02
-6.404062999999999874e+02
-6.630525000000000091e+02
-6.404062999999999874e+02
-6.326100000000000136e+02
-6.522862999999999829e+02
-6.366938000000000102e+02
-5.847187999999999874e+02
-5.869461999999999762e+02
-6.062513000000000147e+02
-5.999400000000000546e+02
-6.159036999999999580e+02
-6.092213000000000420e+02
-6.051375000000000455e+02
-5.958563000000000329e+02
-5.951137999999999693e+02
-5.914012000000000171e+02
-5.965987999999999829e+02
-5.936287999999999556e+02
-5.936287999999999556e+02
-5.802636999999999716e+02
-6.092213000000000420e+02
-5.906588000000000420e+02
-5.717250000000000227e+02
-6.025388000000000375e+02
-5.854611999999999625e+02
-5.813775000000000546e+02
-5.973411999999999580e+02
-5.854611999999999625e+02
-5.806349999999999909e+02
-5.936287999999999556e+02
-5.973411999999999580e+02
-5.739524999999999864e+02
-5.880599999999999454e+02
-5.988261999999999716e+02
-5.906588000000000420e+02
-5.951137999999999693e+02
-5.798925000000000409e+02
-5.969700000000000273e+02
-6.032812999999999874e+02
-5.720963000000000420e+02
-5.784075000000000273e+02
-6.032812999999999874e+02
-5.977124999999999773e+02
-6.021675000000000182e+02
-5.858324999999999818e+02
-6.058799999999999955e+02
-5.917725000000000364e+02
-5.880599999999999454e+02
-5.817487999999999602e+02
-5.928862000000000307e+02
-5.884312999999999647e+02
-6.084787999999999784e+02
-5.668986999999999625e+02
-5.847187999999999874e+02
-5.839763000000000375e+02
-5.958563000000000329e+02
-5.784075000000000273e+02
-5.876888000000000147e+02
-5.691263000000000147e+02
-5.917725000000000364e+02
-5.862037000000000262e+02
-5.572463000000000193e+02
-5.776649999999999636e+02
-5.802636999999999716e+02
-5.758088000000000193e+02
-5.776649999999999636e+02
-5.765512999999999693e+02
-5.527912999999999784e+02
-5.739524999999999864e+02
-5.847187999999999874e+02
-5.487074999999999818e+02
-5.717250000000000227e+02
-5.858324999999999818e+02
-5.758088000000000193e+02
-5.706113000000000284e+02
-5.761799999999999500e+02
-5.869461999999999762e+02
-5.906588000000000420e+02
-5.746950000000000500e+02
-5.776649999999999636e+02
-5.973411999999999580e+02
-5.828624999999999545e+02
-5.787786999999999580e+02
-6.047662000000000262e+02
-5.984550000000000409e+02
-5.928862000000000307e+02
-6.021675000000000182e+02
-5.810062000000000353e+02
-5.743237000000000307e+02
-5.914012000000000171e+02
-5.958563000000000329e+02
-5.836050000000000182e+02
-5.732100000000000364e+02
-5.891738000000000284e+02
-5.706113000000000284e+02
-5.687549999999999955e+02
-5.780362999999999829e+02
-5.642999999999999545e+02
-5.694974999999999454e+02
-5.568750000000000000e+02
-5.405399999999999636e+02
-5.761799999999999500e+02
-5.765512999999999693e+02
-5.498211999999999762e+02
-5.746950000000000500e+02
-5.947424999999999500e+02
-5.691263000000000147e+02
-5.862037000000000262e+02
-5.706113000000000284e+02
-5.706113000000000284e+02
-5.899162999999999784e+02
-5.691263000000000147e+02
-5.609587000000000216e+02
-5.854611999999999625e+02
-5.791499999999999773e+02
-5.557612000000000307e+02
-5.928862000000000307e+02
-5.876888000000000147e+02
-5.761799999999999500e+02
-5.620724999999999909e+02
-5.828624999999999545e+02
-5.668986999999999625e+02
-5.817487999999999602e+02
-5.772938000000000329e+02
-5.984550000000000409e+02
-5.880599999999999454e+02
-5.698687999999999647e+02
-5.954850000000000136e+02
-5.836050000000000182e+02
-5.858324999999999818e+02
-5.932575000000000500e+02
-5.776649999999999636e+02
-5.810062000000000353e+02
-5.691263000000000147e+02
-5.947424999999999500e+02
-5.969700000000000273e+02
-5.620724999999999909e+02
-5.665275000000000318e+02
-5.806349999999999909e+02
-5.553899999999999864e+02
-5.665275000000000318e+02
-5.999400000000000546e+02
-5.839763000000000375e+02
-5.847187999999999874e+02
-5.702400000000000091e+02
-5.828624999999999545e+02
-5.657849999999999682e+02
-5.787786999999999580e+02
-5.635575000000000045e+02
-5.542762000000000171e+02
-5.746950000000000500e+02
-5.728387000000000171e+02
-5.683836999999999762e+02
-5.572463000000000193e+02
-5.609587000000000216e+02
-5.498211999999999762e+02
-5.568750000000000000e+02
-5.401688000000000329e+02
-5.223487999999999829e+02
-5.461087999999999738e+02
-5.346000000000000227e+02
-5.260612999999999602e+02
-5.327437999999999647e+02
-5.290312999999999874e+02
-5.152949999999999591e+02
-5.442525000000000546e+02
-5.379412999999999556e+02
-5.386838000000000193e+02
-5.386838000000000193e+02
-5.249474999999999909e+02
-5.435099999999999909e+02
-5.423962000000000216e+02
-5.457374999999999545e+02
-5.416536999999999580e+02
-5.672699999999999818e+02
-5.442525000000000546e+02
-5.494500000000000455e+02
-5.479650000000000318e+02
-5.565037999999999556e+02
-5.475937999999999874e+02
-5.501924999999999955e+02
-5.501924999999999955e+02
-5.371987000000000307e+02
-5.453663000000000238e+02
-5.386838000000000193e+02
-5.472224999999999682e+02
