-2.316599999999999966e+02
-2.004749999999999943e+02
-2.264625000000000057e+02
-2.327737999999999943e+02
-2.327737999999999943e+02
-2.658149999999999977e+02
-2.587613000000000056e+02
-2.539350000000000023e+02
-2.862337999999999738e+02
-2.502224999999999966e+02
-2.520788000000000011e+02
-2.918025000000000091e+02
-2.984850000000000136e+02
-2.762099999999999795e+02
-2.840063000000000102e+02
-2.773238000000000056e+02
-2.795511999999999944e+02
-2.999700000000000273e+02
-2.769524999999999864e+02
-2.858625000000000114e+02
-3.200174999999999841e+02
-3.014549999999999841e+02
-3.096225000000000023e+02
-3.151913000000000125e+02
-3.051675000000000182e+02
-2.892038000000000011e+02
-3.200174999999999841e+02
-3.151913000000000125e+02
-2.788086999999999875e+02
-2.988562999999999761e+02
-2.995987999999999829e+02
-3.003412000000000148e+02
-3.137062000000000239e+02
-3.062812999999999874e+02
-3.066524999999999750e+02
-3.129637000000000171e+02
-3.363525000000000205e+02
-3.315262000000000171e+02
-3.415500000000000114e+02
-3.304125000000000227e+02
-3.352386999999999944e+02
-3.356100000000000136e+02
-3.207599999999999909e+02
-3.292988000000000284e+02
-3.552862999999999829e+02
-3.549150000000000205e+02
-3.563999999999999773e+02
-3.638249999999999886e+02
-3.393224999999999909e+02
-3.374662000000000148e+02
-3.660525000000000091e+02
-3.467475000000000023e+02
-3.263288000000000011e+02
-3.556575000000000273e+02
-3.745912000000000148e+02
-3.415500000000000114e+02
-3.578849999999999909e+02
-3.842436999999999898e+02
-3.653100000000000023e+02
-3.812737000000000194e+02
-3.779325000000000045e+02
-3.927825000000000273e+02
-3.738487999999999829e+02
-3.552862999999999829e+02
-3.838725000000000023e+02
-4.016924999999999955e+02
-3.846150000000000091e+02
-3.912975000000000136e+02
-4.009499999999999886e+02
-3.723636999999999944e+02
-3.783036999999999921e+02
-4.080038000000000125e+02
-3.990937999999999874e+02
-3.935249999999999773e+02
-4.120874999999999773e+02
-4.072613000000000056e+02
-4.102312999999999761e+02
-4.161712999999999738e+02
-4.191413000000000011e+02
-3.935249999999999773e+02
-4.057762000000000171e+02
-4.117162000000000148e+02
-3.994649999999999750e+02
-4.072613000000000056e+02
-4.336200000000000045e+02
-4.280511999999999944e+02
-4.399311999999999898e+02
-4.302787000000000148e+02
-4.403025000000000091e+02
-4.265663000000000125e+02
-4.466138000000000261e+02
-4.354762999999999806e+02
-4.243387000000000171e+02
-4.061474999999999795e+02
-3.857287999999999784e+02
-4.054049999999999727e+02
-4.035488000000000284e+02
-3.879562999999999988e+02
-4.154286999999999921e+02
-4.280511999999999944e+02
-4.031775000000000091e+02
-4.135724999999999909e+02
-4.120874999999999773e+02
-4.091175000000000068e+02
-4.150575000000000045e+02
-4.139438000000000102e+02
-3.990937999999999874e+02
-4.209975000000000023e+02
-4.325063000000000102e+02
-4.351050000000000182e+02
-4.447574999999999932e+02
-4.603500000000000227e+02
-4.339911999999999921e+02
-4.232250000000000227e+02
-4.499549999999999841e+02
-4.269375000000000000e+02
-4.176562999999999874e+02
-4.299075000000000273e+02
-4.209975000000000023e+02
-4.339911999999999921e+02
-4.417875000000000227e+02
-4.258238000000000056e+02
-4.451288000000000125e+02
-4.421587999999999852e+02
-4.581225000000000023e+02
-4.354762999999999806e+02
-4.532962999999999738e+02
-4.403025000000000091e+02
-4.362187999999999874e+02
-4.455000000000000000e+02
-4.436437999999999988e+02
-4.659187999999999761e+02
-4.737149999999999750e+02
-4.488412000000000148e+02
-4.362187999999999874e+02
-4.388174999999999955e+02
-4.328774999999999977e+02
-4.384463000000000079e+02
-4.261949999999999932e+02
-4.362187999999999874e+02
-4.377038000000000011e+02
-4.700024999999999977e+02
-4.625774999999999864e+02
-4.592363000000000284e+02
-4.603500000000000227e+02
-4.403025000000000091e+02
-4.455000000000000000e+02
-4.648050000000000068e+02
-4.325063000000000102e+02
-4.510688000000000102e+02
-4.837388000000000261e+02
-4.451288000000000125e+02
-4.429012000000000171e+02
-4.800262000000000171e+02
-4.536675000000000182e+02
-4.510688000000000102e+02
-4.622062999999999988e+02
-4.633199999999999932e+02
-4.640625000000000000e+02
-4.729725000000000250e+02
-4.659187999999999761e+02
-4.700024999999999977e+02
-4.844812999999999761e+02
-4.566374999999999886e+02
-4.815113000000000056e+02
-4.674037000000000148e+02
-4.540387999999999806e+02
-4.770561999999999898e+02
-4.729725000000000250e+02
-4.859662000000000148e+02
-4.889361999999999853e+02
-4.855950000000000273e+02
-4.644336999999999875e+02
-4.707450000000000045e+02
-4.777988000000000284e+02
-4.900500000000000114e+02
-4.841100000000000136e+02
-5.060138000000000034e+02
-4.874513000000000034e+02
-4.733437999999999874e+02
-4.893075000000000045e+02
-4.815113000000000056e+02
-4.581225000000000023e+02
-5.086125000000000114e+02
-4.555237000000000194e+02
-4.191413000000000011e+02
-4.455000000000000000e+02
-4.514399999999999977e+02
-4.232250000000000227e+02
-4.455000000000000000e+02
-4.425299999999999727e+02
-4.529250000000000114e+02
-4.455000000000000000e+02
-4.458711999999999875e+02
-4.429012000000000171e+02
-4.391888000000000147e+02
-4.518111999999999853e+02
-4.299075000000000273e+02
-4.325063000000000102e+02
-4.748288000000000011e+02
-4.388174999999999955e+02
-4.421587999999999852e+02
-4.674037000000000148e+02
-4.529250000000000114e+02
-4.622062999999999988e+02
-4.700024999999999977e+02
-4.480987999999999829e+02
-4.529250000000000114e+02
-4.714875000000000114e+02
-4.655475000000000136e+02
-4.525536999999999921e+02
-4.777988000000000284e+02
-4.414162999999999784e+02
-4.711161999999999921e+02
-4.822538000000000125e+02
-4.781700000000000159e+02
-4.451288000000000125e+02
-4.558949999999999818e+02
-4.848525000000000205e+02
-4.792837999999999852e+02
-4.755713000000000079e+02
-4.907925000000000182e+02
-4.692599999999999909e+02
-4.599787999999999784e+02
-4.484700000000000273e+02
-4.492124999999999773e+02
-4.525536999999999921e+02
-4.662900000000000205e+02
-4.592363000000000284e+02
-4.544100000000000250e+02
-4.558949999999999818e+02
-4.748288000000000011e+02
-4.789125000000000227e+02
-4.666612999999999829e+02
-4.685174999999999841e+02
-4.959900000000000091e+02
-4.982174999999999727e+02
-4.792837999999999852e+02
-4.700024999999999977e+02
-4.622062999999999988e+02
-4.558949999999999818e+02
-4.766850000000000023e+02
-4.848525000000000205e+02
-4.451288000000000125e+02
-4.744574999999999818e+02
-4.677749999999999773e+02
-4.622062999999999988e+02
-4.648050000000000068e+02
-4.744574999999999818e+02
-4.707450000000000045e+02
-4.618349999999999795e+02
-4.867087000000000216e+02
-4.789125000000000227e+02
-4.896786999999999921e+02
-4.666612999999999829e+02
-4.878224999999999909e+02
-4.744574999999999818e+02
-4.848525000000000205e+02
-4.766850000000000023e+02
-4.952475000000000023e+02
-4.870799999999999841e+02
-4.848525000000000205e+02
-4.837388000000000261e+02
-4.967325000000000159e+02
-5.048999999999999773e+02
-5.019300000000000068e+02
-4.852237999999999829e+02
-4.945049999999999955e+02
-5.019300000000000068e+02
-5.119538000000000011e+02
-5.063849999999999909e+02
-5.212350000000000136e+02
-5.230911999999999580e+02
-5.256900000000000546e+02
-5.178936999999999671e+02
-5.204924999999999500e+02
-5.175225000000000364e+02
-5.212350000000000136e+02
-5.078700000000000045e+02
-5.175225000000000364e+02
-5.305162000000000262e+02
-5.186362000000000307e+02
-5.186362000000000307e+02
-5.074986999999999853e+02
-4.551524999999999750e+02
-4.269375000000000000e+02
-4.588650000000000091e+02
-4.354762999999999806e+02
-4.518111999999999853e+02
-4.566374999999999886e+02
-4.451288000000000125e+02
-4.410450000000000159e+02
-4.410450000000000159e+02
-4.343625000000000114e+02
-4.503263000000000034e+02
-4.547812999999999874e+02
-4.551524999999999750e+02
-4.640625000000000000e+02
-4.703736999999999853e+02
-4.599787999999999784e+02
-4.503263000000000034e+02
-4.655475000000000136e+02
-4.636913000000000125e+02
-4.436437999999999988e+02
-4.547812999999999874e+02
-4.718587999999999738e+02
-4.447574999999999932e+02
-4.570088000000000079e+02
-4.670325000000000273e+02
-4.614637000000000171e+02
-4.596075000000000159e+02
-4.763138000000000147e+02
-4.681462000000000216e+02
-4.622062999999999988e+02
-4.748288000000000011e+02
-4.640625000000000000e+02
-4.733437999999999874e+02
-4.729725000000000250e+02
-4.677749999999999773e+02
-4.751999999999999886e+02
-4.800262000000000171e+02
-4.833675000000000068e+02
-4.707450000000000045e+02
-4.885649999999999977e+02
-4.826250000000000000e+02
-4.948763000000000147e+02
-4.974750000000000227e+02
-4.930199999999999818e+02
-4.915350000000000250e+02
-4.829961999999999875e+02
-4.904212999999999738e+02
-4.711161999999999921e+02
-5.030437999999999761e+02
-4.926487000000000194e+02
-4.848525000000000205e+02
-4.800262000000000171e+02
-5.011875000000000000e+02
-4.948763000000000147e+02
-5.182649999999999864e+02
-5.000738000000000056e+02
-4.789125000000000227e+02
-5.238337000000000216e+02
-5.078700000000000045e+02
-4.948763000000000147e+02
-5.245761999999999716e+02
-4.885649999999999977e+02
-4.896786999999999921e+02
-5.041575000000000273e+02
-4.948763000000000147e+02
-5.134388000000000147e+02
-5.279175000000000182e+02
-5.067563000000000102e+02
-5.011875000000000000e+02
-5.242050000000000409e+02
-5.152949999999999591e+02
-5.000738000000000056e+02
-5.123250000000000455e+02
-5.097262999999999806e+02
-5.219774999999999636e+02
-5.427675000000000409e+02
-5.138099999999999454e+02
-5.141812999999999647e+02
-5.568750000000000000e+02
-5.171512000000000171e+02
-5.108399999999999750e+02
-5.338574999999999591e+02
-5.353424999999999727e+02
-5.390549999999999500e+02
-5.364561999999999671e+02
-5.212350000000000136e+02
-5.312586999999999762e+02
-5.379412999999999556e+02
-5.156662999999999784e+02
-5.401688000000000329e+02
-5.397975000000000136e+02
-5.305162000000000262e+02
-5.294025000000000318e+02
-5.294025000000000318e+02
-5.316299999999999955e+02
-5.275462999999999738e+02
-5.420249999999999773e+02
-5.334863000000000284e+02
-5.123250000000000455e+02
-5.375700000000000500e+02
-5.320013000000000147e+02
-5.323724999999999454e+02
-5.379412999999999556e+02
-5.182649999999999864e+02
-5.397975000000000136e+02
-5.230911999999999580e+02
-5.323724999999999454e+02
-5.216063000000000329e+02
-5.353424999999999727e+02
-5.238337000000000216e+02
-5.223487999999999829e+02
-5.245761999999999716e+02
-5.301449999999999818e+02
-5.197500000000000000e+02
-5.416536999999999580e+02
-5.423962000000000216e+02
-5.397975000000000136e+02
-5.331150000000000091e+02
-5.446237999999999602e+02
-5.464800000000000182e+02
-5.446237999999999602e+02
-5.561325000000000500e+02
-5.587313000000000329e+02
-5.709824999999999591e+02
-5.386838000000000193e+02
-5.227200000000000273e+02
-5.639288000000000238e+02
-5.468513000000000375e+02
