-5.531624999999999659e+01
-5.828625000000000256e+01
-3.044249999999999901e+01
-4.789124999999999943e+01
-3.786749999999999972e+01
-4.714874999999999972e+01
-5.568750000000000000e+01
-5.754375000000000284e+01
-4.789124999999999943e+01
-6.645374999999999943e+01
-4.269375000000000142e+01
-6.014249999999999829e+01
-7.944750000000000512e+01
-5.865749999999999886e+01
-1.009800000000000040e+02
-9.206999999999999318e+01
-8.167499999999999716e+01
-1.098900000000000006e+02
-1.362487000000000137e+02
-1.084050000000000011e+02
-1.366200000000000045e+02
-1.369912999999999954e+02
-1.436738000000000000e+02
-1.462725000000000080e+02
-1.433025000000000091e+02
-1.596374999999999886e+02
-1.540688000000000102e+02
-1.551825000000000045e+02
-1.488711999999999875e+02
-1.700324999999999989e+02
-1.752299999999999898e+02
-1.626074999999999875e+02
-1.811699999999999875e+02
-1.956487999999999943e+02
-1.730024999999999977e+02
-1.730024999999999977e+02
-1.871100000000000136e+02
-1.685475000000000136e+02
-1.744875000000000114e+02
-2.030737000000000023e+02
-1.822838000000000136e+02
-1.752299999999999898e+02
-1.926787999999999954e+02
-1.885949999999999989e+02
-1.885949999999999989e+02
-2.104987000000000137e+02
-2.001037000000000035e+02
-2.079000000000000057e+02
-2.075286999999999864e+02
-2.246062000000000012e+02
-2.164387999999999863e+02
-2.197800000000000011e+02
-2.272050000000000125e+02
-2.583899999999999864e+02
-2.316599999999999966e+02
-2.665575000000000045e+02
-2.591324999999999932e+02
-2.457675000000000125e+02
-2.621025000000000205e+02
-2.613600000000000136e+02
-2.899463000000000079e+02
-2.929162999999999784e+02
-2.628450000000000273e+02
-2.728686999999999898e+02
-2.713838000000000079e+02
-2.539350000000000023e+02
-2.947724999999999795e+02
-2.509650000000000034e+02
-2.821499999999999773e+02
-2.970000000000000000e+02
-2.895749999999999886e+02
-2.836349999999999909e+02
-2.918025000000000091e+02
-3.163050000000000068e+02
-2.981136999999999944e+02
-3.111075000000000159e+02
-2.929162999999999784e+02
-3.181612999999999829e+02
-3.374662000000000148e+02
-3.025688000000000102e+02
-2.929162999999999784e+02
-3.337538000000000125e+02
-3.192749999999999773e+02
-3.159336999999999875e+02
-3.408075000000000045e+02
-3.233587999999999738e+02
-3.437774999999999750e+02
-3.467475000000000023e+02
-3.155625000000000000e+02
-3.296700000000000159e+02
-3.664238000000000284e+02
-3.460049999999999955e+02
-3.478613000000000284e+02
-3.846150000000000091e+02
-3.745912000000000148e+02
-3.556575000000000273e+02
-3.582563000000000102e+02
-3.738487999999999829e+02
-3.697649999999999864e+02
-3.757049999999999841e+02
-3.753337000000000216e+02
-3.801600000000000250e+02
-3.801600000000000250e+02
-3.820163000000000011e+02
-4.031775000000000091e+02
-3.890699999999999932e+02
-4.128299999999999841e+02
-4.024350000000000023e+02
-4.031775000000000091e+02
-4.158000000000000114e+02
-4.117162000000000148e+02
-4.087461999999999875e+02
-4.191413000000000011e+02
-3.946388000000000034e+02
-4.135724999999999909e+02
-4.217400000000000091e+02
-4.206263000000000147e+02
-4.429012000000000171e+02
-4.317638000000000034e+02
-4.169137999999999806e+02
-4.328774999999999977e+02
-4.091175000000000068e+02
-3.775611999999999853e+02
-4.054049999999999727e+02
-4.124587000000000216e+02
-3.898125000000000000e+02
-4.172850000000000250e+02
-4.065187999999999988e+02
-4.098600000000000136e+02
-4.046625000000000227e+02
-4.202549999999999955e+02
-4.195124999999999886e+02
-4.217400000000000091e+02
-4.525536999999999921e+02
-4.291650000000000205e+02
-4.258238000000000056e+02
-4.339911999999999921e+02
-4.406738000000000284e+02
-4.113450000000000273e+02
-4.321349999999999909e+02
-4.347337999999999738e+02
-4.384463000000000079e+02
-4.436437999999999988e+02
-4.380749999999999886e+02
-4.343625000000000114e+02
-4.551524999999999750e+02
-4.447574999999999932e+02
-4.228537999999999784e+02
-4.354762999999999806e+02
-4.484700000000000273e+02
-4.273086999999999875e+02
-4.755713000000000079e+02
-4.625774999999999864e+02
-4.466138000000000261e+02
-4.670325000000000273e+02
-4.610924999999999727e+02
-4.841100000000000136e+02
-4.896786999999999921e+02
-4.700024999999999977e+02
-4.893075000000000045e+02
-4.978462999999999852e+02
-5.011875000000000000e+02
-4.993312999999999988e+02
-5.112112000000000194e+02
-5.082411999999999921e+02
-5.011875000000000000e+02
-5.119538000000000011e+02
-5.193787999999999556e+02
-5.268038000000000238e+02
-5.412825000000000273e+02
-5.308875000000000455e+02
-5.401688000000000329e+02
-5.461087999999999738e+02
-5.301449999999999818e+02
-5.219774999999999636e+02
-5.475937999999999874e+02
-5.249474999999999909e+02
-5.327437999999999647e+02
-5.301449999999999818e+02
-5.279175000000000182e+02
-5.357137000000000171e+02
-5.316299999999999955e+02
-5.661562999999999874e+02
-5.568750000000000000e+02
-5.357137000000000171e+02
-5.405399999999999636e+02
-5.479650000000000318e+02
-5.668986999999999625e+02
-5.331150000000000091e+02
-5.086125000000000114e+02
-5.227200000000000273e+02
-5.212350000000000136e+02
-5.034150000000000205e+02
-5.212350000000000136e+02
-5.175225000000000364e+02
-4.926487000000000194e+02
-5.052712000000000216e+02
-5.071274999999999977e+02
-5.182649999999999864e+02
-5.086125000000000114e+02
-5.242050000000000409e+02
-5.268038000000000238e+02
-5.297736999999999625e+02
-5.412825000000000273e+02
-5.371987000000000307e+02
-5.479650000000000318e+02
-5.316299999999999955e+02
-5.423962000000000216e+02
-5.435099999999999909e+02
-5.579887999999999693e+02
-5.375700000000000500e+02
-5.631862999999999602e+02
-5.446237999999999602e+02
-5.576174999999999500e+02
-5.275462999999999738e+02
-4.384463000000000079e+02
-4.462425000000000068e+02
-4.480987999999999829e+02
-4.581225000000000023e+02
-4.492124999999999773e+02
-4.703736999999999853e+02
-4.770561999999999898e+02
-4.551524999999999750e+02
-4.532962999999999738e+02
-4.670325000000000273e+02
-4.677749999999999773e+02
-4.588650000000000091e+02
-4.596075000000000159e+02
-4.674037000000000148e+02
-4.688888000000000034e+02
-4.722300000000000182e+02
-4.666612999999999829e+02
-4.577513000000000147e+02
-4.692599999999999909e+02
-4.629488000000000056e+02
-4.451288000000000125e+02
-4.815113000000000056e+02
-4.558949999999999818e+02
-4.811399999999999864e+02
-4.852237999999999829e+02
-4.870799999999999841e+02
-4.926487000000000194e+02
-4.696313000000000102e+02
-4.759424999999999955e+02
-5.034150000000000205e+02
-4.818824999999999932e+02
-4.685174999999999841e+02
-4.926487000000000194e+02
-4.971037999999999784e+02
-4.893075000000000045e+02
-4.878224999999999909e+02
-4.948763000000000147e+02
-5.026725000000000136e+02
-4.807687999999999988e+02
-4.874513000000000034e+02
-5.030437999999999761e+02
-5.178936999999999671e+02
-5.000738000000000056e+02
-5.019300000000000068e+02
-5.000738000000000056e+02
-4.997024999999999864e+02
-4.907925000000000182e+02
-5.197500000000000000e+02
-5.104687999999999874e+02
-5.048999999999999773e+02
-4.993312999999999988e+02
-5.063849999999999909e+02
-4.971037999999999784e+02
-5.071274999999999977e+02
-4.922774999999999750e+02
-4.993312999999999988e+02
-5.019300000000000068e+02
-5.086125000000000114e+02
-4.844812999999999761e+02
-5.008163000000000125e+02
-5.238337000000000216e+02
-5.152949999999999591e+02
-5.152949999999999591e+02
-5.171512000000000171e+02
-5.037862999999999829e+02
-4.852237999999999829e+02
-5.011875000000000000e+02
-5.093550000000000182e+02
-5.178936999999999671e+02
-5.316299999999999955e+02
-5.301449999999999818e+02
-5.368274999999999864e+02
-5.565037999999999556e+02
-5.305162000000000262e+02
-5.182649999999999864e+02
-5.423962000000000216e+02
-5.297736999999999625e+02
-5.279175000000000182e+02
-5.338574999999999591e+02
-5.383125000000000000e+02
-5.275462999999999738e+02
-5.394262999999999693e+02
-5.397975000000000136e+02
-5.360850000000000364e+02
-5.472224999999999682e+02
-5.357137000000000171e+02
-5.401688000000000329e+02
-5.323724999999999454e+02
-5.353424999999999727e+02
-5.216063000000000329e+02
-5.446237999999999602e+02
-5.342287999999999784e+02
-5.338574999999999591e+02
-5.331150000000000091e+02
-5.353424999999999727e+02
-5.282888000000000375e+02
-5.245761999999999716e+02
-5.490787000000000262e+02
-5.468513000000000375e+02
-5.435099999999999909e+02
-5.527912999999999784e+02
-5.483361999999999625e+02
-5.516775000000000091e+02
-5.698687999999999647e+02
-5.364561999999999671e+02
-5.520488000000000284e+02
-5.490787000000000262e+02
-5.539049999999999727e+02
-5.591024999999999636e+02
-5.550186999999999671e+02
-5.360850000000000364e+02
-5.516775000000000091e+02
-5.620724999999999909e+02
-5.579887999999999693e+02
-5.624437000000000353e+02
-5.646712999999999738e+02
-5.453663000000000238e+02
-5.635575000000000045e+02
-5.568750000000000000e+02
-5.535338000000000420e+02
-5.665275000000000318e+02
-5.743237000000000307e+02
-5.735811999999999671e+02
-5.565037999999999556e+02
-5.817487999999999602e+02
-5.672699999999999818e+02
-5.605874999999999773e+02
-5.813775000000000546e+02
-5.746950000000000500e+02
-5.661562999999999874e+02
-5.642999999999999545e+02
-5.702400000000000091e+02
-5.828624999999999545e+02
-5.895449999999999591e+02
-5.850900000000000318e+02
-5.895449999999999591e+02
-6.040236999999999625e+02
-5.787786999999999580e+02
-6.032812999999999874e+02
-6.010538000000000238e+02
-6.021675000000000182e+02
-5.947424999999999500e+02
-6.021675000000000182e+02
-6.088500000000000227e+02
-5.999400000000000546e+02
-6.095924999999999727e+02
-6.233287000000000262e+02
-6.129338000000000193e+02
-6.032812999999999874e+02
-5.899162999999999784e+02
-5.821200000000000045e+02
-6.107061999999999671e+02
-5.943713000000000193e+02
-6.088500000000000227e+02
-6.066224999999999454e+02
-5.984550000000000409e+02
-5.925149999999999864e+02
-5.962274999999999636e+02
-6.036525000000000318e+02
-6.170175000000000409e+02
-5.969700000000000273e+02
-5.962274999999999636e+02
-6.196163000000000238e+02
-6.118200000000000500e+02
-6.159036999999999580e+02
-6.237000000000000455e+02
-6.222150000000000318e+02
-6.144188000000000329e+02
-6.144188000000000329e+02
-6.207300000000000182e+02
-5.824913000000000238e+02
-5.706113000000000284e+02
-5.553899999999999864e+02
-5.524199999999999591e+02
-5.457374999999999545e+02
-5.178936999999999671e+02
-4.859662000000000148e+02
-5.011875000000000000e+02
-4.952475000000000023e+02
-4.885649999999999977e+02
-4.997024999999999864e+02
-4.971037999999999784e+02
-5.008163000000000125e+02
-4.881938000000000102e+02
-5.078700000000000045e+02
-4.985887000000000171e+02
-4.963613000000000284e+02
-4.926487000000000194e+02
-5.019300000000000068e+02
-4.855950000000000273e+02
-4.941338000000000079e+02
-4.982174999999999727e+02
-4.900500000000000114e+02
-5.152949999999999591e+02
-4.915350000000000250e+02
-4.959900000000000091e+02
-5.141812999999999647e+02
