-4.417503999999999905e+03
-4.455743000000000393e+03
-4.495095000000000255e+03
-4.469850000000000364e+03
-4.450917000000000371e+03
-4.491011000000000422e+03
-4.470963999999999942e+03
-4.462796000000000276e+03
-4.493238999999999578e+03
-4.466509000000000015e+03
-4.455743000000000393e+03
-4.526650999999999840e+03
-4.524423999999999978e+03
-4.527765000000000327e+03
-4.568974000000000160e+03
-4.535189999999999600e+03
-4.557094000000000051e+03
-4.554865999999999985e+03
-4.532220000000000255e+03
-4.540759000000000015e+03
-4.571201000000000022e+03
-4.589764000000000124e+03
-4.553381000000000313e+03
-4.560064000000000306e+03
-4.571201000000000022e+03
-4.562662999999999556e+03
-4.553381000000000313e+03
-4.560064000000000306e+03
-4.524423999999999978e+03
-4.566375000000000000e+03
-4.608698000000000320e+03
-4.552639000000000124e+03
-4.583453000000000429e+03
-4.580854000000000269e+03
-4.597560000000000400e+03
-4.615009000000000015e+03
-4.604243000000000393e+03
-4.553010000000000218e+03
-4.594961000000000240e+03
-4.628002000000000407e+03
-4.617235999999999876e+03
-4.584565999999999804e+03
-4.627260000000000218e+03
-4.636542000000000371e+03
-4.585309000000000196e+03
-4.617235999999999876e+03
-4.606470000000000255e+03
-4.618720999999999549e+03
-4.609439999999999600e+03
-4.633570999999999913e+03
-4.603500000000000000e+03
-4.619092999999999847e+03
-4.623546999999999571e+03
-4.623176000000000386e+03
-4.643595000000000255e+03
-4.668469000000000051e+03
-4.616864999999999782e+03
-4.633570999999999913e+03
-4.628373999999999796e+03
-4.606099000000000160e+03
-4.644337000000000444e+03
-4.611296000000000276e+03
-4.613152000000000044e+03
-4.645079999999999927e+03
-4.645823000000000320e+03
-4.635055999999999585e+03
-4.659559000000000196e+03
-4.656588999999999942e+03
-4.668097999999999956e+03
-4.671067000000000007e+03
-4.647307999999999993e+03
-4.606470000000000255e+03
-4.660301000000000386e+03
-4.654360999999999876e+03
-4.685175000000000182e+03
-4.645823000000000320e+03
-4.681091000000000349e+03
-4.697426000000000386e+03
-4.680720000000000255e+03
-4.695940999999999804e+03
-4.697426000000000386e+03
-4.704109000000000378e+03
-4.697055000000000291e+03
-4.713390000000000327e+03
-4.717845000000000255e+03
-4.679234999999999673e+03
-4.669211000000000240e+03
-4.679234999999999673e+03
-4.700024999999999636e+03
-4.690001000000000204e+03
-4.728239999999999782e+03
-4.697055000000000291e+03
-4.664385000000000218e+03
-4.720444000000000415e+03
-4.662158000000000357e+03
-4.698539999999999964e+03
-4.710792000000000371e+03
-4.715618000000000393e+03
-4.689259000000000015e+03
-4.717474000000000160e+03
-4.709677999999999884e+03
-4.708935000000000400e+03
-4.722300000000000182e+03
-4.723413999999999760e+03
-4.720073000000000320e+03
-4.723413999999999760e+03
-4.760538999999999760e+03
-4.749771999999999935e+03
-4.779844000000000051e+03
-4.717103000000000065e+03
-4.783185000000000400e+03
-4.774645999999999731e+03
-4.772418999999999869e+03
-4.773904000000000451e+03
-4.757569000000000415e+03
-4.772789999999999964e+03
-4.740490999999999985e+03
-4.809543999999999869e+03
-4.771676000000000386e+03
-4.775389000000000124e+03
-4.796921000000000276e+03
-4.819939000000000306e+03
-4.780957999999999629e+03
-4.760538999999999760e+03
-4.766850000000000364e+03
-4.712275999999999840e+03
-4.738264000000000124e+03
-4.751256999999999607e+03
-4.733438000000000102e+03
-4.739006000000000313e+03
-4.753113999999999578e+03
-4.721186999999999898e+03
-4.738635000000000218e+03
-4.726755000000000109e+03
-4.751256999999999607e+03
-4.708192000000000007e+03
-4.732323999999999614e+03
-4.746430999999999585e+03
-4.731210000000000036e+03
-4.728981999999999971e+03
-4.765735999999999876e+03
-4.756826000000000022e+03
-4.731210000000000036e+03
-4.772418999999999869e+03
-4.733065999999999804e+03
-4.753113999999999578e+03
-4.737893000000000029e+03
-4.759054000000000087e+03
-4.759054000000000087e+03
-4.786896999999999935e+03
-4.803604000000000269e+03
-4.773904000000000451e+03
-4.760538999999999760e+03
-4.749029999999999745e+03
-4.767592999999999847e+03
-4.758311999999999898e+03
-4.747173999999999978e+03
-4.780586000000000240e+03
-4.738264000000000124e+03
-4.776502000000000407e+03
-4.731581000000000131e+03
-4.792095000000000255e+03
-4.752743000000000393e+03
-4.775389000000000124e+03
-4.806944999999999709e+03
-4.777244999999999891e+03
-4.802489999999999782e+03
-4.779100999999999658e+03
-4.782442000000000007e+03
-4.780586000000000240e+03
-4.776873999999999796e+03
-4.792837000000000444e+03
-4.775760000000000218e+03
-4.795064999999999600e+03
-4.775760000000000218e+03
-4.794323000000000320e+03
-4.780215000000000146e+03
-4.798777000000000044e+03
-4.802118999999999687e+03
-4.812514000000000124e+03
-4.822537999999999556e+03
-4.802860999999999876e+03
-4.806573999999999614e+03
-4.774645999999999731e+03
-4.802860999999999876e+03
-4.788381999999999607e+03
-4.805460000000000036e+03
-4.804345999999999549e+03
-4.823650999999999840e+03
-4.793579999999999927e+03
-4.824021999999999935e+03
-4.822167000000000371e+03
-4.809914999999999964e+03
-4.834417000000000371e+03
-4.832932999999999993e+03
-4.818824999999999818e+03
-4.842213999999999942e+03
-4.853722999999999956e+03
-4.833675000000000182e+03
-4.825136000000000422e+03
-4.824394000000000233e+03
-4.841470999999999549e+03
-4.798405999999999949e+03
-4.776873999999999796e+03
-4.781328999999999724e+03
-4.780957999999999629e+03
-4.760538999999999760e+03
-4.774274999999999636e+03
-4.747545000000000073e+03
-4.724527000000000044e+03
-4.694456000000000131e+03
-4.690743999999999687e+03
-4.733809000000000196e+03
-4.727497999999999593e+03
-4.730467999999999847e+03
-4.741604999999999563e+03
-4.712275999999999840e+03
-4.715618000000000393e+03
-4.763880000000000109e+03
-4.722671000000000276e+03
-4.732323999999999614e+03
-4.730467999999999847e+03
-4.728610999999999876e+03
-4.741975999999999658e+03
-4.709677999999999884e+03
-4.727126000000000204e+03
-4.710048999999999978e+03
-4.770563000000000102e+03
-4.720073000000000320e+03
-4.703737000000000080e+03
-4.766850000000000364e+03
-4.750886000000000422e+03
-4.714131999999999607e+03
-4.753855999999999767e+03
-4.764993999999999687e+03
-4.740119999999999891e+03
-4.761280999999999949e+03
-4.773533000000000357e+03
-4.746060000000000400e+03
-4.750515000000000327e+03
-4.765364999999999782e+03
-4.751628999999999905e+03
-4.756083999999999833e+03
-4.759796000000000276e+03
-4.795436999999999898e+03
-4.765364999999999782e+03
-4.787269000000000233e+03
-4.777244999999999891e+03
-4.783927999999999884e+03
-4.789125000000000000e+03
-4.802489999999999782e+03
-4.814740999999999985e+03
-4.779100999999999658e+03
-4.759796000000000276e+03
-4.794323000000000320e+03
-4.807315999999999804e+03
-4.772046999999999571e+03
-4.789125000000000000e+03
-4.806203000000000429e+03
-4.786154999999999745e+03
-4.813627000000000407e+03
-4.815112000000000080e+03
-4.794694000000000415e+03
-4.790980999999999767e+03
-4.808059000000000196e+03
-4.794323000000000320e+03
-4.795064999999999600e+03
-4.815112000000000080e+03
-4.799149000000000342e+03
-4.838130000000000109e+03
-4.837759000000000015e+03
-4.832932999999999993e+03
-4.849639000000000124e+03
-4.843328000000000429e+03
-4.818082999999999629e+03
-4.819195999999999913e+03
-4.835902000000000044e+03
-4.822167000000000371e+03
-4.822537999999999556e+03
-4.841470999999999549e+03
-4.825136000000000422e+03
-4.886020999999999731e+03
-4.834417000000000371e+03
-4.824765000000000327e+03
-4.846668999999999869e+03
-4.905698000000000320e+03
-4.855949999999999818e+03
-4.887506000000000313e+03
-4.859662999999999556e+03
-4.844813000000000102e+03
-4.851865999999999985e+03
-4.890847999999999956e+03
-4.879338999999999942e+03
-4.881938000000000102e+03
-4.891590000000000146e+03
-4.887877000000000407e+03
-4.869686999999999898e+03
-4.906811999999999898e+03
-4.910895000000000437e+03
-4.919063000000000102e+03
-4.923145999999999731e+03
-4.937625000000000000e+03
-4.908667000000000371e+03
-4.913864999999999782e+03
-4.901243000000000393e+03
-4.902728000000000065e+03
-4.899386000000000422e+03
-4.918690999999999804e+03
-4.899015000000000327e+03
-4.938738999999999578e+03
-4.890104999999999563e+03
-4.935769000000000233e+03
-4.940966000000000349e+03
-4.920918999999999869e+03
-4.945050000000000182e+03
-4.959899999999999636e+03
-4.923145999999999731e+03
-4.950989999999999782e+03
-4.925002000000000407e+03
-4.940595000000000255e+03
-4.898644000000000233e+03
-4.968810000000000400e+03
-4.950989999999999782e+03
-4.939109999999999673e+03
-4.979948000000000320e+03
-4.961385000000000218e+03
-4.951360999999999876e+03
-4.938368000000000393e+03
-5.008533999999999651e+03
-4.963240999999999985e+03
-5.012246000000000095e+03
-4.978091000000000349e+03
-4.991085000000000036e+03
-4.983288999999999760e+03
-4.991828000000000429e+03
-4.956930000000000291e+03
-5.006305999999999585e+03
-5.002965000000000146e+03
-4.973265000000000327e+03
-4.973265000000000327e+03
-4.970667000000000371e+03
-4.981432999999999993e+03
-5.002222999999999956e+03
-5.007048999999999978e+03
-4.992198999999999614e+03
-5.017814999999999600e+03
-5.009646999999999935e+03
-4.996654000000000451e+03
-5.017073000000000320e+03
-5.002594000000000051e+03
-4.998510000000000218e+03
-5.038604999999999563e+03
-5.045287999999999556e+03
-5.021527000000000044e+03
-5.019671000000000276e+03
-5.031921999999999571e+03
-5.024497999999999593e+03
-5.038604999999999563e+03
-5.063479000000000269e+03
-5.034893000000000029e+03
-5.050484999999999673e+03
-5.051599000000000160e+03
-5.035635000000000218e+03
-5.052712000000000444e+03
-5.067934000000000196e+03
-5.049371000000000095e+03
-5.086125000000000000e+03
-5.039719000000000051e+03
-5.073502000000000407e+03
-5.071645999999999731e+03
-5.074244999999999891e+03
-5.061251000000000204e+03
-5.095777000000000044e+03
-5.061251000000000204e+03
-5.085381999999999607e+03
-5.090208999999999833e+03
-5.066819999999999709e+03
-5.069418999999999869e+03
-5.073873999999999796e+03
-5.079442000000000007e+03
-5.065706000000000131e+03
-5.060137999999999920e+03
-5.075359000000000378e+03
-5.049371000000000095e+03
-5.072018000000000029e+03
-5.087238999999999578e+03
-5.062364999999999782e+03
-5.066819999999999709e+03
-5.098376000000000204e+03
-5.041574999999999818e+03
-5.044545000000000073e+03
-5.068305000000000291e+03
-5.049000000000000000e+03
-5.043060000000000400e+03
-5.050484999999999673e+03
-5.065706000000000131e+03
-5.039719000000000051e+03
-5.053826000000000022e+03
-5.055311999999999898e+03
-5.075729999999999563e+03
-5.073131000000000313e+03
-5.078699999999999818e+03
-5.066078000000000429e+03
-5.056054000000000087e+03
-5.086125000000000000e+03
-5.053083999999999833e+03
-5.096149000000000342e+03
-5.087980999999999767e+03
-5.061993999999999687e+03
-5.088353000000000065e+03
-5.059765999999999622e+03
-5.056796000000000276e+03
