-5.275462999999999738e+02
-5.048999999999999773e+02
-5.553899999999999864e+02
-5.130674999999999955e+02
-5.286599999999999682e+02
-5.858324999999999818e+02
-5.650425000000000182e+02
-5.516775000000000091e+02
-6.073650000000000091e+02
-6.040236999999999625e+02
-6.129338000000000193e+02
-6.470887000000000171e+02
-6.456037999999999784e+02
-6.808724999999999454e+02
-7.157699999999999818e+02
-6.701063000000000329e+02
-7.057463000000000193e+02
-7.391588000000000420e+02
-7.354461999999999762e+02
-7.142849999999999682e+02
-7.818524999999999636e+02
-7.814813000000000329e+02
-7.547513000000000147e+02
-8.030136999999999716e+02
-8.000438000000000329e+02
-7.688587999999999738e+02
-8.379112999999999829e+02
-8.419950000000000045e+02
-8.078400000000000318e+02
-8.497912999999999784e+02
-8.813474999999999682e+02
-8.624138000000000375e+02
-9.340650000000000546e+02
-9.155025000000000546e+02
-9.106762999999999693e+02
-9.262686999999999671e+02
-9.251549999999999727e+02
-9.440887000000000171e+02
-9.667350000000000136e+02
-9.704474999999999909e+02
-9.767587999999999511e+02
-1.021679999999999950e+03
-1.023908000000000015e+03
-1.005716000000000008e+03
-1.065858999999999924e+03
-1.083679000000000087e+03
-1.024650000000000091e+03
-1.070314000000000078e+03
-1.090732999999999947e+03
-1.076625000000000000e+03
-1.083679000000000087e+03
-1.151989000000000033e+03
-1.145306000000000040e+03
-1.173520999999999958e+03
-1.176119999999999891e+03
-1.143078999999999951e+03
-1.210275000000000091e+03
-1.179461000000000013e+03
-1.154215999999999894e+03
-1.190228000000000065e+03
-1.234405999999999949e+03
-1.212131000000000085e+03
-1.213615999999999985e+03
-1.259651000000000067e+03
-1.242944999999999936e+03
-1.241830999999999904e+03
-1.285638999999999896e+03
-1.273387999999999920e+03
-1.278585000000000036e+03
-1.313111000000000104e+03
-1.306799999999999955e+03
-1.296776000000000067e+03
-1.303087999999999965e+03
-1.311998000000000047e+03
-1.320536000000000058e+03
-1.343554000000000087e+03
-1.284525000000000091e+03
-1.290836000000000013e+03
-1.313482999999999947e+03
-1.300489000000000033e+03
-1.286381000000000085e+03
-1.280813000000000102e+03
-1.316080999999999904e+03
-1.283781999999999925e+03
-1.298633000000000038e+03
-1.308285000000000082e+03
-1.303459000000000060e+03
-1.329817999999999984e+03
-1.323877999999999929e+03
-1.337242999999999938e+03
-1.357289999999999964e+03
-1.359517000000000053e+03
-1.385875999999999976e+03
-1.407037000000000035e+03
-1.397013999999999896e+03
-1.409265000000000100e+03
-1.403695999999999913e+03
-1.400355000000000018e+03
-1.371026000000000067e+03
-1.395900000000000091e+03
-1.358031999999999925e+03
-1.381791999999999916e+03
-1.416690000000000055e+03
-1.408521999999999935e+03
-1.431539999999999964e+03
-1.439708000000000084e+03
-1.410750000000000000e+03
-1.426713999999999942e+03
-1.438964999999999918e+03
-1.444162000000000035e+03
-1.416690000000000055e+03
-1.453443999999999960e+03
-1.443790999999999940e+03
-1.424486000000000104e+03
-1.468664999999999964e+03
-1.467922000000000025e+03
-1.469036000000000058e+03
-1.462724999999999909e+03
-1.477203999999999951e+03
-1.489454999999999927e+03
-1.474605000000000018e+03
-1.479801999999999907e+03
-1.498365000000000009e+03
-1.461982999999999947e+03
-1.515070999999999913e+03
-1.490940000000000055e+03
-1.486855999999999995e+03
-1.542914999999999964e+03
-1.494652000000000044e+03
-1.503563000000000102e+03
-1.558135999999999967e+03
-1.540688000000000102e+03
-1.550711000000000013e+03
-1.558508000000000038e+03
-1.538830999999999904e+03
-1.552195999999999913e+03
-1.577441000000000031e+03
-1.534748000000000047e+03
-1.575955999999999904e+03
-1.571873000000000047e+03
-1.553681000000000040e+03
-1.570759000000000015e+03
-1.591176999999999907e+03
-1.586351000000000113e+03
-1.603429000000000087e+03
-1.573729000000000042e+03
-1.576327999999999975e+03
-1.531035000000000082e+03
-1.515442999999999984e+03
-1.490940000000000055e+03
-1.462354000000000042e+03
-1.472749000000000024e+03
-1.440450000000000045e+03
-1.400355000000000018e+03
-1.413720000000000027e+03
-1.378451000000000022e+03
-1.373253999999999905e+03
-1.395156999999999925e+03
-1.391444999999999936e+03
-1.371769000000000005e+03
-1.386248000000000047e+03
-1.382535000000000082e+03
-1.385505000000000109e+03
-1.414834000000000060e+03
-1.402953999999999951e+03
-1.405923999999999978e+03
-1.412605999999999995e+03
-1.417804000000000087e+03
-1.416318999999999960e+03
-1.417804000000000087e+03
-1.449730999999999995e+03
-1.437851000000000113e+03
-1.433025000000000091e+03
-1.418174999999999955e+03
-1.422630000000000109e+03
-1.393672000000000025e+03
-1.417804000000000087e+03
-1.420030999999999949e+03
-1.425971000000000004e+03
-1.440078999999999951e+03
-1.408151000000000067e+03
-1.420773999999999887e+03
-1.459012999999999920e+03
-1.440450000000000045e+03
-1.423000999999999976e+03
-1.462354000000000042e+03
-1.464210000000000036e+03
-1.468664999999999964e+03
-1.462354000000000042e+03
-1.469778999999999996e+03
-1.476833000000000084e+03
-1.467550999999999931e+03
-1.470892000000000053e+03
-1.464952999999999975e+03
-1.485000000000000000e+03
-1.447133000000000038e+03
-1.489826000000000022e+03
-1.515070999999999913e+03
-1.463838999999999942e+03
-1.486114000000000033e+03
-1.507275000000000091e+03
-1.475347999999999956e+03
-1.503191000000000031e+03
-1.529549999999999955e+03
-1.509131000000000085e+03
-1.521383000000000038e+03
-1.521383000000000038e+03
-1.529921000000000049e+03
-1.546999000000000024e+03
-1.549597999999999956e+03
-1.553309999999999945e+03
-1.569273999999999887e+03
-1.575585000000000036e+03
-1.565190000000000055e+03
-1.552195999999999913e+03
-1.574471000000000004e+03
-1.566674999999999955e+03
-1.570759000000000015e+03
-1.580039999999999964e+03
-1.552939000000000078e+03
-1.535118999999999915e+03
-1.561848999999999933e+03
-1.539574000000000069e+03
-1.551825000000000045e+03
-1.578183999999999969e+03
-1.558878999999999905e+03
-1.554795000000000073e+03
-1.571500999999999976e+03
-1.546256000000000085e+03
-1.551083000000000084e+03
-1.571130000000000109e+03
-1.549226000000000113e+03
-1.559621000000000095e+03
-1.576699000000000069e+03
-1.594519000000000005e+03
-1.591920000000000073e+03
-1.589692999999999984e+03
-1.589320999999999913e+03
-1.594146999999999935e+03
-1.593404999999999973e+03
-1.561848999999999933e+03
-1.572243999999999915e+03
-1.583752999999999929e+03
-1.590806000000000040e+03
-1.578183999999999969e+03
-1.600087999999999965e+03
-1.565560999999999922e+03
-1.577441000000000031e+03
-1.565560999999999922e+03
-1.577069999999999936e+03
-1.581525000000000091e+03
-1.610854000000000042e+03
-1.603799999999999955e+03
-1.606398999999999887e+03
-1.605655999999999949e+03
-1.615680000000000064e+03
-1.594890000000000100e+03
-1.613080999999999904e+03
-1.610111000000000104e+03
-1.590434999999999945e+03
-1.619392000000000053e+03
-1.633128999999999905e+03
-1.600087999999999965e+03
-1.613452999999999975e+03
-1.646123000000000047e+03
-1.645380000000000109e+03
-1.649463999999999942e+03
-1.648721000000000004e+03
-1.650205999999999904e+03
-1.677679000000000087e+03
-1.691044000000000096e+03
-1.673595000000000027e+03
-1.676935999999999922e+03
-1.706635999999999967e+03
-1.685474999999999909e+03
-1.694756000000000085e+03
-1.715174999999999955e+03
-1.734851000000000113e+03
-1.727055000000000064e+03
-1.746359999999999900e+03
-1.732624000000000024e+03
-1.736336000000000013e+03
-1.761580999999999904e+03
-1.755269999999999982e+03
-1.756012999999999920e+03
-1.783114000000000033e+03
-1.750073000000000093e+03
-1.772719000000000051e+03
-1.767150000000000091e+03
-1.766036000000000058e+03
-1.757125999999999976e+03
-1.772347999999999956e+03
-1.768634999999999991e+03
-1.774575000000000045e+03
-1.815412000000000035e+03
-1.784598999999999933e+03
-1.761210000000000036e+03
-1.789054000000000087e+03
-1.799077999999999975e+03
-1.767150000000000091e+03
-1.776801999999999907e+03
-1.777915999999999940e+03
-1.787568999999999960e+03
-1.792394999999999982e+03
-1.801675999999999931e+03
-1.805759999999999991e+03
-1.813556000000000040e+03
-1.807988000000000056e+03
-1.813926999999999907e+03
-1.783484999999999900e+03
-1.730395999999999958e+03
-1.752299999999999955e+03
-1.766036000000000058e+03
-1.672480999999999995e+03
-1.672853000000000065e+03
-1.692156999999999925e+03
-1.678049999999999955e+03
-1.675079999999999927e+03
-1.681019999999999982e+03
-1.652063000000000102e+03
-1.634242999999999938e+03
-1.670625000000000000e+03
-1.658002999999999929e+03
-1.582267000000000053e+03
-1.615308999999999969e+03
-1.613080999999999904e+03
-1.596003999999999905e+03
-1.614566000000000031e+03
-1.614566000000000031e+03
-1.623105000000000018e+03
-1.650205999999999904e+03
-1.638698000000000093e+03
-1.629415999999999940e+03
-1.642780999999999949e+03
-1.649835000000000036e+03
-1.636470000000000027e+03
-1.659115999999999985e+03
-1.660972999999999956e+03
-1.662086000000000013e+03
-1.666912000000000035e+03
-1.665056000000000040e+03
-1.678049999999999955e+03
-1.684732999999999947e+03
-1.676565000000000055e+03
-1.683248000000000047e+03
-1.716288999999999987e+03
-1.706635999999999967e+03
-1.696240999999999985e+03
-1.685846000000000004e+03
-1.702551999999999907e+03
-1.677679000000000087e+03
-1.692528999999999996e+03
-1.709605999999999995e+03
-1.694384999999999991e+03
-1.706265000000000100e+03
-1.714432000000000016e+03
-1.662086000000000013e+03
-1.659858999999999924e+03
-1.653175999999999931e+03
-1.641296000000000049e+03
-1.637584000000000060e+03
-1.658744999999999891e+03
-1.660601000000000113e+03
-1.688816000000000031e+03
-1.687330999999999904e+03
-1.663942999999999984e+03
-1.704409000000000106e+03
-1.697726000000000113e+03
-1.688444999999999936e+03
-1.736336000000000013e+03
-1.705521999999999935e+03
-1.685104000000000042e+03
-1.722971000000000004e+03
-1.739676999999999907e+03
-1.716660000000000082e+03
-1.749701000000000022e+03
-1.751929000000000087e+03
-1.737078999999999951e+03
-1.760096000000000004e+03
-1.771233999999999924e+03
-1.765664999999999964e+03
-1.751929000000000087e+03
-1.766778999999999996e+03
-1.777545000000000073e+03
-1.775689000000000078e+03
-1.781258000000000038e+03
-1.778659000000000106e+03
-1.802789999999999964e+03
-1.813926999999999907e+03
-1.796107999999999947e+03
-1.813556000000000040e+03
-1.824323000000000093e+03
-1.795365000000000009e+03
-1.812442999999999984e+03
-1.839544000000000096e+03
-1.820609999999999900e+03
-1.818010999999999967e+03
-1.845855000000000018e+03
-1.826549999999999955e+03
-1.829519999999999982e+03
-1.844740999999999985e+03
-1.820609999999999900e+03
-1.813184999999999945e+03
-1.821723999999999933e+03
-1.797963999999999942e+03
-1.798335000000000036e+03
-1.818753999999999905e+03
-1.813926999999999907e+03
-1.804275000000000091e+03
-1.812070999999999913e+03
-1.783855999999999995e+03
-1.813926999999999907e+03
