-3.620059000000000196e+03
-3.600753999999999905e+03
-3.640106000000000222e+03
-3.609664000000000215e+03
-3.638621000000000095e+03
-3.638992000000000189e+03
-3.616346000000000004e+03
-3.637878999999999905e+03
-3.694679999999999836e+03
-3.651614999999999782e+03
-3.680572999999999865e+03
-3.674632999999999811e+03
-3.658297999999999774e+03
-3.649387000000000171e+03
-3.705445999999999913e+03
-3.670920000000000073e+03
-3.726978999999999814e+03
-3.695793999999999869e+03
-3.733289999999999964e+03
-3.745170000000000073e+03
-3.767815999999999804e+03
-3.736260000000000218e+03
-3.748510999999999967e+03
-3.790833999999999833e+03
-3.776726000000000113e+03
-3.809025000000000091e+03
-3.840210000000000036e+03
-3.812365999999999985e+03
-3.820905000000000200e+03
-3.864713000000000193e+03
-3.839096000000000004e+03
-3.869539000000000215e+03
-3.919657000000000153e+03
-3.903322999999999865e+03
-3.906664000000000215e+03
-3.923740999999999985e+03
-3.917800999999999931e+03
-3.879563000000000102e+03
-3.945273999999999887e+03
-3.950471000000000004e+03
-3.969034000000000106e+03
-3.986481999999999971e+03
-3.947501000000000204e+03
-3.986481999999999971e+03
-4.005045000000000073e+03
-4.009128999999999905e+03
-4.022864999999999782e+03
-4.070014000000000124e+03
-4.061103999999999814e+03
-4.049965999999999894e+03
-4.032518000000000029e+03
-4.051822999999999865e+03
-4.049224000000000160e+03
-4.064074000000000069e+03
-4.102684000000000196e+03
-4.080038000000000011e+03
-4.115305999999999585e+03
-4.132384000000000015e+03
-4.142779000000000451e+03
-4.095630000000000109e+03
-4.112336000000000240e+03
-4.070385000000000218e+03
-4.100456000000000131e+03
-4.084864000000000033e+03
-4.105654000000000451e+03
-4.106395999999999731e+03
-4.101940999999999804e+03
-4.107881000000000313e+03
-4.090804000000000087e+03
-4.080780000000000200e+03
-4.094516000000000076e+03
-4.096001000000000204e+03
-4.107881000000000313e+03
-4.134981999999999971e+03
-4.125329999999999927e+03
-4.147975999999999658e+03
-4.147234000000000378e+03
-4.133868999999999687e+03
-4.182502000000000407e+03
-4.153917000000000371e+03
-4.189927999999999884e+03
-4.217029000000000451e+03
-4.210345999999999549e+03
-4.212203000000000429e+03
-4.218514000000000124e+03
-4.174335000000000036e+03
-4.260836000000000240e+03
-4.223340000000000146e+03
-4.207747999999999593e+03
-4.243387999999999920e+03
-4.310583999999999833e+03
-4.264920000000000073e+03
-4.303529999999999745e+03
-4.307613999999999578e+03
-4.284967999999999847e+03
-4.340654999999999745e+03
-4.318751000000000204e+03
-4.331744999999999891e+03
-4.350307999999999993e+03
-4.341769000000000233e+03
-4.336570999999999913e+03
-4.391145000000000437e+03
-4.411564000000000306e+03
-4.375923999999999978e+03
-4.370354999999999563e+03
-4.401168999999999869e+03
-4.392259000000000015e+03
-4.435694999999999709e+03
-4.437180000000000291e+03
-4.442006000000000313e+03
-4.463909999999999854e+03
-4.469106999999999971e+03
-4.442006000000000313e+03
-4.485814000000000306e+03
-4.468735999999999876e+03
-4.463909999999999854e+03
-4.453515000000000327e+03
-4.493980999999999767e+03
-4.496951000000000022e+03
-4.493238999999999578e+03
-4.499179000000000087e+03
-4.476533000000000357e+03
-4.502520000000000437e+03
-4.503634000000000015e+03
-4.478760000000000218e+03
-4.521453999999999724e+03
-4.542243999999999687e+03
-4.594219000000000051e+03
-4.533333999999999833e+03
-4.555609000000000378e+03
-4.570458999999999833e+03
-4.563033999999999651e+03
-4.588279000000000451e+03
-4.579368999999999687e+03
-4.567488999999999578e+03
-4.618350000000000364e+03
-4.613895000000000437e+03
-4.589764000000000124e+03
-4.630229999999999563e+03
-4.645451000000000022e+03
-4.644708999999999833e+03
-4.638396999999999935e+03
-4.654360999999999876e+03
-4.625774999999999636e+03
-4.663643000000000029e+03
-4.688515999999999622e+03
-4.682576000000000022e+03
-4.682948000000000320e+03
-4.684804000000000087e+03
-4.679234999999999673e+03
-4.714503999999999905e+03
-4.693713999999999942e+03
-4.563404999999999745e+03
-4.562662999999999556e+03
-4.537788999999999760e+03
-4.483957999999999629e+03
-4.492496000000000095e+03
-4.490640000000000327e+03
-4.461682999999999993e+03
-4.504376000000000204e+03
-4.510315999999999804e+03
-4.470220999999999549e+03
-4.493609999999999673e+03
-4.486185000000000400e+03
-4.450545000000000073e+03
-4.510315999999999804e+03
-4.515143000000000029e+03
-4.490640000000000327e+03
-4.460939999999999600e+03
-4.533333999999999833e+03
-4.486185000000000400e+03
-4.542243999999999687e+03
-4.520711000000000240e+03
-4.502149000000000342e+03
-4.531478000000000065e+03
-4.513286000000000058e+03
-4.508088999999999942e+03
-4.482100999999999658e+03
-4.532220000000000255e+03
-4.478389000000000124e+03
-4.524423999999999978e+03
-4.473934000000000196e+03
-4.527765000000000327e+03
-4.483957999999999629e+03
-4.518854999999999563e+03
-4.527394000000000233e+03
-4.492868000000000393e+03
-4.550039999999999964e+03
-4.516627000000000407e+03
-4.504376000000000204e+03
-4.498064999999999600e+03
-4.537046000000000276e+03
-4.534819000000000415e+03
-4.537417000000000371e+03
-4.536304000000000087e+03
-4.525537999999999556e+03
-4.553010000000000218e+03
-4.555979999999999563e+03
-4.551154000000000451e+03
-4.562662999999999556e+03
-4.558207999999999629e+03
-4.562292000000000371e+03
-4.567118000000000393e+03
-4.574171000000000276e+03
-4.539274000000000342e+03
-4.593104999999999563e+03
-4.584194999999999709e+03
-4.543356999999999971e+03
-4.578626000000000204e+03
-4.578255000000000109e+03
-4.550039999999999964e+03
-4.579368999999999687e+03
-4.590135000000000218e+03
-4.521824999999999818e+03
-4.576027000000000044e+03
-4.571201000000000022e+03
-4.547813000000000102e+03
-4.540015999999999622e+03
-4.582338999999999942e+03
-4.541501000000000204e+03
-4.557465000000000146e+03
-4.570829999999999927e+03
-4.541130000000000109e+03
-4.590877000000000407e+03
-4.556350999999999658e+03
-4.557836000000000240e+03
-4.581595999999999549e+03
-4.591619999999999891e+03
-4.534448000000000320e+03
-4.599045000000000073e+03
-4.580481999999999971e+03
-4.540387999999999920e+03
-4.583453000000000429e+03
-4.578626000000000204e+03
-4.576770000000000437e+03
-4.600900999999999840e+03
-4.606470000000000255e+03
-4.599417000000000371e+03
-4.632457999999999629e+03
-4.653618999999999687e+03
-4.593475999999999658e+03
-4.619835000000000036e+03
-4.607583999999999833e+03
-4.569716000000000349e+03
-4.552268000000000029e+03
-4.570087000000000444e+03
-4.553752000000000407e+03
-4.540387999999999920e+03
-4.567859999999999673e+03
-4.555979999999999563e+03
-4.528878999999999905e+03
-4.546698999999999614e+03
-4.544470999999999549e+03
-4.564519000000000233e+03
-4.571573000000000320e+03
-4.578255000000000109e+03
-4.531478000000000065e+03
-4.590135000000000218e+03
-4.552268000000000029e+03
-4.570087000000000444e+03
-4.560805999999999585e+03
-4.571944000000000415e+03
-4.575655999999999949e+03
-4.574542000000000371e+03
-4.572686999999999898e+03
-4.571201000000000022e+03
-4.601644000000000233e+03
-4.638396999999999935e+03
-4.609069000000000415e+03
-4.586421999999999571e+03
-4.650649000000000342e+03
-4.595703999999999724e+03
-4.633199999999999818e+03
-4.618720999999999549e+03
-4.599045000000000073e+03
-4.589764000000000124e+03
-4.608326000000000022e+03
-4.623546999999999571e+03
-4.607212000000000444e+03
-4.661043999999999869e+03
-4.629859000000000378e+03
-4.638025999999999840e+03
-4.669953999999999724e+03
-4.633199999999999818e+03
-4.676636000000000422e+03
-4.676265000000000327e+03
-4.662158000000000357e+03
-4.649905999999999949e+03
-4.708564000000000306e+03
-4.633199999999999818e+03
-4.678863999999999578e+03
-4.637654999999999745e+03
-4.629115999999999985e+03
-4.650277000000000044e+03
-4.653247999999999593e+03
-4.630229999999999563e+03
-4.652876000000000204e+03
-4.675150999999999840e+03
-4.620948999999999614e+03
-4.607212000000000444e+03
-4.635055999999999585e+03
-4.625774999999999636e+03
-4.625404000000000451e+03
-4.631344000000000051e+03
-4.617606999999999971e+03
-4.614265999999999622e+03
-4.659188000000000102e+03
-4.616122999999999593e+03
-4.660301000000000386e+03
-4.619463999999999942e+03
-4.666240999999999985e+03
-4.646936999999999898e+03
-4.656960000000000036e+03
-4.617235999999999876e+03
-4.623176000000000386e+03
-4.635055999999999585e+03
-4.625774999999999636e+03
-4.655845999999999549e+03
-4.650277000000000044e+03
-4.667725999999999658e+03
-4.643966000000000349e+03
-4.639140000000000327e+03
-4.653247999999999593e+03
-4.629487000000000080e+03
-4.700768000000000029e+03
-4.661786000000000058e+03
-4.673667000000000371e+03
-4.653247999999999593e+03
-4.672180999999999585e+03
-4.677378999999999905e+03
-4.668097999999999956e+03
-4.679978000000000065e+03
-4.679978000000000065e+03
-4.700395999999999731e+03
-4.653247999999999593e+03
-4.673295000000000073e+03
-4.672552999999999884e+03
-4.679234999999999673e+03
-4.656588999999999942e+03
-4.694456000000000131e+03
-4.673667000000000371e+03
-4.676636000000000422e+03
-4.708935000000000400e+03
-4.664385000000000218e+03
-4.673295000000000073e+03
-4.683689999999999600e+03
-4.728239999999999782e+03
-4.652505000000000109e+03
-4.695198999999999614e+03
-4.721186999999999898e+03
-4.704479999999999563e+03
-4.704109000000000378e+03
-4.707078999999999724e+03
-4.705965000000000146e+03
-4.697055000000000291e+03
-4.726012999999999920e+03
-4.706336000000000240e+03
-4.723042000000000371e+03
-4.739377000000000407e+03
-4.718216000000000349e+03
-4.730095999999999549e+03
-4.741604999999999563e+03
-4.699283000000000357e+03
-4.720073000000000320e+03
-4.734921999999999571e+03
-4.713390000000000327e+03
-4.733809000000000196e+03
-4.761280999999999949e+03
-4.710048999999999978e+03
-4.749771999999999935e+03
-4.740490999999999985e+03
-4.724155999999999949e+03
-4.720444000000000415e+03
-4.770563000000000102e+03
-4.727497999999999593e+03
-4.719701000000000022e+03
-4.767220999999999549e+03
-4.744574999999999818e+03
-4.726755000000000109e+03
-4.786525999999999840e+03
-4.767963999999999942e+03
-4.760538999999999760e+03
-4.811029000000000451e+03
-4.769448999999999614e+03
-4.800262999999999920e+03
-4.831448000000000320e+03
-4.789868000000000393e+03
-4.797292000000000371e+03
-4.793579999999999927e+03
-4.813998999999999796e+03
-4.790980999999999767e+03
-4.834046000000000276e+03
-4.829220000000000255e+03
-4.799520000000000437e+03
-4.851494999999999891e+03
-4.854836000000000240e+03
-4.803231999999999971e+03
-4.855949999999999818e+03
-4.850381000000000313e+03
-4.807315999999999804e+03
-4.853350999999999658e+03
-4.835902000000000044e+03
-4.847411000000000058e+03
-4.852979999999999563e+03
-4.873770000000000437e+03
-4.871913999999999760e+03
-4.855949999999999818e+03
-4.864488999999999578e+03
-4.865603000000000065e+03
-4.878595999999999549e+03
-4.897529999999999745e+03
-4.879338999999999942e+03
