2.142178000000000111e+02
2.312958000000000141e+02
2.361221999999999923e+02
1.782053999999999974e+02
2.045649999999999977e+02
1.930559000000000083e+02
1.748641000000000076e+02
1.678101000000000056e+02
1.574148000000000138e+02
1.433069000000000131e+02
1.529596999999999980e+02
1.325403000000000020e+02
1.221449999999999960e+02
1.061807000000000016e+02
1.369953999999999894e+02
9.949804000000000315e+01
1.139771999999999963e+02
9.170154999999999745e+01
9.170154999999999745e+01
6.274316000000000315e+01
5.828802999999999912e+01
4.455136000000000251e+01
3.118594999999999828e+01
3.786865999999999843e+01
3.861117999999999739e+01
2.932965000000000089e+01
4.492262000000000199e+01
2.376072999999999880e+01
1.262288999999999994e+01
7.053965999999999958e+00
-2.004749999999999943e+01
-1.856250000000000000e+01
-1.596374999999999922e+01
-3.564000000000000057e+01
-2.747250000000000014e+01
-1.262250000000000050e+01
-2.895749999999999957e+01
-4.454999999999999716e+01
-4.566375000000000028e+01
-6.162749999999999773e+01
-8.130374999999999375e+01
-2.487375000000000114e+01
-5.717249999999999943e+01
-4.529249999999999687e+01
-4.232249999999999801e+01
-4.974750000000000227e+01
-6.719625000000000625e+01
-5.346000000000000085e+01
-8.464499999999999602e+01
-9.132750000000000057e+01
-7.796250000000000568e+01
-1.058062999999999931e+02
-1.035788000000000011e+02
-9.021375000000000455e+01
-8.984250000000000114e+01
-9.206999999999999318e+01
-9.912375000000000114e+01
-1.136025000000000063e+02
-1.217699999999999960e+02
-9.652500000000000568e+01
-1.080337999999999994e+02
-1.273388000000000062e+02
-1.132313000000000045e+02
-1.162012000000000000e+02
-1.277099999999999937e+02
-1.306800000000000068e+02
-1.213987999999999943e+02
-1.614937999999999931e+02
-1.585237999999999943e+02
-1.336500000000000057e+02
-1.485000000000000000e+02
-1.644636999999999887e+02
-1.499850000000000136e+02
-1.622363000000000000e+02
-1.525837999999999965e+02
-1.210275000000000034e+02
-1.425600000000000023e+02
-1.470149999999999864e+02
-1.481288000000000125e+02
-1.451588000000000136e+02
-1.570388000000000090e+02
-1.640925000000000011e+02
-1.670625000000000000e+02
-1.347637000000000000e+02
-1.492425000000000068e+02
-1.900800000000000125e+02
-1.551825000000000045e+02
-1.793137999999999863e+02
-1.603799999999999955e+02
-1.726313000000000102e+02
-1.644636999999999887e+02
-1.737450000000000045e+02
-1.666913000000000125e+02
-1.752299999999999898e+02
-1.711462999999999965e+02
-1.588950000000000102e+02
-1.707750000000000057e+02
-1.781999999999999886e+02
-1.781999999999999886e+02
-1.856250000000000000e+02
-1.830261999999999887e+02
-1.800562999999999931e+02
-1.811699999999999875e+02
-1.900800000000000125e+02
-1.871100000000000136e+02
-1.893375000000000057e+02
-2.212649999999999864e+02
-2.027024999999999864e+02
-1.934211999999999989e+02
-1.889661999999999864e+02
-2.027024999999999864e+02
-2.038163000000000125e+02
-1.930500000000000114e+02
-2.104987000000000137e+02
-2.082712999999999965e+02
-2.312888000000000090e+02
-2.431687000000000012e+02
-2.231211999999999875e+02
-2.453962999999999965e+02
-2.561625000000000227e+02
-2.309174999999999898e+02
-2.435399999999999920e+02
-2.509650000000000034e+02
-2.372288000000000068e+02
-2.375999999999999943e+02
-2.561625000000000227e+02
-2.587613000000000056e+02
-2.806650000000000205e+02
-2.776949999999999932e+02
-2.669286999999999921e+02
-2.724975000000000023e+02
-2.791800000000000068e+02
-2.791800000000000068e+02
-2.791800000000000068e+02
-2.854911999999999921e+02
-2.680425000000000182e+02
-2.843774999999999977e+02
-2.780663000000000125e+02
-2.468813000000000102e+02
-2.413125000000000000e+02
-2.658149999999999977e+02
-2.416836999999999875e+02
-2.799225000000000136e+02
-2.910600000000000023e+02
-2.524499999999999886e+02
-2.546775000000000091e+02
-2.598750000000000000e+02
-2.342588000000000079e+02
-2.565337999999999852e+02
-2.788086999999999875e+02
-2.628450000000000273e+02
-2.520788000000000011e+02
-2.572762000000000171e+02
-2.854911999999999921e+02
-2.286899999999999977e+02
-2.197800000000000011e+02
-2.279474999999999909e+02
-2.249774999999999920e+02
-2.502224999999999966e+02
-2.149538000000000011e+02
-2.246062000000000012e+02
-2.580187000000000239e+02
-2.750962999999999852e+02
-2.487375000000000114e+02
-2.736113000000000284e+02
-2.643299999999999841e+02
-2.673000000000000114e+02
-2.487375000000000114e+02
-2.728686999999999898e+02
-2.661861999999999853e+02
-2.621025000000000205e+02
-2.650724999999999909e+02
-2.635874999999999773e+02
-2.249774999999999920e+02
-2.119836999999999989e+02
-1.952775000000000034e+02
-2.498513000000000090e+02
-2.201511999999999887e+02
-1.923075000000000045e+02
-2.327737999999999943e+02
-2.130974999999999966e+02
-2.067863000000000113e+02
-2.145825000000000102e+02
-2.275762000000000000e+02
-2.324025000000000034e+02
-2.312888000000000090e+02
-2.205225000000000080e+02
-2.357437999999999931e+02
-2.231211999999999875e+02
-2.357437999999999931e+02
-2.335163000000000011e+02
-2.338874999999999886e+02
-2.001037000000000035e+02
-2.123549999999999898e+02
-1.993613000000000000e+02
-1.678050000000000068e+02
-1.789424999999999955e+02
-1.863675000000000068e+02
-1.733737000000000137e+02
-1.759724999999999966e+02
-1.744875000000000114e+02
-1.759724999999999966e+02
-1.711462999999999965e+02
-1.674336999999999875e+02
-1.659487000000000023e+02
-1.681762999999999977e+02
-1.577812999999999874e+02
-1.633499999999999943e+02
-1.841399999999999864e+02
-1.822838000000000136e+02
-1.767150000000000034e+02
-1.640925000000000011e+02
-1.696613000000000113e+02
-1.937924999999999898e+02
-1.811699999999999875e+02
-1.425600000000000023e+02
-1.492425000000000068e+02
-1.280812999999999988e+02
-1.425600000000000023e+02
-1.317937000000000012e+02
-1.425600000000000023e+02
-1.455300000000000011e+02
-1.433025000000000091e+02
-1.384763000000000090e+02
-1.381049999999999898e+02
-1.492425000000000068e+02
-1.117463000000000051e+02
-1.499850000000000136e+02
-1.607512999999999863e+02
-1.689187000000000012e+02
-1.592663000000000011e+02
-1.503562000000000012e+02
-1.533262000000000000e+02
-1.343925000000000125e+02
-1.666913000000000125e+02
-1.603799999999999955e+02
-1.533262000000000000e+02
-1.704036999999999864e+02
-1.822838000000000136e+02
-1.882238000000000113e+02
-1.789424999999999955e+02
-1.800562999999999931e+02
-1.770862999999999943e+02
-1.800562999999999931e+02
-1.744875000000000114e+02
-1.744875000000000114e+02
-1.737450000000000045e+02
-1.722599999999999909e+02
-1.637213000000000136e+02
-1.730024999999999977e+02
-1.689187000000000012e+02
-1.722599999999999909e+02
-1.841399999999999864e+02
-1.733737000000000137e+02
-1.704036999999999864e+02
-1.949062999999999874e+02
-1.696613000000000113e+02
-1.652062999999999988e+02
-1.900800000000000125e+02
-1.793137999999999863e+02
-1.577812999999999874e+02
-1.904512000000000000e+02
-1.759724999999999966e+02
-1.778288000000000011e+02
-1.841399999999999864e+02
-1.863675000000000068e+02
-1.934211999999999989e+02
-1.900800000000000125e+02
-1.975049999999999955e+02
-1.952775000000000034e+02
-2.190374999999999943e+02
-2.182949999999999875e+02
-1.937924999999999898e+02
-2.012175000000000011e+02
-2.075286999999999864e+02
-2.182949999999999875e+02
-2.160674999999999955e+02
-2.045586999999999875e+02
-2.041875000000000000e+02
-2.260911999999999864e+02
-2.335163000000000011e+02
-2.234925000000000068e+02
-2.246062000000000012e+02
-2.234925000000000068e+02
-2.116125000000000114e+02
-2.053012999999999977e+02
-2.257199999999999989e+02
-2.401987000000000023e+02
-2.190374999999999943e+02
-2.268337999999999965e+02
-2.086425000000000125e+02
-2.190374999999999943e+02
-2.327737999999999943e+02
-2.175525000000000091e+02
-2.015886999999999887e+02
-2.227500000000000000e+02
-2.138400000000000034e+02
-2.290612000000000137e+02
-2.286899999999999977e+02
-2.487375000000000114e+02
-2.502224999999999966e+02
-2.439113000000000113e+02
-2.357437999999999931e+02
-2.502224999999999966e+02
-2.364863000000000000e+02
-1.897087999999999965e+02
-2.034449999999999932e+02
-1.937924999999999898e+02
-1.811699999999999875e+02
-1.822838000000000136e+02
-1.989900000000000091e+02
-1.911938000000000102e+02
-1.878524999999999920e+02
-1.841399999999999864e+02
-1.915649999999999977e+02
-2.082712999999999965e+02
-2.067863000000000113e+02
-2.027024999999999864e+02
-1.986187999999999931e+02
-1.908224999999999909e+02
-1.893375000000000057e+02
-1.852538000000000125e+02
-1.863675000000000068e+02
-2.175525000000000091e+02
-2.171812999999999931e+02
-2.101274999999999977e+02
-2.182949999999999875e+02
-2.049300000000000068e+02
-2.242350000000000136e+02
-2.127263000000000090e+02
-2.034449999999999932e+02
-2.049300000000000068e+02
-1.982475000000000023e+02
-1.919362000000000137e+02
-1.923075000000000045e+02
-1.956487999999999943e+02
-1.934211999999999989e+02
-1.982475000000000023e+02
-1.848824999999999932e+02
-2.038163000000000125e+02
-2.101274999999999977e+02
-1.975049999999999955e+02
-2.064149999999999920e+02
-2.134687999999999874e+02
-1.989900000000000091e+02
-2.030737000000000023e+02
-2.134687999999999874e+02
-2.242350000000000136e+02
-2.090137000000000000e+02
-1.986187999999999931e+02
-2.142112999999999943e+02
-2.001037000000000035e+02
-2.290612000000000137e+02
-2.116125000000000114e+02
-2.186662000000000035e+02
-2.375999999999999943e+02
-2.216362000000000023e+02
-2.331450000000000102e+02
-2.372288000000000068e+02
-2.298037999999999954e+02
-2.327737999999999943e+02
-2.320312999999999874e+02
-2.260911999999999864e+02
-1.982475000000000023e+02
-2.108700000000000045e+02
-2.242350000000000136e+02
-2.272050000000000125e+02
-2.338874999999999886e+02
-2.201511999999999887e+02
-2.212649999999999864e+02
-2.435399999999999920e+02
-2.246062000000000012e+02
-2.316599999999999966e+02
-2.494799999999999898e+02
-2.298037999999999954e+02
-2.309174999999999898e+02
-2.476237000000000137e+02
-2.405699999999999932e+02
-2.279474999999999909e+02
-2.439113000000000113e+02
-2.246062000000000012e+02
-2.387136999999999887e+02
-2.379713000000000136e+02
-2.457675000000000125e+02
-2.398274999999999864e+02
-2.561625000000000227e+02
-2.572762000000000171e+02
-2.472524999999999977e+02
-2.015886999999999887e+02
-2.001037000000000035e+02
-1.919362000000000137e+02
-1.804275000000000091e+02
-1.930500000000000114e+02
-1.960200000000000102e+02
-1.867387999999999977e+02
-1.871100000000000136e+02
-1.652062999999999988e+02
-1.781999999999999886e+02
-1.726313000000000102e+02
-1.655774999999999864e+02
-1.692899999999999920e+02
-1.793137999999999863e+02
-1.718887000000000000e+02
-1.845112000000000023e+02
-1.793137999999999863e+02
-1.837687999999999988e+02
-1.759724999999999966e+02
-1.722599999999999909e+02
-1.730024999999999977e+02
-1.744875000000000114e+02
-1.670625000000000000e+02
-1.759724999999999966e+02
