5.940180999999999756e+01
6.422821000000000424e+01
1.819180000000000064e+01
3.304225999999999885e+01
4.083874999999999744e+01
-2.970000000000000195e+00
-5.197499999999999787e+00
-5.568749999999999645e+00
-9.281250000000000000e+00
1.893432999999999922e+01
1.225162000000000084e+01
3.712613000000000163e-01
-2.041874999999999929e+01
-2.301749999999999829e+01
-2.635875000000000057e+01
-4.640625000000000000e+01
-3.192749999999999844e+01
-4.009499999999999886e+01
-4.269375000000000142e+01
-6.014249999999999829e+01
-5.383124999999999716e+01
-4.046625000000000227e+01
-4.157999999999999829e+01
-6.534000000000000341e+01
-7.907625000000000171e+01
-4.603499999999999659e+01
-9.281250000000000000e+01
-1.006086999999999989e+02
-5.494500000000000028e+01
-9.466875000000000284e+01
-1.039500000000000028e+02
-6.942374999999999829e+01
-1.106324999999999932e+02
-1.091474999999999937e+02
-1.002374999999999972e+02
-1.113750000000000000e+02
-1.291949999999999932e+02
-1.024650000000000034e+02
-1.262249999999999943e+02
-1.239975000000000023e+02
-1.091474999999999937e+02
-1.251113000000000000e+02
-1.150875000000000057e+02
-1.061774999999999949e+02
-1.303086999999999875e+02
-1.470149999999999864e+02
-1.548112000000000137e+02
-1.429311999999999898e+02
-1.429311999999999898e+02
-1.358774999999999977e+02
-1.756013000000000090e+02
-1.748586999999999989e+02
-1.369912999999999954e+02
-1.577812999999999874e+02
-1.949062999999999874e+02
-1.592663000000000011e+02
-1.529550000000000125e+02
-1.852538000000000125e+02
-1.655774999999999864e+02
-1.722599999999999909e+02
-2.123549999999999898e+02
-1.960200000000000102e+02
-1.867387999999999977e+02
-1.915649999999999977e+02
-2.179238000000000000e+02
-1.804275000000000091e+02
-2.008463000000000136e+02
-2.312888000000000090e+02
-1.800562999999999931e+02
-1.744875000000000114e+02
-2.130974999999999966e+02
-2.246062000000000012e+02
-2.476237000000000137e+02
-2.238637999999999977e+02
-2.357437999999999931e+02
-2.186662000000000035e+02
-2.450250000000000057e+02
-2.350012999999999863e+02
-2.502224999999999966e+02
-2.468813000000000102e+02
-2.513362999999999943e+02
-2.361150000000000091e+02
-2.494799999999999898e+02
-2.543062999999999931e+02
-2.531924999999999955e+02
-2.535637999999999863e+02
-2.587613000000000056e+02
-2.673000000000000114e+02
-2.647013000000000034e+02
-2.884612000000000194e+02
-2.602461999999999875e+02
-2.698987000000000194e+02
-2.661861999999999853e+02
-2.546775000000000091e+02
-2.587613000000000056e+02
-2.721263000000000147e+02
-2.650724999999999909e+02
-2.918025000000000091e+02
-2.888324999999999818e+02
-2.710124999999999886e+02
-2.821499999999999773e+02
-2.736113000000000284e+02
-2.750962999999999852e+02
-2.717549999999999955e+02
-2.810362999999999829e+02
-2.706413000000000011e+02
-2.721263000000000147e+02
-2.765812000000000239e+02
-2.995987999999999829e+02
-2.836349999999999909e+02
-2.884612000000000194e+02
-2.773238000000000056e+02
-2.658149999999999977e+02
-2.513362999999999943e+02
-2.669286999999999921e+02
-2.465099999999999909e+02
-2.524499999999999886e+02
-2.565337999999999852e+02
-2.442824999999999989e+02
-2.517075000000000102e+02
-2.602461999999999875e+02
-2.513362999999999943e+02
-2.439113000000000113e+02
-2.513362999999999943e+02
-2.357437999999999931e+02
-2.583899999999999864e+02
-2.654438000000000102e+02
-2.472524999999999977e+02
-2.624737999999999829e+02
-2.836349999999999909e+02
-2.762099999999999795e+02
-2.673000000000000114e+02
-2.747250000000000227e+02
-2.750962999999999852e+02
-2.669286999999999921e+02
-2.869762999999999806e+02
-2.732400000000000091e+02
-2.847486999999999853e+02
-2.921738000000000284e+02
-2.750962999999999852e+02
-2.858625000000000114e+02
-2.899463000000000079e+02
-2.862337999999999738e+02
-2.869762999999999806e+02
-2.873475000000000250e+02
-2.958863000000000056e+02
-2.799225000000000136e+02
-2.409413000000000125e+02
-2.509650000000000034e+02
-2.104987000000000137e+02
-2.056725000000000136e+02
-2.090137000000000000e+02
-2.212649999999999864e+02
-2.197800000000000011e+02
-2.116125000000000114e+02
-2.038163000000000125e+02
-2.194088000000000136e+02
-2.283188000000000102e+02
-2.067863000000000113e+02
-2.060437000000000012e+02
-2.149538000000000011e+02
-2.149538000000000011e+02
-2.208937999999999988e+02
-2.324025000000000034e+02
-2.361150000000000091e+02
-2.350012999999999863e+02
-2.472524999999999977e+02
-2.357437999999999931e+02
-2.208937999999999988e+02
-2.442824999999999989e+02
-2.535637999999999863e+02
-2.197800000000000011e+02
-2.290612000000000137e+02
-2.223788000000000125e+02
-2.398274999999999864e+02
-2.294325000000000045e+02
-2.390850000000000080e+02
-2.405699999999999932e+02
-2.227500000000000000e+02
-2.168100000000000023e+02
-2.543062999999999931e+02
-2.398274999999999864e+02
-1.960200000000000102e+02
-2.138400000000000034e+02
-2.205225000000000080e+02
-2.361150000000000091e+02
-2.320312999999999874e+02
-2.394562999999999988e+02
-2.357437999999999931e+02
-2.220074999999999932e+02
-2.383425000000000011e+02
-2.294325000000000045e+02
-2.461387000000000000e+02
-2.405699999999999932e+02
-2.476237000000000137e+02
-2.442824999999999989e+02
-2.387136999999999887e+02
-2.298037999999999954e+02
-2.539350000000000023e+02
-2.587613000000000056e+02
-2.524499999999999886e+02
-2.520788000000000011e+02
-2.431687000000000012e+02
-2.494799999999999898e+02
-2.802937999999999761e+02
-2.647013000000000034e+02
-2.587613000000000056e+02
-2.624737999999999829e+02
-2.617312999999999761e+02
-2.465099999999999909e+02
-2.602461999999999875e+02
-2.676712999999999738e+02
-2.743537999999999784e+02
-2.621025000000000205e+02
-2.736113000000000284e+02
-2.832638000000000034e+02
-2.702699999999999818e+02
-3.088799999999999955e+02
-2.929162999999999784e+02
-2.784375000000000000e+02
-3.029399999999999977e+02
-2.821499999999999773e+02
-2.810362999999999829e+02
-3.036825000000000045e+02
-2.795511999999999944e+02
-2.832638000000000034e+02
-2.877187999999999874e+02
-2.884612000000000194e+02
-2.687850000000000250e+02
-2.866050000000000182e+02
-2.750962999999999852e+02
-2.750962999999999852e+02
-2.799225000000000136e+02
-2.765812000000000239e+02
-2.498513000000000090e+02
-2.710124999999999886e+02
-2.695274999999999750e+02
-2.405699999999999932e+02
-2.754674999999999727e+02
-2.661861999999999853e+02
-2.550488000000000000e+02
-2.583899999999999864e+02
-2.791800000000000068e+02
-2.665575000000000045e+02
-2.520788000000000011e+02
-2.479950000000000045e+02
-2.450250000000000057e+02
-2.457675000000000125e+02
-2.580187000000000239e+02
-2.543062999999999931e+02
-2.602461999999999875e+02
-2.602461999999999875e+02
-2.628450000000000273e+02
-2.639587000000000216e+02
-2.955149999999999864e+02
-2.713838000000000079e+02
-2.721263000000000147e+02
-2.888324999999999818e+02
-2.758387000000000171e+02
-2.773238000000000056e+02
-2.750962999999999852e+02
-2.647013000000000034e+02
-2.821499999999999773e+02
-2.892038000000000011e+02
-2.843774999999999977e+02
-2.892038000000000011e+02
-3.055387999999999806e+02
-2.903174999999999955e+02
-2.736113000000000284e+02
-2.995987999999999829e+02
-3.248437999999999874e+02
-3.018263000000000034e+02
-3.033111999999999853e+02
-3.189037000000000148e+02
-3.055387999999999806e+02
-2.732400000000000091e+02
-2.398274999999999864e+02
-2.621025000000000205e+02
-2.665575000000000045e+02
-2.502224999999999966e+02
-2.368574999999999875e+02
-2.264625000000000057e+02
-2.090137000000000000e+02
-1.993613000000000000e+02
-2.019600000000000080e+02
-1.926787999999999954e+02
-1.845112000000000023e+02
-1.897087999999999965e+02
-1.811699999999999875e+02
-1.978762999999999863e+02
-2.027024999999999864e+02
-1.963913000000000011e+02
-1.945349999999999966e+02
-1.997324999999999875e+02
-2.030737000000000023e+02
-2.079000000000000057e+02
-1.982475000000000023e+02
-1.934211999999999989e+02
-2.134687999999999874e+02
-1.915649999999999977e+02
-1.796850000000000023e+02
-1.975049999999999955e+02
-2.264625000000000057e+02
-2.093849999999999909e+02
-2.101274999999999977e+02
-2.208937999999999988e+02
-2.160674999999999955e+02
-2.309174999999999898e+02
-2.053012999999999977e+02
-2.097563000000000102e+02
-2.134687999999999874e+02
-2.227500000000000000e+02
-1.986187999999999931e+02
-2.067863000000000113e+02
-2.134687999999999874e+02
-2.064149999999999920e+02
-2.138400000000000034e+02
-2.160674999999999955e+02
-2.090137000000000000e+02
-2.197800000000000011e+02
-2.364863000000000000e+02
-2.049300000000000068e+02
-2.182949999999999875e+02
-2.409413000000000125e+02
-2.372288000000000068e+02
-2.294325000000000045e+02
-2.324025000000000034e+02
-2.331450000000000102e+02
-2.409413000000000125e+02
-2.409413000000000125e+02
-2.253488000000000113e+02
-2.353725000000000023e+02
-2.517075000000000102e+02
-2.301750000000000114e+02
-2.327737999999999943e+02
-2.197800000000000011e+02
-2.364863000000000000e+02
-2.361150000000000091e+02
-2.275762000000000000e+02
-2.275762000000000000e+02
-2.483662999999999954e+02
-2.227500000000000000e+02
-2.375999999999999943e+02
-2.520788000000000011e+02
-2.205225000000000080e+02
-2.253488000000000113e+02
-2.424262999999999977e+02
-2.279474999999999909e+02
-2.012175000000000011e+02
-2.320312999999999874e+02
-2.279474999999999909e+02
-2.168100000000000023e+02
-2.093849999999999909e+02
-2.286899999999999977e+02
-2.294325000000000045e+02
-2.119836999999999989e+02
-2.171812999999999931e+02
-2.227500000000000000e+02
-2.086425000000000125e+02
-1.975049999999999955e+02
-2.160674999999999955e+02
-2.090137000000000000e+02
-2.123549999999999898e+02
-2.049300000000000068e+02
-2.175525000000000091e+02
-2.053012999999999977e+02
-1.908224999999999909e+02
-2.075286999999999864e+02
-2.060437000000000012e+02
-1.967624999999999886e+02
-2.086425000000000125e+02
-2.108700000000000045e+02
-2.060437000000000012e+02
-1.982475000000000023e+02
-2.201511999999999887e+02
-1.971338000000000079e+02
-2.030737000000000023e+02
-2.156963000000000079e+02
-2.101274999999999977e+02
-1.967624999999999886e+02
-2.104987000000000137e+02
-1.885949999999999989e+02
-1.949062999999999874e+02
-1.993613000000000000e+02
-1.908224999999999909e+02
-2.212649999999999864e+02
-2.093849999999999909e+02
-1.960200000000000102e+02
-1.934211999999999989e+02
-2.138400000000000034e+02
-1.930500000000000114e+02
-2.004749999999999943e+02
-2.008463000000000136e+02
-2.201511999999999887e+02
-1.975049999999999955e+02
-2.001037000000000035e+02
-2.001037000000000035e+02
-1.915649999999999977e+02
-2.116125000000000114e+02
-1.897087999999999965e+02
-1.878524999999999920e+02
-2.294325000000000045e+02
-2.079000000000000057e+02
-1.793137999999999863e+02
-1.859961999999999875e+02
-2.041875000000000000e+02
-1.900800000000000125e+02
-1.963913000000000011e+02
-1.993613000000000000e+02
-1.826550000000000011e+02
-2.197800000000000011e+02
-2.093849999999999909e+02
