-2.780663000000000125e+02
-2.509650000000000034e+02
-2.713838000000000079e+02
-3.137062000000000239e+02
-2.910600000000000023e+02
-3.033111999999999853e+02
-3.241012999999999806e+02
-2.999700000000000273e+02
-3.029399999999999977e+02
-3.118500000000000227e+02
-3.322687999999999988e+02
-3.419212999999999738e+02
-3.088799999999999955e+02
-3.608550000000000182e+02
-3.285561999999999898e+02
-3.151913000000000125e+02
-3.456338000000000079e+02
-3.500887000000000171e+02
-3.634538000000000011e+02
-3.682799999999999727e+02
-3.463763000000000147e+02
-3.638249999999999886e+02
-3.875849999999999795e+02
-3.567712000000000216e+02
-3.723636999999999944e+02
-3.671662999999999784e+02
-3.686512000000000171e+02
-3.890699999999999932e+02
-3.931537000000000148e+02
-3.705074999999999932e+02
-4.039200000000000159e+02
-3.927825000000000273e+02
-3.816449999999999818e+02
-4.009499999999999886e+02
-3.987225000000000250e+02
-3.693937999999999988e+02
-3.749624999999999773e+02
-3.957524999999999977e+02
-4.068899999999999864e+02
-4.195124999999999886e+02
-4.239674999999999727e+02
-4.106025000000000205e+02
-4.228537999999999784e+02
-4.243387000000000171e+02
-4.258238000000000056e+02
-4.466138000000000261e+02
-4.562663000000000011e+02
-4.176562999999999874e+02
-4.462425000000000068e+02
-4.506974999999999909e+02
-4.525536999999999921e+02
-4.670325000000000273e+02
-4.718587999999999738e+02
-4.592363000000000284e+02
-4.614637000000000171e+02
-4.755713000000000079e+02
-4.815113000000000056e+02
-5.030437999999999761e+02
-5.019300000000000068e+02
-4.948763000000000147e+02
-4.974750000000000227e+02
-4.933913000000000011e+02
-5.026725000000000136e+02
-4.952475000000000023e+02
-4.978462999999999852e+02
-4.874513000000000034e+02
-4.829961999999999875e+02
-4.933913000000000011e+02
-4.967325000000000159e+02
-5.108399999999999750e+02
-5.141812999999999647e+02
-5.249474999999999909e+02
-5.271749999999999545e+02
-5.516775000000000091e+02
-5.550186999999999671e+02
-5.579887999999999693e+02
-5.739524999999999864e+02
-5.435099999999999909e+02
-5.279175000000000182e+02
-5.672699999999999818e+02
-5.553899999999999864e+02
-5.613300000000000409e+02
-5.657849999999999682e+02
-5.683836999999999762e+02
-5.420249999999999773e+02
-5.197500000000000000e+02
-5.160375000000000227e+02
-5.190075000000000500e+02
-5.112112000000000194e+02
-5.100975000000000250e+02
-5.126961999999999762e+02
-5.123250000000000455e+02
-5.275462999999999738e+02
-5.130674999999999955e+02
-5.190075000000000500e+02
-4.904212999999999738e+02
-4.748288000000000011e+02
-4.829961999999999875e+02
-4.885649999999999977e+02
-4.852237999999999829e+02
-5.045287000000000148e+02
-5.086125000000000114e+02
-4.852237999999999829e+02
-4.907925000000000182e+02
-5.034150000000000205e+02
-4.937624999999999886e+02
-5.008163000000000125e+02
-5.089837999999999738e+02
-5.115824999999999818e+02
-5.156662999999999784e+02
-5.286599999999999682e+02
-5.193787999999999556e+02
-5.060138000000000034e+02
-5.112112000000000194e+02
-5.156662999999999784e+02
-4.755713000000000079e+02
-4.677749999999999773e+02
-4.785412999999999784e+02
-4.674037000000000148e+02
-4.659187999999999761e+02
-4.789125000000000227e+02
-4.759424999999999955e+02
-4.803974999999999795e+02
-4.985887000000000171e+02
-4.941338000000000079e+02
-4.978462999999999852e+02
-4.907925000000000182e+02
-4.855950000000000273e+02
-4.651763000000000261e+02
-4.770561999999999898e+02
-4.878224999999999909e+02
-4.792837999999999852e+02
-4.659187999999999761e+02
-4.740862000000000194e+02
-4.959900000000000091e+02
-4.584936999999999898e+02
-4.885649999999999977e+02
-5.223487999999999829e+02
-4.785412999999999784e+02
-4.625774999999999864e+02
-4.629488000000000056e+02
-4.700024999999999977e+02
-4.700024999999999977e+02
-4.666612999999999829e+02
-4.625774999999999864e+02
-4.655475000000000136e+02
-4.733437999999999874e+02
-4.644336999999999875e+02
-4.696313000000000102e+02
-4.700024999999999977e+02
-4.815113000000000056e+02
-4.978462999999999852e+02
-4.833675000000000068e+02
-4.729725000000000250e+02
-4.666612999999999829e+02
-4.885649999999999977e+02
-4.670325000000000273e+02
-4.592363000000000284e+02
-4.644336999999999875e+02
-4.763138000000000147e+02
-4.558949999999999818e+02
-4.803974999999999795e+02
-4.729725000000000250e+02
-4.685174999999999841e+02
-4.941338000000000079e+02
-4.974750000000000227e+02
-4.622062999999999988e+02
-4.644336999999999875e+02
-4.937624999999999886e+02
-4.544100000000000250e+02
-4.848525000000000205e+02
-5.052712000000000216e+02
-4.729725000000000250e+02
-5.178936999999999671e+02
-4.878224999999999909e+02
-4.878224999999999909e+02
-4.841100000000000136e+02
-4.748288000000000011e+02
-4.919062999999999874e+02
-5.011875000000000000e+02
-4.774275000000000091e+02
-4.685174999999999841e+02
-4.796549999999999727e+02
-4.655475000000000136e+02
-4.748288000000000011e+02
-4.759424999999999955e+02
-4.893075000000000045e+02
-4.607212999999999852e+02
-4.785412999999999784e+02
-4.763138000000000147e+02
-4.822538000000000125e+02
-4.889361999999999853e+02
-4.904212999999999738e+02
-4.945049999999999955e+02
-4.655475000000000136e+02
-4.718587999999999738e+02
-4.674037000000000148e+02
-5.000738000000000056e+02
-4.907925000000000182e+02
-4.874513000000000034e+02
-4.963613000000000284e+02
-4.952475000000000023e+02
-4.867087000000000216e+02
-4.885649999999999977e+02
-4.907925000000000182e+02
-4.863374999999999773e+02
-5.056424999999999841e+02
-5.104687999999999874e+02
-5.067563000000000102e+02
-5.026725000000000136e+02
-5.201213000000000193e+02
-5.171512000000000171e+02
-4.971037999999999784e+02
-5.375700000000000500e+02
-4.959900000000000091e+02
-5.331150000000000091e+02
-5.171512000000000171e+02
-5.134388000000000147e+02
-4.989599999999999795e+02
-5.056424999999999841e+02
-5.082411999999999921e+02
-5.182649999999999864e+02
-5.026725000000000136e+02
-4.982174999999999727e+02
-5.060138000000000034e+02
-5.037862999999999829e+02
-5.112112000000000194e+02
-5.197500000000000000e+02
-5.112112000000000194e+02
-5.308875000000000455e+02
-5.197500000000000000e+02
-5.074986999999999853e+02
-5.323724999999999454e+02
-5.327437999999999647e+02
-5.282888000000000375e+02
-5.078700000000000045e+02
-4.941338000000000079e+02
-5.126961999999999762e+02
-4.889361999999999853e+02
-5.008163000000000125e+02
-5.208637999999999693e+02
-5.071274999999999977e+02
-5.100975000000000250e+02
-5.026725000000000136e+02
-5.141812999999999647e+02
-5.294025000000000318e+02
-5.230911999999999580e+02
-5.048999999999999773e+02
-5.130674999999999955e+02
-5.093550000000000182e+02
-5.089837999999999738e+02
-5.327437999999999647e+02
-5.320013000000000147e+02
-5.360850000000000364e+02
-5.375700000000000500e+02
-5.308875000000000455e+02
-5.216063000000000329e+02
-5.208637999999999693e+02
-5.416536999999999580e+02
-5.453663000000000238e+02
-5.219774999999999636e+02
-5.390549999999999500e+02
-5.435099999999999909e+02
-5.253187000000000353e+02
-5.405399999999999636e+02
-5.617011999999999716e+02
-5.375700000000000500e+02
-5.449950000000000045e+02
-5.494500000000000455e+02
-5.487074999999999818e+02
-5.635575000000000045e+02
-5.557612000000000307e+02
-5.539049999999999727e+02
-5.602161999999999580e+02
-5.665275000000000318e+02
-5.617011999999999716e+02
-5.694974999999999454e+02
-5.776649999999999636e+02
-5.665275000000000318e+02
-5.902875000000000227e+02
-5.683836999999999762e+02
-5.631862999999999602e+02
-5.746950000000000500e+02
-5.735811999999999671e+02
-5.802636999999999716e+02
-5.713537999999999784e+02
-5.876888000000000147e+02
-5.346000000000000227e+02
-5.208637999999999693e+02
-5.294025000000000318e+02
-5.260612999999999602e+02
-5.305162000000000262e+02
-5.364561999999999671e+02
-5.234624999999999773e+02
-5.093550000000000182e+02
-5.208637999999999693e+02
-5.149238000000000284e+02
-5.138099999999999454e+02
-5.386838000000000193e+02
-5.409112999999999829e+02
-5.152949999999999591e+02
-5.264325000000000045e+02
-5.119538000000000011e+02
-5.271749999999999545e+02
-5.238337000000000216e+02
-5.249474999999999909e+02
-5.230911999999999580e+02
-5.449950000000000045e+02
-5.264325000000000045e+02
-5.026725000000000136e+02
-5.052712000000000216e+02
-4.985887000000000171e+02
-5.023013000000000261e+02
-5.052712000000000216e+02
-4.911637999999999806e+02
-5.130674999999999955e+02
-4.358475000000000250e+02
-4.224825000000000159e+02
-4.469850000000000136e+02
-4.373324999999999818e+02
-4.458711999999999875e+02
-4.228537999999999784e+02
-4.391888000000000147e+02
-4.373324999999999818e+02
-4.247099999999999795e+02
-4.213686999999999898e+02
-4.235962999999999852e+02
-4.365899999999999750e+02
-4.328774999999999977e+02
-4.325063000000000102e+02
-4.261949999999999932e+02
-4.317638000000000034e+02
-4.146861999999999853e+02
-4.261949999999999932e+02
-4.265663000000000125e+02
-4.183987000000000194e+02
-4.120874999999999773e+02
-4.295362999999999829e+02
-4.224825000000000159e+02
-4.120874999999999773e+02
-4.191413000000000011e+02
-4.180274999999999750e+02
-4.317638000000000034e+02
-4.180274999999999750e+02
-4.477275000000000205e+02
-4.161712999999999738e+02
-4.414162999999999784e+02
-4.284225000000000136e+02
-4.224825000000000159e+02
-4.365899999999999750e+02
-4.235962999999999852e+02
-4.306499999999999773e+02
-4.310212000000000216e+02
-4.310212000000000216e+02
-4.247099999999999795e+02
-4.299075000000000273e+02
-4.221113000000000284e+02
-4.209975000000000023e+02
-4.250812999999999988e+02
-4.291650000000000205e+02
-4.202549999999999955e+02
-4.403025000000000091e+02
-4.306499999999999773e+02
-4.265663000000000125e+02
-4.317638000000000034e+02
-4.473562999999999761e+02
-4.209975000000000023e+02
-4.269375000000000000e+02
-4.313924999999999841e+02
-4.158000000000000114e+02
-4.165425000000000182e+02
-4.388174999999999955e+02
-4.325063000000000102e+02
-4.384463000000000079e+02
-4.313924999999999841e+02
-4.172850000000000250e+02
-4.228537999999999784e+02
-4.395600000000000023e+02
-4.269375000000000000e+02
-4.336200000000000045e+02
-4.351050000000000182e+02
-4.206263000000000147e+02
-4.373324999999999818e+02
-4.299075000000000273e+02
-4.436437999999999988e+02
-4.466138000000000261e+02
-4.443863000000000056e+02
-4.176562999999999874e+02
-4.399311999999999898e+02
-4.499549999999999841e+02
-4.317638000000000034e+02
-4.354762999999999806e+02
-4.369612000000000194e+02
-4.362187999999999874e+02
-4.287937999999999761e+02
-4.458711999999999875e+02
-4.380749999999999886e+02
-4.573799999999999955e+02
-4.436437999999999988e+02
-4.369612000000000194e+02
-4.328774999999999977e+02
-4.584936999999999898e+02
-4.425299999999999727e+02
-4.458711999999999875e+02
-4.399311999999999898e+02
-4.180274999999999750e+02
-4.365899999999999750e+02
-4.273086999999999875e+02
-4.158000000000000114e+02
-4.198838000000000079e+02
-4.336200000000000045e+02
-4.462425000000000068e+02
