-7.087161999999999580e+02
-7.376738000000000284e+02
-7.384162999999999784e+02
-7.172549999999999955e+02
-7.625475000000000136e+02
-7.488112999999999602e+02
-7.399012000000000171e+02
-7.473261999999999716e+02
-7.339611999999999625e+02
-7.306200000000000045e+02
-7.191113000000000284e+02
-7.321050000000000182e+02
-7.302487999999999602e+02
-7.606912999999999556e+02
-7.610625000000000000e+02
-7.410149999999999864e+02
-7.554937999999999647e+02
-7.376738000000000284e+02
-7.380449999999999591e+02
-7.380449999999999591e+02
-7.506675000000000182e+02
-7.354461999999999762e+02
-7.458411999999999580e+02
-7.625475000000000136e+02
-7.670025000000000546e+02
-7.632899999999999636e+02
-7.580924999999999727e+02
-7.584637000000000171e+02
-7.413862000000000307e+02
-7.465837000000000216e+02
-7.599487000000000307e+02
-7.484400000000000546e+02
-7.618049999999999500e+02
-7.584637000000000171e+02
-7.480688000000000102e+02
-7.718287000000000262e+02
-7.844511999999999716e+02
-7.933613000000000284e+02
-7.714574999999999818e+02
-7.710861999999999625e+02
-8.044987999999999602e+02
-7.840800000000000409e+02
-7.759125000000000227e+02
-8.074687999999999874e+02
-7.807387999999999693e+02
-7.863075000000000045e+02
-7.929900000000000091e+02
-7.944750000000000227e+02
-7.996725000000000136e+02
-7.981875000000000000e+02
-8.004149999999999636e+02
-7.799963000000000193e+02
-8.145225000000000364e+02
-8.056124999999999545e+02
-7.903912000000000262e+02
-8.126662999999999784e+02
-8.134088000000000420e+02
-8.093250000000000455e+02
-8.245462999999999738e+02
-8.312287999999999784e+02
-8.078400000000000318e+02
-8.141512000000000171e+02
-8.178637999999999693e+02
-8.026425000000000409e+02
-8.212050000000000409e+02
-8.256599999999999682e+02
-8.156362000000000307e+02
-8.416237999999999602e+02
-8.382825000000000273e+02
-8.082111999999999625e+02
-8.204624999999999773e+02
-8.141512000000000171e+02
-8.301150000000000091e+02
-8.442224999999999682e+02
-8.379112999999999829e+02
-8.212050000000000409e+02
-8.245462999999999738e+02
-8.375399999999999636e+02
-8.282586999999999762e+02
-8.427374999999999545e+02
-8.664974999999999454e+02
-8.353125000000000000e+02
-8.494199999999999591e+02
-8.423663000000000238e+02
-8.360549999999999500e+02
-8.267736999999999625e+02
-8.405099999999999909e+02
-8.553600000000000136e+02
-8.475638000000000147e+02
-8.590724999999999909e+02
-8.713237000000000307e+02
-8.401386999999999716e+02
-8.531325000000000500e+02
-8.631562999999999874e+02
-8.620425000000000182e+02
-8.702100000000000364e+02
-8.668687999999999647e+02
-8.702100000000000364e+02
-8.687250000000000227e+02
-8.780063000000000102e+02
-8.750362999999999829e+02
-8.832037000000000262e+02
-8.902575000000000500e+02
-8.835750000000000455e+02
-8.924850000000000136e+02
-9.065924999999999727e+02
-9.002812999999999874e+02
-8.943411999999999580e+02
-8.976825000000000045e+02
-8.928563000000000329e+02
-8.943411999999999580e+02
-8.887725000000000364e+02
-8.553600000000000136e+02
-8.152649999999999864e+02
-8.215761999999999716e+02
-8.323424999999999727e+02
-8.460787000000000262e+02
-8.356838000000000193e+02
-8.512762000000000171e+02
-8.431087999999999738e+02
-8.234325000000000045e+02
-8.379112999999999829e+02
-8.401386999999999716e+02
-8.434800000000000182e+02
-8.282586999999999762e+02
-8.520186999999999671e+02
-8.471924999999999955e+02
-8.512762000000000171e+02
-8.664974999999999454e+02
-8.312287999999999784e+02
-8.661263000000000147e+02
-8.408813000000000102e+02
-8.527612000000000307e+02
-8.638986999999999625e+02
-8.672400000000000091e+02
-8.538750000000000000e+02
-8.553600000000000136e+02
-8.794913000000000238e+02
-8.575874999999999773e+02
-8.594438000000000102e+02
-8.865449999999999591e+02
-8.731799999999999500e+02
-8.757786999999999580e+02
-8.961974999999999909e+02
-8.843174999999999955e+02
-8.891436999999999671e+02
-8.780063000000000102e+02
-8.642699999999999818e+02
-8.702100000000000364e+02
-8.794913000000000238e+02
-8.731799999999999500e+02
-8.646412000000000262e+02
-8.212050000000000409e+02
-8.249175000000000182e+02
-8.037563000000000102e+02
-7.967024999999999864e+02
-8.056124999999999545e+02
-8.104388000000000147e+02
-8.074687999999999874e+02
-8.022712000000000216e+02
-7.829661999999999580e+02
-8.141512000000000171e+02
-8.171213000000000193e+02
-7.974450000000000500e+02
-8.134088000000000420e+02
-8.249175000000000182e+02
-8.126662999999999784e+02
-8.245462999999999738e+02
-8.141512000000000171e+02
-8.037563000000000102e+02
-8.059837999999999738e+02
-8.056124999999999545e+02
-7.718287000000000262e+02
-7.736849999999999454e+02
-7.796250000000000000e+02
-7.833374999999999773e+02
-7.922474999999999454e+02
-7.859362999999999602e+02
-8.063550000000000182e+02
-7.859362999999999602e+02
-8.096961999999999762e+02
-8.078400000000000318e+02
-7.892775000000000318e+02
-8.085824999999999818e+02
-8.096961999999999762e+02
-7.944750000000000227e+02
-8.085824999999999818e+02
-7.896486999999999625e+02
-7.970737000000000307e+02
-8.156362000000000307e+02
-7.903912000000000262e+02
-7.933613000000000284e+02
-7.993012999999999693e+02
-7.981875000000000000e+02
-7.773975000000000364e+02
-7.837087000000000216e+02
-7.892775000000000318e+02
-8.037563000000000102e+02
-8.182350000000000136e+02
-7.837087000000000216e+02
-7.885349999999999682e+02
-8.152649999999999864e+02
-7.963311999999999671e+02
-7.766549999999999727e+02
-7.803674999999999500e+02
-7.788825000000000500e+02
-7.785112000000000307e+02
-7.592061999999999671e+02
-7.948463000000000420e+02
-7.933613000000000284e+02
-7.848224999999999909e+02
-7.937324999999999591e+02
-7.833374999999999773e+02
-7.941037999999999784e+02
-7.833374999999999773e+02
-7.729424999999999955e+02
-7.777686999999999671e+02
-7.896486999999999625e+02
-7.996725000000000136e+02
-7.855650000000000546e+02
-7.729424999999999955e+02
-7.736849999999999454e+02
-7.837087000000000216e+02
-7.825950000000000273e+02
-7.725711999999999762e+02
-7.811100000000000136e+02
-8.004149999999999636e+02
-7.770262000000000171e+02
-8.022712000000000216e+02
-7.859362999999999602e+02
-7.673737999999999602e+02
-7.885349999999999682e+02
-7.781399999999999864e+02
-7.855650000000000546e+02
-7.866788000000000238e+02
-7.677450000000000045e+02
-7.744275000000000091e+02
-7.903912000000000262e+02
-7.747988000000000284e+02
-7.903912000000000262e+02
-7.974450000000000500e+02
-7.903912000000000262e+02
-7.907625000000000455e+02
-7.993012999999999693e+02
-7.907625000000000455e+02
-7.881638000000000375e+02
-7.978162999999999556e+02
-7.788825000000000500e+02
-7.937324999999999591e+02
-8.070974999999999682e+02
-7.747988000000000284e+02
-7.825950000000000273e+02
-8.044987999999999602e+02
-7.915049999999999955e+02
-7.785112000000000307e+02
-8.056124999999999545e+02
-7.978162999999999556e+02
-7.859362999999999602e+02
-7.881638000000000375e+02
-7.825950000000000273e+02
-8.015286999999999580e+02
-7.952174999999999727e+02
-7.825950000000000273e+02
-7.736849999999999454e+02
-8.048700000000000045e+02
-7.948463000000000420e+02
-7.799963000000000193e+02
-8.082111999999999625e+02
-7.963311999999999671e+02
-7.907625000000000455e+02
-7.837087000000000216e+02
-8.000438000000000329e+02
-7.822237999999999829e+02
-7.978162999999999556e+02
-8.033849999999999909e+02
-7.796250000000000000e+02
-7.851938000000000102e+02
-8.167500000000000000e+02
-8.070974999999999682e+02
-8.059837999999999738e+02
-8.145225000000000364e+02
-7.926187999999999647e+02
-7.933613000000000284e+02
-8.100674999999999955e+02
-7.993012999999999693e+02
-7.903912000000000262e+02
-7.970737000000000307e+02
-7.907625000000000455e+02
-8.063550000000000182e+02
-7.837087000000000216e+02
-7.822237999999999829e+02
-8.037563000000000102e+02
-8.022712000000000216e+02
-7.974450000000000500e+02
-8.015286999999999580e+02
-7.773975000000000364e+02
-7.855650000000000546e+02
-7.900199999999999818e+02
-7.874212999999999738e+02
-7.874212999999999738e+02
-7.818524999999999636e+02
-7.848224999999999909e+02
-7.885349999999999682e+02
-7.948463000000000420e+02
-7.792537999999999556e+02
-7.952174999999999727e+02
-7.863075000000000045e+02
-7.851938000000000102e+02
-7.829661999999999580e+02
-7.963311999999999671e+02
-8.130375000000000227e+02
-7.955887000000000171e+02
-7.963311999999999671e+02
-7.866788000000000238e+02
-8.030136999999999716e+02
-7.963311999999999671e+02
-7.844511999999999716e+02
-7.807387999999999693e+02
-7.807387999999999693e+02
-7.959600000000000364e+02
-7.985588000000000193e+02
-7.807387999999999693e+02
-7.922474999999999454e+02
-7.903912000000000262e+02
-7.903912000000000262e+02
-8.115525000000000091e+02
-8.096961999999999762e+02
-8.000438000000000329e+02
-7.948463000000000420e+02
-7.996725000000000136e+02
-7.885349999999999682e+02
-8.018999999999999773e+02
-7.803674999999999500e+02
-7.933613000000000284e+02
-8.126662999999999784e+02
-7.926187999999999647e+02
-7.885349999999999682e+02
-7.974450000000000500e+02
-8.030136999999999716e+02
-8.096961999999999762e+02
-8.067263000000000375e+02
-7.918763000000000147e+02
-8.085824999999999818e+02
-7.870499999999999545e+02
-7.762838000000000420e+02
-7.900199999999999818e+02
-8.052413000000000238e+02
-7.825950000000000273e+02
-7.848224999999999909e+02
-8.037563000000000102e+02
-7.918763000000000147e+02
-7.996725000000000136e+02
-7.937324999999999591e+02
-7.863075000000000045e+02
-7.959600000000000364e+02
-8.078400000000000318e+02
-7.933613000000000284e+02
-7.840800000000000409e+02
-8.130375000000000227e+02
-8.070974999999999682e+02
-7.959600000000000364e+02
-7.874212999999999738e+02
-7.978162999999999556e+02
-7.762838000000000420e+02
-8.126662999999999784e+02
-7.937324999999999591e+02
-7.807387999999999693e+02
-7.911336999999999762e+02
-7.948463000000000420e+02
-7.762838000000000420e+02
-8.015286999999999580e+02
-8.048700000000000045e+02
-7.833374999999999773e+02
-7.803674999999999500e+02
-7.970737000000000307e+02
-7.866788000000000238e+02
-7.744275000000000091e+02
-7.885349999999999682e+02
-7.952174999999999727e+02
-7.859362999999999602e+02
-7.915049999999999955e+02
-7.848224999999999909e+02
-7.993012999999999693e+02
-8.082111999999999625e+02
-7.944750000000000227e+02
-8.015286999999999580e+02
-7.955887000000000171e+02
-8.004149999999999636e+02
-7.885349999999999682e+02
-7.825950000000000273e+02
-7.900199999999999818e+02
-7.911336999999999762e+02
-7.922474999999999454e+02
-7.929900000000000091e+02
-7.870499999999999545e+02
-7.696013000000000375e+02
-7.855650000000000546e+02
-7.963311999999999671e+02
-7.922474999999999454e+02
-8.000438000000000329e+02
-7.866788000000000238e+02
-7.848224999999999909e+02
-7.881638000000000375e+02
-7.725711999999999762e+02
-7.792537999999999556e+02
-7.851938000000000102e+02
-7.970737000000000307e+02
-7.814813000000000329e+02
-7.632899999999999636e+02
-8.007862999999999829e+02
-7.929900000000000091e+02
-7.889062999999999874e+02
