-8.056125000000000114e+01
-7.721999999999999886e+01
-1.020938000000000017e+02
-1.098900000000000006e+02
-1.314225000000000136e+02
-1.280812999999999988e+02
-1.117463000000000051e+02
-1.210275000000000034e+02
-1.299375000000000000e+02
-1.681762999999999977e+02
-1.477574999999999932e+02
-1.243687999999999931e+02
-2.034449999999999932e+02
-1.960200000000000102e+02
-1.588950000000000102e+02
-2.338874999999999886e+02
-2.194088000000000136e+02
-2.108700000000000045e+02
-2.238637999999999977e+02
-2.023312999999999988e+02
-2.023312999999999988e+02
-2.190374999999999943e+02
-2.316599999999999966e+02
-2.156963000000000079e+02
-2.409413000000000125e+02
-2.505937999999999874e+02
-2.598750000000000000e+02
-2.557913000000000068e+02
-2.847486999999999853e+02
-2.750962999999999852e+02
-2.791800000000000068e+02
-2.788086999999999875e+02
-2.892038000000000011e+02
-2.895749999999999886e+02
-2.769524999999999864e+02
-2.918025000000000091e+02
-3.133349999999999795e+02
-2.788086999999999875e+02
-2.524499999999999886e+02
-3.007124999999999773e+02
-3.151913000000000125e+02
-2.569049999999999727e+02
-3.318974999999999795e+02
-3.508312999999999988e+02
-3.185325000000000273e+02
-3.133349999999999795e+02
-3.363525000000000205e+02
-3.185325000000000273e+02
-3.252149999999999750e+02
-3.363525000000000205e+02
-3.667950000000000159e+02
-3.519449999999999932e+02
-3.734775000000000205e+02
-3.615975000000000250e+02
-3.794175000000000182e+02
-3.935249999999999773e+02
-3.872137000000000171e+02
-3.827588000000000079e+02
-3.957524999999999977e+02
-4.113450000000000273e+02
-4.005788000000000011e+02
-4.076324999999999932e+02
-4.024350000000000023e+02
-4.261949999999999932e+02
-4.076324999999999932e+02
-3.905550000000000068e+02
-4.102312999999999761e+02
-4.280511999999999944e+02
-4.243387000000000171e+02
-4.217400000000000091e+02
-4.529250000000000114e+02
-4.399311999999999898e+02
-4.250812999999999988e+02
-4.495837000000000216e+02
-4.495837000000000216e+02
-4.566374999999999886e+02
-4.596075000000000159e+02
-4.477275000000000205e+02
-4.217400000000000091e+02
-3.861000000000000227e+02
-4.276800000000000068e+02
-4.302787000000000148e+02
-4.087461999999999875e+02
-3.998362000000000194e+02
-3.957524999999999977e+02
-3.905550000000000068e+02
-4.254524999999999864e+02
-4.261949999999999932e+02
-4.035488000000000284e+02
-3.946388000000000034e+02
-3.909261999999999944e+02
-3.964950000000000045e+02
-3.976087999999999738e+02
-3.953813000000000102e+02
-4.247099999999999795e+02
-4.284225000000000136e+02
-4.325063000000000102e+02
-4.421587999999999852e+02
-4.440149999999999864e+02
-4.146861999999999853e+02
-4.276800000000000068e+02
-4.302787000000000148e+02
-4.358475000000000250e+02
-4.451288000000000125e+02
-4.250812999999999988e+02
-4.195124999999999886e+02
-4.347337999999999738e+02
-4.532962999999999738e+02
-4.469850000000000136e+02
-4.455000000000000000e+02
-4.488412000000000148e+02
-4.603500000000000227e+02
-4.506974999999999909e+02
-4.544100000000000250e+02
-4.514399999999999977e+02
-4.469850000000000136e+02
-4.250812999999999988e+02
-4.473562999999999761e+02
-4.403025000000000091e+02
-4.655475000000000136e+02
-4.551524999999999750e+02
-4.391888000000000147e+02
-4.473562999999999761e+02
-4.588650000000000091e+02
-4.644336999999999875e+02
-4.510688000000000102e+02
-4.629488000000000056e+02
-4.922774999999999750e+02
-4.629488000000000056e+02
-4.544100000000000250e+02
-4.922774999999999750e+02
-4.807687999999999988e+02
-4.492124999999999773e+02
-4.874513000000000034e+02
-5.011875000000000000e+02
-4.863374999999999773e+02
-4.989599999999999795e+02
-4.989599999999999795e+02
-4.941338000000000079e+02
-4.833675000000000068e+02
-4.711161999999999921e+02
-4.933913000000000011e+02
-5.026725000000000136e+02
-4.833675000000000068e+02
-4.818824999999999932e+02
-5.011875000000000000e+02
-5.160375000000000227e+02
-4.818824999999999932e+02
-5.074986999999999853e+02
-4.878224999999999909e+02
-4.963613000000000284e+02
-4.841100000000000136e+02
-4.800262000000000171e+02
-4.674037000000000148e+02
-4.796549999999999727e+02
-5.015586999999999875e+02
-4.926487000000000194e+02
-4.926487000000000194e+02
-4.904212999999999738e+02
-4.792837999999999852e+02
-4.982174999999999727e+02
-4.930199999999999818e+02
-4.900500000000000114e+02
-5.086125000000000114e+02
-4.926487000000000194e+02
-5.034150000000000205e+02
-5.212350000000000136e+02
-5.260612999999999602e+02
-4.889361999999999853e+02
-5.097262999999999806e+02
-5.268038000000000238e+02
-4.993312999999999988e+02
-5.219774999999999636e+02
-5.104687999999999874e+02
-5.167799999999999727e+02
-5.178936999999999671e+02
-5.238337000000000216e+02
-5.223487999999999829e+02
-5.308875000000000455e+02
-5.446237999999999602e+02
-5.327437999999999647e+02
-5.112112000000000194e+02
-5.234624999999999773e+02
-5.063849999999999909e+02
-5.357137000000000171e+02
-5.030437999999999761e+02
-4.343625000000000114e+02
-4.221113000000000284e+02
-4.276800000000000068e+02
-4.295362999999999829e+02
-4.143149999999999977e+02
-4.206263000000000147e+02
-4.150575000000000045e+02
-4.332486999999999853e+02
-4.480987999999999829e+02
-4.094886999999999944e+02
-4.228537999999999784e+02
-4.380749999999999886e+02
-4.495837000000000216e+02
-4.462425000000000068e+02
-4.651763000000000261e+02
-4.180274999999999750e+02
-3.604837999999999738e+02
-3.786750000000000114e+02
-3.679087999999999852e+02
-3.675375000000000227e+02
-3.764474999999999909e+02
-3.831299999999999955e+02
-3.656811999999999898e+02
-3.757049999999999841e+02
-3.604837999999999738e+02
-3.667950000000000159e+02
-3.875849999999999795e+02
-3.448913000000000011e+02
-3.690224999999999795e+02
-3.482325000000000159e+02
-3.300412999999999784e+02
-3.734775000000000205e+02
-3.723636999999999944e+02
-3.604837999999999738e+02
-3.563999999999999773e+02
-3.719925000000000068e+02
-3.619687999999999874e+02
-3.653100000000000023e+02
-3.864712999999999852e+02
-3.534300000000000068e+02
-3.589986999999999853e+02
-3.827588000000000079e+02
-3.649388000000000147e+02
-3.649388000000000147e+02
-3.641963000000000079e+02
-3.589986999999999853e+02
-3.482325000000000159e+02
-3.597411999999999921e+02
-3.638249999999999886e+02
-3.352386999999999944e+02
-3.608550000000000182e+02
-3.552862999999999829e+02
-3.400649999999999977e+02
-3.712500000000000000e+02
-3.623399999999999750e+02
-3.538011999999999944e+02
-3.712500000000000000e+02
-3.493462999999999852e+02
-3.411786999999999921e+02
-3.764474999999999909e+02
-3.597411999999999921e+02
-3.497174999999999727e+02
-3.734775000000000205e+02
-3.649388000000000147e+02
-3.612262999999999806e+02
-3.634538000000000011e+02
-3.370950000000000273e+02
-3.578849999999999909e+02
-3.471186999999999898e+02
-3.474900000000000091e+02
-3.664238000000000284e+02
-3.693937999999999988e+02
-3.563999999999999773e+02
-3.534300000000000068e+02
-3.875849999999999795e+02
-3.705074999999999932e+02
-3.512024999999999864e+02
-3.783036999999999921e+02
-3.950099999999999909e+02
-3.686512000000000171e+02
-3.656811999999999898e+02
-3.820163000000000011e+02
-3.660525000000000091e+02
-3.693937999999999988e+02
-3.552862999999999829e+02
-3.597411999999999921e+02
-3.712500000000000000e+02
-3.742200000000000273e+02
-3.526875000000000000e+02
-3.745912000000000148e+02
-3.738487999999999829e+02
-3.645674999999999955e+02
-3.816449999999999818e+02
-3.667950000000000159e+02
-3.615975000000000250e+02
-3.630824999999999818e+02
-3.679087999999999852e+02
-3.612262999999999806e+02
-3.757049999999999841e+02
-3.920400000000000205e+02
-3.864712999999999852e+02
-3.667950000000000159e+02
-3.983512999999999806e+02
-3.786750000000000114e+02
-3.727350000000000136e+02
-3.627112000000000194e+02
-3.719925000000000068e+02
-3.771899999999999977e+02
-3.879562999999999988e+02
-3.742200000000000273e+02
-3.875849999999999795e+02
-3.682799999999999727e+02
-3.675375000000000227e+02
-3.890699999999999932e+02
-3.526875000000000000e+02
-3.719925000000000068e+02
-3.634538000000000011e+02
-3.835013000000000147e+02
-3.634538000000000011e+02
-3.749624999999999773e+02
-3.671662999999999784e+02
-3.801600000000000250e+02
-3.753337000000000216e+02
-3.901836999999999875e+02
-3.783036999999999921e+02
-3.556575000000000273e+02
-3.883274999999999864e+02
-3.727350000000000136e+02
-3.846150000000000091e+02
-3.976087999999999738e+02
-3.797887999999999806e+02
-3.827588000000000079e+02
-3.835013000000000147e+02
-3.671662999999999784e+02
-3.890699999999999932e+02
-3.935249999999999773e+02
-3.983512999999999806e+02
-3.864712999999999852e+02
-3.950099999999999909e+02
-3.875849999999999795e+02
-3.853575000000000159e+02
-4.091175000000000068e+02
-3.790462999999999738e+02
-3.838725000000000023e+02
-3.901836999999999875e+02
-3.823874999999999886e+02
-3.812737000000000194e+02
-3.953813000000000102e+02
-3.753337000000000216e+02
-3.901836999999999875e+02
-3.890699999999999932e+02
-3.938962000000000216e+02
-4.046625000000000227e+02
-3.783036999999999921e+02
-3.667950000000000159e+02
-3.816449999999999818e+02
-3.864712999999999852e+02
-3.757049999999999841e+02
-3.976087999999999738e+02
-3.823874999999999886e+02
-3.749624999999999773e+02
-3.849863000000000284e+02
-4.028061999999999898e+02
-3.753337000000000216e+02
-3.697649999999999864e+02
-3.935249999999999773e+02
-3.964950000000000045e+02
-3.742200000000000273e+02
-3.875849999999999795e+02
-3.757049999999999841e+02
-3.757049999999999841e+02
-3.864712999999999852e+02
-3.864712999999999852e+02
-3.779325000000000045e+02
-3.894413000000000125e+02
-3.972375000000000114e+02
-3.760763000000000034e+02
-3.927825000000000273e+02
-3.972375000000000114e+02
-3.983512999999999806e+02
-3.990937999999999874e+02
-3.905550000000000068e+02
-3.946388000000000034e+02
-3.990937999999999874e+02
-4.224825000000000159e+02
-4.042912999999999784e+02
-4.254524999999999864e+02
-4.217400000000000091e+02
-4.061474999999999795e+02
-4.172850000000000250e+02
-4.198838000000000079e+02
-4.165425000000000182e+02
-4.176562999999999874e+02
-4.206263000000000147e+02
-4.080038000000000125e+02
-4.061474999999999795e+02
-4.113450000000000273e+02
-4.202549999999999955e+02
-4.080038000000000125e+02
-4.031775000000000091e+02
-3.868424999999999727e+02
-4.139438000000000102e+02
-4.158000000000000114e+02
-4.124587000000000216e+02
-4.247099999999999795e+02
-4.332486999999999853e+02
-4.495837000000000216e+02
-4.165425000000000182e+02
-4.295362999999999829e+02
-4.150575000000000045e+02
-3.942674999999999841e+02
-3.964950000000000045e+02
-4.117162000000000148e+02
-4.187699999999999818e+02
-4.016924999999999955e+02
-4.128299999999999841e+02
-4.046625000000000227e+02
-4.102312999999999761e+02
-4.102312999999999761e+02
-4.228537999999999784e+02
-4.276800000000000068e+02
-4.243387000000000171e+02
-4.217400000000000091e+02
-4.039200000000000159e+02
-3.879562999999999988e+02
-3.994649999999999750e+02
