-3.267000000000000171e+01
-2.858624999999999972e+01
-5.308874999999999744e+01
-4.380749999999999744e+01
-6.162749999999999773e+01
-5.086124999999999829e+01
-8.575875000000000625e+01
-9.021375000000000455e+01
-6.459749999999999659e+01
-8.909999999999999432e+01
-1.210275000000000034e+02
-9.504000000000000625e+01
-1.143449999999999989e+02
-1.254825000000000017e+02
-1.006086999999999989e+02
-1.470149999999999864e+02
-1.340212999999999965e+02
-1.291949999999999932e+02
-1.369912999999999954e+02
-1.388474999999999966e+02
-1.510988000000000113e+02
-1.340212999999999965e+02
-1.258538000000000068e+02
-1.536974999999999909e+02
-1.317937000000000012e+02
-1.689187000000000012e+02
-1.429311999999999898e+02
-1.696613000000000113e+02
-1.562961999999999989e+02
-1.692899999999999920e+02
-1.796850000000000023e+02
-1.804275000000000091e+02
-1.707750000000000057e+02
-1.655774999999999864e+02
-2.101274999999999977e+02
-1.856250000000000000e+02
-2.060437000000000012e+02
-2.112412999999999954e+02
-1.852538000000000125e+02
-1.978762999999999863e+02
-2.223788000000000125e+02
-2.301750000000000114e+02
-2.093849999999999909e+02
-2.260911999999999864e+02
-2.205225000000000080e+02
-2.104987000000000137e+02
-2.398274999999999864e+02
-2.160674999999999955e+02
-2.242350000000000136e+02
-2.324025000000000034e+02
-2.053012999999999977e+02
-2.238637999999999977e+02
-2.442824999999999989e+02
-2.153249999999999886e+02
-2.461387000000000000e+02
-2.468813000000000102e+02
-2.257199999999999989e+02
-2.260911999999999864e+02
-2.223788000000000125e+02
-2.390850000000000080e+02
-2.279474999999999909e+02
-2.272050000000000125e+02
-2.286899999999999977e+02
-2.379713000000000136e+02
-2.383425000000000011e+02
-2.145825000000000102e+02
-2.067863000000000113e+02
-2.112412999999999954e+02
-2.305461999999999989e+02
-2.067863000000000113e+02
-2.119836999999999989e+02
-2.179238000000000000e+02
-2.038163000000000125e+02
-2.324025000000000034e+02
-2.275762000000000000e+02
-2.168100000000000023e+02
-2.338874999999999886e+02
-2.208937999999999988e+02
-1.982475000000000023e+02
-2.324025000000000034e+02
-2.338874999999999886e+02
-1.978762999999999863e+02
-2.123549999999999898e+02
-2.401987000000000023e+02
-2.130974999999999966e+02
-2.387136999999999887e+02
-2.320312999999999874e+02
-2.309174999999999898e+02
-2.609886999999999944e+02
-2.442824999999999989e+02
-2.695274999999999750e+02
-2.598750000000000000e+02
-2.505937999999999874e+02
-2.491086999999999989e+02
-2.598750000000000000e+02
-2.472524999999999977e+02
-2.171812999999999931e+02
-2.465099999999999909e+02
-2.669286999999999921e+02
-2.353725000000000023e+02
-2.312888000000000090e+02
-2.520788000000000011e+02
-2.450250000000000057e+02
-2.427975000000000136e+02
-2.687850000000000250e+02
-2.687850000000000250e+02
-2.498513000000000090e+02
-2.572762000000000171e+02
-2.736113000000000284e+02
-2.717549999999999955e+02
-2.836349999999999909e+02
-2.535637999999999863e+02
-2.750962999999999852e+02
-2.676712999999999738e+02
-2.739825000000000159e+02
-2.806650000000000205e+02
-2.825212000000000216e+02
-2.661861999999999853e+02
-2.606175000000000068e+02
-2.895749999999999886e+02
-2.706413000000000011e+02
-2.884612000000000194e+02
-2.899463000000000079e+02
-2.739825000000000159e+02
-2.754674999999999727e+02
-2.940299999999999727e+02
-2.873475000000000250e+02
-2.873475000000000250e+02
-2.888324999999999818e+02
-2.758387000000000171e+02
-3.129637000000000171e+02
-2.643299999999999841e+02
-2.580187000000000239e+02
-2.732400000000000091e+02
-2.717549999999999955e+02
-2.442824999999999989e+02
-2.736113000000000284e+02
-2.732400000000000091e+02
-2.669286999999999921e+02
-2.784375000000000000e+02
-2.869762999999999806e+02
-2.743537999999999784e+02
-2.825212000000000216e+02
-2.784375000000000000e+02
-2.635874999999999773e+02
-2.795511999999999944e+02
-2.691562999999999874e+02
-2.539350000000000023e+02
-2.836349999999999909e+02
-2.747250000000000227e+02
-2.728686999999999898e+02
-2.721263000000000147e+02
-2.903174999999999955e+02
-2.713838000000000079e+02
-2.706413000000000011e+02
-2.892038000000000011e+02
-2.628450000000000273e+02
-2.869762999999999806e+02
-3.099936999999999898e+02
-2.795511999999999944e+02
-2.992275000000000205e+02
-2.932875000000000227e+02
-3.047962999999999738e+02
-2.784375000000000000e+02
-3.163050000000000068e+02
-3.107363000000000284e+02
-3.007124999999999773e+02
-2.888324999999999818e+02
-3.118500000000000227e+02
-2.914311999999999898e+02
-3.107363000000000284e+02
-2.992275000000000205e+02
-2.977425000000000068e+02
-3.010837000000000216e+02
-2.981136999999999944e+02
-2.973711999999999875e+02
-2.880899999999999750e+02
-3.033111999999999853e+02
-3.088799999999999955e+02
-2.918025000000000091e+02
-3.036825000000000045e+02
-3.018263000000000034e+02
-3.241012999999999806e+02
-3.200174999999999841e+02
-3.114787999999999784e+02
-3.203888000000000034e+02
-3.200174999999999841e+02
-3.085088000000000079e+02
-3.330113000000000056e+02
-3.122212999999999852e+02
-3.040536999999999921e+02
-3.341250000000000000e+02
-3.140774999999999864e+02
-3.066524999999999750e+02
-3.174187999999999761e+02
-3.229875000000000114e+02
-3.226161999999999921e+02
-3.478613000000000284e+02
-3.207599999999999909e+02
-3.255862000000000194e+02
-3.266999999999999886e+02
-3.255862000000000194e+02
-3.337538000000000125e+02
-3.315262000000000171e+02
-3.385799999999999841e+02
-3.370950000000000273e+02
-3.255862000000000194e+02
-3.241012999999999806e+02
-3.463763000000000147e+02
-3.430350000000000250e+02
-3.422925000000000182e+02
-3.627112000000000194e+02
-3.575138000000000034e+02
-3.374662000000000148e+02
-3.578849999999999909e+02
-3.716211999999999875e+02
-3.649388000000000147e+02
-3.207599999999999909e+02
-3.237300000000000182e+02
-3.125924999999999727e+02
-2.788086999999999875e+02
-2.951437000000000239e+02
-3.003412000000000148e+02
-3.018263000000000034e+02
-3.029399999999999977e+02
-2.936587999999999852e+02
-2.817787000000000148e+02
-2.981136999999999944e+02
-2.966288000000000125e+02
-3.014549999999999841e+02
-2.999700000000000273e+02
-2.832638000000000034e+02
-2.921738000000000284e+02
-2.892038000000000011e+02
-2.758387000000000171e+02
-2.802937999999999761e+02
-2.784375000000000000e+02
-2.814075000000000273e+02
-2.721263000000000147e+02
-3.111075000000000159e+02
-2.840063000000000102e+02
-3.007124999999999773e+02
-3.096225000000000023e+02
-2.814075000000000273e+02
-2.680425000000000182e+02
-2.765812000000000239e+02
-2.758387000000000171e+02
-2.531924999999999955e+02
-2.754674999999999727e+02
-2.647013000000000034e+02
-2.691562999999999874e+02
-2.713838000000000079e+02
-2.921738000000000284e+02
-2.925450000000000159e+02
-2.606175000000000068e+02
-2.739825000000000159e+02
-2.773238000000000056e+02
-2.762099999999999795e+02
-2.776949999999999932e+02
-2.799225000000000136e+02
-2.821499999999999773e+02
-3.096225000000000023e+02
-2.847486999999999853e+02
-2.765812000000000239e+02
-2.910600000000000023e+02
-2.762099999999999795e+02
-2.669286999999999921e+02
-2.739825000000000159e+02
-2.780663000000000125e+02
-2.520788000000000011e+02
-2.561625000000000227e+02
-2.487375000000000114e+02
-2.632162000000000148e+02
-2.673000000000000114e+02
-2.698987000000000194e+02
-2.609886999999999944e+02
-2.691562999999999874e+02
-2.583899999999999864e+02
-2.531924999999999955e+02
-2.687850000000000250e+02
-2.665575000000000045e+02
-2.628450000000000273e+02
-2.736113000000000284e+02
-2.765812000000000239e+02
-2.632162000000000148e+02
-2.628450000000000273e+02
-2.531924999999999955e+02
-2.806650000000000205e+02
-2.595038000000000125e+02
-2.543062999999999931e+02
-2.606175000000000068e+02
-2.632162000000000148e+02
-2.635874999999999773e+02
-2.580187000000000239e+02
-2.925450000000000159e+02
-2.776949999999999932e+02
-2.869762999999999806e+02
-2.713838000000000079e+02
-2.702699999999999818e+02
-2.750962999999999852e+02
-2.806650000000000205e+02
-2.739825000000000159e+02
-2.673000000000000114e+02
-2.680425000000000182e+02
-2.491086999999999989e+02
-2.453962999999999965e+02
-2.587613000000000056e+02
-2.554199999999999875e+02
-2.565337999999999852e+02
-2.617312999999999761e+02
-2.617312999999999761e+02
-2.587613000000000056e+02
-2.491086999999999989e+02
-2.710124999999999886e+02
-2.546775000000000091e+02
-2.583899999999999864e+02
-2.650724999999999909e+02
-2.565337999999999852e+02
-2.762099999999999795e+02
-2.814075000000000273e+02
-2.795511999999999944e+02
-2.784375000000000000e+02
-2.736113000000000284e+02
-2.899463000000000079e+02
-2.999700000000000273e+02
-2.906888000000000147e+02
-2.925450000000000159e+02
-3.088799999999999955e+02
-2.806650000000000205e+02
-2.840063000000000102e+02
-2.866050000000000182e+02
-2.992275000000000205e+02
-2.884612000000000194e+02
-3.159336999999999875e+02
-3.021974999999999909e+02
-2.869762999999999806e+02
-2.784375000000000000e+02
-2.791800000000000068e+02
-2.947724999999999795e+02
-2.995987999999999829e+02
-3.044250000000000114e+02
-2.932875000000000227e+02
-2.903174999999999955e+02
-2.769524999999999864e+02
-2.940299999999999727e+02
-2.910600000000000023e+02
-3.103650000000000091e+02
-2.940299999999999727e+02
-2.828924999999999841e+02
-2.944012000000000171e+02
-3.051675000000000182e+02
-2.970000000000000000e+02
-2.970000000000000000e+02
-2.828924999999999841e+02
-2.932875000000000227e+02
-3.051675000000000182e+02
-3.018263000000000034e+02
-2.732400000000000091e+02
-3.040536999999999921e+02
-3.070237000000000194e+02
-3.118500000000000227e+02
-2.966288000000000125e+02
-2.925450000000000159e+02
-3.051675000000000182e+02
-3.226161999999999921e+02
-2.984850000000000136e+02
-2.918025000000000091e+02
-3.189037000000000148e+02
-3.021974999999999909e+02
-2.929162999999999784e+02
-3.125924999999999727e+02
-2.724975000000000023e+02
-2.502224999999999966e+02
-2.580187000000000239e+02
-2.502224999999999966e+02
-2.498513000000000090e+02
-2.661861999999999853e+02
-2.505937999999999874e+02
-2.528213000000000079e+02
-2.572762000000000171e+02
-2.624737999999999829e+02
-2.595038000000000125e+02
-2.750962999999999852e+02
-2.468813000000000102e+02
-2.628450000000000273e+02
-2.695274999999999750e+02
-2.472524999999999977e+02
-2.572762000000000171e+02
-2.680425000000000182e+02
-2.591324999999999932e+02
-2.509650000000000034e+02
-2.576474999999999795e+02
-2.505937999999999874e+02
-2.487375000000000114e+02
-2.609886999999999944e+02
-2.710124999999999886e+02
-2.673000000000000114e+02
-2.654438000000000102e+02
-2.661861999999999853e+02
-2.713838000000000079e+02
-2.817787000000000148e+02
-2.691562999999999874e+02
-2.736113000000000284e+02
-2.635874999999999773e+02
-2.706413000000000011e+02
-2.617312999999999761e+02
-2.706413000000000011e+02
-2.788086999999999875e+02
-2.687850000000000250e+02
-2.773238000000000056e+02
-2.877187999999999874e+02
-2.650724999999999909e+02
