-4.629488000000000056e+02
-4.280511999999999944e+02
-4.644336999999999875e+02
-4.276800000000000068e+02
-4.492124999999999773e+02
-4.614637000000000171e+02
-4.577513000000000147e+02
-4.514399999999999977e+02
-4.532962999999999738e+02
-4.584936999999999898e+02
-4.629488000000000056e+02
-4.811399999999999864e+02
-4.436437999999999988e+02
-4.744574999999999818e+02
-5.037862999999999829e+02
-4.662900000000000205e+02
-4.774275000000000091e+02
-4.547812999999999874e+02
-4.755713000000000079e+02
-4.774275000000000091e+02
-4.599787999999999784e+02
-4.610924999999999727e+02
-4.737149999999999750e+02
-4.766850000000000023e+02
-4.558949999999999818e+02
-4.755713000000000079e+02
-4.852237999999999829e+02
-4.700024999999999977e+02
-4.714875000000000114e+02
-4.900500000000000114e+02
-4.863374999999999773e+02
-4.956186999999999898e+02
-4.789125000000000227e+02
-4.681462000000000216e+02
-5.015586999999999875e+02
-4.937624999999999886e+02
-4.974750000000000227e+02
-5.071274999999999977e+02
-5.045287000000000148e+02
-4.922774999999999750e+02
-5.160375000000000227e+02
-5.167799999999999727e+02
-4.982174999999999727e+02
-5.011875000000000000e+02
-5.167799999999999727e+02
-5.100975000000000250e+02
-4.945049999999999955e+02
-4.993312999999999988e+02
-4.796549999999999727e+02
-5.026725000000000136e+02
-5.078700000000000045e+02
-4.937624999999999886e+02
-5.093550000000000182e+02
-4.989599999999999795e+02
-5.193787999999999556e+02
-4.937624999999999886e+02
-5.156662999999999784e+02
-4.952475000000000023e+02
-4.937624999999999886e+02
-5.152949999999999591e+02
-4.941338000000000079e+02
-5.034150000000000205e+02
-4.989599999999999795e+02
-5.000738000000000056e+02
-5.219774999999999636e+02
-5.264325000000000045e+02
-5.145525000000000091e+02
-4.982174999999999727e+02
-5.286599999999999682e+02
-5.409112999999999829e+02
-5.082411999999999921e+02
-5.178936999999999671e+02
-5.472224999999999682e+02
-5.093550000000000182e+02
-5.294025000000000318e+02
-5.397975000000000136e+02
-5.134388000000000147e+02
-5.305162000000000262e+02
-5.464800000000000182e+02
-5.249474999999999909e+02
-5.371987000000000307e+02
-5.346000000000000227e+02
-4.993312999999999988e+02
-5.175225000000000364e+02
-5.134388000000000147e+02
-5.126961999999999762e+02
-5.100975000000000250e+02
-5.320013000000000147e+02
-5.327437999999999647e+02
-5.490787000000000262e+02
-5.613300000000000409e+02
-5.446237999999999602e+02
-5.453663000000000238e+02
-5.513062999999999647e+02
-5.346000000000000227e+02
-5.134388000000000147e+02
-5.446237999999999602e+02
-5.364561999999999671e+02
-5.383125000000000000e+02
-5.371987000000000307e+02
-5.461087999999999738e+02
-5.550186999999999671e+02
-5.230911999999999580e+02
-5.546475000000000364e+02
-5.245761999999999716e+02
-5.468513000000000375e+02
-5.346000000000000227e+02
-5.475937999999999874e+02
-5.516775000000000091e+02
-5.646712999999999738e+02
-5.576174999999999500e+02
-5.479650000000000318e+02
-5.654138000000000375e+02
-5.568750000000000000e+02
-5.706113000000000284e+02
-5.527912999999999784e+02
-5.594737999999999829e+02
-5.438812000000000353e+02
-5.453663000000000238e+02
-5.746950000000000500e+02
-5.605874999999999773e+02
-5.631862999999999602e+02
-5.720963000000000420e+02
-5.409112999999999829e+02
-5.449950000000000045e+02
-5.531625000000000227e+02
-5.583600000000000136e+02
-5.687549999999999955e+02
-5.810062000000000353e+02
-5.579887999999999693e+02
-5.539049999999999727e+02
-5.624437000000000353e+02
-5.758088000000000193e+02
-5.631862999999999602e+02
-5.583600000000000136e+02
-5.836050000000000182e+02
-5.446237999999999602e+02
-5.561325000000000500e+02
-5.490787000000000262e+02
-5.557612000000000307e+02
-5.591024999999999636e+02
-5.550186999999999671e+02
-5.661562999999999874e+02
-5.765512999999999693e+02
-5.709824999999999591e+02
-5.709824999999999591e+02
-5.839763000000000375e+02
-5.661562999999999874e+02
-5.527912999999999784e+02
-5.676412000000000262e+02
-5.646712999999999738e+02
-5.542762000000000171e+02
-5.683836999999999762e+02
-5.661562999999999874e+02
-5.598450000000000273e+02
-5.568750000000000000e+02
-5.617011999999999716e+02
-5.683836999999999762e+02
-5.323724999999999454e+02
-5.706113000000000284e+02
-5.787786999999999580e+02
-5.828624999999999545e+02
-5.906588000000000420e+02
-5.717250000000000227e+02
-5.802636999999999716e+02
-5.847187999999999874e+02
-5.817487999999999602e+02
-5.824913000000000238e+02
-5.943713000000000193e+02
-5.657849999999999682e+02
-5.791499999999999773e+02
-5.743237000000000307e+02
-5.765512999999999693e+02
-5.854611999999999625e+02
-5.858324999999999818e+02
-5.895449999999999591e+02
-5.947424999999999500e+02
-5.999400000000000546e+02
-5.917725000000000364e+02
-5.910299999999999727e+02
-6.029099999999999682e+02
-6.095924999999999727e+02
-5.802636999999999716e+02
-6.088500000000000227e+02
-5.954850000000000136e+02
-5.720963000000000420e+02
-5.795212000000000216e+02
-5.717250000000000227e+02
-5.824913000000000238e+02
-5.709824999999999591e+02
-5.754375000000000000e+02
-5.917725000000000364e+02
-5.761799999999999500e+02
-5.869461999999999762e+02
-5.776649999999999636e+02
-5.810062000000000353e+02
-6.043949999999999818e+02
-5.891738000000000284e+02
-5.776649999999999636e+02
-6.017962999999999738e+02
-5.613300000000000409e+02
-5.828624999999999545e+02
-5.906588000000000420e+02
-5.795212000000000216e+02
-5.717250000000000227e+02
-5.509349999999999454e+02
-5.323724999999999454e+02
-5.453663000000000238e+02
-5.576174999999999500e+02
-5.204924999999999500e+02
-5.342287999999999784e+02
-5.149238000000000284e+02
-5.219774999999999636e+02
-5.115824999999999818e+02
-5.264325000000000045e+02
-5.338574999999999591e+02
-5.112112000000000194e+02
-5.260612999999999602e+02
-5.238337000000000216e+02
-5.483361999999999625e+02
-5.197500000000000000e+02
-5.130674999999999955e+02
-5.349713000000000420e+02
-5.553899999999999864e+02
-5.186362000000000307e+02
-5.513062999999999647e+02
-5.505638000000000147e+02
-5.074986999999999853e+02
-5.390549999999999500e+02
-5.360850000000000364e+02
-5.104687999999999874e+02
-5.346000000000000227e+02
-5.323724999999999454e+02
-5.167799999999999727e+02
-5.297736999999999625e+02
-5.275462999999999738e+02
-5.513062999999999647e+02
-5.472224999999999682e+02
-5.446237999999999602e+02
-5.338574999999999591e+02
-5.353424999999999727e+02
-5.349713000000000420e+02
-5.323724999999999454e+02
-5.360850000000000364e+02
-5.442525000000000546e+02
-5.338574999999999591e+02
-5.264325000000000045e+02
-5.490787000000000262e+02
-5.349713000000000420e+02
-5.420249999999999773e+02
-5.457374999999999545e+02
-5.219774999999999636e+02
-5.371987000000000307e+02
-5.383125000000000000e+02
-5.368274999999999864e+02
-5.383125000000000000e+02
-5.357137000000000171e+02
-5.301449999999999818e+02
-5.383125000000000000e+02
-5.479650000000000318e+02
-5.245761999999999716e+02
-5.242050000000000409e+02
-5.461087999999999738e+02
-5.320013000000000147e+02
-5.420249999999999773e+02
-5.487074999999999818e+02
-5.286599999999999682e+02
-5.327437999999999647e+02
-5.379412999999999556e+02
-5.301449999999999818e+02
-5.346000000000000227e+02
-5.316299999999999955e+02
-5.219774999999999636e+02
-5.379412999999999556e+02
-5.405399999999999636e+02
-5.338574999999999591e+02
-5.327437999999999647e+02
-5.268038000000000238e+02
-5.123250000000000455e+02
-5.353424999999999727e+02
-5.453663000000000238e+02
-5.275462999999999738e+02
-5.264325000000000045e+02
-5.305162000000000262e+02
-5.230911999999999580e+02
-5.346000000000000227e+02
-5.323724999999999454e+02
-5.115824999999999818e+02
-5.271749999999999545e+02
-5.357137000000000171e+02
-5.253187000000000353e+02
-5.297736999999999625e+02
-5.412825000000000273e+02
-5.438812000000000353e+02
-5.327437999999999647e+02
-5.379412999999999556e+02
-5.238337000000000216e+02
-5.438812000000000353e+02
-5.435099999999999909e+02
-5.386838000000000193e+02
-5.453663000000000238e+02
-5.416536999999999580e+02
-5.238337000000000216e+02
-5.357137000000000171e+02
-5.472224999999999682e+02
-5.368274999999999864e+02
-5.312586999999999762e+02
-5.308875000000000455e+02
-5.368274999999999864e+02
-5.275462999999999738e+02
-5.338574999999999591e+02
-5.308875000000000455e+02
-5.371987000000000307e+02
-5.435099999999999909e+02
-5.516775000000000091e+02
-5.256900000000000546e+02
-5.390549999999999500e+02
-5.565037999999999556e+02
-5.383125000000000000e+02
-5.323724999999999454e+02
-5.357137000000000171e+02
-5.431386999999999716e+02
-5.364561999999999671e+02
-5.320013000000000147e+02
-5.294025000000000318e+02
-5.327437999999999647e+02
-5.357137000000000171e+02
-5.160375000000000227e+02
-5.249474999999999909e+02
-5.308875000000000455e+02
-5.268038000000000238e+02
-5.431386999999999716e+02
-5.449950000000000045e+02
-5.409112999999999829e+02
-5.342287999999999784e+02
-5.282888000000000375e+02
-5.108399999999999750e+02
-5.238337000000000216e+02
-5.435099999999999909e+02
-5.316299999999999955e+02
-5.409112999999999829e+02
-5.475937999999999874e+02
-5.416536999999999580e+02
-5.230911999999999580e+02
-5.297736999999999625e+02
-5.312586999999999762e+02
-5.234624999999999773e+02
-5.375700000000000500e+02
-5.286599999999999682e+02
-5.290312999999999874e+02
-5.331150000000000091e+02
-5.242050000000000409e+02
-5.201213000000000193e+02
-5.357137000000000171e+02
-5.316299999999999955e+02
-5.286599999999999682e+02
-5.149238000000000284e+02
-5.316299999999999955e+02
-5.334863000000000284e+02
-5.260612999999999602e+02
-5.108399999999999750e+02
-5.175225000000000364e+02
-5.100975000000000250e+02
-5.015586999999999875e+02
-5.216063000000000329e+02
-5.230911999999999580e+02
-5.368274999999999864e+02
-5.082411999999999921e+02
-5.100975000000000250e+02
-5.126961999999999762e+02
-5.093550000000000182e+02
-5.164088000000000420e+02
-5.063849999999999909e+02
-5.342287999999999784e+02
-5.357137000000000171e+02
-5.008163000000000125e+02
-5.108399999999999750e+02
-5.353424999999999727e+02
-5.219774999999999636e+02
-5.245761999999999716e+02
-5.227200000000000273e+02
-5.011875000000000000e+02
-5.152949999999999591e+02
-5.171512000000000171e+02
-5.141812999999999647e+02
-5.119538000000000011e+02
-5.178936999999999671e+02
-5.141812999999999647e+02
-5.089837999999999738e+02
-5.074986999999999853e+02
-5.338574999999999591e+02
-5.353424999999999727e+02
-5.201213000000000193e+02
-5.082411999999999921e+02
-5.052712000000000216e+02
-5.149238000000000284e+02
-5.190075000000000500e+02
-4.974750000000000227e+02
-5.034150000000000205e+02
-5.067563000000000102e+02
-5.123250000000000455e+02
-5.067563000000000102e+02
-5.030437999999999761e+02
-5.227200000000000273e+02
-5.216063000000000329e+02
-5.011875000000000000e+02
-5.126961999999999762e+02
-5.190075000000000500e+02
-5.134388000000000147e+02
-5.004449999999999932e+02
-5.164088000000000420e+02
-5.386838000000000193e+02
