2.595117000000000189e+02
2.450324999999999989e+02
2.398348000000000013e+02
2.234993000000000052e+02
1.997385999999999910e+02
2.134753000000000043e+02
2.223855000000000075e+02
1.548160000000000025e+02
1.247437999999999931e+02
1.425643000000000029e+02
1.670675999999999988e+02
1.180610999999999962e+02
1.032105999999999995e+02
1.447918999999999983e+02
1.013542999999999950e+02
9.652795000000000414e+01
1.106359000000000066e+02
8.056371000000000038e+01
5.903054999999999808e+01
7.462353000000000236e+01
5.012028000000000105e+01
4.158127000000000351e+01
4.863522999999999996e+01
1.596424000000000021e+01
-8.538750000000000284e+00
-1.188000000000000078e+01
-5.568749999999999645e+00
-3.675374999999999659e+01
-4.120875000000000199e+01
-3.489750000000000085e+01
-4.046625000000000227e+01
-6.868125000000000568e+01
-8.501624999999999943e+01
-5.680125000000000313e+01
-7.536374999999999602e+01
-9.801000000000000512e+01
-1.277099999999999937e+02
-9.281250000000000000e+01
-1.087763000000000062e+02
-1.607512999999999863e+02
-1.384763000000000090e+02
-1.629787000000000035e+02
-1.830261999999999887e+02
-1.678050000000000068e+02
-1.752299999999999898e+02
-1.770862999999999943e+02
-1.678050000000000068e+02
-1.655774999999999864e+02
-2.160674999999999955e+02
-2.227500000000000000e+02
-2.108700000000000045e+02
-2.197800000000000011e+02
-2.554199999999999875e+02
-2.487375000000000114e+02
-2.401987000000000023e+02
-2.702699999999999818e+02
-2.806650000000000205e+02
-2.632162000000000148e+02
-2.810362999999999829e+02
-2.769524999999999864e+02
-3.062812999999999874e+02
-3.018263000000000034e+02
-3.285561999999999898e+02
-3.660525000000000091e+02
-3.430350000000000250e+02
-3.274424999999999955e+02
-3.578849999999999909e+02
-3.523163000000000125e+02
-3.619687999999999874e+02
-3.797887999999999806e+02
-3.712500000000000000e+02
-3.849863000000000284e+02
-4.076324999999999932e+02
-3.805312999999999874e+02
-3.972375000000000114e+02
-3.957524999999999977e+02
-3.972375000000000114e+02
-3.890699999999999932e+02
-3.972375000000000114e+02
-4.098600000000000136e+02
-4.031775000000000091e+02
-4.135724999999999909e+02
-4.020638000000000147e+02
-3.935249999999999773e+02
-3.812737000000000194e+02
-4.094886999999999944e+02
-4.176562999999999874e+02
-4.291650000000000205e+02
-4.139438000000000102e+02
-4.299075000000000273e+02
-4.429012000000000171e+02
-4.265663000000000125e+02
-4.440149999999999864e+02
-4.558949999999999818e+02
-4.766850000000000023e+02
-4.581225000000000023e+02
-4.670325000000000273e+02
-4.529250000000000114e+02
-4.421587999999999852e+02
-4.510688000000000102e+02
-4.703736999999999853e+02
-4.544100000000000250e+02
-4.688888000000000034e+02
-5.030437999999999761e+02
-4.737149999999999750e+02
-4.878224999999999909e+02
-5.008163000000000125e+02
-4.956186999999999898e+02
-4.700024999999999977e+02
-4.766850000000000023e+02
-4.744574999999999818e+02
-4.781700000000000159e+02
-4.826250000000000000e+02
-4.971037999999999784e+02
-5.186362000000000307e+02
-5.201213000000000193e+02
-5.152949999999999591e+02
-5.449950000000000045e+02
-5.234624999999999773e+02
-5.115824999999999818e+02
-5.375700000000000500e+02
-5.320013000000000147e+02
-5.197500000000000000e+02
-5.602161999999999580e+02
-5.505638000000000147e+02
-5.405399999999999636e+02
-5.676412000000000262e+02
-5.791499999999999773e+02
-5.223487999999999829e+02
-5.438812000000000353e+02
-5.583600000000000136e+02
-5.505638000000000147e+02
-5.130674999999999955e+02
-5.416536999999999580e+02
-5.487074999999999818e+02
-5.620724999999999909e+02
-5.338574999999999591e+02
-5.449950000000000045e+02
-5.435099999999999909e+02
-5.639288000000000238e+02
-5.505638000000000147e+02
-5.420249999999999773e+02
-5.854611999999999625e+02
-5.698687999999999647e+02
-5.650425000000000182e+02
-6.010538000000000238e+02
-6.077363000000000284e+02
-5.899162999999999784e+02
-5.917725000000000364e+02
-5.839763000000000375e+02
-6.010538000000000238e+02
-6.196163000000000238e+02
-6.003112999999999602e+02
-5.910299999999999727e+02
-5.902875000000000227e+02
-5.535338000000000420e+02
-5.657849999999999682e+02
-5.828624999999999545e+02
-5.550186999999999671e+02
-5.661562999999999874e+02
-5.787786999999999580e+02
-5.565037999999999556e+02
-5.256900000000000546e+02
-5.004449999999999932e+02
-5.279175000000000182e+02
-5.104687999999999874e+02
-4.926487000000000194e+02
-5.104687999999999874e+02
-5.279175000000000182e+02
-5.242050000000000409e+02
-5.216063000000000329e+02
-5.063849999999999909e+02
-5.487074999999999818e+02
-5.249474999999999909e+02
-5.082411999999999921e+02
-5.468513000000000375e+02
-5.175225000000000364e+02
-5.201213000000000193e+02
-5.334863000000000284e+02
-5.453663000000000238e+02
-5.449950000000000045e+02
-5.349713000000000420e+02
-5.453663000000000238e+02
-5.583600000000000136e+02
-5.535338000000000420e+02
-5.115824999999999818e+02
-5.015586999999999875e+02
-4.900500000000000114e+02
-5.145525000000000091e+02
-5.011875000000000000e+02
-5.063849999999999909e+02
-5.112112000000000194e+02
-5.100975000000000250e+02
-4.885649999999999977e+02
-5.008163000000000125e+02
-5.078700000000000045e+02
-4.959900000000000091e+02
-5.097262999999999806e+02
-4.889361999999999853e+02
-5.093550000000000182e+02
-5.019300000000000068e+02
-4.841100000000000136e+02
-5.011875000000000000e+02
-4.737149999999999750e+02
-4.792837999999999852e+02
-4.952475000000000023e+02
-5.026725000000000136e+02
-4.599787999999999784e+02
-4.540387999999999806e+02
-4.707450000000000045e+02
-4.417875000000000227e+02
-4.532962999999999738e+02
-4.700024999999999977e+02
-4.577513000000000147e+02
-4.592363000000000284e+02
-4.848525000000000205e+02
-4.666612999999999829e+02
-4.982174999999999727e+02
-5.056424999999999841e+02
-4.811399999999999864e+02
-4.859662000000000148e+02
-5.008163000000000125e+02
-4.826250000000000000e+02
-4.993312999999999988e+02
-5.104687999999999874e+02
-4.933913000000000011e+02
-4.807687999999999988e+02
-5.282888000000000375e+02
-5.141812999999999647e+02
-4.971037999999999784e+02
-5.227200000000000273e+02
-5.149238000000000284e+02
-5.063849999999999909e+02
-5.338574999999999591e+02
-5.045287000000000148e+02
-4.841100000000000136e+02
-4.707450000000000045e+02
-4.362187999999999874e+02
-4.492124999999999773e+02
-4.503263000000000034e+02
-4.384463000000000079e+02
-4.135724999999999909e+02
-4.365899999999999750e+02
-4.009499999999999886e+02
-4.191413000000000011e+02
-4.106025000000000205e+02
-4.187699999999999818e+02
-4.302787000000000148e+02
-4.358475000000000250e+02
-4.399311999999999898e+02
-4.269375000000000000e+02
-4.206263000000000147e+02
-4.057762000000000171e+02
-4.206263000000000147e+02
-4.369612000000000194e+02
-4.094886999999999944e+02
-4.061474999999999795e+02
-4.198838000000000079e+02
-4.172850000000000250e+02
-4.109737999999999829e+02
-4.369612000000000194e+02
-4.250812999999999988e+02
-4.172850000000000250e+02
-4.265663000000000125e+02
-4.332486999999999853e+02
-4.287937999999999761e+02
-4.369612000000000194e+02
-4.477275000000000205e+02
-4.325063000000000102e+02
-4.536675000000000182e+02
-4.629488000000000056e+02
-4.666612999999999829e+02
-4.484700000000000273e+02
-4.176562999999999874e+02
-3.909261999999999944e+02
-3.809024999999999750e+02
-3.697649999999999864e+02
-3.474900000000000091e+02
-3.667950000000000159e+02
-3.567712000000000216e+02
-3.757049999999999841e+02
-3.853575000000000159e+02
-3.801600000000000250e+02
-3.645674999999999955e+02
-3.734775000000000205e+02
-3.920400000000000205e+02
-3.723636999999999944e+02
-3.938962000000000216e+02
-3.783036999999999921e+02
-3.857287999999999784e+02
-4.087461999999999875e+02
-4.020638000000000147e+02
-4.113450000000000273e+02
-4.183987000000000194e+02
-4.002074999999999818e+02
-3.964950000000000045e+02
-4.031775000000000091e+02
-3.890699999999999932e+02
-3.972375000000000114e+02
-3.976087999999999738e+02
-3.797887999999999806e+02
-3.645674999999999955e+02
-3.842436999999999898e+02
-3.589986999999999853e+02
-3.656811999999999898e+02
-4.031775000000000091e+02
-3.634538000000000011e+02
-3.749624999999999773e+02
-3.935249999999999773e+02
-3.831299999999999955e+02
-3.868424999999999727e+02
-3.879562999999999988e+02
-3.924112999999999829e+02
-4.031775000000000091e+02
-3.990937999999999874e+02
-3.875849999999999795e+02
-3.849863000000000284e+02
-4.150575000000000045e+02
-3.979800000000000182e+02
-3.794175000000000182e+02
-4.091175000000000068e+02
-4.146861999999999853e+02
-3.972375000000000114e+02
-3.920400000000000205e+02
-4.180274999999999750e+02
-4.091175000000000068e+02
-4.172850000000000250e+02
-3.831299999999999955e+02
-4.009499999999999886e+02
-4.183987000000000194e+02
-3.838725000000000023e+02
-3.912975000000000136e+02
-4.165425000000000182e+02
-3.976087999999999738e+02
-4.120874999999999773e+02
-4.102312999999999761e+02
-4.169137999999999806e+02
-4.072613000000000056e+02
-4.124587000000000216e+02
-4.332486999999999853e+02
-4.321349999999999909e+02
-4.094886999999999944e+02
-4.206263000000000147e+02
-4.232250000000000227e+02
-4.120874999999999773e+02
-4.258238000000000056e+02
-4.198838000000000079e+02
-4.187699999999999818e+02
-4.224825000000000159e+02
-4.035488000000000284e+02
-4.039200000000000159e+02
-4.287937999999999761e+02
-4.365899999999999750e+02
-4.287937999999999761e+02
-4.191413000000000011e+02
-3.883274999999999864e+02
-3.872137000000000171e+02
-3.719925000000000068e+02
-3.731062999999999761e+02
-3.976087999999999738e+02
-3.953813000000000102e+02
-3.723636999999999944e+02
-3.846150000000000091e+02
-3.964950000000000045e+02
-3.886988000000000056e+02
-3.938962000000000216e+02
-3.968661999999999921e+02
-3.964950000000000045e+02
-3.953813000000000102e+02
-3.987225000000000250e+02
-3.760763000000000034e+02
-4.061474999999999795e+02
-4.076324999999999932e+02
-3.938962000000000216e+02
-4.042912999999999784e+02
-4.317638000000000034e+02
-4.124587000000000216e+02
-4.068899999999999864e+02
-3.872137000000000171e+02
-4.050337999999999852e+02
-4.139438000000000102e+02
-3.912975000000000136e+02
-3.983512999999999806e+02
-4.016924999999999955e+02
-3.983512999999999806e+02
-3.983512999999999806e+02
-4.087461999999999875e+02
-4.113450000000000273e+02
-4.031775000000000091e+02
-4.169137999999999806e+02
-4.150575000000000045e+02
-3.875849999999999795e+02
-3.950099999999999909e+02
-4.161712999999999738e+02
-3.812737000000000194e+02
-3.961236999999999853e+02
-4.042912999999999784e+02
-3.964950000000000045e+02
-3.872137000000000171e+02
-3.849863000000000284e+02
-3.946388000000000034e+02
-3.831299999999999955e+02
-4.072613000000000056e+02
-4.054049999999999727e+02
-3.938962000000000216e+02
-4.106025000000000205e+02
-3.994649999999999750e+02
-4.005788000000000011e+02
-4.143149999999999977e+02
-4.106025000000000205e+02
-4.109737999999999829e+02
-4.187699999999999818e+02
