2.097625999999999920e+02
2.053075000000000045e+02
1.626125000000000114e+02
1.867444000000000131e+02
1.715226999999999862e+02
1.744927999999999884e+02
1.822892999999999972e+02
1.674388999999999896e+02
1.533309000000000140e+02
1.778342000000000098e+02
1.511033999999999935e+02
1.410792999999999893e+02
1.548160000000000025e+02
1.466482000000000028e+02
1.169472999999999985e+02
1.006118000000000023e+02
1.221449999999999960e+02
1.139771999999999963e+02
8.390506000000000597e+01
1.317977999999999952e+02
1.139771999999999963e+02
8.279128000000000043e+01
9.912677999999999656e+01
8.242001000000000488e+01
7.462353000000000236e+01
5.606045999999999907e+01
6.014433999999999969e+01
5.791676999999999964e+01
8.279128000000000043e+01
4.232379000000000246e+01
5.234785000000000110e+01
6.422821000000000424e+01
6.571326000000000533e+01
5.049154000000000053e+01
4.455136000000000251e+01
6.459946999999999662e+01
1.225162000000000084e+01
3.118594999999999828e+01
1.447918999999999912e+01
1.447918999999999912e+01
3.564108999999999838e+01
1.856306999999999974e+01
-7.425000000000000488e-01
2.450325000000000131e+01
2.153315999999999875e+01
2.598828999999999834e+00
-2.635875000000000057e+01
1.856306999999999929e+00
-1.076624999999999943e+01
-2.524500000000000099e+01
-8.538750000000000284e+00
0.000000000000000000e+00
-2.116124999999999901e+01
3.452730999999999995e+01
2.338945999999999970e+01
3.341351999999999833e+01
3.192847000000000079e+01
2.970091000000000037e+00
1.299414999999999942e+01
2.079063000000000017e+01
1.559298000000000073e+01
-1.113749999999999929e+01
-2.450250000000000128e+01
-3.341250000000000142e+01
-6.311250000000000249e+00
-4.083750000000000213e+00
-4.826249999999999929e+00
-1.225125000000000064e+01
-2.041874999999999929e+01
-2.635875000000000057e+01
-8.910000000000000142e+00
-1.522124999999999950e+01
-2.450250000000000128e+01
-3.341250000000000142e+01
-8.167500000000000426e+00
-1.856250000000000000e+01
-3.823875000000000313e+01
-3.452624999999999744e+01
-3.081374999999999886e+01
-1.967624999999999957e+01
-3.972375000000000256e+01
-4.640625000000000000e+01
-2.413125000000000142e+01
-1.856250000000000000e+01
-2.153249999999999886e+01
-4.455000000000000071e+00
-1.930499999999999972e+01
-2.784375000000000000e+01
-2.969999999999999929e+01
-2.895749999999999957e+01
-5.160374999999999801e+01
-3.898125000000000284e+01
-3.341250000000000142e+01
-4.529249999999999687e+01
-3.898125000000000284e+01
-1.967624999999999957e+01
-7.165125000000000455e+01
-1.225125000000000064e+01
1.336541000000000068e+01
-4.826249999999999929e+00
9.652794999999999348e+00
8.167749000000000592e+00
-2.041874999999999929e+01
1.856306999999999929e+00
-1.893374999999999986e+01
-1.188000000000000078e+01
1.485045000000000037e+01
-2.376000000000000156e+01
-3.378374999999999773e+01
-9.281250000000000000e+00
0.000000000000000000e+00
-1.856249999999999956e+00
-1.782000000000000028e+01
-8.167500000000000426e+00
-2.264624999999999844e+01
-3.118499999999999872e+01
-1.930499999999999972e+01
-1.782000000000000028e+01
-1.336500000000000021e+01
-1.447874999999999979e+01
-2.078999999999999915e+01
-2.227499999999999858e+01
-1.670625000000000071e+01
-5.123250000000000171e+01
-3.155624999999999858e+01
-3.044249999999999901e+01
-2.821499999999999986e+01
-3.638250000000000028e+01
-3.044249999999999901e+01
-5.680125000000000313e+01
-6.274125000000000085e+01
-4.046625000000000227e+01
-3.638250000000000028e+01
-5.086124999999999829e+01
-4.937624999999999886e+01
-4.900500000000000256e+01
-6.756749999999999545e+01
-4.752000000000000313e+01
-3.489750000000000085e+01
-4.937624999999999886e+01
-4.343625000000000114e+01
-6.682500000000000284e+01
-5.457374999999999687e+01
-6.645374999999999943e+01
-6.162749999999999773e+01
-5.754375000000000284e+01
-5.271750000000000114e+01
-6.571125000000000682e+01
-9.021375000000000455e+01
-8.538750000000000284e+01
-5.568750000000000000e+01
-7.833374999999999488e+01
-6.088499999999999801e+01
-5.494500000000000028e+01
-6.756749999999999545e+01
-6.608249999999999602e+01
-6.608249999999999602e+01
-6.422624999999999318e+01
-4.306499999999999773e+01
-4.269375000000000142e+01
-4.120875000000000199e+01
-5.828625000000000256e+01
-5.531624999999999659e+01
-5.642999999999999972e+01
-9.652499999999999858e+00
-2.004749999999999943e+01
-7.796249999999999680e+00
-1.150874999999999915e+01
-1.447874999999999979e+01
1.856306999999999929e+00
5.940180999999999933e+00
-1.225125000000000064e+01
-3.044249999999999901e+01
-7.796249999999999680e+00
-1.707750000000000057e+01
-2.635875000000000057e+01
-6.311250000000000249e+00
-6.311250000000000249e+00
-1.559249999999999936e+01
-1.039499999999999957e+01
3.712613000000000163e-01
-8.910000000000000142e+00
-1.373625000000000007e+01
-1.819125000000000014e+01
-6.311250000000000249e+00
-9.652499999999999858e+00
-2.413125000000000142e+01
-1.893374999999999986e+01
-2.190374999999999872e+01
-3.007124999999999915e+01
-3.675374999999999659e+01
-1.336500000000000021e+01
-3.749625000000000341e+01
-3.118499999999999872e+01
-1.484999999999999964e+01
-1.076624999999999943e+01
-3.415500000000000114e+01
-4.826249999999999929e+00
-4.826249999999999929e+00
-3.007124999999999915e+01
-4.455000000000000071e+00
-8.538750000000000284e+00
-3.378374999999999773e+01
-3.304124999999999801e+01
-1.559249999999999936e+01
-3.823875000000000313e+01
-2.673000000000000043e+01
-2.487375000000000114e+01
-3.675374999999999659e+01
-1.596374999999999922e+01
-1.410749999999999993e+01
-1.484999999999999964e+01
-2.821499999999999986e+01
-1.967624999999999957e+01
-3.898125000000000284e+01
-3.638250000000000028e+01
-4.863374999999999915e+01
-4.566375000000000028e+01
-4.120875000000000199e+01
-5.494500000000000028e+01
-5.939999999999999858e+01
-3.860999999999999943e+01
-5.160374999999999801e+01
-3.860999999999999943e+01
-2.227499999999999858e+01
-4.603499999999999659e+01
-5.717249999999999943e+01
-5.902875000000000227e+01
-3.898125000000000284e+01
-6.199875000000000114e+01
-6.831000000000000227e+01
-3.489750000000000085e+01
-5.494500000000000028e+01
-7.313625000000000398e+01
-5.494500000000000028e+01
-5.754375000000000284e+01
-4.826250000000000284e+01
-4.492125000000000057e+01
-7.202249999999999375e+01
-5.605875000000000341e+01
-5.680125000000000313e+01
-5.457374999999999687e+01
-6.868125000000000568e+01
-6.496875000000000000e+01
-6.979500000000000171e+01
-6.756749999999999545e+01
-6.496875000000000000e+01
-5.605875000000000341e+01
-4.974750000000000227e+01
-5.011874999999999858e+01
-4.714874999999999972e+01
-5.123250000000000171e+01
-4.454999999999999716e+01
-5.828625000000000256e+01
-5.605875000000000341e+01
-3.712500000000000000e+01
-6.608249999999999602e+01
-6.385499999999999687e+01
-6.348375000000000057e+01
-6.014249999999999829e+01
-5.420250000000000057e+01
-4.900500000000000256e+01
-5.383124999999999716e+01
-5.160374999999999801e+01
-3.415500000000000114e+01
-4.083749999999999858e+01
-5.197500000000000142e+01
-3.304124999999999801e+01
-4.789124999999999943e+01
-5.680125000000000313e+01
-6.274125000000000085e+01
-6.719625000000000625e+01
-4.752000000000000313e+01
-5.865749999999999886e+01
-5.346000000000000085e+01
-6.051375000000000171e+01
-1.782000000000000028e+01
-5.605875000000000341e+01
-5.086124999999999829e+01
-4.640625000000000000e+01
-5.049000000000000199e+01
-5.977125000000000199e+01
-4.157999999999999829e+01
-4.826250000000000284e+01
-6.608249999999999602e+01
-3.489750000000000085e+01
-4.863374999999999915e+01
-3.935249999999999915e+01
-2.895749999999999957e+01
-3.564000000000000057e+01
-7.165125000000000455e+01
-2.413125000000000142e+01
-5.197500000000000142e+01
-5.049000000000000199e+01
-3.749625000000000341e+01
-4.046625000000000227e+01
-4.900500000000000256e+01
-6.125625000000000142e+01
-5.680125000000000313e+01
-5.791499999999999915e+01
-5.494500000000000028e+01
-4.863374999999999915e+01
-6.942374999999999829e+01
-4.120875000000000199e+01
-4.195125000000000171e+01
-7.536374999999999602e+01
-4.640625000000000000e+01
-3.304124999999999801e+01
-7.536374999999999602e+01
-7.016625000000000512e+01
-7.053749999999999432e+01
-8.093250000000000455e+01
-6.979500000000000171e+01
-5.902875000000000227e+01
-7.981874999999999432e+01
-6.162749999999999773e+01
-7.721999999999999886e+01
-8.018999999999999773e+01
-9.021375000000000455e+01
-4.863374999999999915e+01
-7.721999999999999886e+01
-7.610625000000000284e+01
-5.717249999999999943e+01
-7.016625000000000512e+01
-6.831000000000000227e+01
-8.650124999999999886e+01
-8.018999999999999773e+01
-5.865749999999999886e+01
-5.680125000000000313e+01
-8.315999999999999659e+01
-5.717249999999999943e+01
-5.754375000000000284e+01
-7.165125000000000455e+01
-6.868125000000000568e+01
-4.826250000000000284e+01
-5.123250000000000171e+01
-5.531624999999999659e+01
-7.833374999999999488e+01
-4.937624999999999886e+01
-5.457374999999999687e+01
-4.900500000000000256e+01
-4.343625000000000114e+01
-5.865749999999999886e+01
-4.417875000000000085e+01
-6.051375000000000171e+01
-6.868125000000000568e+01
-5.308874999999999744e+01
-6.756749999999999545e+01
-6.348375000000000057e+01
-6.496875000000000000e+01
-5.605875000000000341e+01
-5.568750000000000000e+01
-6.756749999999999545e+01
-6.719625000000000625e+01
-6.831000000000000227e+01
-7.276500000000000057e+01
-8.947124999999999773e+01
-9.169875000000000398e+01
-8.650124999999999886e+01
-8.872875000000000512e+01
-9.281250000000000000e+01
-7.313625000000000398e+01
-7.239374999999999716e+01
-7.573499999999999943e+01
-7.276500000000000057e+01
-7.387874999999999659e+01
-9.169875000000000398e+01
-6.571125000000000682e+01
-8.947124999999999773e+01
-8.353125000000000000e+01
-8.835750000000000171e+01
-9.838124999999999432e+01
-7.721999999999999886e+01
-8.093250000000000455e+01
-7.907625000000000171e+01
-8.241750000000000398e+01
-6.793874999999999886e+01
-8.204625000000000057e+01
-8.390250000000000341e+01
-6.793874999999999886e+01
-8.427375000000000682e+01
-6.979500000000000171e+01
-7.239374999999999716e+01
-6.979500000000000171e+01
-6.274125000000000085e+01
-6.645374999999999943e+01
-6.608249999999999602e+01
-6.348375000000000057e+01
-4.974750000000000227e+01
-6.979500000000000171e+01
-6.014249999999999829e+01
-6.385499999999999687e+01
-6.385499999999999687e+01
-4.752000000000000313e+01
-4.603499999999999659e+01
-6.274125000000000085e+01
-6.014249999999999829e+01
-5.680125000000000313e+01
-6.571125000000000682e+01
-6.051375000000000171e+01
-4.752000000000000313e+01
-5.754375000000000284e+01
-6.979500000000000171e+01
-4.714874999999999972e+01
-5.680125000000000313e+01
-6.162749999999999773e+01
-4.232249999999999801e+01
-5.605875000000000341e+01
-6.719625000000000625e+01
-6.125625000000000142e+01
-5.717249999999999943e+01
-7.128000000000000114e+01
