-3.604838000000000193e+03
-3.582563000000000102e+03
-3.607065000000000055e+03
-3.597784000000000106e+03
-3.649387000000000171e+03
-3.609291999999999916e+03
-3.668693000000000211e+03
-3.651614999999999782e+03
-3.706188999999999851e+03
-3.675746000000000095e+03
-3.649387000000000171e+03
-3.680201000000000022e+03
-3.685769999999999982e+03
-3.688369000000000142e+03
-3.676860000000000127e+03
-3.757420999999999822e+03
-3.729206000000000131e+03
-3.738858999999999924e+03
-3.798259000000000015e+03
-3.757420999999999822e+03
-3.768559000000000196e+03
-3.775240999999999985e+03
-3.825360000000000127e+03
-3.771157000000000153e+03
-3.837981999999999971e+03
-3.774498999999999796e+03
-3.812365999999999985e+03
-3.833155999999999949e+03
-3.861742000000000189e+03
-3.810880999999999858e+03
-3.873251000000000204e+03
-3.877335000000000036e+03
-3.794175000000000182e+03
-3.877335000000000036e+03
-3.857288000000000011e+03
-3.881418999999999869e+03
-3.906291999999999916e+03
-3.876221000000000004e+03
-3.876592999999999847e+03
-3.887730000000000018e+03
-3.896268999999999778e+03
-3.886244999999999891e+03
-3.935621000000000095e+03
-3.928568000000000211e+03
-3.927083000000000084e+03
-3.956039999999999964e+03
-3.958639000000000124e+03
-3.941932999999999993e+03
-3.959380999999999858e+03
-3.963835999999999785e+03
-3.937106000000000222e+03
-3.988338999999999942e+03
-3.970518999999999778e+03
-3.983141000000000076e+03
-3.981284999999999854e+03
-4.014326000000000022e+03
-4.000960999999999785e+03
-3.977943999999999960e+03
-4.032889000000000124e+03
-4.006159000000000106e+03
-4.013213000000000193e+03
-4.007643999999999778e+03
-3.986481999999999971e+03
-4.000219000000000051e+03
-4.028804999999999836e+03
-3.998362999999999829e+03
-3.996505999999999858e+03
-4.036601000000000113e+03
-4.038458000000000084e+03
-4.008757999999999811e+03
-4.068157000000000153e+03
-4.034001999999999953e+03
-4.003188999999999851e+03
-4.063702999999999975e+03
-4.022494000000000142e+03
-4.028804999999999836e+03
-4.056277999999999793e+03
-4.014326000000000022e+03
-3.988710000000000036e+03
-4.074840000000000146e+03
-4.081150999999999840e+03
-4.052193999999999960e+03
-4.078923999999999978e+03
-4.052193999999999960e+03
-4.043655000000000200e+03
-4.110850999999999658e+03
-4.055905999999999949e+03
-4.107881000000000313e+03
-4.069643000000000029e+03
-4.120503999999999905e+03
-4.117533999999999651e+03
-4.128671000000000276e+03
-4.137581000000000131e+03
-4.108252000000000407e+03
-4.117533999999999651e+03
-4.107881000000000313e+03
-4.138694999999999709e+03
-4.105283000000000357e+03
-4.130155999999999949e+03
-4.134981999999999971e+03
-4.159855999999999767e+03
-4.168395000000000437e+03
-4.133868999999999687e+03
-4.162454999999999927e+03
-4.100828000000000429e+03
-4.175448999999999614e+03
-4.155771999999999935e+03
-4.213315999999999804e+03
-4.155029999999999745e+03
-4.165425000000000182e+03
-4.179904000000000451e+03
-4.184729999999999563e+03
-4.199208999999999833e+03
-4.182873999999999796e+03
-4.153173999999999978e+03
-4.170622999999999593e+03
-4.184359000000000378e+03
-4.208860999999999876e+03
-4.168765999999999622e+03
-4.183244999999999891e+03
-4.171364999999999782e+03
-4.152802999999999884e+03
-4.164682999999999993e+03
-4.169509000000000015e+03
-4.153173999999999978e+03
-4.173220999999999549e+03
-4.180645999999999731e+03
-4.161341000000000349e+03
-4.183244999999999891e+03
-4.189927999999999884e+03
-4.179904000000000451e+03
-4.182873999999999796e+03
-4.195868000000000393e+03
-4.183615999999999985e+03
-4.190670000000000073e+03
-4.201064999999999600e+03
-4.196238999999999578e+03
-4.219998999999999796e+03
-4.200323000000000320e+03
-4.232250000000000000e+03
-4.219627000000000407e+03
-4.241902000000000044e+03
-4.222597999999999956e+03
-4.219627000000000407e+03
-4.220369999999999891e+03
-4.225939000000000306e+03
-4.245985999999999876e+03
-4.244872999999999593e+03
-4.211831000000000131e+03
-4.244872999999999593e+03
-4.245243999999999687e+03
-4.246356999999999971e+03
-4.277542000000000371e+03
-4.244501000000000204e+03
-4.253411000000000058e+03
-4.240046000000000276e+03
-4.243015999999999622e+03
-4.228908999999999651e+03
-4.298332999999999629e+03
-4.281626000000000204e+03
-4.244130000000000109e+03
-4.257123999999999796e+03
-4.299817000000000007e+03
-4.258979999999999563e+03
-4.281997999999999593e+03
-4.292764000000000124e+03
-4.273458999999999833e+03
-4.312811999999999898e+03
-4.322092999999999847e+03
-4.274573000000000320e+03
-4.286453000000000429e+03
-4.322092999999999847e+03
-4.299074999999999818e+03
-4.309841000000000349e+03
-4.319122999999999593e+03
-4.341396999999999935e+03
-4.347337000000000444e+03
-4.363301000000000386e+03
-4.326176000000000386e+03
-4.348451000000000022e+03
-4.330631000000000313e+03
-4.334344000000000051e+03
-4.343253999999999905e+03
-4.370725999999999658e+03
-4.371097999999999956e+03
-4.352163999999999760e+03
-4.392630000000000109e+03
-4.351792000000000371e+03
-4.404881000000000313e+03
-4.416390000000000327e+03
-4.391145000000000437e+03
-4.373695999999999913e+03
-4.405994999999999891e+03
-4.393372999999999593e+03
-4.394114999999999782e+03
-4.436809000000000196e+03
-4.411564000000000306e+03
-4.410078999999999724e+03
-4.427899000000000342e+03
-4.447203999999999724e+03
-4.418246000000000095e+03
-4.453144000000000233e+03
-4.451287999999999556e+03
-4.459826000000000022e+03
-4.493980999999999767e+03
-4.457599000000000160e+03
-4.484699999999999818e+03
-4.480615999999999985e+03
-4.492496000000000095e+03
-4.472078000000000429e+03
-4.531478000000000065e+03
-4.539645000000000437e+03
-4.513286000000000058e+03
-4.540387999999999920e+03
-4.482100999999999658e+03
-4.451287999999999556e+03
-4.468364999999999782e+03
-4.478389000000000124e+03
-4.465765999999999622e+03
-4.501405999999999949e+03
-4.479502000000000407e+03
-4.480615999999999985e+03
-4.496579999999999927e+03
-4.466137999999999920e+03
-4.413048999999999978e+03
-4.391887999999999920e+03
-4.414533999999999651e+03
-4.389659999999999854e+03
-4.426784999999999854e+03
-4.416390000000000327e+03
-4.414904999999999745e+03
-4.457228000000000065e+03
-4.451287999999999556e+03
-4.424557999999999993e+03
-4.412305999999999585e+03
-4.401539999999999964e+03
-4.424557999999999993e+03
-4.379265000000000327e+03
-4.401911000000000058e+03
-4.348823000000000320e+03
-4.412305999999999585e+03
-4.385204999999999927e+03
-4.377408999999999651e+03
-4.387432999999999993e+03
-4.397085000000000036e+03
-4.372582999999999629e+03
-4.393001000000000204e+03
-4.402654000000000451e+03
-4.407850999999999658e+03
-4.368869999999999891e+03
-4.381493000000000393e+03
-4.400426000000000386e+03
-4.399684000000000196e+03
-4.436438000000000102e+03
-4.382978000000000065e+03
-4.398940999999999804e+03
-4.406365999999999985e+03
-4.417875000000000000e+03
-4.415646999999999935e+03
-4.420103000000000065e+03
-4.413048999999999978e+03
-4.402283000000000357e+03
-4.441635000000000218e+03
-4.427899000000000342e+03
-4.440893000000000029e+03
-4.471335000000000036e+03
-4.460569000000000415e+03
-4.449060000000000400e+03
-4.458712000000000444e+03
-4.463538999999999760e+03
-4.460939999999999600e+03
-4.461682999999999993e+03
-4.443119999999999891e+03
-4.442377000000000407e+03
-4.465765999999999622e+03
-4.440149999999999636e+03
-4.446832999999999629e+03
-4.466880000000000109e+03
-4.476904000000000451e+03
-4.482472999999999956e+03
-4.514029000000000451e+03
-4.483215000000000146e+03
-4.493609999999999673e+03
-4.497694000000000415e+03
-4.471706000000000131e+03
-4.489896999999999935e+03
-4.504376000000000204e+03
-4.512171999999999571e+03
-4.505860999999999876e+03
-4.538159999999999854e+03
-4.541130000000000109e+03
-4.538902000000000044e+03
-4.516998999999999796e+03
-4.504376000000000204e+03
-4.508831000000000131e+03
-4.458341000000000349e+03
-4.513658000000000357e+03
-4.504376000000000204e+03
-4.503262999999999920e+03
-4.521453999999999724e+03
-4.500292000000000371e+03
-4.497694000000000415e+03
-4.513658000000000357e+03
-4.522567000000000007e+03
-4.512914999999999964e+03
-4.518854999999999563e+03
-4.532591000000000349e+03
-4.535561999999999898e+03
-4.535932999999999993e+03
-4.514399999999999636e+03
-4.542985999999999876e+03
-4.542614999999999782e+03
-4.558949999999999818e+03
-4.534819000000000415e+03
-4.540387999999999920e+03
-4.545585000000000036e+03
-4.546328000000000429e+03
-4.550783000000000357e+03
-4.531478000000000065e+03
-4.531105999999999767e+03
-4.532962000000000444e+03
-4.538902000000000044e+03
-4.524423999999999978e+03
-4.538159999999999854e+03
-4.515885000000000218e+03
-4.523680999999999585e+03
-4.538159999999999854e+03
-4.515885000000000218e+03
-4.533333999999999833e+03
-4.537046000000000276e+03
-4.558949999999999818e+03
-4.533704999999999927e+03
-4.545956000000000131e+03
-4.544100000000000364e+03
-4.537788999999999760e+03
-4.561920000000000073e+03
-4.576027000000000044e+03
-4.553010000000000218e+03
-4.581225000000000364e+03
-4.576770000000000437e+03
-4.530734999999999673e+03
-4.609439999999999600e+03
-4.571201000000000022e+03
-4.589020999999999731e+03
-4.574913999999999760e+03
-4.543729000000000269e+03
-4.570829999999999927e+03
-4.554123999999999796e+03
-4.567859999999999673e+03
-4.547813000000000102e+03
-4.549668999999999869e+03
-4.549296999999999571e+03
-4.563033999999999651e+03
-4.543729000000000269e+03
-4.558949999999999818e+03
-4.560064000000000306e+03
-4.532591000000000349e+03
-4.580110999999999876e+03
-4.551154000000000451e+03
-4.550411000000000058e+03
-4.545585000000000036e+03
-4.527394000000000233e+03
-4.539645000000000437e+03
-4.549668999999999869e+03
-4.535932999999999993e+03
-4.537046000000000276e+03
-4.560435000000000400e+03
-4.540759000000000015e+03
-4.524423999999999978e+03
-4.531849000000000160e+03
-4.528506999999999607e+03
-4.524052999999999884e+03
-4.540387999999999920e+03
-4.526279999999999745e+03
-4.524423999999999978e+03
-4.547069999999999709e+03
-4.531105999999999767e+03
-4.543356999999999971e+03
-4.551895999999999731e+03
-4.538530999999999949e+03
-4.519225999999999658e+03
-4.572314999999999600e+03
-4.555979999999999563e+03
-4.573057999999999993e+03
-4.579368999999999687e+03
-4.570087000000000444e+03
-4.548926000000000386e+03
-4.574913999999999760e+03
-4.564890000000000327e+03
-4.558578999999999724e+03
-4.559320999999999913e+03
-4.504747999999999593e+03
-4.466137999999999920e+03
-4.512543999999999869e+03
-4.459454999999999927e+03
-4.490269000000000233e+03
-4.472819999999999709e+03
-4.490269000000000233e+03
-4.457599000000000160e+03
-4.494353000000000065e+03
-4.476533000000000357e+03
-4.482844000000000051e+03
-4.472819999999999709e+03
-4.453515000000000327e+03
-4.475418999999999869e+03
-4.456855999999999767e+03
-4.500292000000000371e+03
-4.454628999999999905e+03
-4.499550000000000182e+03
-4.505860999999999876e+03
-4.469479000000000269e+03
-4.498064999999999600e+03
