-1.221413000000000011e+02
-1.180575000000000045e+02
-1.514699999999999989e+02
-1.202849999999999966e+02
-1.343925000000000125e+02
-1.611225000000000023e+02
-1.481288000000000125e+02
-1.533262000000000000e+02
-1.897087999999999965e+02
-1.930500000000000114e+02
-1.678050000000000068e+02
-1.804275000000000091e+02
-1.841399999999999864e+02
-1.644636999999999887e+02
-1.852538000000000125e+02
-1.789424999999999955e+02
-1.778288000000000011e+02
-1.900800000000000125e+02
-2.257199999999999989e+02
-1.941638000000000090e+02
-2.030737000000000023e+02
-1.811699999999999875e+02
-1.859961999999999875e+02
-2.075286999999999864e+02
-2.038163000000000125e+02
-1.945349999999999966e+02
-2.060437000000000012e+02
-2.038163000000000125e+02
-1.952775000000000034e+02
-2.001037000000000035e+02
-2.264625000000000057e+02
-2.101274999999999977e+02
-2.127263000000000090e+02
-2.342588000000000079e+02
-2.205225000000000080e+02
-2.242350000000000136e+02
-2.298037999999999954e+02
-2.260911999999999864e+02
-2.004749999999999943e+02
-2.286899999999999977e+02
-2.116125000000000114e+02
-2.524499999999999886e+02
-2.387136999999999887e+02
-2.409413000000000125e+02
-2.654438000000000102e+02
-2.427975000000000136e+02
-2.461387000000000000e+02
-2.621025000000000205e+02
-2.435399999999999920e+02
-2.628450000000000273e+02
-2.491086999999999989e+02
-2.301750000000000114e+02
-2.461387000000000000e+02
-2.424262999999999977e+02
-2.405699999999999932e+02
-2.461387000000000000e+02
-2.528213000000000079e+02
-2.665575000000000045e+02
-2.517075000000000102e+02
-2.817787000000000148e+02
-2.609886999999999944e+02
-2.617312999999999761e+02
-2.468813000000000102e+02
-2.773238000000000056e+02
-2.869762999999999806e+02
-2.769524999999999864e+02
-2.665575000000000045e+02
-2.565337999999999852e+02
-2.791800000000000068e+02
-2.613600000000000136e+02
-2.892038000000000011e+02
-2.780663000000000125e+02
-2.776949999999999932e+02
-2.918025000000000091e+02
-3.051675000000000182e+02
-3.073949999999999818e+02
-2.754674999999999727e+02
-2.970000000000000000e+02
-3.207599999999999909e+02
-2.713838000000000079e+02
-2.795511999999999944e+02
-3.166761999999999944e+02
-3.062812999999999874e+02
-3.140774999999999864e+02
-3.241012999999999806e+02
-3.148199999999999932e+02
-3.107363000000000284e+02
-3.237300000000000182e+02
-3.059100000000000250e+02
-3.163050000000000068e+02
-3.114787999999999784e+02
-3.044250000000000114e+02
-2.981136999999999944e+02
-3.304125000000000227e+02
-3.229875000000000114e+02
-3.211313000000000102e+02
-3.278138000000000147e+02
-3.163050000000000068e+02
-3.155625000000000000e+02
-3.296700000000000159e+02
-3.486037999999999784e+02
-3.259574999999999818e+02
-3.367237999999999829e+02
-3.367237999999999829e+02
-3.322687999999999988e+02
-3.486037999999999784e+02
-3.218736999999999853e+02
-3.322687999999999988e+02
-3.426637999999999806e+02
-3.467475000000000023e+02
-3.445199999999999818e+02
-3.552862999999999829e+02
-3.367237999999999829e+02
-3.241012999999999806e+02
-3.367237999999999829e+02
-3.311549999999999727e+02
-3.512024999999999864e+02
-3.563999999999999773e+02
-3.445199999999999818e+02
-3.582563000000000102e+02
-3.667950000000000159e+02
-3.901836999999999875e+02
-3.760763000000000034e+02
-3.727350000000000136e+02
-3.857287999999999784e+02
-3.886988000000000056e+02
-3.775611999999999853e+02
-3.842436999999999898e+02
-3.771899999999999977e+02
-3.723636999999999944e+02
-3.797887999999999806e+02
-3.972375000000000114e+02
-3.757049999999999841e+02
-3.842436999999999898e+02
-3.905550000000000068e+02
-3.653100000000000023e+02
-3.916687999999999761e+02
-3.972375000000000114e+02
-3.931537000000000148e+02
-3.634538000000000011e+02
-3.341250000000000000e+02
-3.337538000000000125e+02
-3.370950000000000273e+02
-3.374662000000000148e+02
-3.359812999999999761e+02
-3.352386999999999944e+02
-3.385799999999999841e+02
-3.474900000000000091e+02
-3.437774999999999750e+02
-3.296700000000000159e+02
-3.434062999999999874e+02
-3.686512000000000171e+02
-3.408075000000000045e+02
-3.489750000000000227e+02
-3.664238000000000284e+02
-3.478613000000000284e+02
-3.604837999999999738e+02
-3.445199999999999818e+02
-3.482325000000000159e+02
-3.560287000000000148e+02
-3.719925000000000068e+02
-3.608550000000000182e+02
-3.719925000000000068e+02
-3.686512000000000171e+02
-3.705074999999999932e+02
-3.593700000000000045e+02
-3.649388000000000147e+02
-3.705074999999999932e+02
-3.779325000000000045e+02
-3.886988000000000056e+02
-3.259574999999999818e+02
-3.081374999999999886e+02
-3.226161999999999921e+02
-3.189037000000000148e+02
-3.118500000000000227e+02
-3.304125000000000227e+02
-3.077663000000000011e+02
-2.973711999999999875e+02
-3.140774999999999864e+02
-2.944012000000000171e+02
-3.140774999999999864e+02
-3.222450000000000045e+02
-3.151913000000000125e+02
-2.977425000000000068e+02
-3.203888000000000034e+02
-3.170475000000000136e+02
-2.977425000000000068e+02
-3.070237000000000194e+02
-3.085088000000000079e+02
-3.200174999999999841e+02
-3.114787999999999784e+02
-3.118500000000000227e+02
-3.033111999999999853e+02
-3.133349999999999795e+02
-3.155625000000000000e+02
-3.018263000000000034e+02
-3.333824999999999932e+02
-3.174187999999999761e+02
-3.107363000000000284e+02
-3.341250000000000000e+02
-3.189037000000000148e+02
-3.040536999999999921e+02
-3.159336999999999875e+02
-3.010837000000000216e+02
-3.055387999999999806e+02
-3.085088000000000079e+02
-3.170475000000000136e+02
-3.025688000000000102e+02
-3.103650000000000091e+02
-3.341250000000000000e+02
-3.241012999999999806e+02
-3.259574999999999818e+02
-3.040536999999999921e+02
-3.051675000000000182e+02
-3.174187999999999761e+02
-3.155625000000000000e+02
-3.062812999999999874e+02
-3.114787999999999784e+02
-2.951437000000000239e+02
-3.081374999999999886e+02
-3.307837999999999852e+02
-3.036825000000000045e+02
-2.936587999999999852e+02
-3.170475000000000136e+02
-3.051675000000000182e+02
-2.944012000000000171e+02
-3.073949999999999818e+02
-3.007124999999999773e+02
-3.099936999999999898e+02
-3.099936999999999898e+02
-3.103650000000000091e+02
-3.189037000000000148e+02
-3.140774999999999864e+02
-3.073949999999999818e+02
-3.163050000000000068e+02
-3.140774999999999864e+02
-3.189037000000000148e+02
-2.936587999999999852e+02
-3.137062000000000239e+02
-3.370950000000000273e+02
-3.118500000000000227e+02
-3.307837999999999852e+02
-3.111075000000000159e+02
-3.211313000000000102e+02
-3.066524999999999750e+02
-3.140774999999999864e+02
-3.137062000000000239e+02
-3.181612999999999829e+02
-3.118500000000000227e+02
-3.099936999999999898e+02
-3.218736999999999853e+02
-3.181612999999999829e+02
-3.211313000000000102e+02
-3.163050000000000068e+02
-2.999700000000000273e+02
-3.140774999999999864e+02
-3.292988000000000284e+02
-3.159336999999999875e+02
-3.137062000000000239e+02
-3.096225000000000023e+02
-3.274424999999999955e+02
-3.040536999999999921e+02
-2.973711999999999875e+02
-3.255862000000000194e+02
-2.940299999999999727e+02
-3.189037000000000148e+02
-3.018263000000000034e+02
-3.029399999999999977e+02
-3.088799999999999955e+02
-3.185325000000000273e+02
-3.181612999999999829e+02
-3.077663000000000011e+02
-3.274424999999999955e+02
-3.218736999999999853e+02
-3.252149999999999750e+02
-3.062812999999999874e+02
-2.977425000000000068e+02
-2.810362999999999829e+02
-3.066524999999999750e+02
-3.003412000000000148e+02
-2.981136999999999944e+02
-3.021974999999999909e+02
-3.047962999999999738e+02
-3.014549999999999841e+02
-3.036825000000000045e+02
-3.021974999999999909e+02
-2.877187999999999874e+02
-3.177900000000000205e+02
-3.148199999999999932e+02
-3.133349999999999795e+02
-3.266999999999999886e+02
-3.233587999999999738e+02
-3.411786999999999921e+02
-3.192749999999999773e+02
-3.140774999999999864e+02
-3.281850000000000023e+02
-3.259574999999999818e+02
-3.099936999999999898e+02
-3.014549999999999841e+02
-3.359812999999999761e+02
-2.921738000000000284e+02
-3.018263000000000034e+02
-3.263288000000000011e+02
-3.040536999999999921e+02
-3.151913000000000125e+02
-3.151913000000000125e+02
-3.166761999999999944e+02
-3.200174999999999841e+02
-3.200174999999999841e+02
-3.318974999999999795e+02
-3.088799999999999955e+02
-3.166761999999999944e+02
-3.196462000000000216e+02
-3.229875000000000114e+02
-3.021974999999999909e+02
-3.122212999999999852e+02
-3.163050000000000068e+02
-3.311549999999999727e+02
-3.289275000000000091e+02
-3.185325000000000273e+02
-3.166761999999999944e+02
-3.085088000000000079e+02
-3.226161999999999921e+02
-3.318974999999999795e+02
-3.448913000000000011e+02
-3.088799999999999955e+02
-3.207599999999999909e+02
-3.166761999999999944e+02
-3.296700000000000159e+02
-3.211313000000000102e+02
-3.111075000000000159e+02
-3.040536999999999921e+02
-3.055387999999999806e+02
-3.393224999999999909e+02
-3.166761999999999944e+02
-3.085088000000000079e+02
-3.200174999999999841e+02
-3.163050000000000068e+02
-3.077663000000000011e+02
-3.330113000000000056e+02
-3.077663000000000011e+02
-3.077663000000000011e+02
-3.274424999999999955e+02
-3.189037000000000148e+02
-3.092513000000000147e+02
-3.203888000000000034e+02
-3.088799999999999955e+02
-3.233587999999999738e+02
-3.062812999999999874e+02
-3.092513000000000147e+02
-3.099936999999999898e+02
-3.081374999999999886e+02
-3.163050000000000068e+02
-3.148199999999999932e+02
-3.218736999999999853e+02
-3.073949999999999818e+02
-3.222450000000000045e+02
-3.051675000000000182e+02
-3.099936999999999898e+02
-3.114787999999999784e+02
-3.226161999999999921e+02
-3.281850000000000023e+02
-3.177900000000000205e+02
-3.014549999999999841e+02
-3.077663000000000011e+02
-3.166761999999999944e+02
-3.103650000000000091e+02
-3.044250000000000114e+02
-3.185325000000000273e+02
-3.118500000000000227e+02
-2.944012000000000171e+02
-3.007124999999999773e+02
-2.955149999999999864e+02
-2.988562999999999761e+02
-3.144488000000000056e+02
-3.125924999999999727e+02
-3.114787999999999784e+02
-3.218736999999999853e+02
-3.352386999999999944e+02
-2.988562999999999761e+02
-3.062812999999999874e+02
-3.111075000000000159e+02
-3.055387999999999806e+02
-2.932875000000000227e+02
-3.300412999999999784e+02
-3.118500000000000227e+02
-3.170475000000000136e+02
-3.021974999999999909e+02
-3.148199999999999932e+02
-3.174187999999999761e+02
-3.103650000000000091e+02
-3.211313000000000102e+02
-3.341250000000000000e+02
-3.248437999999999874e+02
-3.077663000000000011e+02
-3.222450000000000045e+02
-3.203888000000000034e+02
-3.077663000000000011e+02
-3.103650000000000091e+02
-3.215024999999999977e+02
-3.241012999999999806e+02
-3.285561999999999898e+02
-3.396938000000000102e+02
-3.311549999999999727e+02
-3.159336999999999875e+02
-3.370950000000000273e+02
-3.307837999999999852e+02
-3.140774999999999864e+02
-3.374662000000000148e+02
-3.278138000000000147e+02
-3.133349999999999795e+02
-3.274424999999999955e+02
