-8.906287999999999556e+02
-9.374062999999999874e+02
-9.589388000000000147e+02
-9.388912000000000262e+02
-9.552263000000000375e+02
-9.897525000000000546e+02
-9.982912999999999784e+02
-1.023908000000000015e+03
-1.032075000000000045e+03
-1.007201000000000022e+03
-1.064002999999999929e+03
-1.062145999999999958e+03
-1.084791999999999916e+03
-1.133055000000000064e+03
-1.108181000000000040e+03
-1.058063000000000102e+03
-1.107067999999999984e+03
-1.126373000000000047e+03
-1.111521999999999935e+03
-1.141594000000000051e+03
-1.152359999999999900e+03
-1.148646999999999935e+03
-1.166096000000000004e+03
-1.186515000000000100e+03
-1.157929000000000087e+03
-1.220670000000000073e+03
-1.257795000000000073e+03
-1.220298999999999978e+03
-1.226609999999999900e+03
-1.268932000000000016e+03
-1.240718000000000075e+03
-1.216958000000000084e+03
-1.270416999999999916e+03
-1.244430000000000064e+03
-1.234035000000000082e+03
-1.287124000000000024e+03
-1.266704999999999927e+03
-1.258165999999999940e+03
-1.316452999999999975e+03
-1.322020999999999958e+03
-1.291950000000000045e+03
-1.355805000000000064e+03
-1.347637999999999920e+03
-1.309398999999999887e+03
-1.392558999999999969e+03
-1.353949000000000069e+03
-1.326847999999999956e+03
-1.377709000000000060e+03
-1.381791999999999916e+03
-1.326476000000000113e+03
-1.395900000000000091e+03
-1.378079999999999927e+03
-1.358031999999999925e+03
-1.438594000000000051e+03
-1.417432000000000016e+03
-1.380679000000000087e+03
-1.451959000000000060e+03
-1.443048999999999978e+03
-1.437480000000000018e+03
-1.455299999999999955e+03
-1.495394999999999982e+03
-1.483144000000000005e+03
-1.483144000000000005e+03
-1.524353000000000065e+03
-1.523239000000000033e+03
-1.526951000000000022e+03
-1.535118999999999915e+03
-1.513958000000000084e+03
-1.557021999999999935e+03
-1.582267000000000053e+03
-1.536974999999999909e+03
-1.559250000000000000e+03
-1.564448000000000093e+03
-1.558508000000000038e+03
-1.553681000000000040e+03
-1.582638999999999896e+03
-1.591920000000000073e+03
-1.597489000000000033e+03
-1.596746000000000095e+03
-1.579669000000000096e+03
-1.651319999999999936e+03
-1.624219000000000051e+03
-1.594890000000000100e+03
-1.656888999999999896e+03
-1.649835000000000036e+03
-1.656145999999999958e+03
-1.669883000000000038e+03
-1.684361000000000104e+03
-1.689930000000000064e+03
-1.682134000000000015e+03
-1.689930000000000064e+03
-1.710720000000000027e+03
-1.713690000000000055e+03
-1.722229000000000042e+03
-1.718887999999999920e+03
-1.743390000000000100e+03
-1.759724999999999909e+03
-1.726313000000000102e+03
-1.745989000000000033e+03
-1.774575000000000045e+03
-1.767150000000000091e+03
-1.767150000000000091e+03
-1.792394999999999982e+03
-1.774575000000000045e+03
-1.822837999999999965e+03
-1.844369999999999891e+03
-1.797963999999999942e+03
-1.861448000000000093e+03
-1.870357999999999947e+03
-1.855508000000000038e+03
-1.894489000000000033e+03
-1.901171000000000049e+03
-1.891890000000000100e+03
-1.924931000000000040e+03
-1.909710000000000036e+03
-1.920847999999999956e+03
-1.933098999999999933e+03
-1.967253999999999905e+03
-1.969853000000000065e+03
-1.984330999999999904e+03
-1.997325000000000045e+03
-1.977648999999999887e+03
-1.980990000000000009e+03
-2.001037000000000035e+03
-2.003265000000000100e+03
-2.002151000000000067e+03
-2.017000999999999976e+03
-2.054869000000000142e+03
-2.002151000000000067e+03
-2.054126000000000204e+03
-2.020343000000000075e+03
-2.011804000000000087e+03
-2.042246000000000095e+03
-2.027395999999999958e+03
-2.016259000000000015e+03
-2.075659000000000106e+03
-2.077143999999999778e+03
-2.078628999999999905e+03
-2.091623000000000047e+03
-2.071945999999999913e+03
-2.071945999999999913e+03
-2.070460999999999785e+03
-2.051527999999999793e+03
-2.074173999999999978e+03
-2.088280999999999949e+03
-2.086425000000000182e+03
-2.093106999999999971e+03
-2.116867000000000189e+03
-2.125777999999999793e+03
-2.123179000000000087e+03
-2.129119000000000142e+03
-2.128376000000000204e+03
-2.128748000000000047e+03
-2.164387000000000171e+03
-2.176639000000000124e+03
-2.163273999999999887e+03
-2.141740999999999985e+03
-2.118353000000000065e+03
-2.024425999999999931e+03
-2.018857999999999947e+03
-2.020713999999999942e+03
-2.017000999999999976e+03
-2.017373000000000047e+03
-2.057096000000000004e+03
-2.015144999999999982e+03
-1.999923999999999978e+03
-1.967253999999999905e+03
-1.946463999999999942e+03
-1.955374000000000024e+03
-1.955744999999999891e+03
-1.944607999999999947e+03
-1.966140000000000100e+03
-1.999181000000000040e+03
-1.973565000000000055e+03
-2.013660000000000082e+03
-2.022569999999999936e+03
-1.987300999999999931e+03
-2.002894000000000005e+03
-1.999181000000000040e+03
-2.018486000000000104e+03
-2.039646999999999935e+03
-2.015887999999999920e+03
-2.035934999999999945e+03
-2.049670999999999822e+03
-2.074545000000000073e+03
-2.028881000000000085e+03
-2.037048999999999978e+03
-2.051155999999999949e+03
-2.031851000000000113e+03
-2.017373000000000047e+03
-2.023683999999999969e+03
-2.009948000000000093e+03
-1.996583000000000084e+03
-2.038904999999999973e+03
-2.013288999999999987e+03
-2.018857999999999947e+03
-2.045959000000000060e+03
-2.038162000000000035e+03
-2.019599999999999909e+03
-2.002151000000000067e+03
-2.006605999999999995e+03
-2.010318999999999960e+03
-2.022569999999999936e+03
-2.027768000000000029e+03
-2.024425999999999931e+03
-2.066376999999999953e+03
-2.053384000000000015e+03
-2.030738000000000056e+03
-2.025169000000000096e+03
-2.025169000000000096e+03
-2.018857999999999947e+03
-2.041875000000000000e+03
-2.017373000000000047e+03
-2.027768000000000029e+03
-2.047073000000000093e+03
-2.054126000000000204e+03
-2.032964999999999918e+03
-2.066005999999999858e+03
-2.059324000000000069e+03
-2.059695000000000164e+03
-2.066748999999999796e+03
-2.047815000000000055e+03
-2.050784999999999854e+03
-2.057096000000000004e+03
-2.082711999999999989e+03
-2.064150000000000091e+03
-2.068976000000000113e+03
-2.106472000000000207e+03
-2.091251000000000204e+03
-2.103873999999999796e+03
-2.119836999999999989e+03
-2.133202999999999975e+03
-2.123920999999999822e+03
-2.135059000000000196e+03
-2.110184999999999945e+03
-2.145454000000000178e+03
-2.140255999999999858e+03
-2.118353000000000065e+03
-2.136914999999999964e+03
-2.133202999999999975e+03
-2.128748000000000047e+03
-2.166244000000000142e+03
-2.168471000000000004e+03
-2.163644999999999982e+03
-2.197800000000000182e+03
-2.192974000000000160e+03
-2.152135999999999967e+03
-2.197057999999999993e+03
-2.225271999999999935e+03
-2.188518999999999778e+03
-2.220818000000000211e+03
-2.237152999999999793e+03
-2.207452999999999975e+03
-2.233068999999999960e+03
-2.258313999999999851e+03
-2.219704000000000178e+03
-2.219704000000000178e+03
-2.236409999999999854e+03
-2.218219000000000051e+03
-2.210422999999999774e+03
-2.207081000000000131e+03
-2.197800000000000182e+03
-2.195572999999999865e+03
-2.201884000000000015e+03
-2.230469999999999800e+03
-2.218590000000000146e+03
-2.226385999999999967e+03
-2.224900999999999840e+03
-2.243092999999999847e+03
-2.243835000000000036e+03
-2.250889000000000124e+03
-2.283559000000000196e+03
-2.297666000000000167e+03
-2.266853000000000065e+03
-2.284300999999999931e+03
-2.260541000000000167e+03
-2.228242000000000189e+03
-2.206338999999999942e+03
-2.226757999999999811e+03
-2.228614000000000033e+03
-2.200398999999999887e+03
-2.226014999999999873e+03
-2.218960999999999785e+03
-2.185548999999999978e+03
-2.227128999999999905e+03
-2.234182999999999993e+03
-2.135059000000000196e+03
-2.126519999999999982e+03
-2.112413000000000011e+03
-2.112784000000000106e+03
-2.140255999999999858e+03
-2.135429999999999836e+03
-2.123920999999999822e+03
-2.131717999999999847e+03
-2.120579999999999927e+03
-2.129860999999999876e+03
-2.135429999999999836e+03
-2.126519999999999982e+03
-2.134315999999999804e+03
-2.152878999999999905e+03
-2.161045999999999822e+03
-2.142855000000000018e+03
-2.164016000000000076e+03
-2.147681000000000040e+03
-2.153992000000000189e+03
-2.166244000000000142e+03
-2.171070000000000164e+03
-2.146568000000000211e+03
-2.165130000000000109e+03
-2.177010000000000218e+03
-2.201512000000000171e+03
-2.199284999999999854e+03
-2.174782000000000153e+03
-2.177380999999999858e+03
-2.202626000000000204e+03
-2.179237999999999829e+03
-2.128005000000000109e+03
-2.158076000000000022e+03
-2.211164999999999964e+03
-2.152135999999999967e+03
-2.156961999999999989e+03
-2.205967999999999847e+03
-2.177380999999999858e+03
-2.168471000000000004e+03
-2.211164999999999964e+03
-2.172554999999999836e+03
-2.187405000000000200e+03
-2.202998000000000047e+03
-2.173297999999999774e+03
-2.207824000000000069e+03
-2.213393000000000029e+03
-2.203369000000000142e+03
-2.195572999999999865e+03
-2.211164999999999964e+03
-2.214876999999999953e+03
-2.202998000000000047e+03
-2.233811000000000149e+03
-2.239751000000000204e+03
-2.232697999999999865e+03
-2.267594999999999800e+03
-2.247918999999999869e+03
-2.233440000000000055e+03
-2.269822999999999865e+03
-2.240123000000000047e+03
-2.233440000000000055e+03
-2.255344000000000051e+03
-2.265367000000000189e+03
-2.265739000000000033e+03
-2.243835000000000036e+03
-2.237152999999999793e+03
-2.215990999999999985e+03
-2.221559999999999945e+03
-2.221931000000000040e+03
-2.222673999999999978e+03
-2.226757999999999811e+03
-2.227871000000000095e+03
-2.225271999999999935e+03
-2.243463999999999942e+03
-2.272420999999999822e+03
-2.238266000000000076e+03
-2.242349999999999909e+03
-2.268708999999999833e+03
-2.243092999999999847e+03
-2.268336999999999989e+03
-2.271679000000000087e+03
-2.272420999999999822e+03
-2.311030999999999949e+03
-2.289126999999999953e+03
-2.290240999999999985e+03
-2.319570000000000164e+03
-2.319199000000000069e+03
-2.312887000000000171e+03
-2.339246000000000095e+03
-2.311030999999999949e+03
-2.306947999999999865e+03
-2.316971000000000004e+03
-2.330335999999999785e+03
-2.326994999999999891e+03
-2.317342999999999847e+03
-2.316971000000000004e+03
-2.317713999999999942e+03
-2.335534000000000106e+03
-2.329965000000000146e+03
-2.311402999999999793e+03
-2.343701000000000022e+03
-2.345186000000000149e+03
-2.341103000000000065e+03
-2.368945999999999913e+03
-2.358922999999999774e+03
-2.361893000000000029e+03
-2.368204000000000178e+03
-2.375257999999999811e+03
-2.370059999999999945e+03
-2.368204000000000178e+03
-2.372288000000000011e+03
-2.336275999999999840e+03
-2.360407000000000153e+03
-2.362264000000000124e+03
-2.341103000000000065e+03
-2.322911000000000058e+03
-2.360407000000000153e+03
-2.351869000000000142e+03
-2.351869000000000142e+03
-2.318827999999999975e+03
-2.281702999999999975e+03
-2.308061000000000149e+03
-2.334420000000000073e+03
-2.318456000000000131e+03
-2.330335999999999785e+03
-2.354096000000000004e+03
-2.341474000000000160e+03
-2.320313000000000102e+03
