-3.532443999999999960e+03
-3.586275000000000091e+03
-3.584789999999999964e+03
-3.583304999999999836e+03
-3.604838000000000193e+03
-3.601867000000000189e+03
-3.582934000000000196e+03
-3.613376000000000204e+03
-3.632309999999999945e+03
-3.611148999999999887e+03
-3.641590999999999894e+03
-3.618945000000000164e+03
-3.583304999999999836e+03
-3.632309999999999945e+03
-3.637135999999999967e+03
-3.612262000000000171e+03
-3.638250000000000000e+03
-3.644190000000000055e+03
-3.631568000000000211e+03
-3.653471000000000004e+03
-3.645304000000000087e+03
-3.595927000000000135e+03
-3.674260999999999967e+03
-3.649387000000000171e+03
-3.687626000000000204e+03
-3.697278999999999996e+03
-3.680201000000000022e+03
-3.692452999999999975e+03
-3.703590000000000146e+03
-3.740715000000000146e+03
-3.688369000000000142e+03
-3.721039000000000215e+03
-3.737373999999999796e+03
-3.737744999999999891e+03
-3.747768999999999778e+03
-3.766702999999999975e+03
-3.735889000000000124e+03
-3.703219000000000051e+03
-3.791204999999999927e+03
-3.731804999999999836e+03
-3.731434000000000196e+03
-3.761876000000000204e+03
-3.716213000000000193e+03
-3.725123000000000047e+03
-3.726978999999999814e+03
-3.716583999999999833e+03
-3.747396999999999935e+03
-3.785635999999999967e+03
-3.741458000000000084e+03
-3.762248000000000047e+03
-3.790463000000000193e+03
-3.719554000000000087e+03
-3.799744000000000142e+03
-3.793061000000000149e+03
-3.808282000000000153e+03
-3.788235000000000127e+03
-3.807911000000000058e+03
-3.784521999999999935e+03
-3.811623999999999796e+03
-3.846150000000000091e+03
-3.791947999999999865e+03
-3.827958999999999833e+03
-3.815335999999999785e+03
-3.818306000000000040e+03
-3.800856999999999971e+03
-3.853574999999999818e+03
-3.845778999999999996e+03
-3.823875000000000000e+03
-3.866197999999999865e+03
-3.852833000000000084e+03
-3.865083999999999833e+03
-3.853574999999999818e+03
-3.856545000000000073e+03
-3.819420000000000073e+03
-3.845778999999999996e+03
-3.866568999999999960e+03
-3.842065999999999804e+03
-3.847264000000000124e+03
-3.804570000000000164e+03
-3.806054999999999836e+03
-3.849862999999999829e+03
-3.869539000000000215e+03
-3.848005999999999858e+03
-3.841695000000000164e+03
-3.866197999999999865e+03
-3.846150000000000091e+03
-3.869166999999999916e+03
-3.868425000000000182e+03
-3.825731000000000222e+03
-3.849490999999999985e+03
-3.877335000000000036e+03
-3.862856000000000222e+03
-3.861742000000000189e+03
-3.888101000000000113e+03
-3.838353999999999814e+03
-3.839096000000000004e+03
-3.869166999999999916e+03
-3.832784999999999854e+03
-3.895896999999999935e+03
-3.875478999999999814e+03
-3.842438000000000102e+03
-3.874735999999999876e+03
-3.875849999999999909e+03
-3.878820000000000164e+03
-3.878449000000000069e+03
-3.943789000000000215e+03
-3.895525999999999840e+03
-3.893298999999999978e+03
-3.916688000000000102e+03
-3.876221000000000004e+03
-3.936735000000000127e+03
-3.915202999999999975e+03
-3.904436000000000149e+03
-3.868425000000000182e+03
-3.878820000000000164e+03
-3.848376999999999953e+03
-3.894413000000000011e+03
-3.846521000000000186e+03
-3.861371000000000095e+03
-3.875478999999999814e+03
-3.888472999999999956e+03
-3.881418999999999869e+03
-3.832784999999999854e+03
-3.889215000000000146e+03
-3.850605000000000018e+03
-3.861371000000000095e+03
-3.890329000000000178e+03
-3.904065000000000055e+03
-3.907777999999999793e+03
-3.877706000000000131e+03
-3.881418999999999869e+03
-3.888101000000000113e+03
-3.927454000000000178e+03
-3.906664000000000215e+03
-3.895896999999999935e+03
-3.943416999999999916e+03
-3.879563000000000102e+03
-3.922626999999999953e+03
-3.909634000000000015e+03
-3.930795000000000073e+03
-3.899981000000000222e+03
-3.922255999999999858e+03
-3.937106000000000222e+03
-3.912231999999999971e+03
-3.957896000000000186e+03
-3.931166000000000167e+03
-3.950099999999999909e+03
-3.913717999999999847e+03
-3.968291000000000167e+03
-3.940447999999999865e+03
-3.958268000000000029e+03
-3.969034000000000106e+03
-3.938963000000000193e+03
-3.979057999999999993e+03
-3.970518999999999778e+03
-3.989824000000000069e+03
-3.970889999999999873e+03
-4.035115999999999985e+03
-3.990565999999999804e+03
-4.005788000000000011e+03
-3.984626000000000204e+03
-3.983884000000000015e+03
-4.008757999999999811e+03
-4.008757999999999811e+03
-3.992793999999999869e+03
-3.977201000000000022e+03
-4.029918999999999869e+03
-3.990565999999999804e+03
-4.009500000000000000e+03
-4.021751000000000204e+03
-3.971632999999999811e+03
-4.025835000000000036e+03
-4.058505000000000109e+03
-3.971632999999999811e+03
-4.031032000000000153e+03
-4.036230000000000018e+03
-3.994650000000000091e+03
-4.048853000000000065e+03
-4.048853000000000065e+03
-3.999847999999999956e+03
-4.055534999999999854e+03
-4.067414999999999964e+03
-4.025463999999999942e+03
-4.050708999999999833e+03
-4.048110000000000127e+03
-4.028063000000000102e+03
-4.061474999999999909e+03
-4.042541000000000167e+03
-4.037715000000000146e+03
-3.998733999999999924e+03
-4.042913000000000011e+03
-4.052193999999999960e+03
-4.010242000000000189e+03
-4.032518000000000029e+03
-4.010985000000000127e+03
-4.004673999999999978e+03
-4.038085999999999785e+03
-4.008014999999999873e+03
-4.013954999999999927e+03
-4.043284000000000106e+03
-3.995021000000000186e+03
-4.023978999999999814e+03
-4.046996000000000095e+03
-4.010985000000000127e+03
-4.052936000000000149e+03
-4.048481000000000222e+03
-4.048110000000000127e+03
-4.042170000000000073e+03
-4.065559000000000196e+03
-4.075583000000000084e+03
-4.053307999999999993e+03
-4.074469000000000051e+03
-4.049965999999999894e+03
-4.055164000000000215e+03
-4.050708999999999833e+03
-4.074840000000000146e+03
-4.005788000000000011e+03
-4.055534999999999854e+03
-4.061474999999999909e+03
-4.039943000000000211e+03
-4.088576000000000022e+03
-4.041798999999999978e+03
-4.062960000000000036e+03
-4.068528999999999996e+03
-4.089690000000000055e+03
-4.057762000000000171e+03
-4.047739000000000033e+03
-4.081893999999999778e+03
-4.034001999999999953e+03
-4.052565000000000055e+03
-4.070385000000000218e+03
-4.057762000000000171e+03
-4.057762000000000171e+03
-4.055164000000000215e+03
-4.037715000000000146e+03
-4.069643000000000029e+03
-4.083750000000000000e+03
-4.033630999999999858e+03
-4.067043999999999869e+03
-4.061103999999999814e+03
-4.069643000000000029e+03
-4.062588999999999942e+03
-4.062960000000000036e+03
-4.044396999999999935e+03
-4.053307999999999993e+03
-4.090061000000000149e+03
-4.068900000000000091e+03
-4.065188000000000102e+03
-4.055905999999999949e+03
-4.070385000000000218e+03
-4.051079999999999927e+03
-4.078181000000000040e+03
-4.046625000000000000e+03
-4.081893999999999778e+03
-4.099342999999999847e+03
-4.047739000000000033e+03
-4.084121000000000095e+03
-4.069271000000000186e+03
-4.099713999999999942e+03
-4.065188000000000102e+03
-4.113449999999999818e+03
-4.045139999999999873e+03
-4.072612999999999829e+03
-4.080780000000000200e+03
-4.065188000000000102e+03
-4.056648999999999887e+03
-4.055164000000000215e+03
-4.067786000000000058e+03
-4.065559000000000196e+03
-4.099713999999999942e+03
-4.046253999999999905e+03
-4.051451000000000022e+03
-4.088576000000000022e+03
-4.078923999999999978e+03
-4.084492000000000189e+03
-4.107139000000000124e+03
-4.096743999999999687e+03
-4.066672999999999774e+03
-4.089318999999999960e+03
-4.044396999999999935e+03
-4.039943000000000211e+03
-4.067043999999999869e+03
-4.013954999999999927e+03
-4.036601000000000113e+03
-4.049965999999999894e+03
-4.076695999999999913e+03
-4.053307999999999993e+03
-4.074097999999999956e+03
-4.042170000000000073e+03
-4.080409000000000106e+03
-4.107881000000000313e+03
-4.053679000000000087e+03
-4.081893999999999778e+03
-4.081150999999999840e+03
-4.104539999999999964e+03
-4.054791999999999916e+03
-4.101198999999999614e+03
-4.087833999999999833e+03
-4.084864000000000033e+03
-4.127929000000000087e+03
-4.082635999999999967e+03
-4.104911000000000058e+03
-4.081150999999999840e+03
-4.115677999999999884e+03
-4.077068000000000211e+03
-4.126444000000000415e+03
-4.111594000000000051e+03
-4.108623999999999796e+03
-4.110479999999999563e+03
-4.144635000000000218e+03
-4.094516000000000076e+03
-4.146119999999999891e+03
-4.116792000000000371e+03
-4.093773999999999887e+03
-4.114935000000000400e+03
-4.145006000000000313e+03
-4.103426000000000386e+03
-4.096372999999999593e+03
-4.128300000000000182e+03
-4.147604999999999563e+03
-4.124216000000000349e+03
-4.170993999999999687e+03
-4.146862000000000080e+03
-4.135725000000000364e+03
-4.168395000000000437e+03
-4.138323999999999614e+03
-4.129042000000000371e+03
-4.147975999999999658e+03
-4.144264000000000124e+03
-4.124216000000000349e+03
-4.153173999999999978e+03
-4.142779000000000451e+03
-4.158000000000000000e+03
-4.155771999999999935e+03
-4.143149999999999636e+03
-4.147975999999999658e+03
-4.159855999999999767e+03
-4.122730999999999767e+03
-4.130899000000000342e+03
-4.166538999999999760e+03
-4.125329999999999927e+03
-4.142408000000000357e+03
-4.164311999999999898e+03
-4.158000000000000000e+03
-4.139438000000000102e+03
-4.132755000000000109e+03
-4.142036000000000058e+03
-4.153173999999999978e+03
-4.134610999999999876e+03
-4.158000000000000000e+03
-4.128300000000000182e+03
-4.153545000000000073e+03
-4.183987000000000080e+03
-4.115677999999999884e+03
-4.156144000000000233e+03
-4.148347999999999956e+03
-4.127929000000000087e+03
-4.137210000000000036e+03
-4.136838999999999942e+03
-4.162083999999999833e+03
-4.182873999999999796e+03
-4.149832999999999629e+03
-4.145006000000000313e+03
-4.138694999999999709e+03
-4.174706000000000131e+03
-4.132012999999999920e+03
-4.156144000000000233e+03
-4.175819999999999709e+03
-4.171364999999999782e+03
-4.144264000000000124e+03
-4.164682999999999993e+03
-4.119019000000000233e+03
-4.179533000000000357e+03
-4.176563000000000102e+03
-4.163569000000000415e+03
-4.178418999999999869e+03
-4.184729999999999563e+03
-4.157256999999999607e+03
-4.163569000000000415e+03
-4.194753999999999905e+03
-4.175078000000000429e+03
-4.168395000000000437e+03
-4.201064999999999600e+03
-4.175078000000000429e+03
-4.198466000000000349e+03
-4.167280999999999949e+03
-4.196980999999999767e+03
-4.179533000000000357e+03
-4.174706000000000131e+03
-4.178418999999999869e+03
-4.203292000000000371e+03
-4.158371000000000095e+03
-4.183987000000000080e+03
-4.203292000000000371e+03
-4.184729999999999563e+03
-4.176934000000000196e+03
-4.201807999999999993e+03
-4.219256000000000313e+03
-4.189185000000000400e+03
-4.193269000000000233e+03
-4.198466000000000349e+03
-4.183244999999999891e+03
-4.221112000000000080e+03
-4.199579999999999927e+03
-4.179904000000000451e+03
-4.184729999999999563e+03
-4.210345999999999549e+03
-4.209604000000000269e+03
-4.216286000000000058e+03
-4.225195999999999913e+03
-4.192154999999999745e+03
-4.185472999999999956e+03
