-2.305461999999999989e+02
-2.208937999999999988e+02
-2.546775000000000091e+02
-2.409413000000000125e+02
-2.446536999999999864e+02
-2.598750000000000000e+02
-2.123549999999999898e+02
-2.153249999999999886e+02
-2.249774999999999920e+02
-2.238637999999999977e+02
-2.049300000000000068e+02
-2.223788000000000125e+02
-2.253488000000000113e+02
-2.505937999999999874e+02
-2.606175000000000068e+02
-2.439113000000000113e+02
-2.435399999999999920e+02
-2.639587000000000216e+02
-2.338874999999999886e+02
-2.405699999999999932e+02
-2.539350000000000023e+02
-2.509650000000000034e+02
-2.639587000000000216e+02
-2.535637999999999863e+02
-2.639587000000000216e+02
-2.840063000000000102e+02
-2.962574999999999932e+02
-2.687850000000000250e+02
-2.684137999999999806e+02
-2.854911999999999921e+02
-2.524499999999999886e+02
-2.298037999999999954e+02
-2.817787000000000148e+02
-2.854911999999999921e+02
-2.736113000000000284e+02
-2.810362999999999829e+02
-2.732400000000000091e+02
-2.895749999999999886e+02
-2.825212000000000216e+02
-2.654438000000000102e+02
-2.851200000000000045e+02
-2.970000000000000000e+02
-2.840063000000000102e+02
-2.918025000000000091e+02
-3.033111999999999853e+02
-2.921738000000000284e+02
-2.914311999999999898e+02
-2.925450000000000159e+02
-2.921738000000000284e+02
-3.033111999999999853e+02
-3.125924999999999727e+02
-3.192749999999999773e+02
-3.151913000000000125e+02
-3.237300000000000182e+02
-3.356100000000000136e+02
-3.144488000000000056e+02
-3.189037000000000148e+02
-3.322687999999999988e+02
-3.467475000000000023e+02
-3.563999999999999773e+02
-3.504599999999999795e+02
-3.441487000000000194e+02
-3.237300000000000182e+02
-3.422925000000000182e+02
-3.411786999999999921e+02
-3.430350000000000250e+02
-3.337538000000000125e+02
-3.363525000000000205e+02
-3.363525000000000205e+02
-3.671662999999999784e+02
-3.567712000000000216e+02
-3.437774999999999750e+02
-3.385799999999999841e+02
-3.396938000000000102e+02
-3.241012999999999806e+02
-3.486037999999999784e+02
-3.385799999999999841e+02
-3.541725000000000136e+02
-3.575138000000000034e+02
-3.415500000000000114e+02
-3.489750000000000227e+02
-3.768188000000000102e+02
-3.370950000000000273e+02
-3.552862999999999829e+02
-3.489750000000000227e+02
-3.556575000000000273e+02
-3.474900000000000091e+02
-3.608550000000000182e+02
-3.396938000000000102e+02
-3.682799999999999727e+02
-3.367237999999999829e+02
-3.523163000000000125e+02
-3.575138000000000034e+02
-3.419212999999999738e+02
-3.567712000000000216e+02
-3.489750000000000227e+02
-3.638249999999999886e+02
-3.463763000000000147e+02
-3.396938000000000102e+02
-3.627112000000000194e+02
-3.489750000000000227e+02
-3.460049999999999955e+02
-3.764474999999999909e+02
-3.460049999999999955e+02
-3.534300000000000068e+02
-3.612262999999999806e+02
-3.226161999999999921e+02
-3.170475000000000136e+02
-3.445199999999999818e+02
-3.222450000000000045e+02
-3.419212999999999738e+02
-3.192749999999999773e+02
-3.467475000000000023e+02
-3.348675000000000068e+02
-3.437774999999999750e+02
-3.664238000000000284e+02
-3.281850000000000023e+02
-3.370950000000000273e+02
-3.612262999999999806e+02
-3.307837999999999852e+02
-3.389513000000000034e+02
-3.638249999999999886e+02
-3.430350000000000250e+02
-3.682799999999999727e+02
-3.567712000000000216e+02
-3.630824999999999818e+02
-3.411786999999999921e+02
-3.545437999999999761e+02
-3.281850000000000023e+02
-3.452624999999999886e+02
-3.630824999999999818e+02
-3.404361999999999853e+02
-3.471186999999999898e+02
-3.404361999999999853e+02
-3.337538000000000125e+02
-3.374662000000000148e+02
-3.604837999999999738e+02
-3.396938000000000102e+02
-3.419212999999999738e+02
-3.868424999999999727e+02
-3.088799999999999955e+02
-2.992275000000000205e+02
-2.970000000000000000e+02
-2.899463000000000079e+02
-2.940299999999999727e+02
-3.337538000000000125e+02
-3.125924999999999727e+02
-2.892038000000000011e+02
-3.129637000000000171e+02
-2.970000000000000000e+02
-3.137062000000000239e+02
-3.129637000000000171e+02
-2.929162999999999784e+02
-3.059100000000000250e+02
-3.196462000000000216e+02
-2.995987999999999829e+02
-3.099936999999999898e+02
-3.278138000000000147e+02
-3.114787999999999784e+02
-3.263288000000000011e+02
-3.255862000000000194e+02
-3.055387999999999806e+02
-3.036825000000000045e+02
-3.163050000000000068e+02
-2.984850000000000136e+02
-3.051675000000000182e+02
-3.222450000000000045e+02
-3.070237000000000194e+02
-2.884612000000000194e+02
-3.192749999999999773e+02
-3.014549999999999841e+02
-2.814075000000000273e+02
-3.040536999999999921e+02
-3.144488000000000056e+02
-2.780663000000000125e+02
-3.140774999999999864e+02
-3.382087000000000216e+02
-2.739825000000000159e+02
-3.033111999999999853e+02
-3.099936999999999898e+02
-2.992275000000000205e+02
-3.281850000000000023e+02
-3.174187999999999761e+02
-2.914311999999999898e+02
-3.118500000000000227e+02
-3.118500000000000227e+02
-2.940299999999999727e+02
-3.155625000000000000e+02
-3.059100000000000250e+02
-2.621025000000000205e+02
-2.862337999999999738e+02
-2.810362999999999829e+02
-2.747250000000000227e+02
-2.821499999999999773e+02
-2.769524999999999864e+02
-2.880899999999999750e+02
-2.840063000000000102e+02
-2.840063000000000102e+02
-2.806650000000000205e+02
-2.843774999999999977e+02
-3.081374999999999886e+02
-2.669286999999999921e+02
-2.825212000000000216e+02
-2.925450000000000159e+02
-2.903174999999999955e+02
-2.932875000000000227e+02
-2.851200000000000045e+02
-2.847486999999999853e+02
-2.966288000000000125e+02
-2.747250000000000227e+02
-2.802937999999999761e+02
-2.776949999999999932e+02
-2.736113000000000284e+02
-2.754674999999999727e+02
-2.962574999999999932e+02
-2.765812000000000239e+02
-2.888324999999999818e+02
-2.750962999999999852e+02
-2.591324999999999932e+02
-2.732400000000000091e+02
-2.661861999999999853e+02
-2.609886999999999944e+02
-2.413125000000000000e+02
-2.572762000000000171e+02
-2.799225000000000136e+02
-2.375999999999999943e+02
-2.528213000000000079e+02
-2.669286999999999921e+02
-2.431687000000000012e+02
-2.602461999999999875e+02
-2.543062999999999931e+02
-2.479950000000000045e+02
-2.661861999999999853e+02
-2.609886999999999944e+02
-2.576474999999999795e+02
-2.747250000000000227e+02
-2.509650000000000034e+02
-2.632162000000000148e+02
-2.698987000000000194e+02
-2.639587000000000216e+02
-2.405699999999999932e+02
-2.765812000000000239e+02
-2.647013000000000034e+02
-2.375999999999999943e+02
-2.717549999999999955e+02
-2.628450000000000273e+02
-2.587613000000000056e+02
-2.524499999999999886e+02
-2.661861999999999853e+02
-2.543062999999999931e+02
-2.802937999999999761e+02
-2.717549999999999955e+02
-2.635874999999999773e+02
-2.673000000000000114e+02
-2.569049999999999727e+02
-2.483662999999999954e+02
-2.743537999999999784e+02
-2.661861999999999853e+02
-2.762099999999999795e+02
-2.676712999999999738e+02
-2.647013000000000034e+02
-2.713838000000000079e+02
-2.788086999999999875e+02
-2.906888000000000147e+02
-2.769524999999999864e+02
-2.828924999999999841e+02
-2.866050000000000182e+02
-2.765812000000000239e+02
-2.814075000000000273e+02
-3.003412000000000148e+02
-2.721263000000000147e+02
-2.569049999999999727e+02
-2.932875000000000227e+02
-2.750962999999999852e+02
-2.706413000000000011e+02
-3.014549999999999841e+02
-2.817787000000000148e+02
-2.851200000000000045e+02
-2.884612000000000194e+02
-3.036825000000000045e+02
-2.851200000000000045e+02
-2.910600000000000023e+02
-2.992275000000000205e+02
-2.899463000000000079e+02
-3.040536999999999921e+02
-2.754674999999999727e+02
-2.966288000000000125e+02
-2.973711999999999875e+02
-3.003412000000000148e+02
-3.107363000000000284e+02
-3.055387999999999806e+02
-3.003412000000000148e+02
-2.661861999999999853e+02
-2.769524999999999864e+02
-2.658149999999999977e+02
-2.788086999999999875e+02
-2.695274999999999750e+02
-2.669286999999999921e+02
-2.476237000000000137e+02
-2.476237000000000137e+02
-2.621025000000000205e+02
-2.498513000000000090e+02
-2.494799999999999898e+02
-2.698987000000000194e+02
-2.557913000000000068e+02
-2.650724999999999909e+02
-2.762099999999999795e+02
-2.628450000000000273e+02
-2.687850000000000250e+02
-2.628450000000000273e+02
-2.680425000000000182e+02
-2.780663000000000125e+02
-2.713838000000000079e+02
-2.531924999999999955e+02
-2.665575000000000045e+02
-2.795511999999999944e+02
-2.814075000000000273e+02
-2.606175000000000068e+02
-2.758387000000000171e+02
-2.665575000000000045e+02
-2.810362999999999829e+02
-2.854911999999999921e+02
-2.457675000000000125e+02
-2.702699999999999818e+02
-2.758387000000000171e+02
-2.602461999999999875e+02
-2.862337999999999738e+02
-2.810362999999999829e+02
-2.724975000000000023e+02
-2.925450000000000159e+02
-2.862337999999999738e+02
-2.795511999999999944e+02
-2.810362999999999829e+02
-2.769524999999999864e+02
-2.821499999999999773e+02
-2.825212000000000216e+02
-2.810362999999999829e+02
-2.828924999999999841e+02
-2.958863000000000056e+02
-2.914311999999999898e+02
-2.673000000000000114e+02
-3.010837000000000216e+02
-2.921738000000000284e+02
-2.691562999999999874e+02
-2.743537999999999784e+02
-2.769524999999999864e+02
-2.776949999999999932e+02
-2.673000000000000114e+02
-2.895749999999999886e+02
-2.680425000000000182e+02
-2.918025000000000091e+02
-2.435399999999999920e+02
-1.989900000000000091e+02
-2.116125000000000114e+02
-2.409413000000000125e+02
-2.142112999999999943e+02
-2.101274999999999977e+02
-2.342588000000000079e+02
-2.142112999999999943e+02
-1.893375000000000057e+02
-2.153249999999999886e+02
-2.212649999999999864e+02
-2.249774999999999920e+02
-2.286899999999999977e+02
-2.242350000000000136e+02
-2.079000000000000057e+02
-2.320312999999999874e+02
-2.123549999999999898e+02
-2.197800000000000011e+02
-2.249774999999999920e+02
-2.160674999999999955e+02
-2.260911999999999864e+02
-2.194088000000000136e+02
-2.205225000000000080e+02
-2.168100000000000023e+02
-2.442824999999999989e+02
-2.253488000000000113e+02
-2.212649999999999864e+02
-2.394562999999999988e+02
-2.279474999999999909e+02
-2.275762000000000000e+02
-2.324025000000000034e+02
-2.279474999999999909e+02
-2.168100000000000023e+02
-2.346299999999999955e+02
-2.145825000000000102e+02
-2.223788000000000125e+02
-2.160674999999999955e+02
-2.286899999999999977e+02
-2.275762000000000000e+02
-2.201511999999999887e+02
-2.175525000000000091e+02
-2.130974999999999966e+02
-2.156963000000000079e+02
-2.231211999999999875e+02
-2.186662000000000035e+02
-2.234925000000000068e+02
-2.142112999999999943e+02
-2.056725000000000136e+02
-2.212649999999999864e+02
-2.168100000000000023e+02
-2.301750000000000114e+02
-2.346299999999999955e+02
-2.301750000000000114e+02
-2.101274999999999977e+02
-2.027024999999999864e+02
-2.064149999999999920e+02
-2.142112999999999943e+02
-2.097563000000000102e+02
-2.205225000000000080e+02
-2.093849999999999909e+02
-1.930500000000000114e+02
