-3.099936999999999898e+02
-3.523163000000000125e+02
-3.519449999999999932e+02
-3.344961999999999875e+02
-3.370950000000000273e+02
-3.660525000000000091e+02
-3.304125000000000227e+02
-3.486037999999999784e+02
-3.589986999999999853e+02
-3.486037999999999784e+02
-3.474900000000000091e+02
-3.779325000000000045e+02
-3.786750000000000114e+02
-3.671662999999999784e+02
-3.805312999999999874e+02
-3.682799999999999727e+02
-3.749624999999999773e+02
-3.775611999999999853e+02
-3.389513000000000034e+02
-3.649388000000000147e+02
-3.909261999999999944e+02
-3.586274999999999977e+02
-3.552862999999999829e+02
-3.857287999999999784e+02
-4.013213000000000079e+02
-3.712500000000000000e+02
-3.812737000000000194e+02
-4.054049999999999727e+02
-3.879562999999999988e+02
-4.039200000000000159e+02
-4.031775000000000091e+02
-4.109737999999999829e+02
-4.276800000000000068e+02
-4.261949999999999932e+02
-3.961236999999999853e+02
-4.284225000000000136e+02
-4.258238000000000056e+02
-3.957524999999999977e+02
-4.213686999999999898e+02
-4.106025000000000205e+02
-3.853575000000000159e+02
-4.187699999999999818e+02
-4.243387000000000171e+02
-3.853575000000000159e+02
-3.953813000000000102e+02
-3.927825000000000273e+02
-4.176562999999999874e+02
-4.310212000000000216e+02
-4.258238000000000056e+02
-4.365899999999999750e+02
-4.403025000000000091e+02
-4.087461999999999875e+02
-4.261949999999999932e+02
-4.729725000000000250e+02
-4.443863000000000056e+02
-4.347337999999999738e+02
-4.480987999999999829e+02
-4.696313000000000102e+02
-4.536675000000000182e+02
-4.677749999999999773e+02
-4.551524999999999750e+02
-4.406738000000000284e+02
-4.510688000000000102e+02
-4.462425000000000068e+02
-4.217400000000000091e+02
-4.299075000000000273e+02
-3.857287999999999784e+02
-4.128299999999999841e+02
-4.158000000000000114e+02
-4.020638000000000147e+02
-3.976087999999999738e+02
-4.154286999999999921e+02
-3.938962000000000216e+02
-4.150575000000000045e+02
-4.068899999999999864e+02
-4.169137999999999806e+02
-3.983512999999999806e+02
-4.016924999999999955e+02
-4.187699999999999818e+02
-4.228537999999999784e+02
-4.176562999999999874e+02
-4.239674999999999727e+02
-3.901836999999999875e+02
-4.146861999999999853e+02
-4.128299999999999841e+02
-4.013213000000000079e+02
-4.221113000000000284e+02
-4.065187999999999988e+02
-3.864712999999999852e+02
-3.953813000000000102e+02
-4.191413000000000011e+02
-4.258238000000000056e+02
-4.206263000000000147e+02
-4.183987000000000194e+02
-4.143149999999999977e+02
-4.261949999999999932e+02
-4.143149999999999977e+02
-3.883274999999999864e+02
-4.172850000000000250e+02
-4.172850000000000250e+02
-3.920400000000000205e+02
-3.935249999999999773e+02
-4.250812999999999988e+02
-3.916687999999999761e+02
-3.783036999999999921e+02
-3.716211999999999875e+02
-3.831299999999999955e+02
-3.879562999999999988e+02
-3.894413000000000125e+02
-3.857287999999999784e+02
-4.016924999999999955e+02
-3.838725000000000023e+02
-3.664238000000000284e+02
-4.016924999999999955e+02
-4.016924999999999955e+02
-3.931537000000000148e+02
-3.857287999999999784e+02
-3.976087999999999738e+02
-3.812737000000000194e+02
-3.790462999999999738e+02
-3.924112999999999829e+02
-3.972375000000000114e+02
-3.979800000000000182e+02
-3.760763000000000034e+02
-3.771899999999999977e+02
-4.016924999999999955e+02
-3.842436999999999898e+02
-3.719925000000000068e+02
-3.593700000000000045e+02
-3.790462999999999738e+02
-3.719925000000000068e+02
-3.623399999999999750e+02
-3.835013000000000147e+02
-3.868424999999999727e+02
-3.809024999999999750e+02
-3.916687999999999761e+02
-3.838725000000000023e+02
-4.039200000000000159e+02
-3.938962000000000216e+02
-3.879562999999999988e+02
-3.875849999999999795e+02
-4.031775000000000091e+02
-3.879562999999999988e+02
-3.861000000000000227e+02
-3.886988000000000056e+02
-3.879562999999999988e+02
-3.901836999999999875e+02
-3.972375000000000114e+02
-3.898125000000000000e+02
-3.727350000000000136e+02
-3.898125000000000000e+02
-3.916687999999999761e+02
-3.679087999999999852e+02
-3.972375000000000114e+02
-3.883274999999999864e+02
-3.846150000000000091e+02
-4.024350000000000023e+02
-4.005788000000000011e+02
-3.920400000000000205e+02
-3.990937999999999874e+02
-3.979800000000000182e+02
-3.838725000000000023e+02
-3.905550000000000068e+02
-3.861000000000000227e+02
-3.872137000000000171e+02
-3.842436999999999898e+02
-4.057762000000000171e+02
-3.898125000000000000e+02
-3.849863000000000284e+02
-3.927825000000000273e+02
-3.927825000000000273e+02
-3.835013000000000147e+02
-3.727350000000000136e+02
-3.898125000000000000e+02
-3.916687999999999761e+02
-3.987225000000000250e+02
-3.849863000000000284e+02
-4.124587000000000216e+02
-4.150575000000000045e+02
-3.864712999999999852e+02
-3.994649999999999750e+02
-4.106025000000000205e+02
-3.827588000000000079e+02
-3.898125000000000000e+02
-4.180274999999999750e+02
-3.809024999999999750e+02
-3.890699999999999932e+02
-4.209975000000000023e+02
-3.938962000000000216e+02
-4.005788000000000011e+02
-4.042912999999999784e+02
-3.946388000000000034e+02
-3.994649999999999750e+02
-4.076324999999999932e+02
-3.812737000000000194e+02
-4.009499999999999886e+02
-4.132013000000000034e+02
-3.727350000000000136e+02
-3.853575000000000159e+02
-4.054049999999999727e+02
-3.957524999999999977e+02
-3.805312999999999874e+02
-3.976087999999999738e+02
-3.979800000000000182e+02
-4.072613000000000056e+02
-4.009499999999999886e+02
-4.076324999999999932e+02
-4.080038000000000125e+02
-4.050337999999999852e+02
-4.050337999999999852e+02
-4.076324999999999932e+02
-4.024350000000000023e+02
-3.931537000000000148e+02
-4.102312999999999761e+02
-4.039200000000000159e+02
-3.864712999999999852e+02
-4.046625000000000227e+02
-4.154286999999999921e+02
-3.764474999999999909e+02
-3.530586999999999875e+02
-4.098600000000000136e+02
-3.998362000000000194e+02
-3.927825000000000273e+02
-4.143149999999999977e+02
-4.135724999999999909e+02
-3.938962000000000216e+02
-3.976087999999999738e+02
-3.920400000000000205e+02
-4.013213000000000079e+02
-3.972375000000000114e+02
-3.976087999999999738e+02
-3.979800000000000182e+02
-4.094886999999999944e+02
-4.013213000000000079e+02
-3.976087999999999738e+02
-3.983512999999999806e+02
-4.002074999999999818e+02
-3.916687999999999761e+02
-3.994649999999999750e+02
-3.794175000000000182e+02
-3.957524999999999977e+02
-3.831299999999999955e+02
-3.716211999999999875e+02
-3.686512000000000171e+02
-3.912975000000000136e+02
-3.842436999999999898e+02
-3.656811999999999898e+02
-3.957524999999999977e+02
-4.054049999999999727e+02
-3.716211999999999875e+02
-3.857287999999999784e+02
-3.872137000000000171e+02
-3.705074999999999932e+02
-3.879562999999999988e+02
-3.831299999999999955e+02
-3.816449999999999818e+02
-3.905550000000000068e+02
-3.853575000000000159e+02
-3.764474999999999909e+02
-3.872137000000000171e+02
-3.935249999999999773e+02
-3.664238000000000284e+02
-3.931537000000000148e+02
-3.809024999999999750e+02
-3.757049999999999841e+02
-3.768188000000000102e+02
-3.805312999999999874e+02
-3.868424999999999727e+02
-3.890699999999999932e+02
-3.760763000000000034e+02
-3.675375000000000227e+02
-3.953813000000000102e+02
-3.972375000000000114e+02
-3.623399999999999750e+02
-4.002074999999999818e+02
-3.976087999999999738e+02
-3.883274999999999864e+02
-3.920400000000000205e+02
-4.031775000000000091e+02
-3.827588000000000079e+02
-3.886988000000000056e+02
-4.035488000000000284e+02
-3.809024999999999750e+02
-3.760763000000000034e+02
-3.812737000000000194e+02
-3.764474999999999909e+02
-4.039200000000000159e+02
-3.931537000000000148e+02
-4.020638000000000147e+02
-3.935249999999999773e+02
-3.990937999999999874e+02
-3.861000000000000227e+02
-3.935249999999999773e+02
-4.135724999999999909e+02
-4.083750000000000000e+02
-4.035488000000000284e+02
-4.024350000000000023e+02
-3.961236999999999853e+02
-4.016924999999999955e+02
-4.154286999999999921e+02
-4.013213000000000079e+02
-4.042912999999999784e+02
-4.028061999999999898e+02
-4.209975000000000023e+02
-4.042912999999999784e+02
-4.024350000000000023e+02
-4.076324999999999932e+02
-3.968661999999999921e+02
-4.183987000000000194e+02
-3.998362000000000194e+02
-4.057762000000000171e+02
-4.221113000000000284e+02
-4.013213000000000079e+02
-3.968661999999999921e+02
-3.957524999999999977e+02
-3.946388000000000034e+02
-4.087461999999999875e+02
-4.102312999999999761e+02
-3.835013000000000147e+02
-4.150575000000000045e+02
-4.287937999999999761e+02
-3.998362000000000194e+02
-4.146861999999999853e+02
-4.117162000000000148e+02
-4.065187999999999988e+02
-4.106025000000000205e+02
-4.235962999999999852e+02
-4.195124999999999886e+02
-4.068899999999999864e+02
-4.202549999999999955e+02
-4.239674999999999727e+02
-3.935249999999999773e+02
-4.217400000000000091e+02
-3.976087999999999738e+02
-4.217400000000000091e+02
-4.273086999999999875e+02
-4.284225000000000136e+02
-4.224825000000000159e+02
-4.280511999999999944e+02
-4.258238000000000056e+02
-4.284225000000000136e+02
-4.573799999999999955e+02
-4.113450000000000273e+02
-3.961236999999999853e+02
-4.005788000000000011e+02
-3.890699999999999932e+02
-3.990937999999999874e+02
-4.009499999999999886e+02
-4.035488000000000284e+02
-3.972375000000000114e+02
-3.872137000000000171e+02
-3.797887999999999806e+02
-3.909261999999999944e+02
-3.898125000000000000e+02
-4.098600000000000136e+02
-3.790462999999999738e+02
-3.790462999999999738e+02
-3.894413000000000125e+02
-3.805312999999999874e+02
-3.831299999999999955e+02
-3.912975000000000136e+02
-3.719925000000000068e+02
-3.898125000000000000e+02
-3.938962000000000216e+02
-3.805312999999999874e+02
-4.013213000000000079e+02
-4.106025000000000205e+02
-3.987225000000000250e+02
-4.013213000000000079e+02
-3.950099999999999909e+02
-3.886988000000000056e+02
-4.002074999999999818e+02
-4.002074999999999818e+02
-3.719925000000000068e+02
-3.905550000000000068e+02
-3.912975000000000136e+02
-3.801600000000000250e+02
-3.905550000000000068e+02
-3.783036999999999921e+02
-3.727350000000000136e+02
-3.953813000000000102e+02
-3.998362000000000194e+02
-3.946388000000000034e+02
-4.076324999999999932e+02
-4.005788000000000011e+02
-3.968661999999999921e+02
-3.935249999999999773e+02
-3.920400000000000205e+02
-3.823874999999999886e+02
-3.987225000000000250e+02
-3.920400000000000205e+02
-3.853575000000000159e+02
-3.864712999999999852e+02
-3.972375000000000114e+02
-3.827588000000000079e+02
-3.909261999999999944e+02
-3.994649999999999750e+02
-3.890699999999999932e+02
-3.946388000000000034e+02
-3.757049999999999841e+02
-3.749624999999999773e+02
-3.979800000000000182e+02
-3.886988000000000056e+02
-3.816449999999999818e+02
-3.912975000000000136e+02
-3.927825000000000273e+02
-3.745912000000000148e+02
-3.864712999999999852e+02
-3.842436999999999898e+02
-3.757049999999999841e+02
-3.771899999999999977e+02
-3.924112999999999829e+02
