-9.466875000000000284e+01
-9.801000000000000512e+01
-1.295663000000000125e+02
-1.254825000000000017e+02
-1.076624999999999943e+02
-1.314225000000000136e+02
-1.217699999999999960e+02
-1.139737999999999971e+02
-1.180575000000000045e+02
-1.607512999999999863e+02
-1.477574999999999932e+02
-1.347637000000000000e+02
-1.956487999999999943e+02
-1.570388000000000090e+02
-1.666913000000000125e+02
-1.700324999999999989e+02
-1.744875000000000114e+02
-1.566674999999999898e+02
-1.923075000000000045e+02
-2.112412999999999954e+02
-2.030737000000000023e+02
-1.949062999999999874e+02
-1.859961999999999875e+02
-2.090137000000000000e+02
-1.975049999999999955e+02
-2.082712999999999965e+02
-2.168100000000000023e+02
-2.342588000000000079e+02
-2.056725000000000136e+02
-2.012175000000000011e+02
-2.279474999999999909e+02
-2.294325000000000045e+02
-2.372288000000000068e+02
-2.635874999999999773e+02
-2.602461999999999875e+02
-2.583899999999999864e+02
-2.583899999999999864e+02
-2.676712999999999738e+02
-2.650724999999999909e+02
-2.773238000000000056e+02
-2.706413000000000011e+02
-2.465099999999999909e+02
-2.877187999999999874e+02
-2.762099999999999795e+02
-2.825212000000000216e+02
-2.958863000000000056e+02
-2.773238000000000056e+02
-2.832638000000000034e+02
-3.244725000000000250e+02
-3.315262000000000171e+02
-3.088799999999999955e+02
-3.111075000000000159e+02
-3.382087000000000216e+02
-3.237300000000000182e+02
-3.229875000000000114e+02
-3.192749999999999773e+02
-3.352386999999999944e+02
-3.408075000000000045e+02
-3.463763000000000147e+02
-3.330113000000000056e+02
-3.460049999999999955e+02
-3.589986999999999853e+02
-3.047962999999999738e+02
-3.036825000000000045e+02
-2.940299999999999727e+02
-3.003412000000000148e+02
-3.203888000000000034e+02
-3.103650000000000091e+02
-3.177900000000000205e+02
-3.241012999999999806e+02
-3.159336999999999875e+02
-3.096225000000000023e+02
-3.118500000000000227e+02
-2.899463000000000079e+02
-3.010837000000000216e+02
-2.769524999999999864e+02
-2.658149999999999977e+02
-2.691562999999999874e+02
-2.531924999999999955e+02
-2.661861999999999853e+02
-2.654438000000000102e+02
-2.639587000000000216e+02
-2.498513000000000090e+02
-2.609886999999999944e+02
-2.439113000000000113e+02
-2.724975000000000023e+02
-2.695274999999999750e+02
-3.129637000000000171e+02
-2.762099999999999795e+02
-2.951437000000000239e+02
-2.877187999999999874e+02
-3.140774999999999864e+02
-2.802937999999999761e+02
-2.858625000000000114e+02
-3.047962999999999738e+02
-2.750962999999999852e+02
-3.036825000000000045e+02
-2.877187999999999874e+02
-2.810362999999999829e+02
-2.962574999999999932e+02
-3.018263000000000034e+02
-3.088799999999999955e+02
-3.033111999999999853e+02
-3.007124999999999773e+02
-3.096225000000000023e+02
-3.077663000000000011e+02
-2.929162999999999784e+02
-2.795511999999999944e+02
-2.951437000000000239e+02
-3.203888000000000034e+02
-3.044250000000000114e+02
-3.122212999999999852e+02
-3.051675000000000182e+02
-3.021974999999999909e+02
-3.081374999999999886e+02
-3.159336999999999875e+02
-3.073949999999999818e+02
-3.215024999999999977e+02
-3.203888000000000034e+02
-3.062812999999999874e+02
-2.936587999999999852e+02
-3.170475000000000136e+02
-3.025688000000000102e+02
-3.066524999999999750e+02
-3.118500000000000227e+02
-3.114787999999999784e+02
-3.010837000000000216e+02
-2.773238000000000056e+02
-2.840063000000000102e+02
-2.977425000000000068e+02
-3.047962999999999738e+02
-2.858625000000000114e+02
-3.033111999999999853e+02
-2.940299999999999727e+02
-2.899463000000000079e+02
-2.925450000000000159e+02
-2.962574999999999932e+02
-2.836349999999999909e+02
-2.877187999999999874e+02
-2.940299999999999727e+02
-2.851200000000000045e+02
-2.929162999999999784e+02
-3.226161999999999921e+02
-3.040536999999999921e+02
-2.936587999999999852e+02
-3.133349999999999795e+02
-3.081374999999999886e+02
-3.163050000000000068e+02
-3.196462000000000216e+02
-3.259574999999999818e+02
-3.259574999999999818e+02
-3.081374999999999886e+02
-3.066524999999999750e+02
-2.892038000000000011e+02
-3.051675000000000182e+02
-3.352386999999999944e+02
-3.151913000000000125e+02
-2.995987999999999829e+02
-2.877187999999999874e+02
-2.981136999999999944e+02
-3.099936999999999898e+02
-3.114787999999999784e+02
-3.033111999999999853e+02
-3.055387999999999806e+02
-2.951437000000000239e+02
-3.010837000000000216e+02
-3.096225000000000023e+02
-2.821499999999999773e+02
-3.033111999999999853e+02
-3.081374999999999886e+02
-2.884612000000000194e+02
-2.958863000000000056e+02
-2.936587999999999852e+02
-3.003412000000000148e+02
-2.858625000000000114e+02
-3.144488000000000056e+02
-2.780663000000000125e+02
-2.947724999999999795e+02
-3.244725000000000250e+02
-2.958863000000000056e+02
-2.698987000000000194e+02
-2.791800000000000068e+02
-2.773238000000000056e+02
-2.847486999999999853e+02
-2.828924999999999841e+02
-2.854911999999999921e+02
-2.843774999999999977e+02
-2.858625000000000114e+02
-2.702699999999999818e+02
-2.769524999999999864e+02
-2.981136999999999944e+02
-2.888324999999999818e+02
-2.817787000000000148e+02
-2.802937999999999761e+02
-2.814075000000000273e+02
-2.743537999999999784e+02
-2.914311999999999898e+02
-2.910600000000000023e+02
-2.773238000000000056e+02
-2.769524999999999864e+02
-2.899463000000000079e+02
-2.654438000000000102e+02
-2.951437000000000239e+02
-2.840063000000000102e+02
-2.869762999999999806e+02
-2.981136999999999944e+02
-2.951437000000000239e+02
-2.866050000000000182e+02
-2.962574999999999932e+02
-3.029399999999999977e+02
-2.762099999999999795e+02
-2.973711999999999875e+02
-2.840063000000000102e+02
-2.836349999999999909e+02
-2.780663000000000125e+02
-2.955149999999999864e+02
-2.851200000000000045e+02
-2.984850000000000136e+02
-2.984850000000000136e+02
-2.765812000000000239e+02
-3.103650000000000091e+02
-3.021974999999999909e+02
-3.081374999999999886e+02
-3.070237000000000194e+02
-2.884612000000000194e+02
-3.025688000000000102e+02
-2.999700000000000273e+02
-3.003412000000000148e+02
-2.921738000000000284e+02
-2.914311999999999898e+02
-2.940299999999999727e+02
-2.851200000000000045e+02
-2.880899999999999750e+02
-2.899463000000000079e+02
-3.029399999999999977e+02
-3.033111999999999853e+02
-3.081374999999999886e+02
-3.029399999999999977e+02
-3.021974999999999909e+02
-3.181612999999999829e+02
-3.144488000000000056e+02
-3.007124999999999773e+02
-3.081374999999999886e+02
-3.073949999999999818e+02
-3.051675000000000182e+02
-3.259574999999999818e+02
-3.211313000000000102e+02
-3.296700000000000159e+02
-3.356100000000000136e+02
-3.422925000000000182e+02
-3.448913000000000011e+02
-3.393224999999999909e+02
-3.292988000000000284e+02
-3.385799999999999841e+02
-3.374662000000000148e+02
-3.400649999999999977e+02
-3.315262000000000171e+02
-3.437774999999999750e+02
-3.359812999999999761e+02
-3.538011999999999944e+02
-3.619687999999999874e+02
-3.653100000000000023e+02
-3.378374999999999773e+02
-3.363525000000000205e+02
-3.385799999999999841e+02
-3.281850000000000023e+02
-3.396938000000000102e+02
-3.359812999999999761e+02
-3.352386999999999944e+02
-3.474900000000000091e+02
-3.419212999999999738e+02
-3.512024999999999864e+02
-3.422925000000000182e+02
-3.326399999999999864e+02
-3.404361999999999853e+02
-3.478613000000000284e+02
-3.586274999999999977e+02
-3.586274999999999977e+02
-3.604837999999999738e+02
-3.538011999999999944e+02
-3.619687999999999874e+02
-3.556575000000000273e+02
-3.660525000000000091e+02
-3.563999999999999773e+02
-3.296700000000000159e+02
-3.363525000000000205e+02
-3.563999999999999773e+02
-3.519449999999999932e+02
-3.601125000000000114e+02
-3.452624999999999886e+02
-3.693937999999999988e+02
-3.630824999999999818e+02
-3.508312999999999988e+02
-3.567712000000000216e+02
-3.690224999999999795e+02
-3.586274999999999977e+02
-3.801600000000000250e+02
-3.630824999999999818e+02
-3.578849999999999909e+02
-3.816449999999999818e+02
-3.682799999999999727e+02
-3.556575000000000273e+02
-3.749624999999999773e+02
-3.615975000000000250e+02
-3.805312999999999874e+02
-3.734775000000000205e+02
-3.456338000000000079e+02
-3.337538000000000125e+02
-3.686512000000000171e+02
-3.370950000000000273e+02
-3.389513000000000034e+02
-3.601125000000000114e+02
-3.515738000000000056e+02
-3.463763000000000147e+02
-3.467475000000000023e+02
-3.311549999999999727e+02
-3.263288000000000011e+02
-3.445199999999999818e+02
-3.641963000000000079e+02
-3.400649999999999977e+02
-3.549150000000000205e+02
-3.552862999999999829e+02
-3.538011999999999944e+02
-3.757049999999999841e+02
-3.530586999999999875e+02
-3.519449999999999932e+02
-3.693937999999999988e+02
-3.671662999999999784e+02
-3.534300000000000068e+02
-3.400649999999999977e+02
-3.716211999999999875e+02
-3.701363000000000056e+02
-3.649388000000000147e+02
-3.619687999999999874e+02
-3.745912000000000148e+02
-3.801600000000000250e+02
-3.645674999999999955e+02
-3.883274999999999864e+02
-4.039200000000000159e+02
-3.645674999999999955e+02
-3.719925000000000068e+02
-3.920400000000000205e+02
-3.890699999999999932e+02
-3.875849999999999795e+02
-4.002074999999999818e+02
-4.020638000000000147e+02
-4.013213000000000079e+02
-3.998362000000000194e+02
-3.998362000000000194e+02
-3.886988000000000056e+02
-3.853575000000000159e+02
-4.028061999999999898e+02
-3.846150000000000091e+02
-3.823874999999999886e+02
-3.927825000000000273e+02
-4.013213000000000079e+02
-4.165425000000000182e+02
-3.950099999999999909e+02
-4.172850000000000250e+02
-4.098600000000000136e+02
-4.005788000000000011e+02
-3.998362000000000194e+02
-4.135724999999999909e+02
-4.054049999999999727e+02
-4.068899999999999864e+02
-4.217400000000000091e+02
-4.158000000000000114e+02
-4.273086999999999875e+02
-4.124587000000000216e+02
-4.250812999999999988e+02
-4.031775000000000091e+02
-4.462425000000000068e+02
-4.399311999999999898e+02
-4.172850000000000250e+02
-4.328774999999999977e+02
-4.351050000000000182e+02
-4.425299999999999727e+02
-4.403025000000000091e+02
-4.354762999999999806e+02
-4.250812999999999988e+02
-4.362187999999999874e+02
-4.425299999999999727e+02
-4.417875000000000227e+02
-4.295362999999999829e+02
-4.503263000000000034e+02
-4.380749999999999886e+02
-4.536675000000000182e+02
-4.640625000000000000e+02
-4.555237000000000194e+02
-4.592363000000000284e+02
-4.681462000000000216e+02
-4.651763000000000261e+02
-4.536675000000000182e+02
-4.759424999999999955e+02
-4.659187999999999761e+02
-4.577513000000000147e+02
-4.707450000000000045e+02
-4.674037000000000148e+02
-4.803974999999999795e+02
-4.722300000000000182e+02
-4.755713000000000079e+02
-4.659187999999999761e+02
-4.644336999999999875e+02
-4.462425000000000068e+02
-4.666612999999999829e+02
-4.781700000000000159e+02
-4.648050000000000068e+02
-4.354762999999999806e+02
-4.369612000000000194e+02
-4.254524999999999864e+02
-4.429012000000000171e+02
-4.521825000000000045e+02
