-2.419065000000000055e+03
-2.408298999999999978e+03
-2.445052000000000135e+03
-2.480693000000000211e+03
-2.403844000000000051e+03
-2.448764999999999873e+03
-2.482548999999999978e+03
-2.497398999999999887e+03
-2.483291000000000167e+03
-2.554570999999999913e+03
-2.558655000000000200e+03
-2.540092999999999847e+03
-2.545289999999999964e+03
-2.527099000000000160e+03
-2.529697999999999865e+03
-2.543434000000000196e+03
-2.539349999999999909e+03
-2.554199999999999818e+03
-2.610630000000000109e+03
-2.598750000000000000e+03
-2.572762000000000171e+03
-2.603576000000000022e+03
-2.592068000000000211e+03
-2.590583000000000084e+03
-2.582786000000000058e+03
-2.614713999999999942e+03
-2.617313000000000102e+03
-2.636246000000000095e+03
-2.644414000000000215e+03
-2.613228999999999814e+03
-2.651838999999999942e+03
-2.661490999999999985e+03
-2.658521000000000186e+03
-2.665574999999999818e+03
-2.646269999999999982e+03
-2.642186000000000149e+03
-2.658521000000000186e+03
-2.652210000000000036e+03
-2.661119999999999891e+03
-2.715693999999999960e+03
-2.706041000000000167e+03
-2.687478999999999814e+03
-2.727574000000000069e+03
-2.713465999999999894e+03
-2.736855000000000018e+03
-2.757644999999999982e+03
-2.752076000000000022e+03
-2.749849000000000160e+03
-2.817045000000000073e+03
-2.786974000000000160e+03
-2.764699000000000069e+03
-2.830780999999999949e+03
-2.800710000000000036e+03
-2.812219000000000051e+03
-2.807393000000000029e+03
-2.826326000000000022e+03
-2.827068999999999960e+03
-2.838949000000000069e+03
-2.870134000000000015e+03
-2.844518000000000029e+03
-2.887954000000000178e+03
-2.870134000000000015e+03
-2.869019999999999982e+03
-2.883498999999999796e+03
-2.861594999999999800e+03
-2.873103999999999814e+03
-2.879043999999999869e+03
-2.935103000000000065e+03
-2.884612999999999829e+03
-2.902804000000000087e+03
-2.919510000000000218e+03
-2.915054999999999836e+03
-2.918768000000000029e+03
-2.900204999999999927e+03
-2.911342999999999847e+03
-2.939557999999999993e+03
-2.930646999999999935e+03
-2.880900000000000091e+03
-2.959976000000000113e+03
-2.973713000000000193e+03
-2.966288000000000011e+03
-2.978166999999999916e+03
-2.988190999999999804e+03
-2.974454999999999927e+03
-2.966659000000000106e+03
-3.006010999999999967e+03
-2.939557999999999993e+03
-2.985592999999999847e+03
-3.026059000000000196e+03
-3.003041000000000167e+03
-2.979652999999999793e+03
-3.040909000000000106e+03
-2.985963999999999942e+03
-3.035340000000000146e+03
-3.080632999999999811e+03
-3.020860999999999876e+03
-3.016777999999999793e+03
-3.040538000000000011e+03
-3.007496000000000095e+03
-3.016034999999999854e+03
-3.062813000000000102e+03
-3.011208999999999833e+03
-3.045364000000000033e+03
-3.082117000000000189e+03
-3.025688000000000102e+03
-3.070237999999999829e+03
-3.076920000000000073e+03
-3.076548999999999978e+03
-3.101422999999999774e+03
-3.125182999999999993e+03
-3.124068999999999960e+03
-3.096596000000000004e+03
-3.174559000000000196e+03
-3.175672999999999774e+03
-3.140403999999999996e+03
-3.191264999999999873e+03
-3.158594999999999800e+03
-3.155253999999999905e+03
-3.188295000000000073e+03
-3.175672999999999774e+03
-3.147829000000000178e+03
-3.189409000000000106e+03
-3.212054999999999836e+03
-3.216139000000000124e+03
-3.157110000000000127e+03
-3.154139999999999873e+03
-3.075806000000000040e+03
-3.114788000000000011e+03
-3.074693000000000211e+03
-3.034969000000000051e+03
-3.065782000000000153e+03
-3.090655999999999949e+03
-3.043507999999999811e+03
-3.071351000000000113e+03
-3.061699000000000069e+03
-3.030143000000000029e+03
-3.078034000000000106e+03
-3.048333999999999833e+03
-3.024945000000000164e+03
-3.046849000000000160e+03
-3.063554999999999836e+03
-3.052789000000000215e+03
-3.068751999999999953e+03
-3.110704000000000178e+03
-3.073949999999999818e+03
-3.093626000000000204e+03
-3.095853999999999814e+03
-3.092884000000000015e+03
-3.089170999999999822e+03
-3.098824000000000069e+03
-3.091027999999999793e+03
-3.090284999999999854e+03
-3.144858999999999924e+03
-3.132978999999999814e+03
-3.138918999999999869e+03
-3.145230000000000018e+03
-3.117757999999999811e+03
-3.115900999999999840e+03
-3.153396999999999935e+03
-3.139289999999999964e+03
-3.159708999999999833e+03
-3.157853000000000065e+03
-3.133349999999999909e+03
-3.144115999999999985e+03
-3.153768999999999778e+03
-3.126666999999999916e+03
-3.163420999999999822e+03
-3.160822999999999865e+03
-3.187923999999999978e+03
-3.151541000000000167e+03
-3.188666000000000167e+03
-3.133349999999999909e+03
-3.168619000000000142e+03
-3.190521999999999935e+03
-3.159708999999999833e+03
-3.195349000000000160e+03
-3.199061000000000149e+03
-3.209085000000000036e+03
-3.197204999999999927e+03
-3.196090999999999894e+03
-3.183097000000000207e+03
-3.177528999999999996e+03
-3.193121000000000095e+03
-3.181612999999999829e+03
-3.211313000000000102e+03
-3.195349000000000160e+03
-3.233588000000000193e+03
-3.236557999999999993e+03
-3.222079000000000178e+03
-3.226163000000000011e+03
-3.216139000000000124e+03
-3.251036000000000058e+03
-3.213539999999999964e+03
-3.114416000000000167e+03
-3.143744999999999891e+03
-3.125925000000000182e+03
-3.134835000000000036e+03
-3.115159000000000106e+03
-3.108847000000000207e+03
-3.098824000000000069e+03
-3.027543999999999869e+03
-3.057244000000000142e+03
-3.010465999999999894e+03
-3.024945000000000164e+03
-3.029028999999999996e+03
-2.971114000000000033e+03
-3.018634000000000015e+03
-2.987077999999999975e+03
-2.986706000000000131e+03
-3.010838000000000193e+03
-3.020860999999999876e+03
-2.970000000000000000e+03
-3.003413000000000011e+03
-3.038681000000000040e+03
-2.965916000000000167e+03
-3.007496000000000095e+03
-3.014920999999999822e+03
-2.990418999999999869e+03
-3.050190000000000055e+03
-3.018262000000000171e+03
-3.014920999999999822e+03
-3.033855000000000018e+03
-3.016034999999999854e+03
-2.996358999999999924e+03
-3.024945000000000164e+03
-3.067268000000000029e+03
-3.020860999999999876e+03
-3.029771000000000186e+03
-3.058728999999999814e+03
-3.011579999999999927e+03
-3.014179000000000087e+03
-3.025315999999999804e+03
-3.011951000000000022e+03
-2.989675999999999931e+03
-3.038309999999999945e+03
-2.984478999999999814e+03
-3.030885000000000218e+03
-3.014920999999999822e+03
-2.999329000000000178e+03
-2.977054000000000087e+03
-3.022346000000000004e+03
-2.996730000000000018e+03
-3.026429999999999836e+03
-3.064668999999999869e+03
-3.037938999999999851e+03
-3.010838000000000193e+03
-3.022346000000000004e+03
-3.001556000000000040e+03
-3.028286000000000058e+03
-3.079518999999999778e+03
-3.018262000000000171e+03
-3.015291999999999916e+03
-3.052789000000000215e+03
-3.062813000000000102e+03
-3.022346000000000004e+03
-3.065782000000000153e+03
-3.059471000000000004e+03
-3.053902999999999793e+03
-3.085088000000000193e+03
-3.087315000000000055e+03
-3.069865999999999985e+03
-3.095481999999999971e+03
-3.104764000000000124e+03
-3.100679999999999836e+03
-3.101422999999999774e+03
-3.103278999999999996e+03
-3.087315000000000055e+03
-3.117014999999999873e+03
-3.102907000000000153e+03
-3.098452999999999975e+03
-3.137434000000000196e+03
-3.142630999999999858e+03
-3.125925000000000182e+03
-3.126295999999999822e+03
-3.158594999999999800e+03
-3.124440000000000055e+03
-3.127780999999999949e+03
-3.166762000000000171e+03
-3.157853000000000065e+03
-3.168619000000000142e+03
-3.183097000000000207e+03
-3.133349999999999909e+03
-3.185695999999999913e+03
-3.182355000000000018e+03
-3.153025999999999840e+03
-3.155253999999999905e+03
-3.177528999999999996e+03
-3.164164000000000215e+03
-3.184954000000000178e+03
-3.175300999999999931e+03
-3.163791999999999916e+03
-3.173074000000000069e+03
-3.192378999999999905e+03
-3.184583000000000084e+03
-3.172702999999999975e+03
-3.192750000000000000e+03
-3.208342999999999847e+03
-3.182726000000000113e+03
-3.220222000000000207e+03
-3.206114999999999782e+03
-3.233588000000000193e+03
-3.200175000000000182e+03
-3.225048999999999978e+03
-3.210199000000000069e+03
-3.232844999999999800e+03
-3.206856999999999971e+03
-3.253264000000000124e+03
-3.250293999999999869e+03
-3.250664999999999964e+03
-3.263288000000000011e+03
-3.224306000000000040e+03
-3.220594000000000051e+03
-3.229875000000000000e+03
-3.261431000000000040e+03
-3.203144999999999982e+03
-3.240269999999999982e+03
-3.256605000000000018e+03
-3.222449999999999818e+03
-3.252521000000000186e+03
-3.246581000000000131e+03
-3.234701000000000022e+03
-3.259204000000000178e+03
-3.209456000000000131e+03
-3.222449999999999818e+03
-3.184210999999999785e+03
-3.217251999999999953e+03
-3.198690000000000055e+03
-3.235072999999999865e+03
-3.230246000000000095e+03
-3.242126000000000204e+03
-3.234329999999999927e+03
-3.267742000000000189e+03
-3.253635000000000218e+03
-3.232844999999999800e+03
-3.235443999999999960e+03
-3.233588000000000193e+03
-3.216139000000000124e+03
-3.258090000000000146e+03
-3.264030000000000200e+03
-3.235815000000000055e+03
-3.267742000000000189e+03
-3.261802000000000135e+03
-3.224306000000000040e+03
-3.236929000000000087e+03
-3.216139000000000124e+03
-3.194978000000000065e+03
-3.197204999999999927e+03
-3.210199000000000069e+03
-3.184954000000000178e+03
-3.213539999999999964e+03
-3.233588000000000193e+03
-3.216139000000000124e+03
-3.229875000000000000e+03
-3.246581000000000131e+03
-3.196463000000000193e+03
-3.270340999999999894e+03
-3.239898999999999887e+03
-3.239527999999999793e+03
-3.254376999999999953e+03
-3.247324000000000069e+03
-3.235815000000000055e+03
-3.287047999999999774e+03
-3.251407000000000153e+03
-3.225048999999999978e+03
-3.294472000000000207e+03
-3.298927000000000135e+03
-3.279623000000000047e+03
-3.281106999999999971e+03
-3.296699999999999818e+03
-3.268114000000000033e+03
-3.280364999999999782e+03
-3.282963999999999942e+03
-3.279994000000000142e+03
-3.262916000000000167e+03
-3.290389000000000124e+03
-3.264030000000000200e+03
-3.286675999999999931e+03
-3.272568999999999960e+03
-3.311920999999999822e+03
-3.267371000000000095e+03
-3.294844000000000051e+03
-3.283706000000000131e+03
-3.247695000000000164e+03
-3.280364999999999782e+03
-3.301155000000000200e+03
-3.257347000000000207e+03
-3.294101000000000113e+03
-3.304867000000000189e+03
-3.265885999999999967e+03
-3.293358999999999924e+03
-3.288161000000000058e+03
-3.317119000000000142e+03
-3.273682999999999993e+03
-3.339393999999999778e+03
-3.289646000000000186e+03
-3.294472000000000207e+03
-3.333083000000000084e+03
-3.291130999999999858e+03
-3.338650999999999840e+03
-3.295958000000000084e+03
-3.298556000000000040e+03
-3.317119000000000142e+03
-3.305981000000000222e+03
-3.307465999999999894e+03
-3.333824999999999818e+03
-3.327143000000000029e+03
-3.307465999999999894e+03
-3.343849000000000160e+03
-3.344963000000000193e+03
-3.301896999999999935e+03
-3.358327999999999975e+03
-3.321202999999999975e+03
