-3.702105000000000018e+03
-3.732547999999999774e+03
-3.692081000000000131e+03
-3.734032000000000153e+03
-3.741085999999999785e+03
-3.703960999999999785e+03
-3.685769999999999982e+03
-3.729577999999999975e+03
-3.770414999999999964e+03
-3.750367000000000189e+03
-3.762989999999999782e+03
-3.779695999999999913e+03
-3.777840000000000146e+03
-3.816449999999999818e+03
-3.813851000000000113e+03
-3.791204999999999927e+03
-3.809025000000000091e+03
-3.785264999999999873e+03
-3.831670999999999822e+03
-3.789719999999999800e+03
-3.833898999999999887e+03
-3.762989999999999782e+03
-3.826844999999999800e+03
-3.842438000000000102e+03
-3.853204000000000178e+03
-3.876592999999999847e+03
-3.878077999999999975e+03
-3.887358999999999924e+03
-3.868054000000000087e+03
-3.866568999999999960e+03
-3.884018000000000029e+03
-3.911489999999999782e+03
-3.929681000000000040e+03
-3.893298999999999978e+03
-3.949356999999999971e+03
-3.891813999999999851e+03
-3.946387000000000171e+03
-3.972375000000000000e+03
-3.925597999999999956e+03
-3.963835999999999785e+03
-4.032518000000000029e+03
-4.017666999999999916e+03
-3.983512000000000171e+03
-4.008757999999999811e+03
-4.015440000000000055e+03
-3.998733999999999924e+03
-4.037715000000000146e+03
-4.032146000000000186e+03
-4.024721000000000004e+03
-4.062588999999999942e+03
-4.070385000000000218e+03
-4.061474999999999909e+03
-4.083750000000000000e+03
-4.073355000000000018e+03
-4.062588999999999942e+03
-4.034744999999999891e+03
-4.066300999999999931e+03
-4.046996000000000095e+03
-4.051822999999999865e+03
-4.093773999999999887e+03
-4.054050000000000182e+03
-4.114935000000000400e+03
-4.074840000000000146e+03
-4.074840000000000146e+03
-4.096372999999999593e+03
-4.087463000000000193e+03
-4.082264999999999873e+03
-4.083378999999999905e+03
-4.098970999999999549e+03
-4.057391000000000076e+03
-4.052565000000000055e+03
-4.107881000000000313e+03
-4.089690000000000055e+03
-4.066672999999999774e+03
-4.136467999999999847e+03
-4.076324999999999818e+03
-4.096372999999999593e+03
-4.127929000000000087e+03
-4.098970999999999549e+03
-4.109365999999999985e+03
-4.165425000000000182e+03
-4.131640999999999622e+03
-4.143520999999999731e+03
-4.170251000000000204e+03
-4.148347999999999956e+03
-4.156886000000000422e+03
-4.209231999999999971e+03
-4.153917000000000371e+03
-4.193269000000000233e+03
-4.177305000000000291e+03
-4.168765999999999622e+03
-4.158743000000000393e+03
-4.217399999999999636e+03
-4.201807999999999993e+03
-4.215171999999999571e+03
-4.221112000000000080e+03
-4.218143000000000029e+03
-4.203663999999999760e+03
-4.230765000000000327e+03
-4.213315999999999804e+03
-4.193640000000000327e+03
-4.240046000000000276e+03
-4.212944999999999709e+03
-4.198466000000000349e+03
-4.234849000000000160e+03
-4.228537999999999556e+03
-4.200694000000000415e+03
-4.220740999999999985e+03
-4.243015999999999622e+03
-4.214801000000000386e+03
-4.270859999999999673e+03
-4.280884000000000015e+03
-4.278284999999999854e+03
-4.277913999999999760e+03
-4.278655999999999949e+03
-4.283481999999999971e+03
-4.281997999999999593e+03
-4.319864999999999782e+03
-4.287938000000000102e+03
-4.333229999999999563e+03
-4.340654999999999745e+03
-4.315038999999999760e+03
-4.360331000000000131e+03
-4.321720999999999549e+03
-4.346595000000000255e+03
-4.291649999999999636e+03
-4.337685000000000400e+03
-4.292393000000000029e+03
-4.335828999999999724e+03
-4.311698000000000320e+03
-4.322092999999999847e+03
-4.318009000000000015e+03
-4.359217999999999847e+03
-4.342140000000000327e+03
-4.352534999999999854e+03
-4.364786000000000058e+03
-4.336570999999999913e+03
-4.375180999999999585e+03
-4.354762999999999920e+03
-4.362188000000000102e+03
-4.335457999999999629e+03
-4.397085000000000036e+03
-4.392259000000000015e+03
-4.373695999999999913e+03
-4.388917000000000371e+03
-4.395600000000000364e+03
-4.425300000000000182e+03
-4.420474000000000160e+03
-4.421958999999999833e+03
-4.401539999999999964e+03
-4.414533999999999651e+03
-4.465765999999999622e+03
-4.433467999999999847e+03
-4.463167000000000371e+03
-4.425671000000000276e+03
-4.470963999999999942e+03
-4.479131000000000313e+03
-4.493980999999999767e+03
-4.478760000000000218e+03
-4.503262999999999920e+03
-4.484699999999999818e+03
-4.509203000000000429e+03
-4.529621000000000095e+03
-4.521824999999999818e+03
-4.521824999999999818e+03
-4.501777000000000044e+03
-4.555237000000000080e+03
-4.486555999999999585e+03
-4.522939000000000306e+03
-4.518484000000000378e+03
-4.480615999999999985e+03
-4.539274000000000342e+03
-4.541130000000000109e+03
-4.540015999999999622e+03
-4.536675000000000182e+03
-4.520340000000000146e+03
-4.516256000000000313e+03
-4.515885000000000218e+03
-4.531105999999999767e+03
-4.532591000000000349e+03
-4.539274000000000342e+03
-4.524052999999999884e+03
-4.501034999999999854e+03
-4.545956000000000131e+03
-4.511801000000000386e+03
-4.479873999999999796e+03
-4.520340000000000146e+03
-4.526650999999999840e+03
-4.494724000000000160e+03
-4.553752000000000407e+03
-4.546698999999999614e+03
-4.521082999999999629e+03
-4.560805999999999585e+03
-4.538159999999999854e+03
-4.522195999999999913e+03
-4.560435000000000400e+03
-4.548184000000000196e+03
-4.536675000000000182e+03
-4.518484000000000378e+03
-4.522567000000000007e+03
-4.489154999999999745e+03
-4.515143000000000029e+03
-4.531478000000000065e+03
-4.525537999999999556e+03
-4.543356999999999971e+03
-4.512171999999999571e+03
-4.505489999999999782e+03
-4.502520000000000437e+03
-4.539274000000000342e+03
-4.516998999999999796e+03
-4.496951000000000022e+03
-4.518854999999999563e+03
-4.501777000000000044e+03
-4.522567000000000007e+03
-4.531105999999999767e+03
-4.483957999999999629e+03
-4.544100000000000364e+03
-4.529250000000000000e+03
-4.570087000000000444e+03
-4.533333999999999833e+03
-4.547440999999999804e+03
-4.518484000000000378e+03
-4.530734999999999673e+03
-4.538159999999999854e+03
-4.533333999999999833e+03
-4.525908999999999651e+03
-4.552639000000000124e+03
-4.521453999999999724e+03
-4.461311999999999898e+03
-4.458341000000000349e+03
-4.401168999999999869e+03
-4.394114999999999782e+03
-4.409707999999999629e+03
-4.411935000000000400e+03
-4.416761000000000422e+03
-4.422701000000000022e+03
-4.427899000000000342e+03
-4.435323999999999614e+03
-4.437180000000000291e+03
-4.374810000000000400e+03
-4.367756000000000313e+03
-4.379265000000000327e+03
-4.385576000000000022e+03
-4.375180999999999585e+03
-4.406365999999999985e+03
-4.374810000000000400e+03
-4.358845999999999549e+03
-4.395970999999999549e+03
-4.373695999999999913e+03
-4.374067000000000007e+03
-4.387432999999999993e+03
-4.399684000000000196e+03
-4.388917000000000371e+03
-4.412305999999999585e+03
-4.439408000000000357e+03
-4.387804000000000087e+03
-4.432354000000000269e+03
-4.431610999999999876e+03
-4.442377000000000407e+03
-4.436065999999999804e+03
-4.446090000000000146e+03
-4.405623999999999796e+03
-4.459083999999999833e+03
-4.431239999999999782e+03
-4.421216000000000349e+03
-4.438664999999999964e+03
-4.443119999999999891e+03
-4.439036000000000058e+03
-4.452771999999999935e+03
-4.455000000000000000e+03
-4.426784999999999854e+03
-4.464280999999999949e+03
-4.469850000000000364e+03
-4.431610999999999876e+03
-4.483215000000000146e+03
-4.462425000000000182e+03
-4.459083999999999833e+03
-4.423073000000000320e+03
-4.478018000000000029e+03
-4.421587000000000444e+03
-4.442377000000000407e+03
-4.480615999999999985e+03
-4.456855999999999767e+03
-4.476533000000000357e+03
-4.481729999999999563e+03
-4.459826000000000022e+03
-4.458712000000000444e+03
-4.439408000000000357e+03
-4.471706000000000131e+03
-4.431610999999999876e+03
-4.486927999999999884e+03
-4.440893000000000029e+03
-4.492496000000000095e+03
-4.475046999999999571e+03
-4.475789999999999964e+03
-4.478018000000000029e+03
-4.504376000000000204e+03
-4.471335000000000036e+03
-4.465765999999999622e+03
-4.505118999999999687e+03
-4.501777000000000044e+03
-4.479131000000000313e+03
-4.513286000000000058e+03
-4.502149000000000342e+03
-4.474676000000000386e+03
-4.478760000000000218e+03
-4.484328999999999724e+03
-4.440149999999999636e+03
-4.469850000000000364e+03
-4.469479000000000269e+03
-4.499921000000000276e+03
-4.488783999999999651e+03
-4.492868000000000393e+03
-4.476533000000000357e+03
-4.509944999999999709e+03
-4.472448999999999614e+03
-4.447574999999999818e+03
-4.512543999999999869e+03
-4.517740999999999985e+03
-4.466880000000000109e+03
-4.520711000000000240e+03
-4.480244999999999891e+03
-4.481359000000000378e+03
-4.499550000000000182e+03
-4.487298999999999978e+03
-4.443862000000000080e+03
-4.495095000000000255e+03
-4.472448999999999614e+03
-4.499550000000000182e+03
-4.509944999999999709e+03
-4.485070999999999913e+03
-4.480987000000000080e+03
-4.504747999999999593e+03
-4.490269000000000233e+03
-4.424186999999999898e+03
-4.417875000000000000e+03
-4.450545000000000073e+03
-4.418618000000000393e+03
-4.433838999999999942e+03
-4.453886000000000422e+03
-4.404510000000000218e+03
-4.447574999999999818e+03
-4.442006000000000313e+03
-4.439408000000000357e+03
-4.445719000000000051e+03
-4.452400999999999840e+03
-4.429012999999999920e+03
-4.469850000000000364e+03
-4.429755000000000109e+03
-4.416390000000000327e+03
-4.461682999999999993e+03
-4.459454999999999927e+03
-4.430126000000000204e+03
-4.455000000000000000e+03
-4.473934000000000196e+03
-4.440149999999999636e+03
-4.435323999999999614e+03
-4.464652000000000044e+03
-4.450173999999999978e+03
-4.457970000000000255e+03
-4.486185000000000400e+03
-4.447945999999999913e+03
-4.481359000000000378e+03
-4.492125000000000000e+03
-4.464280999999999949e+03
-4.443490999999999985e+03
-4.509944999999999709e+03
-4.461682999999999993e+03
-4.468735999999999876e+03
-4.515514000000000124e+03
-4.495837000000000444e+03
-4.467622999999999593e+03
-4.501034999999999854e+03
-4.464652000000000044e+03
-4.494353000000000065e+03
-4.506975000000000364e+03
-4.513658000000000357e+03
-4.496951000000000022e+03
-4.506231999999999971e+03
-4.497694000000000415e+03
-4.486927999999999884e+03
-4.502149000000000342e+03
-4.534076000000000022e+03
-4.486927999999999884e+03
-4.541872999999999593e+03
-4.517369999999999891e+03
-4.492496000000000095e+03
-4.514399999999999636e+03
-4.521824999999999818e+03
-4.501034999999999854e+03
-4.527394000000000233e+03
-4.501777000000000044e+03
-4.521824999999999818e+03
-4.540387999999999920e+03
-4.485442000000000007e+03
-4.560805999999999585e+03
-4.539274000000000342e+03
-4.540015999999999622e+03
-4.531849000000000160e+03
-4.518854999999999563e+03
-4.532220000000000255e+03
-4.526650999999999840e+03
-4.541872999999999593e+03
-4.580481999999999971e+03
-4.555237000000000080e+03
-4.542614999999999782e+03
-4.553752000000000407e+03
-4.507717999999999847e+03
-4.497694000000000415e+03
-4.515514000000000124e+03
-4.487670000000000073e+03
-4.504376000000000204e+03
