-3.510168999999999869e+03
-3.514994999999999891e+03
-3.529103000000000065e+03
-3.558059999999999945e+03
-3.548778999999999996e+03
-3.569940000000000055e+03
-3.544695000000000164e+03
-3.587018000000000029e+03
-3.610405999999999949e+03
-3.633423999999999978e+03
-3.622657000000000153e+03
-3.637878999999999905e+03
-3.655327999999999975e+03
-3.695422999999999774e+03
-3.664980000000000018e+03
-3.636393999999999778e+03
-3.698021000000000186e+03
-3.703219000000000051e+03
-3.641590999999999894e+03
-3.689481999999999971e+03
-3.687626000000000204e+03
-3.712128999999999905e+03
-3.725864999999999782e+03
-3.677231000000000222e+03
-3.685027999999999793e+03
-3.711014999999999873e+03
-3.688739999999999782e+03
-3.751110000000000127e+03
-3.709159000000000106e+03
-3.748510999999999967e+03
-3.752965999999999894e+03
-3.752594999999999800e+03
-3.796030999999999949e+03
-3.765217999999999847e+03
-3.771157000000000153e+03
-3.800485999999999876e+03
-3.816820999999999913e+03
-3.801228999999999814e+03
-3.771157000000000153e+03
-3.816079000000000178e+03
-3.767815999999999804e+03
-3.815708000000000084e+03
-3.836869000000000142e+03
-3.828329999999999927e+03
-3.826103000000000065e+03
-3.843922999999999774e+03
-3.799373000000000047e+03
-3.848005999999999858e+03
-3.872137000000000171e+03
-3.886615999999999985e+03
-3.878449000000000069e+03
-3.888472999999999956e+03
-3.843922999999999774e+03
-3.913346000000000004e+03
-3.950099999999999909e+03
-3.909634000000000015e+03
-3.934878999999999905e+03
-3.933021999999999935e+03
-3.910748000000000047e+03
-3.959380999999999858e+03
-3.936364000000000033e+03
-3.956039999999999964e+03
-3.960123999999999796e+03
-4.007643999999999778e+03
-3.971260999999999967e+03
-3.999105000000000018e+03
-3.995021000000000186e+03
-3.981655999999999949e+03
-4.016554000000000087e+03
-4.010242000000000189e+03
-3.950842999999999847e+03
-3.988338999999999942e+03
-3.978315000000000055e+03
-3.977943999999999960e+03
-3.978686000000000149e+03
-4.021751000000000204e+03
-3.992422999999999774e+03
-4.025835000000000036e+03
-4.001333000000000084e+03
-4.011356000000000222e+03
-3.993907000000000153e+03
-4.024349999999999909e+03
-4.008757999999999811e+03
-4.029175999999999931e+03
-4.036972999999999956e+03
-4.061103999999999814e+03
-4.065559000000000196e+03
-4.053679000000000087e+03
-4.049224000000000160e+03
-4.074097999999999956e+03
-4.080409000000000106e+03
-4.080409000000000106e+03
-4.060731999999999971e+03
-4.097485999999999876e+03
-4.084864000000000033e+03
-4.107510000000000218e+03
-4.108623999999999796e+03
-4.072983999999999924e+03
-4.087090999999999894e+03
-4.105654000000000451e+03
-4.084121000000000095e+03
-4.107139000000000124e+03
-4.131270000000000437e+03
-4.110109000000000378e+03
-4.160599000000000160e+03
-4.150574999999999818e+03
-4.155771999999999935e+03
-4.172479000000000269e+03
-4.170622999999999593e+03
-4.157628999999999905e+03
-4.160599000000000160e+03
-4.154658999999999651e+03
-4.158743000000000393e+03
-4.172479000000000269e+03
-4.191412999999999556e+03
-4.145006000000000313e+03
-4.120131999999999607e+03
-4.165425000000000182e+03
-4.175078000000000429e+03
-4.129413999999999760e+03
-4.178418999999999869e+03
-4.167280999999999949e+03
-4.165425000000000182e+03
-4.200323000000000320e+03
-4.197353000000000065e+03
-4.188070999999999913e+03
-4.227052999999999884e+03
-4.190298999999999978e+03
-4.215171999999999571e+03
-4.207376000000000204e+03
-4.216658000000000357e+03
-4.232993000000000393e+03
-4.274944000000000415e+03
-4.258237000000000080e+03
-4.271230999999999767e+03
-4.271603000000000065e+03
-4.270118000000000393e+03
-4.255639000000000124e+03
-4.296475999999999658e+03
-4.295734000000000378e+03
-4.273087000000000444e+03
-4.253411000000000058e+03
-4.327661000000000058e+03
-4.293877000000000407e+03
-4.313925000000000182e+03
-4.322835000000000036e+03
-4.300189000000000306e+03
-4.315038999999999760e+03
-4.312811999999999898e+03
-4.307243000000000393e+03
-4.314667000000000371e+03
-4.376295000000000073e+03
-4.329518000000000029e+03
-4.326176000000000386e+03
-4.398940999999999804e+03
-4.320235999999999876e+03
-4.349194000000000415e+03
-4.397456000000000131e+03
-4.371097999999999956e+03
-4.373695999999999913e+03
-4.410820999999999913e+03
-4.412677999999999884e+03
-4.411564000000000306e+03
-4.426784999999999854e+03
-4.410078999999999724e+03
-4.418618000000000393e+03
-4.468735999999999876e+03
-4.442377000000000407e+03
-4.436809000000000196e+03
-4.492125000000000000e+03
-4.465024000000000342e+03
-4.462796000000000276e+03
-4.482100999999999658e+03
-4.477645999999999731e+03
-4.505489999999999782e+03
-4.507345999999999549e+03
-4.532591000000000349e+03
-4.481729999999999563e+03
-4.550411000000000058e+03
-4.555237000000000080e+03
-4.547069999999999709e+03
-4.504747999999999593e+03
-4.451658999999999651e+03
-4.461682999999999993e+03
-4.466137999999999920e+03
-4.533704999999999927e+03
-4.469850000000000364e+03
-4.498064999999999600e+03
-4.502520000000000437e+03
-4.532962000000000444e+03
-4.502520000000000437e+03
-4.545956000000000131e+03
-4.534448000000000320e+03
-4.519969000000000051e+03
-4.551895999999999731e+03
-4.530363999999999578e+03
-4.527765000000000327e+03
-4.510688000000000102e+03
-4.496208999999999833e+03
-4.516256000000000313e+03
-4.553752000000000407e+03
-4.550039999999999964e+03
-4.522939000000000306e+03
-4.575655999999999949e+03
-4.557094000000000051e+03
-4.535561999999999898e+03
-4.569345000000000255e+03
-4.571201000000000022e+03
-4.482472999999999956e+03
-4.495466000000000349e+03
-4.496579999999999927e+03
-4.508088999999999942e+03
-4.494724000000000160e+03
-4.512171999999999571e+03
-4.544470999999999549e+03
-4.512543999999999869e+03
-4.540387999999999920e+03
-4.488412999999999556e+03
-4.348451000000000022e+03
-4.341769000000000233e+03
-4.335457999999999629e+03
-4.349936999999999898e+03
-4.308728000000000065e+03
-4.349936999999999898e+03
-4.368498999999999796e+03
-4.334344000000000051e+03
-4.341025999999999840e+03
-4.335086000000000240e+03
-4.321350000000000364e+03
-4.328033000000000357e+03
-4.350307999999999993e+03
-4.315038999999999760e+03
-4.335828999999999724e+03
-4.340654999999999745e+03
-4.287194999999999709e+03
-4.273458999999999833e+03
-4.234105999999999767e+03
-4.247100000000000364e+03
-4.238189999999999600e+03
-4.251184000000000196e+03
-4.253411000000000058e+03
-4.261207999999999629e+03
-4.270488999999999578e+03
-4.260836000000000240e+03
-4.266404999999999745e+03
-4.292393000000000029e+03
-4.257494999999999891e+03
-4.265662999999999556e+03
-4.312811999999999898e+03
-4.303158999999999651e+03
-4.295734000000000378e+03
-4.349194000000000415e+03
-4.319122999999999593e+03
-4.314667000000000371e+03
-4.354390999999999622e+03
-4.326546999999999571e+03
-4.297590000000000146e+03
-4.382978000000000065e+03
-4.337685000000000400e+03
-4.352163999999999760e+03
-4.376667000000000371e+03
-4.337685000000000400e+03
-4.338798999999999978e+03
-4.344368000000000393e+03
-4.345480999999999767e+03
-4.320235999999999876e+03
-4.377408999999999651e+03
-4.359217999999999847e+03
-4.361444999999999709e+03
-4.347337000000000444e+03
-4.378150999999999840e+03
-4.379265000000000327e+03
-4.405994999999999891e+03
-4.390402000000000044e+03
-4.372953999999999724e+03
-4.361073999999999614e+03
-4.387432999999999993e+03
-4.391515999999999622e+03
-4.352163999999999760e+03
-4.421958999999999833e+03
-4.335086000000000240e+03
-4.351792000000000371e+03
-4.363671999999999571e+03
-4.361073999999999614e+03
-4.347708999999999833e+03
-4.339912999999999556e+03
-4.335086000000000240e+03
-4.320606999999999971e+03
-4.387061999999999898e+03
-4.319864999999999782e+03
-4.357360999999999876e+03
-4.352905999999999949e+03
-4.344368000000000393e+03
-4.374810000000000400e+03
-4.395970999999999549e+03
-4.358845999999999549e+03
-4.381121000000000095e+03
-4.390030999999999949e+03
-4.383349000000000160e+03
-4.360331000000000131e+03
-4.388175000000000182e+03
-4.343625000000000000e+03
-4.391887999999999920e+03
-4.386689999999999600e+03
-4.388175000000000182e+03
-4.391515999999999622e+03
-4.425671000000000276e+03
-4.409336000000000240e+03
-4.396342999999999847e+03
-4.418246000000000095e+03
-4.420474000000000160e+03
-4.399684000000000196e+03
-4.426042000000000371e+03
-4.440893000000000029e+03
-4.449802999999999884e+03
-4.446832999999999629e+03
-4.421958999999999833e+03
-4.441635000000000218e+03
-4.443862000000000080e+03
-4.465024000000000342e+03
-4.439779000000000451e+03
-4.457228000000000065e+03
-4.471706000000000131e+03
-4.459454999999999927e+03
-4.455000000000000000e+03
-4.501034999999999854e+03
-4.490269000000000233e+03
-4.485814000000000306e+03
-4.459083999999999833e+03
-4.480615999999999985e+03
-4.466137999999999920e+03
-4.486927999999999884e+03
-4.459083999999999833e+03
-4.470220999999999549e+03
-4.506231999999999971e+03
-4.492125000000000000e+03
-4.505489999999999782e+03
-4.477645999999999731e+03
-4.493980999999999767e+03
-4.469479000000000269e+03
-4.519225999999999658e+03
-4.453886000000000422e+03
-4.486185000000000400e+03
-4.496951000000000022e+03
-4.529250000000000000e+03
-4.509944999999999709e+03
-4.540759000000000015e+03
-4.495095000000000255e+03
-4.505860999999999876e+03
-4.556722999999999956e+03
-4.508831000000000131e+03
-4.513286000000000058e+03
-4.522195999999999913e+03
-4.516256000000000313e+03
-4.548926000000000386e+03
-4.517369999999999891e+03
-4.538902000000000044e+03
-4.527765000000000327e+03
-4.553752000000000407e+03
-4.488783999999999651e+03
-4.564146999999999935e+03
-4.536304000000000087e+03
-4.521453999999999724e+03
-4.544470999999999549e+03
-4.550039999999999964e+03
-4.535561999999999898e+03
-4.560064000000000306e+03
-4.573800000000000182e+03
-4.530363999999999578e+03
-4.562662999999999556e+03
-4.577512999999999920e+03
-4.571944000000000415e+03
-4.560064000000000306e+03
-4.605728000000000065e+03
-4.548926000000000386e+03
-4.568974000000000160e+03
-4.583823999999999614e+03
-4.595332999999999629e+03
-4.581967999999999847e+03
-4.606099000000000160e+03
-4.619835000000000036e+03
-4.569345000000000255e+03
-4.590877000000000407e+03
-4.568230999999999767e+03
-4.543356999999999971e+03
-4.611296000000000276e+03
-4.581595999999999549e+03
-4.606099000000000160e+03
-4.597189000000000306e+03
-4.592734000000000378e+03
-4.573800000000000182e+03
-4.605728000000000065e+03
-4.596445999999999913e+03
-4.600900999999999840e+03
-4.613895000000000437e+03
-4.594590000000000146e+03
-4.634314000000000306e+03
-4.645451000000000022e+03
-4.642480999999999767e+03
-4.593104999999999563e+03
-4.674408999999999651e+03
-4.608326000000000022e+03
-4.601644000000000233e+03
-4.648421000000000276e+03
-4.647679000000000087e+03
-4.639511000000000422e+03
-4.669953999999999724e+03
-4.685175000000000182e+03
-4.649905999999999949e+03
-4.657331000000000131e+03
-4.647679000000000087e+03
-4.655475000000000364e+03
