-3.287047999999999774e+03
-3.261802000000000135e+03
-3.254005999999999858e+03
-3.297443000000000211e+03
-3.296699999999999818e+03
-3.320831000000000131e+03
-3.284077999999999975e+03
-3.357585000000000036e+03
-3.364268000000000029e+03
-3.331969000000000051e+03
-3.357956000000000131e+03
-3.375775999999999840e+03
-3.392853999999999814e+03
-3.387655999999999949e+03
-3.420326000000000022e+03
-3.383201000000000022e+03
-3.430721000000000004e+03
-3.421068999999999960e+03
-3.420697999999999865e+03
-3.434063000000000102e+03
-3.454853000000000065e+03
-3.455965999999999894e+03
-3.412900999999999840e+03
-3.485666000000000167e+03
-3.434804999999999836e+03
-3.456708999999999833e+03
-3.459307999999999993e+03
-3.461905999999999949e+03
-3.457451000000000022e+03
-3.452253999999999905e+03
-3.405476000000000113e+03
-3.480469000000000051e+03
-3.460050000000000182e+03
-3.408445999999999913e+03
-3.434804999999999836e+03
-3.442230000000000018e+03
-3.444458000000000084e+03
-3.429606999999999971e+03
-3.468217999999999847e+03
-3.481954000000000178e+03
-3.475271000000000186e+03
-3.497175000000000182e+03
-3.451882999999999811e+03
-3.477498999999999796e+03
-3.531701000000000022e+03
-3.503485999999999876e+03
-3.486038000000000011e+03
-3.535784999999999854e+03
-3.520193000000000211e+03
-3.510911000000000058e+03
-3.521677000000000135e+03
-3.527617000000000189e+03
-3.527246000000000095e+03
-3.551005999999999858e+03
-3.551376999999999953e+03
-3.539869000000000142e+03
-3.533186000000000149e+03
-3.567713000000000193e+03
-3.520934999999999945e+03
-3.551005999999999858e+03
-3.567713000000000193e+03
-3.544324000000000069e+03
-3.608179000000000087e+03
-3.565856000000000222e+03
-3.575880000000000109e+03
-3.640106000000000222e+03
-3.622286000000000058e+03
-3.598896999999999935e+03
-3.623771000000000186e+03
-3.616717999999999847e+03
-3.573652999999999793e+03
-3.607065000000000055e+03
-3.633795000000000073e+03
-3.617088999999999942e+03
-3.600010999999999967e+03
-3.627855000000000018e+03
-3.606693999999999960e+03
-3.619688000000000102e+03
-3.638992000000000189e+03
-3.628226000000000113e+03
-3.644190000000000055e+03
-3.626369999999999891e+03
-3.664237999999999829e+03
-3.643818999999999960e+03
-3.661268000000000029e+03
-3.628226000000000113e+03
-3.632681000000000040e+03
-3.656813000000000102e+03
-3.645675000000000182e+03
-3.646789000000000215e+03
-3.710271999999999935e+03
-3.713614000000000033e+03
-3.669434999999999945e+03
-3.690967999999999847e+03
-3.605951000000000022e+03
-3.653099999999999909e+03
-3.632309999999999945e+03
-3.648644999999999982e+03
-3.629340000000000146e+03
-3.699135000000000218e+03
-3.643818999999999960e+03
-3.636393999999999778e+03
-3.677231000000000222e+03
-3.660525000000000091e+03
-3.653842999999999847e+03
-3.704333000000000084e+03
-3.653471000000000004e+03
-3.634538000000000011e+03
-3.705074999999999818e+03
-3.677974000000000160e+03
-3.695050999999999931e+03
-3.699505999999999858e+03
-3.695050999999999931e+03
-3.695422999999999774e+03
-3.681315000000000055e+03
-3.680572999999999865e+03
-3.692081000000000131e+03
-3.731434000000000196e+03
-3.703590000000000146e+03
-3.679458999999999833e+03
-3.702105000000000018e+03
-3.709900999999999840e+03
-3.697650000000000091e+03
-3.720295999999999822e+03
-3.708045000000000073e+03
-3.721409999999999854e+03
-3.736260000000000218e+03
-3.698393000000000029e+03
-3.722523999999999887e+03
-3.781923999999999978e+03
-3.720666999999999916e+03
-3.748510999999999967e+03
-3.761505000000000109e+03
-3.749625000000000000e+03
-3.738487999999999829e+03
-3.758534999999999854e+03
-3.784893999999999778e+03
-3.765960000000000036e+03
-3.787492000000000189e+03
-3.773014000000000124e+03
-3.760019999999999982e+03
-3.807539999999999964e+03
-3.787864000000000033e+03
-3.764846000000000004e+03
-3.792690000000000055e+03
-3.803827999999999975e+03
-3.792318999999999960e+03
-3.792318999999999960e+03
-3.814222999999999956e+03
-3.762248000000000047e+03
-3.787121000000000095e+03
-3.805313000000000102e+03
-3.775240999999999985e+03
-3.807168999999999869e+03
-3.782666000000000167e+03
-3.784150999999999840e+03
-3.821275999999999840e+03
-3.815708000000000084e+03
-3.798259000000000015e+03
-3.822018999999999778e+03
-3.857288000000000011e+03
-3.807168999999999869e+03
-3.811623999999999796e+03
-3.811623999999999796e+03
-3.820905000000000200e+03
-3.854318000000000211e+03
-3.842438000000000102e+03
-3.755565000000000055e+03
-3.786750000000000000e+03
-3.794916999999999916e+03
-3.775612999999999829e+03
-3.774126999999999953e+03
-3.823875000000000000e+03
-3.797516000000000076e+03
-3.787864000000000033e+03
-3.829072999999999865e+03
-3.800856999999999971e+03
-3.800114999999999782e+03
-3.836498000000000047e+03
-3.826474000000000160e+03
-3.840581000000000131e+03
-3.852090000000000146e+03
-3.817193000000000211e+03
-3.863228000000000065e+03
-3.876592999999999847e+03
-3.864340999999999894e+03
-3.853204000000000178e+03
-3.870280999999999949e+03
-3.827215999999999894e+03
-3.861371000000000095e+03
-3.849490999999999985e+03
-3.856173999999999978e+03
-3.852833000000000084e+03
-3.911489999999999782e+03
-3.907777999999999793e+03
-3.892927000000000135e+03
-3.899610000000000127e+03
-3.867682999999999993e+03
-3.885130999999999858e+03
-3.924483999999999924e+03
-3.905920999999999822e+03
-3.887730000000000018e+03
-3.899610000000000127e+03
-3.914460000000000036e+03
-3.876963999999999942e+03
-3.896268999999999778e+03
-3.894041000000000167e+03
-3.913717999999999847e+03
-3.934507999999999811e+03
-3.916688000000000102e+03
-3.871394999999999982e+03
-3.950471000000000004e+03
-3.940076000000000022e+03
-3.825360000000000127e+03
-3.865083999999999833e+03
-3.862485000000000127e+03
-3.842809000000000196e+03
-3.848376999999999953e+03
-3.823132999999999811e+03
-3.783780000000000200e+03
-3.843922999999999774e+03
-3.825360000000000127e+03
-3.776726000000000113e+03
-3.830929000000000087e+03
-3.812365999999999985e+03
-3.823503999999999905e+03
-3.807539999999999964e+03
-3.840210000000000036e+03
-3.834269999999999982e+03
-3.843550999999999931e+03
-3.859514999999999873e+03
-3.826474000000000160e+03
-3.858400999999999840e+03
-3.835384000000000015e+03
-3.832041999999999916e+03
-3.814965000000000146e+03
-3.862856000000000222e+03
-3.826103000000000065e+03
-3.868054000000000087e+03
-3.855059999999999945e+03
-3.837239999999999782e+03
-3.882903999999999996e+03
-3.826844999999999800e+03
-3.847264000000000124e+03
-3.883275000000000091e+03
-3.880304999999999836e+03
-3.862114000000000033e+03
-3.842065999999999804e+03
-3.891070999999999913e+03
-3.861742000000000189e+03
-3.861742000000000189e+03
-3.865826000000000022e+03
-3.890699999999999818e+03
-3.872880000000000109e+03
-3.897010999999999967e+03
-3.906664000000000215e+03
-3.895155000000000200e+03
-3.930052000000000135e+03
-3.900724000000000160e+03
-3.894784000000000106e+03
-3.908891000000000076e+03
-3.912231999999999971e+03
-3.898867000000000189e+03
-3.932280000000000200e+03
-3.901094999999999800e+03
-3.887730000000000018e+03
-3.944530999999999949e+03
-3.919286000000000058e+03
-3.910376000000000204e+03
-3.917059000000000196e+03
-3.910005000000000109e+03
-3.914831000000000131e+03
-3.944530999999999949e+03
-3.935621000000000095e+03
-3.896639999999999873e+03
-3.966063999999999851e+03
-3.927454000000000178e+03
-3.941561000000000149e+03
-3.964579000000000178e+03
-3.942675000000000182e+03
-3.937478000000000065e+03
-3.960494999999999891e+03
-3.957153999999999996e+03
-3.956782000000000153e+03
-4.006159000000000106e+03
-3.966063999999999851e+03
-3.987967999999999847e+03
-3.985739999999999782e+03
-3.986853999999999814e+03
-3.999105000000000018e+03
-4.019894999999999982e+03
-4.003559999999999945e+03
-4.001704000000000178e+03
-4.020637000000000171e+03
-4.013213000000000193e+03
-4.002818000000000211e+03
-4.033260000000000218e+03
-4.021380000000000109e+03
-4.004673999999999978e+03
-3.993536000000000058e+03
-4.052565000000000055e+03
-4.024349999999999909e+03
-4.015440000000000055e+03
-4.028063000000000102e+03
-4.005416000000000167e+03
-4.031775000000000091e+03
-4.062217999999999847e+03
-4.003188999999999851e+03
-4.085606000000000222e+03
-4.061103999999999814e+03
-4.052936000000000149e+03
-4.041798999999999978e+03
-4.047367000000000189e+03
-4.029918999999999869e+03
-4.064445000000000164e+03
-4.060731999999999971e+03
-4.043655000000000200e+03
-4.104539999999999964e+03
-4.074469000000000051e+03
-4.052936000000000149e+03
-4.028063000000000102e+03
-4.102313000000000102e+03
-4.071126999999999953e+03
-4.089318999999999960e+03
-4.122730999999999767e+03
-4.072983999999999924e+03
-4.121246000000000095e+03
-4.131270000000000437e+03
-4.129413999999999760e+03
-4.130899000000000342e+03
-4.152060000000000400e+03
-4.124216000000000349e+03
-4.133868999999999687e+03
-4.149090000000000146e+03
-4.133126000000000204e+03
-4.114564000000000306e+03
-4.133126000000000204e+03
-4.111594000000000051e+03
-4.132384000000000015e+03
-4.095259000000000015e+03
-4.125701000000000022e+03
-4.120131999999999607e+03
-4.130527000000000044e+03
-4.119761000000000422e+03
-4.137953000000000429e+03
-4.129784999999999854e+03
-4.087090999999999894e+03
-4.111222999999999956e+03
-4.123845000000000255e+03
-4.110109000000000378e+03
-4.104911000000000058e+03
-4.147604999999999563e+03
-4.108252000000000407e+03
-4.118646999999999935e+03
-4.084492000000000189e+03
-4.108252000000000407e+03
-4.106395999999999731e+03
-4.079295000000000073e+03
-4.120131999999999607e+03
-4.088947999999999865e+03
-4.127557999999999993e+03
-4.090061000000000149e+03
-4.110479999999999563e+03
-4.110479999999999563e+03
-4.106024999999999636e+03
-4.112336000000000240e+03
-4.098600000000000364e+03
-4.111965000000000146e+03
-4.103426000000000386e+03
-4.139065999999999804e+03
-4.094887000000000171e+03
-4.117904999999999745e+03
-4.135354000000000269e+03
-4.101198999999999614e+03
-4.107510000000000218e+03
-4.126073000000000320e+03
-4.127186999999999898e+03
-4.076695999999999913e+03
-4.126444000000000415e+03
-4.091916999999999916e+03
-4.108994999999999891e+03
-4.113820999999999913e+03
-4.124958999999999833e+03
-4.090061000000000149e+03
-4.130527000000000044e+03
-4.115305999999999585e+03
-4.121618000000000393e+03
-4.116792000000000371e+03
-4.109737000000000080e+03
-4.111222999999999956e+03
-4.152430999999999585e+03
-4.131270000000000437e+03
-4.120503999999999905e+03
-4.129413999999999760e+03
-4.132012999999999920e+03
-4.140921999999999571e+03
-4.109737000000000080e+03
-4.153917000000000371e+03
-4.116420000000000073e+03
-4.131640999999999622e+03
-4.143520999999999731e+03
-4.086719999999999800e+03
-4.145748999999999796e+03
-4.145377000000000407e+03
-4.106395999999999731e+03
-4.122359999999999673e+03
-4.127186999999999898e+03
-4.115305999999999585e+03
-4.107139000000000124e+03
-4.168024000000000342e+03
-4.131270000000000437e+03
-4.146862000000000080e+03
