-6.715911999999999580e+02
-7.064887999999999693e+02
-6.871838000000000193e+02
-6.522862999999999829e+02
-7.243088000000000193e+02
-6.912675000000000409e+02
-6.886688000000000329e+02
-7.179974999999999454e+02
-6.842137000000000171e+02
-7.127999999999999545e+02
-7.113150000000000546e+02
-7.050037999999999556e+02
-7.146562999999999874e+02
-7.243088000000000193e+02
-7.135425000000000182e+02
-7.042612000000000307e+02
-7.339611999999999625e+02
-7.228237000000000307e+02
-6.871838000000000193e+02
-7.124288000000000238e+02
-7.410149999999999864e+02
-6.934950000000000045e+02
-7.120575000000000045e+02
-7.246799999999999500e+02
-7.324763000000000375e+02
-7.428713000000000193e+02
-7.436137999999999693e+02
-7.246799999999999500e+02
-7.402725000000000364e+02
-7.417575000000000500e+02
-7.406436999999999671e+02
-7.506675000000000182e+02
-7.280212000000000216e+02
-7.291349999999999909e+02
-7.484400000000000546e+02
-7.269075000000000273e+02
-7.347037000000000262e+02
-7.454700000000000273e+02
-7.450987999999999829e+02
-7.417575000000000500e+02
-7.291349999999999909e+02
-7.350750000000000455e+02
-7.410149999999999864e+02
-7.298775000000000546e+02
-7.094587000000000216e+02
-7.113150000000000546e+02
-7.183687999999999647e+02
-7.105724999999999909e+02
-7.313624999999999545e+02
-7.395299999999999727e+02
-7.261649999999999636e+02
-7.450987999999999829e+02
-7.335900000000000318e+02
-7.250512999999999693e+02
-7.410149999999999864e+02
-7.725711999999999762e+02
-7.432424999999999500e+02
-7.425000000000000000e+02
-7.480688000000000102e+02
-7.595774999999999864e+02
-7.491825000000000045e+02
-7.447274999999999636e+02
-7.584637000000000171e+02
-7.532662000000000262e+02
-7.410149999999999864e+02
-7.655175000000000409e+02
-7.569787999999999784e+02
-7.588350000000000364e+02
-7.703437999999999874e+02
-7.614338000000000193e+02
-7.614338000000000193e+02
-7.599487000000000307e+02
-7.584637000000000171e+02
-7.629188000000000329e+02
-7.588350000000000364e+02
-7.733138000000000147e+02
-7.803674999999999500e+02
-7.829661999999999580e+02
-7.736849999999999454e+02
-7.799963000000000193e+02
-7.502962999999999738e+02
-7.740562999999999647e+02
-7.955887000000000171e+02
-7.736849999999999454e+02
-7.881638000000000375e+02
-7.625475000000000136e+02
-7.792537999999999556e+02
-7.714574999999999818e+02
-7.762838000000000420e+02
-8.044987999999999602e+02
-7.829661999999999580e+02
-7.889062999999999874e+02
-7.773975000000000364e+02
-7.900199999999999818e+02
-7.985588000000000193e+02
-8.052413000000000238e+02
-8.026425000000000409e+02
-8.033849999999999909e+02
-7.848224999999999909e+02
-7.900199999999999818e+02
-7.851938000000000102e+02
-7.874212999999999738e+02
-7.718287000000000262e+02
-7.792537999999999556e+02
-7.788825000000000500e+02
-7.640325000000000273e+02
-7.747988000000000284e+02
-7.963311999999999671e+02
-7.733138000000000147e+02
-7.803674999999999500e+02
-7.851938000000000102e+02
-7.825950000000000273e+02
-7.714574999999999818e+02
-7.781399999999999864e+02
-7.866788000000000238e+02
-7.952174999999999727e+02
-8.000438000000000329e+02
-7.929900000000000091e+02
-8.056124999999999545e+02
-7.814813000000000329e+02
-7.881638000000000375e+02
-7.788825000000000500e+02
-7.881638000000000375e+02
-7.796250000000000000e+02
-7.814813000000000329e+02
-8.078400000000000318e+02
-8.041275000000000546e+02
-7.989299999999999500e+02
-8.145225000000000364e+02
-8.052413000000000238e+02
-7.811100000000000136e+02
-8.063550000000000182e+02
-8.048700000000000045e+02
-8.007862999999999829e+02
-7.892775000000000318e+02
-7.974450000000000500e+02
-8.137799999999999727e+02
-8.004149999999999636e+02
-8.026425000000000409e+02
-8.048700000000000045e+02
-8.018999999999999773e+02
-8.223188000000000102e+02
-8.152649999999999864e+02
-7.974450000000000500e+02
-8.104388000000000147e+02
-8.260312999999999874e+02
-8.041275000000000546e+02
-8.070974999999999682e+02
-8.011575000000000273e+02
-8.264025000000000318e+02
-8.260312999999999874e+02
-8.163787999999999556e+02
-8.018999999999999773e+02
-8.163787999999999556e+02
-8.241749999999999545e+02
-8.178637999999999693e+02
-8.290013000000000147e+02
-8.122949999999999591e+02
-8.349412999999999556e+02
-8.041275000000000546e+02
-8.082111999999999625e+02
-8.312287999999999784e+02
-8.230612999999999602e+02
-8.111812999999999647e+02
-8.182350000000000136e+02
-8.044987999999999602e+02
-8.186063000000000329e+02
-8.260312999999999874e+02
-8.171213000000000193e+02
-8.111812999999999647e+02
-8.137799999999999727e+02
-8.160075000000000500e+02
-8.249175000000000182e+02
-8.349412999999999556e+02
-8.245462999999999738e+02
-8.267736999999999625e+02
-8.505338000000000420e+02
-8.252888000000000375e+02
-8.278875000000000455e+02
-8.341987000000000307e+02
-8.208337000000000216e+02
-8.174924999999999500e+02
-8.186063000000000329e+02
-8.178637999999999693e+02
-8.078400000000000318e+02
-8.241749999999999545e+02
-8.249175000000000182e+02
-7.993012999999999693e+02
-8.316000000000000227e+02
-8.379112999999999829e+02
-8.022712000000000216e+02
-8.119238000000000284e+02
-8.341987000000000307e+02
-8.037563000000000102e+02
-8.264025000000000318e+02
-8.182350000000000136e+02
-8.004149999999999636e+02
-8.078400000000000318e+02
-8.174924999999999500e+02
-8.093250000000000455e+02
-8.048700000000000045e+02
-8.264025000000000318e+02
-8.208337000000000216e+02
-8.226900000000000546e+02
-8.323424999999999727e+02
-8.167500000000000000e+02
-8.323424999999999727e+02
-8.297437999999999647e+02
-8.119238000000000284e+02
-8.271449999999999818e+02
-8.612999999999999545e+02
-8.041275000000000546e+02
-8.304863000000000284e+02
-8.379112999999999829e+02
-8.208337000000000216e+02
-7.840800000000000409e+02
-8.022712000000000216e+02
-7.996725000000000136e+02
-7.918763000000000147e+02
-7.866788000000000238e+02
-7.662599999999999909e+02
-7.844511999999999716e+02
-7.855650000000000546e+02
-7.759125000000000227e+02
-7.740562999999999647e+02
-7.796250000000000000e+02
-7.785112000000000307e+02
-7.848224999999999909e+02
-7.863075000000000045e+02
-7.881638000000000375e+02
-7.955887000000000171e+02
-7.747988000000000284e+02
-7.677450000000000045e+02
-7.755412999999999784e+02
-7.718287000000000262e+02
-7.814813000000000329e+02
-7.903912000000000262e+02
-7.799963000000000193e+02
-7.866788000000000238e+02
-7.941037999999999784e+02
-8.004149999999999636e+02
-7.777686999999999671e+02
-7.829661999999999580e+02
-8.056124999999999545e+02
-7.970737000000000307e+02
-7.907625000000000455e+02
-8.052413000000000238e+02
-7.822237999999999829e+02
-7.926187999999999647e+02
-7.863075000000000045e+02
-8.245462999999999738e+02
-7.877925000000000182e+02
-7.829661999999999580e+02
-7.900199999999999818e+02
-7.918763000000000147e+02
-8.033849999999999909e+02
-7.978162999999999556e+02
-7.974450000000000500e+02
-8.018999999999999773e+02
-7.929900000000000091e+02
-7.907625000000000455e+02
-8.178637999999999693e+02
-8.096961999999999762e+02
-8.044987999999999602e+02
-8.015286999999999580e+02
-7.967024999999999864e+02
-8.011575000000000273e+02
-8.275162000000000262e+02
-8.041275000000000546e+02
-7.918763000000000147e+02
-8.104388000000000147e+02
-8.078400000000000318e+02
-7.996725000000000136e+02
-8.004149999999999636e+02
-8.078400000000000318e+02
-8.026425000000000409e+02
-8.018999999999999773e+02
-8.033849999999999909e+02
-7.941037999999999784e+02
-8.219474999999999909e+02
-8.178637999999999693e+02
-8.015286999999999580e+02
-8.290013000000000147e+02
-8.000438000000000329e+02
-8.059837999999999738e+02
-8.260312999999999874e+02
-8.171213000000000193e+02
-7.963311999999999671e+02
-8.230612999999999602e+02
-8.319713000000000420e+02
-8.219474999999999909e+02
-8.141512000000000171e+02
-8.234325000000000045e+02
-8.264025000000000318e+02
-8.275162000000000262e+02
-8.234325000000000045e+02
-8.367975000000000136e+02
-8.338274999999999864e+02
-8.208337000000000216e+02
-8.163787999999999556e+02
-8.293724999999999454e+02
-8.453361999999999625e+02
-8.074687999999999874e+02
-8.412525000000000546e+02
-8.330850000000000364e+02
-8.230612999999999602e+02
-8.349412999999999556e+02
-8.256599999999999682e+02
-8.364262999999999693e+02
-8.516475000000000364e+02
-8.401386999999999716e+02
-8.334561999999999671e+02
-8.438513000000000375e+02
-8.364262999999999693e+02
-8.367975000000000136e+02
-8.412525000000000546e+02
-8.434800000000000182e+02
-8.501625000000000227e+02
-8.386536999999999580e+02
-8.542463000000000193e+02
-8.460787000000000262e+02
-8.338274999999999864e+02
-8.453361999999999625e+02
-8.590724999999999909e+02
-8.316000000000000227e+02
-8.590724999999999909e+02
-8.497912999999999784e+02
-8.193487999999999829e+02
-8.238038000000000238e+02
-8.367975000000000136e+02
-8.379112999999999829e+02
-8.364262999999999693e+02
-8.360549999999999500e+02
-8.408813000000000102e+02
-8.367975000000000136e+02
-8.509049999999999727e+02
-8.479349999999999454e+02
-8.393962000000000216e+02
-8.338274999999999864e+02
-8.546174999999999500e+02
-8.609288000000000238e+02
-8.445937999999999874e+02
-8.549887999999999693e+02
-8.768925000000000409e+02
-8.512762000000000171e+02
-8.527612000000000307e+02
-8.587011999999999716e+02
-8.631562999999999874e+02
-8.587011999999999716e+02
-8.594438000000000102e+02
-8.460787000000000262e+02
-8.475638000000000147e+02
-8.505338000000000420e+02
-8.694674999999999727e+02
-8.642699999999999818e+02
-8.460787000000000262e+02
-8.583300000000000409e+02
-8.698387000000000171e+02
-8.568450000000000273e+02
-8.523899999999999864e+02
-8.642699999999999818e+02
-8.950837000000000216e+02
-8.843174999999999955e+02
-8.824611999999999625e+02
-8.765212000000000216e+02
-8.865449999999999591e+02
-8.757786999999999580e+02
-8.638986999999999625e+02
-8.716950000000000500e+02
-8.497912999999999784e+02
-8.501625000000000227e+02
-8.683537999999999784e+02
-8.546174999999999500e+02
-8.724375000000000000e+02
-8.683537999999999784e+02
-8.620425000000000182e+02
-8.802337999999999738e+02
-8.783775000000000546e+02
-8.754075000000000273e+02
-8.976825000000000045e+02
-8.835750000000000455e+02
-8.668687999999999647e+02
-9.013949999999999818e+02
-8.965688000000000102e+02
-8.939700000000000273e+02
-8.839461999999999762e+02
-8.846888000000000147e+02
-8.754075000000000273e+02
-8.687250000000000227e+02
-8.687250000000000227e+02
-8.638986999999999625e+02
-8.590724999999999909e+02
-8.471924999999999955e+02
-8.397675000000000409e+02
-8.572161999999999580e+02
-8.579587000000000216e+02
-8.423663000000000238e+02
-8.642699999999999818e+02
-8.557313000000000329e+02
-8.416237999999999602e+02
-8.509049999999999727e+02
-8.768925000000000409e+02
-8.657549999999999955e+02
-8.601862999999999602e+02
-8.612999999999999545e+02
-8.509049999999999727e+02
-8.705811999999999671e+02
-8.687250000000000227e+02
-8.612999999999999545e+02
-8.434800000000000182e+02
-8.761499999999999773e+02
-8.739225000000000136e+02
