-2.208937999999999988e+02
-2.383425000000000011e+02
-2.212649999999999864e+02
-2.457675000000000125e+02
-2.762099999999999795e+02
-2.840063000000000102e+02
-2.880899999999999750e+02
-2.754674999999999727e+02
-3.029399999999999977e+02
-3.003412000000000148e+02
-2.884612000000000194e+02
-3.133349999999999795e+02
-3.311549999999999727e+02
-2.910600000000000023e+02
-3.207599999999999909e+02
-3.229875000000000114e+02
-3.207599999999999909e+02
-3.396938000000000102e+02
-3.140774999999999864e+02
-3.333824999999999932e+02
-3.530586999999999875e+02
-3.519449999999999932e+02
-3.478613000000000284e+02
-3.805312999999999874e+02
-3.378374999999999773e+02
-3.615975000000000250e+02
-3.809024999999999750e+02
-3.946388000000000034e+02
-3.857287999999999784e+02
-3.950099999999999909e+02
-4.191413000000000011e+02
-3.883274999999999864e+02
-4.302787000000000148e+02
-4.295362999999999829e+02
-4.020638000000000147e+02
-4.239674999999999727e+02
-4.447574999999999932e+02
-4.373324999999999818e+02
-4.726012999999999806e+02
-4.544100000000000250e+02
-4.447574999999999932e+02
-4.744574999999999818e+02
-4.514399999999999977e+02
-4.247099999999999795e+02
-4.458711999999999875e+02
-4.599787999999999784e+02
-4.729725000000000250e+02
-4.763138000000000147e+02
-4.811399999999999864e+02
-4.870799999999999841e+02
-4.644336999999999875e+02
-4.948763000000000147e+02
-4.907925000000000182e+02
-4.997024999999999864e+02
-5.152949999999999591e+02
-5.178936999999999671e+02
-5.067563000000000102e+02
-5.294025000000000318e+02
-5.238337000000000216e+02
-5.431386999999999716e+02
-5.557612000000000307e+02
-5.513062999999999647e+02
-5.535338000000000420e+02
-5.527912999999999784e+02
-5.602161999999999580e+02
-5.591024999999999636e+02
-5.761799999999999500e+02
-5.628150000000000546e+02
-6.003112999999999602e+02
-5.936287999999999556e+02
-5.884312999999999647e+02
-6.151612999999999829e+02
-6.444900000000000091e+02
-6.155325000000000273e+02
-6.043949999999999818e+02
-6.233287000000000262e+02
-5.995687000000000353e+02
-6.262988000000000284e+02
-6.411486999999999625e+02
-6.166462000000000216e+02
-6.166462000000000216e+02
-6.552563000000000102e+02
-6.459750000000000227e+02
-6.496875000000000000e+02
-6.652799999999999727e+02
-6.203587999999999738e+02
-6.333524999999999636e+02
-6.240711999999999762e+02
-6.125625000000000000e+02
-6.066224999999999454e+02
-6.300112000000000307e+02
-6.337237999999999829e+02
-6.441187999999999647e+02
-6.619388000000000147e+02
-6.567413000000000238e+02
-6.578550000000000182e+02
-6.775312999999999874e+02
-6.890399999999999636e+02
-6.834713000000000420e+02
-6.838424999999999727e+02
-6.868125000000000000e+02
-6.920099999999999909e+02
-7.265362999999999829e+02
-6.990638000000000147e+02
-6.938663000000000238e+02
-7.276499999999999773e+02
-7.202250000000000227e+02
-7.024049999999999727e+02
-7.090874999999999773e+02
-7.265362999999999829e+02
-7.231950000000000500e+02
-7.102011999999999716e+02
-7.113150000000000546e+02
-7.231950000000000500e+02
-7.150275000000000318e+02
-7.001775000000000091e+02
-7.016625000000000227e+02
-7.250512999999999693e+02
-7.525236999999999625e+02
-7.131712999999999738e+02
-7.309913000000000238e+02
-7.443563000000000329e+02
-7.517812999999999874e+02
-7.339611999999999625e+02
-7.725711999999999762e+02
-7.599487000000000307e+02
-7.692300000000000182e+02
-7.807387999999999693e+02
-7.900199999999999818e+02
-7.863075000000000045e+02
-7.636612999999999829e+02
-7.540086999999999762e+02
-7.035186999999999671e+02
-6.548849999999999909e+02
-6.418912000000000262e+02
-6.229574999999999818e+02
-6.363224999999999909e+02
-6.333524999999999636e+02
-6.114487000000000307e+02
-6.329813000000000329e+02
-5.843474999999999682e+02
-5.613300000000000409e+02
-5.769225000000000136e+02
-5.587313000000000329e+02
-5.650425000000000182e+02
-5.631862999999999602e+02
-5.587313000000000329e+02
-5.802636999999999716e+02
-5.895449999999999591e+02
-5.602161999999999580e+02
-5.965987999999999829e+02
-6.199874999999999545e+02
-5.776649999999999636e+02
-5.479650000000000318e+02
-5.728387000000000171e+02
-5.680125000000000455e+02
-5.490787000000000262e+02
-5.509349999999999454e+02
-5.676412000000000262e+02
-5.617011999999999716e+02
-5.891738000000000284e+02
-5.576174999999999500e+02
-5.431386999999999716e+02
-5.702400000000000091e+02
-5.694974999999999454e+02
-5.732100000000000364e+02
-5.765512999999999693e+02
-5.850900000000000318e+02
-5.984550000000000409e+02
-6.118200000000000500e+02
-5.791499999999999773e+02
-5.843474999999999682e+02
-5.416536999999999580e+02
-5.264325000000000045e+02
-5.312586999999999762e+02
-5.383125000000000000e+02
-5.461087999999999738e+02
-5.208637999999999693e+02
-5.357137000000000171e+02
-5.423962000000000216e+02
-5.509349999999999454e+02
-5.542762000000000171e+02
-5.620724999999999909e+02
-5.631862999999999602e+02
-5.446237999999999602e+02
-5.501924999999999955e+02
-5.379412999999999556e+02
-5.717250000000000227e+02
-5.579887999999999693e+02
-5.505638000000000147e+02
-5.256900000000000546e+02
-5.275462999999999738e+02
-5.197500000000000000e+02
-5.360850000000000364e+02
-5.316299999999999955e+02
-5.375700000000000500e+02
-5.505638000000000147e+02
-5.219774999999999636e+02
-5.112112000000000194e+02
-5.219774999999999636e+02
-4.971037999999999784e+02
-4.893075000000000045e+02
-5.193787999999999556e+02
-4.997024999999999864e+02
-4.881938000000000102e+02
-5.000738000000000056e+02
-5.190075000000000500e+02
-4.841100000000000136e+02
-4.803974999999999795e+02
-4.900500000000000114e+02
-4.770561999999999898e+02
-4.855950000000000273e+02
-4.870799999999999841e+02
-4.774275000000000091e+02
-4.997024999999999864e+02
-4.907925000000000182e+02
-4.867087000000000216e+02
-5.093550000000000182e+02
-5.175225000000000364e+02
-5.026725000000000136e+02
-4.926487000000000194e+02
-4.945049999999999955e+02
-4.867087000000000216e+02
-5.156662999999999784e+02
-5.138099999999999454e+02
-4.941338000000000079e+02
-5.008163000000000125e+02
-5.193787999999999556e+02
-4.833675000000000068e+02
-5.063849999999999909e+02
-5.275462999999999738e+02
-4.948763000000000147e+02
-5.048999999999999773e+02
-5.171512000000000171e+02
-5.074986999999999853e+02
-5.000738000000000056e+02
-5.126961999999999762e+02
-5.030437999999999761e+02
-5.275462999999999738e+02
-5.201213000000000193e+02
-5.201213000000000193e+02
-5.234624999999999773e+02
-5.086125000000000114e+02
-5.048999999999999773e+02
-4.904212999999999738e+02
-5.041575000000000273e+02
-4.982174999999999727e+02
-5.074986999999999853e+02
-5.078700000000000045e+02
-5.008163000000000125e+02
-5.045287000000000148e+02
-5.182649999999999864e+02
-5.030437999999999761e+02
-5.145525000000000091e+02
-5.242050000000000409e+02
-4.963613000000000284e+02
-5.197500000000000000e+02
-5.212350000000000136e+02
-4.997024999999999864e+02
-5.204924999999999500e+02
-5.409112999999999829e+02
-5.186362000000000307e+02
-5.386838000000000193e+02
-5.331150000000000091e+02
-5.212350000000000136e+02
-5.423962000000000216e+02
-5.394262999999999693e+02
-5.230911999999999580e+02
-5.134388000000000147e+02
-5.030437999999999761e+02
-4.733437999999999874e+02
-4.588650000000000091e+02
-4.911637999999999806e+02
-4.447574999999999932e+02
-4.373324999999999818e+02
-4.659187999999999761e+02
-4.403025000000000091e+02
-4.343625000000000114e+02
-4.451288000000000125e+02
-4.592363000000000284e+02
-4.581225000000000023e+02
-4.681462000000000216e+02
-3.801600000000000250e+02
-3.853575000000000159e+02
-3.753337000000000216e+02
-3.864712999999999852e+02
-3.530586999999999875e+02
-3.901836999999999875e+02
-3.931537000000000148e+02
-3.786750000000000114e+02
-3.898125000000000000e+02
-4.068899999999999864e+02
-3.872137000000000171e+02
-3.731062999999999761e+02
-3.790462999999999738e+02
-3.612262999999999806e+02
-3.682799999999999727e+02
-3.731062999999999761e+02
-3.589986999999999853e+02
-3.786750000000000114e+02
-3.630824999999999818e+02
-3.604837999999999738e+02
-3.727350000000000136e+02
-3.653100000000000023e+02
-3.530586999999999875e+02
-3.634538000000000011e+02
-3.757049999999999841e+02
-3.589986999999999853e+02
-3.697649999999999864e+02
-3.634538000000000011e+02
-3.912975000000000136e+02
-3.675375000000000227e+02
-3.671662999999999784e+02
-3.690224999999999795e+02
-3.697649999999999864e+02
-3.701363000000000056e+02
-3.615975000000000250e+02
-3.723636999999999944e+02
-3.779325000000000045e+02
-3.916687999999999761e+02
-3.589986999999999853e+02
-3.801600000000000250e+02
-3.693937999999999988e+02
-3.797887999999999806e+02
-3.701363000000000056e+02
-3.597411999999999921e+02
-3.846150000000000091e+02
-3.768188000000000102e+02
-3.545437999999999761e+02
-3.571424999999999841e+02
-3.512024999999999864e+02
-3.415500000000000114e+02
-3.515738000000000056e+02
-3.601125000000000114e+02
-3.512024999999999864e+02
-3.489750000000000227e+02
-3.460049999999999955e+02
-3.500887000000000171e+02
-3.508312999999999988e+02
-3.556575000000000273e+02
-3.612262999999999806e+02
-3.671662999999999784e+02
-3.667950000000000159e+02
-3.675375000000000227e+02
-3.534300000000000068e+02
-3.679087999999999852e+02
-3.486037999999999784e+02
-3.627112000000000194e+02
-3.641963000000000079e+02
-3.575138000000000034e+02
-3.634538000000000011e+02
-3.671662999999999784e+02
-3.667950000000000159e+02
-3.638249999999999886e+02
-3.601125000000000114e+02
-3.623399999999999750e+02
-3.820163000000000011e+02
-3.615975000000000250e+02
-3.504599999999999795e+02
-3.801600000000000250e+02
-3.627112000000000194e+02
-3.742200000000000273e+02
-3.623399999999999750e+02
-3.563999999999999773e+02
-3.693937999999999988e+02
-3.530586999999999875e+02
-3.894413000000000125e+02
-3.690224999999999795e+02
-3.563999999999999773e+02
-3.630824999999999818e+02
-3.604837999999999738e+02
-3.608550000000000182e+02
-3.849863000000000284e+02
-3.601125000000000114e+02
-3.519449999999999932e+02
-3.734775000000000205e+02
-3.500887000000000171e+02
-3.541725000000000136e+02
-3.452624999999999886e+02
-3.560287000000000148e+02
-3.549150000000000205e+02
-3.534300000000000068e+02
-3.367237999999999829e+02
-3.549150000000000205e+02
-3.667950000000000159e+02
-3.671662999999999784e+02
-3.563999999999999773e+02
-3.797887999999999806e+02
-3.697649999999999864e+02
-3.634538000000000011e+02
-3.586274999999999977e+02
-3.679087999999999852e+02
-3.615975000000000250e+02
-3.868424999999999727e+02
-3.641963000000000079e+02
-3.504599999999999795e+02
-3.534300000000000068e+02
-3.597411999999999921e+02
-3.604837999999999738e+02
-3.478613000000000284e+02
-3.753337000000000216e+02
-3.597411999999999921e+02
-3.497174999999999727e+02
-3.623399999999999750e+02
-3.682799999999999727e+02
-3.486037999999999784e+02
-3.682799999999999727e+02
-3.593700000000000045e+02
-3.333824999999999932e+02
-3.578849999999999909e+02
-3.578849999999999909e+02
-3.467475000000000023e+02
