-7.053749999999999964e+00
-1.076624999999999943e+01
-7.425000000000000488e-01
-2.413125000000000142e+01
-4.789124999999999943e+01
-2.264624999999999844e+01
-3.935249999999999915e+01
-4.232249999999999801e+01
-5.049000000000000199e+01
-5.754375000000000284e+01
-7.796250000000000568e+01
-8.575875000000000625e+01
-4.454999999999999716e+01
-7.796250000000000568e+01
-1.165725000000000051e+02
-8.687250000000000227e+01
-7.870499999999999829e+01
-1.254825000000000017e+02
-1.035788000000000011e+02
-1.232549999999999955e+02
-1.217699999999999960e+02
-1.046924999999999955e+02
-1.213987999999999943e+02
-1.429311999999999898e+02
-1.165725000000000051e+02
-1.239975000000000023e+02
-1.470149999999999864e+02
-1.347637000000000000e+02
-9.392624999999999602e+01
-1.310512999999999977e+02
-1.351349999999999909e+02
-1.176861999999999995e+02
-1.377336999999999989e+02
-1.451588000000000136e+02
-1.392187999999999874e+02
-1.518411999999999864e+02
-1.614937999999999931e+02
-1.403325000000000102e+02
-1.759724999999999966e+02
-1.518411999999999864e+02
-1.199137000000000057e+02
-1.562961999999999989e+02
-1.833975000000000080e+02
-1.540688000000000102e+02
-1.488711999999999875e+02
-1.919362000000000137e+02
-1.655774999999999864e+02
-1.692899999999999920e+02
-1.911938000000000102e+02
-1.971338000000000079e+02
-1.785713000000000079e+02
-1.837687999999999988e+02
-2.053012999999999977e+02
-1.982475000000000023e+02
-1.934211999999999989e+02
-1.741162999999999954e+02
-2.004749999999999943e+02
-1.833975000000000080e+02
-1.897087999999999965e+02
-2.168100000000000023e+02
-2.090137000000000000e+02
-1.752299999999999898e+02
-2.027024999999999864e+02
-2.182949999999999875e+02
-1.804275000000000091e+02
-1.874812000000000012e+02
-2.101274999999999977e+02
-2.004749999999999943e+02
-1.811699999999999875e+02
-2.275762000000000000e+02
-2.368574999999999875e+02
-2.186662000000000035e+02
-2.149538000000000011e+02
-2.420550000000000068e+02
-2.298037999999999954e+02
-2.524499999999999886e+02
-2.569049999999999727e+02
-2.676712999999999738e+02
-2.698987000000000194e+02
-2.439113000000000113e+02
-2.424262999999999977e+02
-2.353725000000000023e+02
-2.431687000000000012e+02
-2.554199999999999875e+02
-2.639587000000000216e+02
-2.598750000000000000e+02
-2.713838000000000079e+02
-2.988562999999999761e+02
-2.814075000000000273e+02
-2.758387000000000171e+02
-2.895749999999999886e+02
-2.661861999999999853e+02
-2.743537999999999784e+02
-3.047962999999999738e+02
-2.984850000000000136e+02
-2.442824999999999989e+02
-2.557913000000000068e+02
-2.387136999999999887e+02
-2.416836999999999875e+02
-2.502224999999999966e+02
-2.427975000000000136e+02
-2.424262999999999977e+02
-2.598750000000000000e+02
-2.027024999999999864e+02
-2.034449999999999932e+02
-1.993613000000000000e+02
-1.752299999999999898e+02
-1.989900000000000091e+02
-2.257199999999999989e+02
-2.034449999999999932e+02
-2.023312999999999988e+02
-2.208937999999999988e+02
-2.093849999999999909e+02
-2.041875000000000000e+02
-2.279474999999999909e+02
-2.045586999999999875e+02
-2.275762000000000000e+02
-2.316599999999999966e+02
-2.227500000000000000e+02
-2.023312999999999988e+02
-2.260911999999999864e+02
-2.387136999999999887e+02
-2.123549999999999898e+02
-2.272050000000000125e+02
-2.175525000000000091e+02
-2.290612000000000137e+02
-2.357437999999999931e+02
-2.149538000000000011e+02
-2.197800000000000011e+02
-2.401987000000000023e+02
-2.401987000000000023e+02
-2.142112999999999943e+02
-2.416836999999999875e+02
-2.583899999999999864e+02
-2.439113000000000113e+02
-2.160674999999999955e+02
-2.520788000000000011e+02
-2.409413000000000125e+02
-2.342588000000000079e+02
-2.535637999999999863e+02
-2.598750000000000000e+02
-2.483662999999999954e+02
-2.557913000000000068e+02
-2.220074999999999932e+02
-2.498513000000000090e+02
-2.416836999999999875e+02
-2.420550000000000068e+02
-2.684137999999999806e+02
-2.925450000000000159e+02
-2.591324999999999932e+02
-2.513362999999999943e+02
-2.457675000000000125e+02
-2.305461999999999989e+02
-2.298037999999999954e+02
-2.294325000000000045e+02
-2.457675000000000125e+02
-2.472524999999999977e+02
-2.505937999999999874e+02
-2.253488000000000113e+02
-2.591324999999999932e+02
-2.595038000000000125e+02
-2.420550000000000068e+02
-2.524499999999999886e+02
-2.520788000000000011e+02
-2.502224999999999966e+02
-2.331450000000000102e+02
-2.368574999999999875e+02
-2.450250000000000057e+02
-2.450250000000000057e+02
-2.442824999999999989e+02
-2.272050000000000125e+02
-2.550488000000000000e+02
-2.375999999999999943e+02
-2.357437999999999931e+02
-2.368574999999999875e+02
-2.312888000000000090e+02
-2.401987000000000023e+02
-2.320312999999999874e+02
-2.635874999999999773e+02
-2.405699999999999932e+02
-2.513362999999999943e+02
-2.624737999999999829e+02
-2.275762000000000000e+02
-2.208937999999999988e+02
-2.650724999999999909e+02
-2.565337999999999852e+02
-2.531924999999999955e+02
-2.728686999999999898e+02
-2.539350000000000023e+02
-2.457675000000000125e+02
-2.598750000000000000e+02
-2.576474999999999795e+02
-2.628450000000000273e+02
-2.747250000000000227e+02
-2.453962999999999965e+02
-2.732400000000000091e+02
-2.862337999999999738e+02
-2.583899999999999864e+02
-2.710124999999999886e+02
-2.609886999999999944e+02
-2.721263000000000147e+02
-2.587613000000000056e+02
-2.665575000000000045e+02
-2.684137999999999806e+02
-2.710124999999999886e+02
-2.914311999999999898e+02
-2.773238000000000056e+02
-2.487375000000000114e+02
-2.821499999999999773e+02
-2.795511999999999944e+02
-2.617312999999999761e+02
-2.970000000000000000e+02
-2.606175000000000068e+02
-2.728686999999999898e+02
-3.021974999999999909e+02
-2.724975000000000023e+02
-2.758387000000000171e+02
-3.040536999999999921e+02
-2.353725000000000023e+02
-2.142112999999999943e+02
-2.208937999999999988e+02
-2.509650000000000034e+02
-2.468813000000000102e+02
-2.476237000000000137e+02
-2.502224999999999966e+02
-2.279474999999999909e+02
-2.531924999999999955e+02
-2.520788000000000011e+02
-2.134687999999999874e+02
-2.580187000000000239e+02
-2.427975000000000136e+02
-2.535637999999999863e+02
-2.416836999999999875e+02
-2.316599999999999966e+02
-2.298037999999999954e+02
-2.494799999999999898e+02
-2.476237000000000137e+02
-2.424262999999999977e+02
-2.502224999999999966e+02
-2.298037999999999954e+02
-2.246062000000000012e+02
-2.383425000000000011e+02
-2.398274999999999864e+02
-2.075286999999999864e+02
-2.275762000000000000e+02
-2.160674999999999955e+02
-1.978762999999999863e+02
-2.079000000000000057e+02
-2.294325000000000045e+02
-2.153249999999999886e+02
-2.064149999999999920e+02
-2.361150000000000091e+02
-2.160674999999999955e+02
-2.201511999999999887e+02
-2.075286999999999864e+02
-2.127263000000000090e+02
-1.993613000000000000e+02
-2.071574999999999989e+02
-2.101274999999999977e+02
-2.082712999999999965e+02
-2.312888000000000090e+02
-1.967624999999999886e+02
-2.130974999999999966e+02
-2.153249999999999886e+02
-2.064149999999999920e+02
-2.160674999999999955e+02
-2.049300000000000068e+02
-1.967624999999999886e+02
-1.989900000000000091e+02
-2.015886999999999887e+02
-2.201511999999999887e+02
-2.075286999999999864e+02
-2.175525000000000091e+02
-2.260911999999999864e+02
-1.982475000000000023e+02
-2.101274999999999977e+02
-2.127263000000000090e+02
-2.038163000000000125e+02
-2.015886999999999887e+02
-2.301750000000000114e+02
-2.253488000000000113e+02
-2.112412999999999954e+02
-2.056725000000000136e+02
-2.108700000000000045e+02
-2.220074999999999932e+02
-2.060437000000000012e+02
-2.053012999999999977e+02
-2.290612000000000137e+02
-2.253488000000000113e+02
-2.171812999999999931e+02
-2.205225000000000080e+02
-2.142112999999999943e+02
-2.130974999999999966e+02
-2.153249999999999886e+02
-2.171812999999999931e+02
-2.101274999999999977e+02
-2.350012999999999863e+02
-2.227500000000000000e+02
-2.134687999999999874e+02
-2.375999999999999943e+02
-2.413125000000000000e+02
-2.212649999999999864e+02
-2.197800000000000011e+02
-2.223788000000000125e+02
-2.179238000000000000e+02
-2.145825000000000102e+02
-2.171812999999999931e+02
-2.168100000000000023e+02
-2.286899999999999977e+02
-2.012175000000000011e+02
-2.134687999999999874e+02
-2.104987000000000137e+02
-2.127263000000000090e+02
-2.179238000000000000e+02
-2.156963000000000079e+02
-2.138400000000000034e+02
-2.156963000000000079e+02
-2.212649999999999864e+02
-2.097563000000000102e+02
-1.989900000000000091e+02
-2.116125000000000114e+02
-2.309174999999999898e+02
-1.915649999999999977e+02
-1.908224999999999909e+02
-2.253488000000000113e+02
-1.908224999999999909e+02
-2.116125000000000114e+02
-2.116125000000000114e+02
-2.130974999999999966e+02
-2.279474999999999909e+02
-2.134687999999999874e+02
-2.053012999999999977e+02
-2.030737000000000023e+02
-2.079000000000000057e+02
-2.004749999999999943e+02
-2.145825000000000102e+02
-2.123549999999999898e+02
-1.971338000000000079e+02
-2.216362000000000023e+02
-2.142112999999999943e+02
-2.116125000000000114e+02
-2.179238000000000000e+02
-2.524499999999999886e+02
-2.179238000000000000e+02
-2.156963000000000079e+02
-2.320312999999999874e+02
-2.186662000000000035e+02
-2.149538000000000011e+02
-2.387136999999999887e+02
-2.312888000000000090e+02
-2.312888000000000090e+02
-2.253488000000000113e+02
-2.227500000000000000e+02
-2.127263000000000090e+02
-2.301750000000000114e+02
-2.127263000000000090e+02
-2.008463000000000136e+02
-2.138400000000000034e+02
-1.993613000000000000e+02
-2.027024999999999864e+02
-2.053012999999999977e+02
-2.112412999999999954e+02
-2.435399999999999920e+02
-2.268337999999999965e+02
-2.194088000000000136e+02
-2.142112999999999943e+02
-2.179238000000000000e+02
-2.008463000000000136e+02
-1.952775000000000034e+02
-2.294325000000000045e+02
-2.171812999999999931e+02
-2.049300000000000068e+02
-2.145825000000000102e+02
-2.160674999999999955e+02
-2.071574999999999989e+02
-2.156963000000000079e+02
-2.194088000000000136e+02
-2.060437000000000012e+02
-2.242350000000000136e+02
-2.338874999999999886e+02
-2.309174999999999898e+02
-2.130974999999999966e+02
-2.179238000000000000e+02
-2.220074999999999932e+02
-2.090137000000000000e+02
-2.090137000000000000e+02
-2.186662000000000035e+02
-2.079000000000000057e+02
-2.075286999999999864e+02
-2.272050000000000125e+02
-2.390850000000000080e+02
-2.112412999999999954e+02
-2.257199999999999989e+02
-2.335163000000000011e+02
-2.164387999999999863e+02
-2.216362000000000023e+02
-2.279474999999999909e+02
-2.138400000000000034e+02
-2.242350000000000136e+02
-2.164387999999999863e+02
-2.179238000000000000e+02
-2.413125000000000000e+02
-2.394562999999999988e+02
-2.505937999999999874e+02
-2.316599999999999966e+02
-2.398274999999999864e+02
-2.149538000000000011e+02
-2.119836999999999989e+02
-2.101274999999999977e+02
-2.086425000000000125e+02
-2.149538000000000011e+02
-2.368574999999999875e+02
