1.611273999999999944e+02
1.425643000000000029e+02
1.574148000000000138e+02
1.366242000000000019e+02
1.563009999999999877e+02
1.202887000000000057e+02
9.986929999999999552e+01
1.206598999999999933e+02
1.035819000000000045e+02
8.427631999999999834e+01
1.136059999999999945e+02
7.982119000000000142e+01
6.719830000000000325e+01
8.984524999999999295e+01
7.313848000000000127e+01
7.388100000000000023e+01
5.828802999999999912e+01
6.422821000000000424e+01
4.715019000000000204e+01
4.715019000000000204e+01
4.046748000000000189e+01
7.016839000000000226e+01
4.009622999999999848e+01
3.972496000000000294e+01
5.568919999999999959e+01
7.239596000000000231e+01
1.485045000000000037e+01
1.002406000000000041e+01
5.754551000000000016e+01
3.229973999999999990e+01
1.410792999999999964e+01
2.635954999999999870e+01
5.160531999999999897e+01
-3.712500000000000244e-01
6.682704000000000200e+00
4.640767000000000309e+01
3.712613000000000341e+01
6.311442999999999692e+00
-1.707750000000000057e+01
-3.341250000000000053e+00
-1.670625000000000071e+01
-3.044249999999999901e+01
-1.893374999999999986e+01
-3.229874999999999829e+01
-1.670625000000000071e+01
-3.304124999999999801e+01
-3.675374999999999659e+01
-2.635875000000000057e+01
-1.002374999999999972e+01
-4.714874999999999972e+01
-4.269375000000000142e+01
-3.675374999999999659e+01
-4.417875000000000085e+01
-5.160374999999999801e+01
-6.942374999999999829e+01
-3.675374999999999659e+01
-6.199875000000000114e+01
-6.719625000000000625e+01
-5.271750000000000114e+01
-7.684874999999999545e+01
-8.650124999999999886e+01
-6.905249999999999488e+01
-5.234624999999999773e+01
-6.905249999999999488e+01
-9.615375000000000227e+01
-9.875249999999999773e+01
-8.909999999999999432e+01
-9.875249999999999773e+01
-1.084050000000000011e+02
-1.121175000000000068e+02
-9.429749999999999943e+01
-1.054350000000000023e+02
-1.154586999999999932e+02
-1.291949999999999932e+02
-1.340212999999999965e+02
-1.306800000000000068e+02
-1.121175000000000068e+02
-1.585237999999999943e+02
-1.492425000000000068e+02
-1.440449999999999875e+02
-1.570388000000000090e+02
-1.730024999999999977e+02
-1.585237999999999943e+02
-1.629787000000000035e+02
-1.811699999999999875e+02
-1.655774999999999864e+02
-1.726313000000000102e+02
-1.845112000000000023e+02
-1.859961999999999875e+02
-1.819124999999999943e+02
-1.737450000000000045e+02
-1.488711999999999875e+02
-1.485000000000000000e+02
-1.540688000000000102e+02
-1.514699999999999989e+02
-1.540688000000000102e+02
-1.785713000000000079e+02
-1.752299999999999898e+02
-1.737450000000000045e+02
-1.807988000000000000e+02
-1.949062999999999874e+02
-1.800562999999999931e+02
-1.685475000000000136e+02
-1.926787999999999954e+02
-1.722599999999999909e+02
-1.778288000000000011e+02
-2.116125000000000114e+02
-1.644636999999999887e+02
-1.741162999999999954e+02
-1.863675000000000068e+02
-1.600088000000000079e+02
-1.785713000000000079e+02
-1.904512000000000000e+02
-1.937924999999999898e+02
-1.833975000000000080e+02
-2.015886999999999887e+02
-1.900800000000000125e+02
-1.704036999999999864e+02
-1.614937999999999931e+02
-1.473862000000000023e+02
-1.626074999999999875e+02
-1.741162999999999954e+02
-1.288237000000000023e+02
-1.492425000000000068e+02
-1.377336999999999989e+02
-1.470149999999999864e+02
-1.395900000000000034e+02
-1.607512999999999863e+02
-1.588950000000000102e+02
-1.351349999999999909e+02
-1.514699999999999989e+02
-1.525837999999999965e+02
-1.503562000000000012e+02
-1.273388000000000062e+02
-1.459011999999999887e+02
-1.306800000000000068e+02
-1.648350000000000080e+02
-1.577812999999999874e+02
-1.759724999999999966e+02
-1.741162999999999954e+02
-1.637213000000000136e+02
-1.756013000000000090e+02
-1.689187000000000012e+02
-1.666913000000000125e+02
-1.767150000000000034e+02
-1.674336999999999875e+02
-1.644636999999999887e+02
-1.700324999999999989e+02
-1.689187000000000012e+02
-1.819124999999999943e+02
-1.852538000000000125e+02
-1.841399999999999864e+02
-1.648350000000000080e+02
-1.655774999999999864e+02
-1.544399999999999977e+02
-1.362487000000000137e+02
-1.733737000000000137e+02
-1.444162000000000035e+02
-1.440449999999999875e+02
-1.685475000000000136e+02
-1.655774999999999864e+02
-1.548112000000000137e+02
-1.640925000000000011e+02
-1.451588000000000136e+02
-1.466437999999999988e+02
-1.585237999999999943e+02
-1.510988000000000113e+02
-1.451588000000000136e+02
-1.466437999999999988e+02
-1.726313000000000102e+02
-1.507274999999999920e+02
-1.681762999999999977e+02
-1.707750000000000057e+02
-1.459011999999999887e+02
-1.518411999999999864e+02
-1.629787000000000035e+02
-1.518411999999999864e+02
-1.763437999999999874e+02
-1.763437999999999874e+02
-1.414463000000000079e+02
-1.678050000000000068e+02
-1.607512999999999863e+02
-1.395900000000000034e+02
-1.414463000000000079e+02
-1.473862000000000023e+02
-1.377336999999999989e+02
-1.459011999999999887e+02
-1.614937999999999931e+02
-1.633499999999999943e+02
-1.273388000000000062e+02
-1.618650000000000091e+02
-1.518411999999999864e+02
-1.358774999999999977e+02
-1.381049999999999898e+02
-1.436738000000000000e+02
-1.514699999999999989e+02
-1.477574999999999932e+02
-1.525837999999999965e+02
-1.648350000000000080e+02
-1.410749999999999886e+02
-1.481288000000000125e+02
-1.373625000000000114e+02
-1.485000000000000000e+02
-1.392187999999999874e+02
-1.574099999999999966e+02
-1.652062999999999988e+02
-1.507274999999999920e+02
-1.358774999999999977e+02
-1.485000000000000000e+02
-1.577812999999999874e+02
-1.332786999999999864e+02
-1.652062999999999988e+02
-1.655774999999999864e+02
-1.559250000000000114e+02
-1.704036999999999864e+02
-1.640925000000000011e+02
-1.678050000000000068e+02
-1.551825000000000045e+02
-1.536974999999999909e+02
-1.481288000000000125e+02
-1.533262000000000000e+02
-1.459011999999999887e+02
-1.488711999999999875e+02
-1.492425000000000068e+02
-1.622363000000000000e+02
-1.451588000000000136e+02
-1.470149999999999864e+02
-1.611225000000000023e+02
-1.514699999999999989e+02
-1.577812999999999874e+02
-1.447874999999999943e+02
-1.600088000000000079e+02
-1.540688000000000102e+02
-1.481288000000000125e+02
-1.555537999999999954e+02
-1.477574999999999932e+02
-1.559250000000000114e+02
-1.421887999999999863e+02
-1.674336999999999875e+02
-1.562961999999999989e+02
-1.637213000000000136e+02
-1.562961999999999989e+02
-1.566674999999999898e+02
-1.663199999999999932e+02
-1.566674999999999898e+02
-1.588950000000000102e+02
-1.574099999999999966e+02
-1.796850000000000023e+02
-1.685475000000000136e+02
-1.666913000000000125e+02
-1.640925000000000011e+02
-1.670625000000000000e+02
-1.722599999999999909e+02
-1.715175000000000125e+02
-1.692899999999999920e+02
-1.845112000000000023e+02
-1.626074999999999875e+02
-1.551825000000000045e+02
-1.562961999999999989e+02
-1.652062999999999988e+02
-1.674336999999999875e+02
-1.681762999999999977e+02
-1.637213000000000136e+02
-1.689187000000000012e+02
-1.640925000000000011e+02
-1.889661999999999864e+02
-1.744875000000000114e+02
-1.718887000000000000e+02
-1.730024999999999977e+02
-1.841399999999999864e+02
-1.666913000000000125e+02
-1.897087999999999965e+02
-1.737450000000000045e+02
-1.767150000000000034e+02
-1.733737000000000137e+02
-1.826550000000000011e+02
-1.730024999999999977e+02
-1.819124999999999943e+02
-1.793137999999999863e+02
-1.707750000000000057e+02
-1.837687999999999988e+02
-1.752299999999999898e+02
-1.689187000000000012e+02
-1.715175000000000125e+02
-1.911938000000000102e+02
-1.960200000000000102e+02
-1.967624999999999886e+02
-1.986187999999999931e+02
-1.941638000000000090e+02
-1.822838000000000136e+02
-1.878524999999999920e+02
-1.919362000000000137e+02
-1.871100000000000136e+02
-1.971338000000000079e+02
-2.041875000000000000e+02
-1.919362000000000137e+02
-1.971338000000000079e+02
-1.971338000000000079e+02
-1.633499999999999943e+02
-2.012175000000000011e+02
-1.945349999999999966e+02
-1.874812000000000012e+02
-1.941638000000000090e+02
-1.893375000000000057e+02
-1.915649999999999977e+02
-1.978762999999999863e+02
-2.045586999999999875e+02
-1.945349999999999966e+02
-1.871100000000000136e+02
-2.186662000000000035e+02
-2.008463000000000136e+02
-1.960200000000000102e+02
-1.897087999999999965e+02
-1.993613000000000000e+02
-2.008463000000000136e+02
-1.878524999999999920e+02
-2.053012999999999977e+02
-2.079000000000000057e+02
-1.952775000000000034e+02
-1.852538000000000125e+02
-2.108700000000000045e+02
-2.064149999999999920e+02
-1.737450000000000045e+02
-1.581525000000000034e+02
-1.841399999999999864e+02
-1.640925000000000011e+02
-1.781999999999999886e+02
-1.744875000000000114e+02
-1.678050000000000068e+02
-1.707750000000000057e+02
-1.804275000000000091e+02
-1.804275000000000091e+02
-1.555537999999999954e+02
-1.837687999999999988e+02
-1.837687999999999988e+02
-1.666913000000000125e+02
-1.937924999999999898e+02
-1.960200000000000102e+02
-1.811699999999999875e+02
-1.804275000000000091e+02
-1.882238000000000113e+02
-1.897087999999999965e+02
-1.982475000000000023e+02
-1.845112000000000023e+02
-1.830261999999999887e+02
-1.893375000000000057e+02
-1.874812000000000012e+02
-1.882238000000000113e+02
-1.863675000000000068e+02
-1.978762999999999863e+02
-2.190374999999999943e+02
-2.086425000000000125e+02
-1.848824999999999932e+02
-2.008463000000000136e+02
-2.041875000000000000e+02
-1.826550000000000011e+02
-1.871100000000000136e+02
-1.904512000000000000e+02
-2.019600000000000080e+02
-1.867387999999999977e+02
-1.852538000000000125e+02
-1.926787999999999954e+02
-2.123549999999999898e+02
-1.956487999999999943e+02
-1.819124999999999943e+02
-2.175525000000000091e+02
-2.075286999999999864e+02
-1.911938000000000102e+02
-1.945349999999999966e+02
-1.967624999999999886e+02
-2.082712999999999965e+02
-2.012175000000000011e+02
-2.153249999999999886e+02
-1.841399999999999864e+02
-2.134687999999999874e+02
-1.989900000000000091e+02
-1.945349999999999966e+02
-2.119836999999999989e+02
-2.138400000000000034e+02
-1.956487999999999943e+02
-2.130974999999999966e+02
-2.182949999999999875e+02
-2.093849999999999909e+02
-2.101274999999999977e+02
-2.231211999999999875e+02
-2.220074999999999932e+02
-2.290612000000000137e+02
-2.205225000000000080e+02
-2.357437999999999931e+02
-2.283188000000000102e+02
-2.424262999999999977e+02
-2.186662000000000035e+02
-2.260911999999999864e+02
-2.197800000000000011e+02
-2.186662000000000035e+02
-2.324025000000000034e+02
-2.364863000000000000e+02
-2.145825000000000102e+02
-2.275762000000000000e+02
-2.383425000000000011e+02
-2.182949999999999875e+02
-2.090137000000000000e+02
-2.416836999999999875e+02
-2.194088000000000136e+02
-2.220074999999999932e+02
-2.286899999999999977e+02
-2.108700000000000045e+02
-2.049300000000000068e+02
-2.290612000000000137e+02
-2.008463000000000136e+02
-2.127263000000000090e+02
-2.253488000000000113e+02
