-1.828777000000000044e+03
-1.883722999999999956e+03
-1.843256000000000085e+03
-1.865160000000000082e+03
-1.953888999999999896e+03
-1.911194999999999936e+03
-1.904512999999999920e+03
-1.983588999999999942e+03
-1.982846000000000004e+03
-1.959828999999999951e+03
-1.997325000000000045e+03
-1.971337999999999965e+03
-1.975049999999999955e+03
-2.019599999999999909e+03
-2.003265000000000100e+03
-1.969109999999999900e+03
-2.015516000000000076e+03
-2.044103000000000065e+03
-2.015516000000000076e+03
-2.063778999999999996e+03
-2.042617999999999938e+03
-2.038904999999999973e+03
-2.068233999999999924e+03
-2.036676999999999907e+03
-2.056353999999999814e+03
-2.117239000000000033e+03
-2.123179000000000087e+03
-2.124664000000000215e+03
-2.097563000000000102e+03
-2.128748000000000047e+03
-2.091994000000000142e+03
-2.140626999999999953e+03
-2.132088999999999942e+03
-2.112041000000000167e+03
-2.147681000000000040e+03
-2.113896999999999935e+03
-2.100532000000000153e+03
-2.149909000000000106e+03
-2.146568000000000211e+03
-2.154735000000000127e+03
-2.131346000000000004e+03
-2.154735000000000127e+03
-2.145083000000000084e+03
-2.166985999999999876e+03
-2.197800000000000182e+03
-2.144340000000000146e+03
-2.172184000000000196e+03
-2.179237999999999829e+03
-2.124664000000000215e+03
-2.179237999999999829e+03
-2.161045999999999822e+03
-2.180351000000000113e+03
-2.153250000000000000e+03
-2.188146999999999935e+03
-2.205596000000000004e+03
-2.199284999999999854e+03
-2.215248999999999796e+03
-2.200027999999999793e+03
-2.188146999999999935e+03
-2.225643999999999778e+03
-2.191489000000000033e+03
-2.218219000000000051e+03
-2.217105000000000018e+03
-2.226385999999999967e+03
-2.210793999999999869e+03
-2.246434000000000196e+03
-2.211536000000000058e+03
-2.219333000000000084e+03
-2.232697999999999865e+03
-2.225643999999999778e+03
-2.246434000000000196e+03
-2.230469999999999800e+03
-2.220074999999999818e+03
-2.225643999999999778e+03
-2.237523999999999887e+03
-2.206338999999999942e+03
-2.217476000000000113e+03
-2.243092999999999847e+03
-2.226385999999999967e+03
-2.272050000000000182e+03
-2.280217999999999847e+03
-2.246434000000000196e+03
-2.275391000000000076e+03
-2.314373000000000047e+03
-2.242349999999999909e+03
-2.286900000000000091e+03
-2.281331000000000131e+03
-2.256829000000000178e+03
-2.284300999999999931e+03
-2.281702999999999975e+03
-2.240123000000000047e+03
-2.266853000000000065e+03
-2.275391000000000076e+03
-2.247547999999999774e+03
-2.227128999999999905e+03
-2.253115999999999985e+03
-2.228985000000000127e+03
-2.243092999999999847e+03
-2.258684999999999945e+03
-2.265367000000000189e+03
-2.241606999999999971e+03
-2.275762000000000171e+03
-2.259427000000000135e+03
-2.225643999999999778e+03
-2.250889000000000124e+03
-2.265739000000000033e+03
-2.224159000000000106e+03
-2.263882999999999811e+03
-2.264625000000000000e+03
-2.215248999999999796e+03
-2.224900999999999840e+03
-2.233440000000000055e+03
-2.167728999999999814e+03
-2.197800000000000182e+03
-2.235666999999999916e+03
-2.150280000000000200e+03
-2.195572999999999865e+03
-2.220445999999999913e+03
-2.160304000000000087e+03
-2.199655999999999949e+03
-2.227128999999999905e+03
-2.173297999999999774e+03
-2.231211999999999989e+03
-2.199655999999999949e+03
-2.190003999999999905e+03
-2.234554000000000087e+03
-2.236039000000000215e+03
-2.196686000000000149e+03
-2.218219000000000051e+03
-2.248289999999999964e+03
-2.214505999999999858e+03
-2.241606999999999971e+03
-2.257199999999999818e+03
-2.220818000000000211e+03
-2.231211999999999989e+03
-2.210793999999999869e+03
-2.208938000000000102e+03
-2.238266000000000076e+03
-2.229728000000000065e+03
-2.241606999999999971e+03
-2.251260000000000218e+03
-2.230840999999999894e+03
-2.209309000000000196e+03
-2.241235999999999876e+03
-2.241606999999999971e+03
-2.220445999999999913e+03
-2.251260000000000218e+03
-2.252744999999999891e+03
-2.265739000000000033e+03
-2.250146000000000186e+03
-2.253487999999999829e+03
-2.230840999999999894e+03
-2.211907000000000153e+03
-2.252744999999999891e+03
-2.237894999999999982e+03
-2.231211999999999989e+03
-2.256085999999999785e+03
-2.231583999999999833e+03
-2.197429000000000087e+03
-2.243835000000000036e+03
-2.251630999999999858e+03
-2.195572999999999865e+03
-2.228614000000000033e+03
-2.197800000000000182e+03
-2.202998000000000047e+03
-2.208565999999999804e+03
-2.255344000000000051e+03
-2.202626000000000204e+03
-2.226014999999999873e+03
-2.236039000000000215e+03
-2.254601000000000113e+03
-2.217847000000000207e+03
-2.234925000000000182e+03
-2.214135000000000218e+03
-2.244206000000000131e+03
-2.257570999999999913e+03
-2.244206000000000131e+03
-2.245320000000000164e+03
-2.245690999999999804e+03
-2.235295999999999822e+03
-2.262025999999999840e+03
-2.229356000000000222e+03
-2.273164000000000215e+03
-2.271679000000000087e+03
-2.271679000000000087e+03
-2.278731999999999971e+03
-2.249775000000000091e+03
-2.275762000000000171e+03
-2.254972000000000207e+03
-2.289498999999999796e+03
-2.248661000000000058e+03
-2.263510999999999967e+03
-2.308061000000000149e+03
-2.281702999999999975e+03
-2.274277999999999793e+03
-2.296923999999999978e+03
-2.309916999999999916e+03
-2.300264999999999873e+03
-2.299521999999999935e+03
-2.276876000000000204e+03
-2.283188000000000102e+03
-2.262396999999999935e+03
-2.296923999999999978e+03
-2.249403999999999996e+03
-2.296923999999999978e+03
-2.248289999999999964e+03
-2.241606999999999971e+03
-2.309175000000000182e+03
-2.250518000000000029e+03
-2.241606999999999971e+03
-2.241235999999999876e+03
-2.270193999999999960e+03
-2.238637000000000171e+03
-2.260541000000000167e+03
-2.273164000000000215e+03
-2.214505999999999858e+03
-2.282815999999999804e+03
-2.272420999999999822e+03
-2.264625000000000000e+03
-2.258684999999999945e+03
-2.276505000000000109e+03
-2.249032000000000153e+03
-2.267224000000000160e+03
-2.290983999999999924e+03
-2.241978999999999814e+03
-2.252373999999999796e+03
-2.317713999999999942e+03
-2.258684999999999945e+03
-2.288755999999999858e+03
-2.297295000000000073e+03
-2.247175999999999931e+03
-2.271679000000000087e+03
-2.309545999999999822e+03
-2.263882999999999811e+03
-2.262396999999999935e+03
-2.307690000000000055e+03
-2.276876000000000204e+03
-2.271307999999999993e+03
-2.289498999999999796e+03
-2.262025999999999840e+03
-2.300264999999999873e+03
-2.326623999999999796e+03
-2.265367000000000189e+03
-2.264996000000000095e+03
-2.314744000000000142e+03
-2.289869999999999891e+03
-2.311773999999999887e+03
-2.302492000000000189e+03
-2.326251999999999953e+03
-2.309916999999999916e+03
-2.300635999999999967e+03
-2.286157000000000153e+03
-2.288014000000000124e+03
-2.296181000000000040e+03
-2.314744000000000142e+03
-2.314001000000000204e+03
-2.330335999999999785e+03
-2.331449999999999818e+03
-2.286528999999999996e+03
-2.327737999999999829e+03
-2.345186000000000149e+03
-2.307318999999999960e+03
-2.331820999999999913e+03
-2.324768000000000029e+03
-2.311030999999999949e+03
-2.298038000000000011e+03
-2.335534000000000106e+03
-2.325139000000000124e+03
-2.304719999999999800e+03
-2.346670999999999822e+03
-2.322539999999999964e+03
-2.351869000000000142e+03
-2.359664999999999964e+03
-2.314001000000000204e+03
-2.321425999999999931e+03
-2.356324000000000069e+03
-2.344815000000000055e+03
-2.358179999999999836e+03
-2.338875000000000000e+03
-2.355210000000000036e+03
-2.356324000000000069e+03
-2.352239999999999782e+03
-2.327737999999999829e+03
-2.360036000000000058e+03
-2.367833000000000084e+03
-2.347784999999999854e+03
-2.382682999999999993e+03
-2.365233999999999924e+03
-2.367460999999999785e+03
-2.371916000000000167e+03
-2.404215000000000146e+03
-2.366719000000000051e+03
-2.389364999999999782e+03
-2.373030000000000200e+03
-2.373400999999999840e+03
-2.364490999999999985e+03
-2.390478999999999814e+03
-2.350384000000000015e+03
-2.356324000000000069e+03
-2.365976000000000113e+03
-2.342958999999999833e+03
-2.364490999999999985e+03
-2.377856000000000222e+03
-2.369318000000000211e+03
-2.391221000000000004e+03
-2.412753999999999905e+03
-2.391963999999999942e+03
-2.390478999999999814e+03
-2.394190999999999804e+03
-2.378969999999999800e+03
-2.386766000000000076e+03
-2.411268999999999778e+03
-2.390849999999999909e+03
-2.363748999999999796e+03
-2.421291999999999916e+03
-2.391963999999999942e+03
-2.393449000000000069e+03
-2.412010999999999967e+03
-2.397532000000000153e+03
-2.418693999999999960e+03
-2.427231999999999971e+03
-2.389735999999999876e+03
-2.417579999999999927e+03
-2.422405999999999949e+03
-2.388994000000000142e+03
-2.406070999999999913e+03
-2.447280000000000200e+03
-2.423519999999999982e+03
-2.443195999999999913e+03
-2.426489999999999782e+03
-2.427603999999999814e+03
-2.408298999999999978e+03
-2.437998999999999796e+03
-2.439483999999999924e+03
-2.435400000000000091e+03
-2.463985999999999876e+03
-2.428346000000000004e+03
-2.427974999999999909e+03
-2.450621000000000095e+03
-2.419807999999999993e+03
-2.451364000000000033e+03
-2.475494999999999891e+03
-2.453219999999999800e+03
-2.437255999999999858e+03
-2.476980000000000018e+03
-2.454333999999999833e+03
-2.467699000000000069e+03
-2.484034000000000106e+03
-2.474380999999999858e+03
-2.461016000000000076e+03
-2.494057999999999993e+03
-2.475865999999999985e+03
-2.447280000000000200e+03
-2.477351000000000113e+03
-2.479208000000000084e+03
-2.461016000000000076e+03
-2.478465000000000146e+03
-2.497027999999999793e+03
-2.493315000000000055e+03
-2.507422999999999774e+03
-2.502596000000000004e+03
-2.495914000000000215e+03
-2.520788000000000011e+03
-2.509278999999999996e+03
-2.478094000000000051e+03
-2.485146999999999935e+03
-2.507422999999999774e+03
-2.505565999999999804e+03
-2.518559999999999945e+03
-2.528211999999999989e+03
-2.511135000000000218e+03
-2.532666999999999916e+03
-2.542320000000000164e+03
-2.531182999999999993e+03
-2.514476000000000113e+03
-2.535637000000000171e+03
-2.530068999999999960e+03
-2.541206000000000131e+03
-2.566451000000000022e+03
-2.564965999999999894e+03
-2.546403999999999996e+03
-2.575360999999999876e+03
-2.545289999999999964e+03
-2.570534999999999854e+03
-2.599121000000000095e+03
-2.560139999999999873e+03
-2.600235000000000127e+03
-2.603576000000000022e+03
-2.590954000000000178e+03
-2.539349999999999909e+03
-2.573505000000000109e+03
-2.535266000000000076e+03
-2.553085999999999785e+03
-2.582414999999999964e+03
-2.561996000000000095e+03
-2.572762000000000171e+03
-2.574619000000000142e+03
-2.570905999999999949e+03
-2.590583000000000084e+03
-2.590210999999999785e+03
-2.563481000000000222e+03
-2.593923999999999978e+03
-2.596521999999999935e+03
-2.603576000000000022e+03
-2.593181000000000040e+03
-2.612485999999999876e+03
-2.604690000000000055e+03
-2.612485999999999876e+03
-2.633275999999999840e+03
-2.593923999999999978e+03
-2.628820999999999913e+03
-2.643300000000000182e+03
