-1.789796000000000049e+03
-1.751185999999999922e+03
-1.710720000000000027e+03
-1.759354000000000042e+03
-1.757125999999999976e+03
-1.770490999999999985e+03
-1.753785000000000082e+03
-1.742646999999999935e+03
-1.799819999999999936e+03
-1.779401000000000067e+03
-1.792394999999999982e+03
-1.719630000000000109e+03
-1.801675999999999931e+03
-1.797221000000000004e+03
-1.779401000000000067e+03
-1.830634000000000015e+03
-1.821723999999999933e+03
-1.846597999999999956e+03
-1.850681000000000040e+03
-1.858105999999999995e+03
-1.830262999999999920e+03
-1.844369999999999891e+03
-1.874069999999999936e+03
-1.852909000000000106e+03
-1.907854000000000042e+03
-1.891519000000000005e+03
-1.911566000000000031e+03
-1.925301999999999907e+03
-1.934954999999999927e+03
-1.935326000000000022e+03
-1.933098999999999933e+03
-1.996953999999999951e+03
-1.918990999999999985e+03
-1.988786000000000058e+03
-1.918990999999999985e+03
-1.962426999999999907e+03
-1.953518000000000029e+03
-1.958714999999999918e+03
-1.957972999999999956e+03
-1.980248000000000047e+03
-1.996211000000000013e+03
-1.934954999999999927e+03
-1.990270999999999958e+03
-1.990270999999999958e+03
-1.998809999999999945e+03
-1.994355000000000018e+03
-2.029624000000000024e+03
-1.987672000000000025e+03
-2.068605000000000018e+03
-2.020713999999999942e+03
-2.005492999999999938e+03
-2.001409000000000106e+03
-2.019971000000000004e+03
-2.035934999999999945e+03
-2.024797000000000025e+03
-2.015516000000000076e+03
-1.987672000000000025e+03
-2.031851000000000113e+03
-2.052641000000000076e+03
-2.007348999999999933e+03
-2.034078999999999951e+03
-1.998439000000000078e+03
-2.036676999999999907e+03
-2.017373000000000047e+03
-2.065264000000000124e+03
-2.026653999999999996e+03
-2.037048999999999978e+03
-2.093478999999999814e+03
-2.036306000000000040e+03
-2.060065999999999804e+03
-2.086425000000000182e+03
-2.071204000000000178e+03
-2.088280999999999949e+03
-2.079000000000000000e+03
-2.099789999999999964e+03
-2.083454999999999927e+03
-2.102760000000000218e+03
-2.061179999999999836e+03
-2.070833000000000084e+03
-2.106101000000000113e+03
-2.079371000000000095e+03
-2.101275000000000091e+03
-2.119094999999999800e+03
-2.091251000000000204e+03
-2.102760000000000218e+03
-2.146938999999999851e+03
-2.121693999999999960e+03
-2.091994000000000142e+03
-2.120579999999999927e+03
-2.127634000000000015e+03
-2.153250000000000000e+03
-2.149909000000000106e+03
-2.138400000000000091e+03
-2.099789999999999964e+03
-2.167356999999999971e+03
-2.201141000000000076e+03
-2.157333999999999833e+03
-2.168471000000000004e+03
-2.151764999999999873e+03
-2.111670000000000073e+03
-2.171813000000000102e+03
-2.141740999999999985e+03
-2.161416999999999916e+03
-2.130231999999999971e+03
-2.171813000000000102e+03
-2.116867000000000189e+03
-2.178865999999999985e+03
-2.194829999999999927e+03
-2.177380999999999858e+03
-2.172184000000000196e+03
-2.172925999999999931e+03
-2.179608999999999924e+03
-2.207824000000000069e+03
-2.191860000000000127e+03
-2.192974000000000160e+03
-2.190375000000000000e+03
-2.218960999999999785e+03
-2.193344999999999800e+03
-2.198170999999999822e+03
-2.215990999999999985e+03
-2.190375000000000000e+03
-2.197057999999999993e+03
-2.211164999999999964e+03
-2.181835999999999785e+03
-2.185548999999999978e+03
-2.238637000000000171e+03
-2.206710000000000036e+03
-2.246063000000000102e+03
-2.236780999999999949e+03
-2.231954999999999927e+03
-2.238266000000000076e+03
-2.222302000000000135e+03
-2.235666999999999916e+03
-2.217847000000000207e+03
-2.254230000000000018e+03
-2.234554000000000087e+03
-2.254230000000000018e+03
-2.282074000000000069e+03
-2.265739000000000033e+03
-2.274648999999999887e+03
-2.274648999999999887e+03
-2.266110000000000127e+03
-2.266110000000000127e+03
-2.276505000000000109e+03
-2.269079999999999927e+03
-2.272420999999999822e+03
-2.273905999999999949e+03
-2.253858999999999924e+03
-2.279103999999999814e+03
-2.278731999999999971e+03
-2.292840000000000146e+03
-2.252373999999999796e+03
-2.284672999999999774e+03
-2.268336999999999989e+03
-2.309916999999999916e+03
-2.302864000000000033e+03
-2.312144999999999982e+03
-2.286528999999999996e+03
-2.331449999999999818e+03
-2.318827999999999975e+03
-2.291726000000000113e+03
-2.312887000000000171e+03
-2.314001000000000204e+03
-2.329222000000000207e+03
-2.303606000000000222e+03
-2.320313000000000102e+03
-2.311773999999999887e+03
-2.347041999999999916e+03
-2.307690000000000055e+03
-2.314744000000000142e+03
-2.338132999999999811e+03
-2.321797999999999774e+03
-2.334791000000000167e+03
-2.323282000000000153e+03
-2.331449999999999818e+03
-2.319199000000000069e+03
-2.313630000000000109e+03
-2.357065999999999804e+03
-2.283929999999999836e+03
-2.312887000000000171e+03
-2.364490999999999985e+03
-2.299893999999999778e+03
-2.329594000000000051e+03
-2.329594000000000051e+03
-2.314373000000000047e+03
-2.316599999999999909e+03
-2.320684000000000196e+03
-2.311030999999999949e+03
-2.313630000000000109e+03
-2.318456000000000131e+03
-2.332193000000000211e+03
-2.317713999999999942e+03
-2.333677000000000135e+03
-2.327737999999999829e+03
-2.308061000000000149e+03
-2.331820999999999913e+03
-2.329965000000000146e+03
-2.326994999999999891e+03
-2.366719000000000051e+03
-2.338503999999999905e+03
-2.322168999999999869e+03
-2.355952999999999975e+03
-2.324396000000000186e+03
-2.311030999999999949e+03
-2.342958999999999833e+03
-2.309916999999999916e+03
-2.328851000000000113e+03
-2.350755000000000109e+03
-2.347784999999999854e+03
-2.338875000000000000e+03
-2.338132999999999811e+03
-2.334048999999999978e+03
-2.328108999999999924e+03
-2.329222000000000207e+03
-2.361150000000000091e+03
-2.312516000000000076e+03
-2.330708000000000084e+03
-2.337018999999999778e+03
-2.313630000000000109e+03
-2.347784999999999854e+03
-2.314744000000000142e+03
-2.314744000000000142e+03
-2.346670999999999822e+03
-2.337760999999999967e+03
-2.315114999999999782e+03
-2.339246000000000095e+03
-2.358550999999999931e+03
-2.319570000000000164e+03
-2.342586999999999989e+03
-2.352981999999999971e+03
-2.321797999999999774e+03
-2.354096000000000004e+03
-2.331449999999999818e+03
-2.314373000000000047e+03
-2.302492000000000189e+03
-2.367833000000000084e+03
-2.311773999999999887e+03
-2.346300000000000182e+03
-2.332563999999999851e+03
-2.309916999999999916e+03
-2.361521000000000186e+03
-2.345929000000000087e+03
-2.345557999999999993e+03
-2.336275999999999840e+03
-2.352239999999999782e+03
-2.335163000000000011e+03
-2.360407000000000153e+03
-2.372659000000000106e+03
-2.360407000000000153e+03
-2.358922999999999774e+03
-2.354096000000000004e+03
-2.382682999999999993e+03
-2.341844999999999800e+03
-2.381197999999999865e+03
-2.342586999999999989e+03
-2.380826000000000022e+03
-2.363748999999999796e+03
-2.344815000000000055e+03
-2.364862999999999829e+03
-2.365233999999999924e+03
-2.363748999999999796e+03
-2.349641000000000076e+03
-2.380826000000000022e+03
-2.371916000000000167e+03
-2.396418999999999869e+03
-2.365605000000000018e+03
-2.381568999999999960e+03
-2.372288000000000011e+03
-2.374885999999999967e+03
-2.378599000000000160e+03
-2.381197999999999865e+03
-2.411639999999999873e+03
-2.350755000000000109e+03
-2.394934000000000196e+03
-2.419436000000000149e+03
-2.383054000000000087e+03
-2.389364999999999782e+03
-2.412382999999999811e+03
-2.373771999999999935e+03
-2.377485000000000127e+03
-2.383054000000000087e+03
-2.371173999999999978e+03
-2.386394999999999982e+03
-2.417951000000000022e+03
-2.404215000000000146e+03
-2.355581000000000131e+03
-2.390849999999999909e+03
-2.397161000000000058e+03
-2.361150000000000091e+03
-2.418693999999999960e+03
-2.380083999999999833e+03
-2.388994000000000142e+03
-2.396789999999999964e+03
-2.417579999999999927e+03
-2.385652999999999793e+03
-2.422777999999999793e+03
-2.393077999999999975e+03
-2.396047999999999774e+03
-2.398646000000000186e+03
-2.414610000000000127e+03
-2.409041000000000167e+03
-2.417951000000000022e+03
-2.433172999999999774e+03
-2.391963999999999942e+03
-2.412010999999999967e+03
-2.401615999999999985e+03
-2.404958000000000084e+03
-2.427603999999999814e+03
-2.414981000000000222e+03
-2.432059000000000196e+03
-2.420179000000000087e+03
-2.429831000000000131e+03
-2.438369999999999891e+03
-2.440969000000000051e+03
-2.453590999999999894e+03
-2.423519999999999982e+03
-2.429831000000000131e+03
-2.476608999999999924e+03
-2.456561000000000149e+03
-2.452478000000000065e+03
-2.477351000000000113e+03
-2.435400000000000091e+03
-2.448393999999999778e+03
-2.497398999999999887e+03
-2.442824999999999818e+03
-2.443568000000000211e+03
-2.445052000000000135e+03
-2.452478000000000065e+03
-2.442083000000000084e+03
-2.469925999999999931e+03
-2.417951000000000022e+03
-2.479579000000000178e+03
-2.465099999999999909e+03
-2.441340000000000146e+03
-2.462501000000000204e+03
-2.458416999999999916e+03
-2.477722000000000207e+03
-2.438740999999999985e+03
-2.475123999999999796e+03
-2.463985999999999876e+03
-2.461016000000000076e+03
-2.484405000000000200e+03
-2.444309999999999945e+03
-2.441710999999999785e+03
-2.474010000000000218e+03
-2.484775999999999840e+03
-2.456561000000000149e+03
-2.522271999999999935e+03
-2.478094000000000051e+03
-2.455447999999999865e+03
-2.506309000000000196e+03
-2.501110999999999876e+03
-2.476237999999999829e+03
-2.467699000000000069e+03
-2.499255000000000109e+03
-2.464356999999999971e+03
-2.483291000000000167e+03
-2.487746000000000095e+03
-2.502967999999999847e+03
-2.481434999999999945e+03
-2.489231000000000222e+03
-2.497027999999999793e+03
-2.506309000000000196e+03
-2.505565999999999804e+03
-2.482920000000000073e+03
-2.484034000000000106e+03
-2.493315000000000055e+03
-2.513733999999999924e+03
-2.487375000000000000e+03
-2.479949999999999818e+03
-2.495170999999999822e+03
-2.477722000000000207e+03
-2.517818000000000211e+03
-2.483663000000000011e+03
-2.520045000000000073e+03
-2.500369000000000142e+03
-2.507422999999999774e+03
-2.474751999999999953e+03
-2.507422999999999774e+03
-2.499626000000000204e+03
-2.511135000000000218e+03
-2.512990999999999985e+03
-2.486632999999999811e+03
-2.526356000000000222e+03
-2.511135000000000218e+03
-2.512619999999999891e+03
-2.522271999999999935e+03
-2.529697999999999865e+03
-2.521530000000000200e+03
-2.504452999999999975e+03
-2.521530000000000200e+03
-2.522643999999999778e+03
-2.529697999999999865e+03
-2.536009000000000015e+03
-2.505565999999999804e+03
-2.535637000000000171e+03
-2.550115999999999985e+03
-2.526356000000000222e+03
-2.510021000000000186e+03
-2.550858999999999924e+03
-2.532666999999999916e+03
-2.527099000000000160e+03
-2.544175999999999931e+03
-2.524500000000000000e+03
-2.543804999999999836e+03
-2.534152999999999793e+03
-2.536380000000000109e+03
-2.528583999999999833e+03
-2.564965999999999894e+03
-2.537864999999999782e+03
-2.530068999999999960e+03
-2.534152999999999793e+03
