-4.510688000000000102e+02
-4.377038000000000011e+02
-4.703736999999999853e+02
-4.536675000000000182e+02
-4.410450000000000159e+02
-4.707450000000000045e+02
-4.703736999999999853e+02
-4.685174999999999841e+02
-4.696313000000000102e+02
-4.777988000000000284e+02
-4.536675000000000182e+02
-4.952475000000000023e+02
-4.763138000000000147e+02
-4.748288000000000011e+02
-5.056424999999999841e+02
-5.078700000000000045e+02
-4.674037000000000148e+02
-4.952475000000000023e+02
-4.777988000000000284e+02
-4.978462999999999852e+02
-5.078700000000000045e+02
-4.881938000000000102e+02
-5.041575000000000273e+02
-5.067563000000000102e+02
-4.744574999999999818e+02
-4.837388000000000261e+02
-5.086125000000000114e+02
-4.878224999999999909e+02
-4.967325000000000159e+02
-4.974750000000000227e+02
-5.052712000000000216e+02
-4.963613000000000284e+02
-4.974750000000000227e+02
-4.971037999999999784e+02
-5.204924999999999500e+02
-5.048999999999999773e+02
-4.948763000000000147e+02
-4.945049999999999955e+02
-5.048999999999999773e+02
-4.818824999999999932e+02
-4.937624999999999886e+02
-5.089837999999999738e+02
-5.000738000000000056e+02
-4.796549999999999727e+02
-5.067563000000000102e+02
-4.963613000000000284e+02
-4.811399999999999864e+02
-5.086125000000000114e+02
-4.785412999999999784e+02
-4.963613000000000284e+02
-5.204924999999999500e+02
-4.848525000000000205e+02
-4.692599999999999909e+02
-5.334863000000000284e+02
-4.863374999999999773e+02
-4.703736999999999853e+02
-4.707450000000000045e+02
-4.800262000000000171e+02
-4.640625000000000000e+02
-4.789125000000000227e+02
-4.636913000000000125e+02
-4.655475000000000136e+02
-4.815113000000000056e+02
-4.800262000000000171e+02
-4.629488000000000056e+02
-4.614637000000000171e+02
-4.607212999999999852e+02
-4.889361999999999853e+02
-4.692599999999999909e+02
-4.848525000000000205e+02
-4.763138000000000147e+02
-5.004449999999999932e+02
-4.599787999999999784e+02
-4.714875000000000114e+02
-4.948763000000000147e+02
-4.911637999999999806e+02
-4.718587999999999738e+02
-4.726012999999999806e+02
-5.256900000000000546e+02
-4.677749999999999773e+02
-4.878224999999999909e+02
-5.093550000000000182e+02
-4.863374999999999773e+02
-4.737149999999999750e+02
-4.930199999999999818e+02
-4.807687999999999988e+02
-5.000738000000000056e+02
-5.201213000000000193e+02
-4.514399999999999977e+02
-4.907925000000000182e+02
-5.074986999999999853e+02
-4.852237999999999829e+02
-4.893075000000000045e+02
-5.060138000000000034e+02
-4.829961999999999875e+02
-4.971037999999999784e+02
-5.008163000000000125e+02
-5.078700000000000045e+02
-4.941338000000000079e+02
-4.811399999999999864e+02
-4.952475000000000023e+02
-4.837388000000000261e+02
-4.900500000000000114e+02
-4.818824999999999932e+02
-5.011875000000000000e+02
-4.978462999999999852e+02
-5.045287000000000148e+02
-4.997024999999999864e+02
-4.997024999999999864e+02
-5.108399999999999750e+02
-5.078700000000000045e+02
-5.264325000000000045e+02
-5.100975000000000250e+02
-5.201213000000000193e+02
-5.216063000000000329e+02
-5.349713000000000420e+02
-5.327437999999999647e+02
-5.524199999999999591e+02
-5.264325000000000045e+02
-5.067563000000000102e+02
-5.230911999999999580e+02
-5.282888000000000375e+02
-5.297736999999999625e+02
-4.930199999999999818e+02
-5.123250000000000455e+02
-5.123250000000000455e+02
-5.156662999999999784e+02
-5.045287000000000148e+02
-5.060138000000000034e+02
-5.260612999999999602e+02
-5.108399999999999750e+02
-5.108399999999999750e+02
-5.412825000000000273e+02
-5.364561999999999671e+02
-5.264325000000000045e+02
-5.130674999999999955e+02
-5.171512000000000171e+02
-5.379412999999999556e+02
-5.164088000000000420e+02
-4.978462999999999852e+02
-5.015586999999999875e+02
-5.446237999999999602e+02
-5.145525000000000091e+02
-5.000738000000000056e+02
-5.349713000000000420e+02
-5.282888000000000375e+02
-4.926487000000000194e+02
-5.023013000000000261e+02
-5.290312999999999874e+02
-5.008163000000000125e+02
-5.149238000000000284e+02
-5.008163000000000125e+02
-5.126961999999999762e+02
-5.000738000000000056e+02
-5.216063000000000329e+02
-5.182649999999999864e+02
-5.115824999999999818e+02
-5.134388000000000147e+02
-4.844812999999999761e+02
-4.870799999999999841e+02
-4.989599999999999795e+02
-4.926487000000000194e+02
-4.833675000000000068e+02
-5.045287000000000148e+02
-4.904212999999999738e+02
-5.100975000000000250e+02
-4.811399999999999864e+02
-4.833675000000000068e+02
-4.848525000000000205e+02
-5.212350000000000136e+02
-4.993312999999999988e+02
-4.748288000000000011e+02
-4.967325000000000159e+02
-4.971037999999999784e+02
-4.744574999999999818e+02
-4.700024999999999977e+02
-4.829961999999999875e+02
-4.844812999999999761e+02
-4.833675000000000068e+02
-4.770561999999999898e+02
-4.848525000000000205e+02
-4.878224999999999909e+02
-4.815113000000000056e+02
-4.878224999999999909e+02
-5.197500000000000000e+02
-4.863374999999999773e+02
-4.692599999999999909e+02
-4.933913000000000011e+02
-4.844812999999999761e+02
-4.963613000000000284e+02
-5.060138000000000034e+02
-4.867087000000000216e+02
-4.777988000000000284e+02
-5.048999999999999773e+02
-4.785412999999999784e+02
-4.989599999999999795e+02
-4.956186999999999898e+02
-4.751999999999999886e+02
-4.751999999999999886e+02
-4.911637999999999806e+02
-4.919062999999999874e+02
-4.748288000000000011e+02
-4.844812999999999761e+02
-4.863374999999999773e+02
-4.841100000000000136e+02
-4.982174999999999727e+02
-4.733437999999999874e+02
-4.789125000000000227e+02
-4.989599999999999795e+02
-4.733437999999999874e+02
-4.703736999999999853e+02
-5.060138000000000034e+02
-5.037862999999999829e+02
-4.748288000000000011e+02
-4.588650000000000091e+02
-4.915350000000000250e+02
-5.030437999999999761e+02
-4.714875000000000114e+02
-4.789125000000000227e+02
-4.811399999999999864e+02
-4.688888000000000034e+02
-4.837388000000000261e+02
-4.662900000000000205e+02
-5.149238000000000284e+02
-4.933913000000000011e+02
-4.729725000000000250e+02
-4.915350000000000250e+02
-4.692599999999999909e+02
-4.781700000000000159e+02
-5.063849999999999909e+02
-4.722300000000000182e+02
-4.930199999999999818e+02
-5.019300000000000068e+02
-4.755713000000000079e+02
-4.837388000000000261e+02
-4.993312999999999988e+02
-4.763138000000000147e+02
-4.659187999999999761e+02
-4.826250000000000000e+02
-4.544100000000000250e+02
-4.688888000000000034e+02
-4.714875000000000114e+02
-4.532962999999999738e+02
-4.855950000000000273e+02
-4.870799999999999841e+02
-4.681462000000000216e+02
-4.674037000000000148e+02
-4.885649999999999977e+02
-4.696313000000000102e+02
-4.900500000000000114e+02
-4.803974999999999795e+02
-4.688888000000000034e+02
-4.811399999999999864e+02
-4.777988000000000284e+02
-4.796549999999999727e+02
-4.874513000000000034e+02
-4.863374999999999773e+02
-4.904212999999999738e+02
-4.696313000000000102e+02
-4.829961999999999875e+02
-4.941338000000000079e+02
-4.759424999999999955e+02
-4.763138000000000147e+02
-5.056424999999999841e+02
-4.863374999999999773e+02
-4.844812999999999761e+02
-4.911637999999999806e+02
-4.599787999999999784e+02
-5.089837999999999738e+02
-5.052712000000000216e+02
-4.789125000000000227e+02
-5.108399999999999750e+02
-5.000738000000000056e+02
-4.777988000000000284e+02
-4.904212999999999738e+02
-4.956186999999999898e+02
-4.759424999999999955e+02
-4.681462000000000216e+02
-4.748288000000000011e+02
-4.959900000000000091e+02
-4.651763000000000261e+02
-4.811399999999999864e+02
-4.733437999999999874e+02
-4.796549999999999727e+02
-4.844812999999999761e+02
-4.881938000000000102e+02
-4.989599999999999795e+02
-4.807687999999999988e+02
-4.841100000000000136e+02
-4.629488000000000056e+02
-4.844812999999999761e+02
-4.841100000000000136e+02
-4.792837999999999852e+02
-4.841100000000000136e+02
-4.733437999999999874e+02
-4.770561999999999898e+02
-4.841100000000000136e+02
-4.800262000000000171e+02
-4.740862000000000194e+02
-4.785412999999999784e+02
-4.707450000000000045e+02
-4.644336999999999875e+02
-4.770561999999999898e+02
-4.726012999999999806e+02
-4.607212999999999852e+02
-4.740862000000000194e+02
-4.800262000000000171e+02
-4.599787999999999784e+02
-4.785412999999999784e+02
-4.700024999999999977e+02
-4.674037000000000148e+02
-4.937624999999999886e+02
-4.740862000000000194e+02
-4.651763000000000261e+02
-4.729725000000000250e+02
-4.692599999999999909e+02
-4.796549999999999727e+02
-4.733437999999999874e+02
-4.881938000000000102e+02
-4.785412999999999784e+02
-4.785412999999999784e+02
-4.807687999999999988e+02
-4.751999999999999886e+02
-4.740862000000000194e+02
-4.666612999999999829e+02
-4.685174999999999841e+02
-4.855950000000000273e+02
-4.941338000000000079e+02
-4.777988000000000284e+02
-4.885649999999999977e+02
-4.714875000000000114e+02
-4.785412999999999784e+02
-4.737149999999999750e+02
-4.922774999999999750e+02
-4.640625000000000000e+02
-4.803974999999999795e+02
-4.740862000000000194e+02
-4.655475000000000136e+02
-4.863374999999999773e+02
-4.815113000000000056e+02
-4.751999999999999886e+02
-4.822538000000000125e+02
-4.755713000000000079e+02
-4.781700000000000159e+02
-4.711161999999999921e+02
-4.718587999999999738e+02
-4.744574999999999818e+02
-4.826250000000000000e+02
-4.681462000000000216e+02
-4.711161999999999921e+02
-4.833675000000000068e+02
-4.703736999999999853e+02
-4.707450000000000045e+02
-4.874513000000000034e+02
-4.666612999999999829e+02
-4.900500000000000114e+02
-4.997024999999999864e+02
-5.037862999999999829e+02
-4.952475000000000023e+02
-4.844812999999999761e+02
-4.837388000000000261e+02
-4.989599999999999795e+02
-4.881938000000000102e+02
-4.859662000000000148e+02
-4.703736999999999853e+02
-4.885649999999999977e+02
-5.004449999999999932e+02
-4.670325000000000273e+02
-4.766850000000000023e+02
-4.956186999999999898e+02
-4.707450000000000045e+02
-4.867087000000000216e+02
-4.904212999999999738e+02
-4.711161999999999921e+02
-4.822538000000000125e+02
-4.818824999999999932e+02
-4.837388000000000261e+02
-4.889361999999999853e+02
-4.826250000000000000e+02
-4.759424999999999955e+02
-4.919062999999999874e+02
-4.941338000000000079e+02
-4.904212999999999738e+02
-4.889361999999999853e+02
-4.885649999999999977e+02
-4.811399999999999864e+02
-4.881938000000000102e+02
-4.874513000000000034e+02
-4.885649999999999977e+02
-4.926487000000000194e+02
-4.893075000000000045e+02
-4.841100000000000136e+02
-4.989599999999999795e+02
-4.956186999999999898e+02
-4.700024999999999977e+02
-4.785412999999999784e+02
-4.803974999999999795e+02
-4.774275000000000091e+02
-4.844812999999999761e+02
-4.796549999999999727e+02
-4.770561999999999898e+02
-4.919062999999999874e+02
-4.978462999999999852e+02
-4.729725000000000250e+02
-4.800262000000000171e+02
-5.019300000000000068e+02
-4.766850000000000023e+02
-4.644336999999999875e+02
-5.060138000000000034e+02
-4.700024999999999977e+02
-4.792837999999999852e+02
-4.878224999999999909e+02
