-2.561625000000000085e+01
-4.603499999999999659e+01
-2.301749999999999829e+01
-5.420250000000000057e+01
-5.791499999999999915e+01
-3.786749999999999972e+01
-3.192749999999999844e+01
-5.308874999999999744e+01
-4.454999999999999716e+01
-8.241750000000000398e+01
-7.610625000000000284e+01
-6.014249999999999829e+01
-3.601124999999999687e+01
-9.504000000000000625e+01
-8.278874999999999318e+01
-4.417875000000000085e+01
-8.909999999999999432e+01
-8.872875000000000512e+01
-1.020938000000000017e+02
-1.095187999999999988e+02
-1.154586999999999932e+02
-1.202849999999999966e+02
-1.124887999999999977e+02
-1.076624999999999943e+02
-1.399612999999999943e+02
-1.169437000000000069e+02
-1.466437999999999988e+02
-1.132313000000000045e+02
-1.351349999999999909e+02
-1.477574999999999932e+02
-1.366200000000000045e+02
-1.533262000000000000e+02
-1.737450000000000045e+02
-1.744875000000000114e+02
-1.707750000000000057e+02
-1.837687999999999988e+02
-1.811699999999999875e+02
-1.863675000000000068e+02
-1.926787999999999954e+02
-1.837687999999999988e+02
-1.986187999999999931e+02
-1.956487999999999943e+02
-1.822838000000000136e+02
-1.963913000000000011e+02
-1.967624999999999886e+02
-1.885949999999999989e+02
-1.433025000000000091e+02
-1.960200000000000102e+02
-1.930500000000000114e+02
-2.023312999999999988e+02
-1.915649999999999977e+02
-1.804275000000000091e+02
-1.908224999999999909e+02
-1.826550000000000011e+02
-1.934211999999999989e+02
-2.067863000000000113e+02
-2.123549999999999898e+02
-2.234925000000000068e+02
-2.019600000000000080e+02
-2.301750000000000114e+02
-2.494799999999999898e+02
-2.060437000000000012e+02
-2.316599999999999966e+02
-2.413125000000000000e+02
-2.090137000000000000e+02
-2.264625000000000057e+02
-2.216362000000000023e+02
-2.205225000000000080e+02
-2.561625000000000227e+02
-2.090137000000000000e+02
-2.190374999999999943e+02
-2.632162000000000148e+02
-2.762099999999999795e+02
-2.535637999999999863e+02
-2.621025000000000205e+02
-2.691562999999999874e+02
-2.840063000000000102e+02
-2.524499999999999886e+02
-2.665575000000000045e+02
-3.059100000000000250e+02
-2.628450000000000273e+02
-2.906888000000000147e+02
-2.862337999999999738e+02
-2.962574999999999932e+02
-2.825212000000000216e+02
-2.925450000000000159e+02
-2.821499999999999773e+02
-2.895749999999999886e+02
-2.981136999999999944e+02
-2.921738000000000284e+02
-3.033111999999999853e+02
-2.992275000000000205e+02
-3.003412000000000148e+02
-3.003412000000000148e+02
-2.769524999999999864e+02
-3.252149999999999750e+02
-3.118500000000000227e+02
-2.791800000000000068e+02
-2.773238000000000056e+02
-2.981136999999999944e+02
-2.988562999999999761e+02
-2.773238000000000056e+02
-3.170475000000000136e+02
-2.866050000000000182e+02
-2.698987000000000194e+02
-2.903174999999999955e+02
-3.047962999999999738e+02
-3.189037000000000148e+02
-3.140774999999999864e+02
-2.880899999999999750e+02
-2.598750000000000000e+02
-2.736113000000000284e+02
-2.520788000000000011e+02
-2.635874999999999773e+02
-2.550488000000000000e+02
-2.591324999999999932e+02
-2.810362999999999829e+02
-2.602461999999999875e+02
-2.650724999999999909e+02
-2.914311999999999898e+02
-2.869762999999999806e+02
-2.884612000000000194e+02
-2.446536999999999864e+02
-2.862337999999999738e+02
-2.710124999999999886e+02
-2.647013000000000034e+02
-2.658149999999999977e+02
-2.832638000000000034e+02
-2.424262999999999977e+02
-2.409413000000000125e+02
-2.453962999999999965e+02
-2.580187000000000239e+02
-2.769524999999999864e+02
-2.799225000000000136e+02
-2.836349999999999909e+02
-2.621025000000000205e+02
-3.040536999999999921e+02
-2.776949999999999932e+02
-2.825212000000000216e+02
-2.776949999999999932e+02
-2.888324999999999818e+02
-2.955149999999999864e+02
-2.955149999999999864e+02
-2.836349999999999909e+02
-3.255862000000000194e+02
-3.304125000000000227e+02
-2.947724999999999795e+02
-2.988562999999999761e+02
-3.018263000000000034e+02
-2.802937999999999761e+02
-3.181612999999999829e+02
-3.059100000000000250e+02
-3.073949999999999818e+02
-2.884612000000000194e+02
-3.151913000000000125e+02
-3.018263000000000034e+02
-3.073949999999999818e+02
-3.307837999999999852e+02
-3.185325000000000273e+02
-3.163050000000000068e+02
-3.385799999999999841e+02
-3.400649999999999977e+02
-3.174187999999999761e+02
-3.445199999999999818e+02
-3.382087000000000216e+02
-3.359812999999999761e+02
-3.129637000000000171e+02
-3.055387999999999806e+02
-3.434062999999999874e+02
-3.207599999999999909e+02
-3.151913000000000125e+02
-3.289275000000000091e+02
-3.612262999999999806e+02
-3.348675000000000068e+02
-3.716211999999999875e+02
-3.716211999999999875e+02
-3.489750000000000227e+02
-3.656811999999999898e+02
-3.486037999999999784e+02
-3.474900000000000091e+02
-3.411786999999999921e+02
-3.374662000000000148e+02
-3.385799999999999841e+02
-3.441487000000000194e+02
-3.396938000000000102e+02
-3.452624999999999886e+02
-3.374662000000000148e+02
-3.452624999999999886e+02
-3.664238000000000284e+02
-3.400649999999999977e+02
-3.434062999999999874e+02
-3.578849999999999909e+02
-3.489750000000000227e+02
-3.630824999999999818e+02
-3.415500000000000114e+02
-3.519449999999999932e+02
-3.474900000000000091e+02
-3.604837999999999738e+02
-3.619687999999999874e+02
-3.608550000000000182e+02
-3.456338000000000079e+02
-3.508312999999999988e+02
-3.344961999999999875e+02
-3.259574999999999818e+02
-3.378374999999999773e+02
-3.378374999999999773e+02
-3.285561999999999898e+02
-3.474900000000000091e+02
-3.441487000000000194e+02
-3.296700000000000159e+02
-3.482325000000000159e+02
-3.601125000000000114e+02
-3.538011999999999944e+02
-3.125924999999999727e+02
-3.203888000000000034e+02
-3.460049999999999955e+02
-3.434062999999999874e+02
-3.426637999999999806e+02
-3.382087000000000216e+02
-3.541725000000000136e+02
-3.356100000000000136e+02
-3.296700000000000159e+02
-3.411786999999999921e+02
-3.448913000000000011e+02
-3.259574999999999818e+02
-3.408075000000000045e+02
-3.482325000000000159e+02
-3.304125000000000227e+02
-3.519449999999999932e+02
-3.541725000000000136e+02
-3.560287000000000148e+02
-3.545437999999999761e+02
-3.556575000000000273e+02
-3.619687999999999874e+02
-3.515738000000000056e+02
-3.786750000000000114e+02
-3.478613000000000284e+02
-3.549150000000000205e+02
-3.463763000000000147e+02
-3.341250000000000000e+02
-3.252149999999999750e+02
-3.281850000000000023e+02
-3.289275000000000091e+02
-3.508312999999999988e+02
-3.526875000000000000e+02
-3.374662000000000148e+02
-3.471186999999999898e+02
-3.541725000000000136e+02
-3.374662000000000148e+02
-3.244725000000000250e+02
-3.330113000000000056e+02
-3.322687999999999988e+02
-3.229875000000000114e+02
-3.315262000000000171e+02
-3.356100000000000136e+02
-3.389513000000000034e+02
-3.144488000000000056e+02
-3.144488000000000056e+02
-3.304125000000000227e+02
-3.445199999999999818e+02
-3.218736999999999853e+02
-3.029399999999999977e+02
-2.936587999999999852e+02
-2.966288000000000125e+02
-2.914311999999999898e+02
-3.122212999999999852e+02
-3.229875000000000114e+02
-3.051675000000000182e+02
-3.114787999999999784e+02
-3.036825000000000045e+02
-2.977425000000000068e+02
-3.174187999999999761e+02
-2.977425000000000068e+02
-3.170475000000000136e+02
-3.285561999999999898e+02
-3.122212999999999852e+02
-3.140774999999999864e+02
-3.129637000000000171e+02
-2.995987999999999829e+02
-3.226161999999999921e+02
-3.385799999999999841e+02
-3.196462000000000216e+02
-3.114787999999999784e+02
-3.200174999999999841e+02
-3.177900000000000205e+02
-3.222450000000000045e+02
-3.181612999999999829e+02
-3.285561999999999898e+02
-3.129637000000000171e+02
-3.196462000000000216e+02
-3.185325000000000273e+02
-3.155625000000000000e+02
-3.266999999999999886e+02
-3.370950000000000273e+02
-3.170475000000000136e+02
-3.137062000000000239e+02
-3.263288000000000011e+02
-3.166761999999999944e+02
-3.166761999999999944e+02
-3.352386999999999944e+02
-2.992275000000000205e+02
-3.114787999999999784e+02
-3.125924999999999727e+02
-2.936587999999999852e+02
-3.044250000000000114e+02
-3.021974999999999909e+02
-3.215024999999999977e+02
-3.237300000000000182e+02
-3.211313000000000102e+02
-3.163050000000000068e+02
-3.185325000000000273e+02
-3.226161999999999921e+02
-3.122212999999999852e+02
-3.333824999999999932e+02
-3.140774999999999864e+02
-2.966288000000000125e+02
-3.222450000000000045e+02
-3.163050000000000068e+02
-3.374662000000000148e+02
-3.137062000000000239e+02
-3.218736999999999853e+02
-3.400649999999999977e+02
-3.352386999999999944e+02
-3.203888000000000034e+02
-3.207599999999999909e+02
-3.448913000000000011e+02
-3.021974999999999909e+02
-3.259574999999999818e+02
-3.404361999999999853e+02
-3.497174999999999727e+02
-3.229875000000000114e+02
-3.177900000000000205e+02
-3.348675000000000068e+02
-3.378374999999999773e+02
-3.489750000000000227e+02
-3.434062999999999874e+02
-3.330113000000000056e+02
-3.385799999999999841e+02
-3.378374999999999773e+02
-3.185325000000000273e+02
-3.356100000000000136e+02
-3.344961999999999875e+02
-3.211313000000000102e+02
-3.359812999999999761e+02
-3.374662000000000148e+02
-3.244725000000000250e+02
-3.571424999999999841e+02
-3.526875000000000000e+02
-3.255862000000000194e+02
-3.389513000000000034e+02
-3.567712000000000216e+02
-3.500887000000000171e+02
-3.419212999999999738e+02
-3.408075000000000045e+02
-3.589986999999999853e+02
-3.623399999999999750e+02
-3.597411999999999921e+02
-3.474900000000000091e+02
-3.805312999999999874e+02
-3.797887999999999806e+02
-3.664238000000000284e+02
-3.645674999999999955e+02
-3.790462999999999738e+02
-3.753337000000000216e+02
-3.783036999999999921e+02
-3.771899999999999977e+02
-3.779325000000000045e+02
-3.794175000000000182e+02
-3.805312999999999874e+02
-3.656811999999999898e+02
-3.753337000000000216e+02
-3.968661999999999921e+02
-3.879562999999999988e+02
-3.875849999999999795e+02
-3.738487999999999829e+02
-3.679087999999999852e+02
-3.719925000000000068e+02
-3.976087999999999738e+02
-3.872137000000000171e+02
-3.957524999999999977e+02
-3.901836999999999875e+02
-3.990937999999999874e+02
-4.039200000000000159e+02
-4.020638000000000147e+02
-3.942674999999999841e+02
-3.961236999999999853e+02
-4.150575000000000045e+02
-4.102312999999999761e+02
-3.990937999999999874e+02
-4.235962999999999852e+02
-4.091175000000000068e+02
-4.120874999999999773e+02
-3.998362000000000194e+02
-4.013213000000000079e+02
-4.013213000000000079e+02
-4.287937999999999761e+02
-4.161712999999999738e+02
-3.916687999999999761e+02
-4.020638000000000147e+02
-3.976087999999999738e+02
-3.890699999999999932e+02
-3.861000000000000227e+02
-3.909261999999999944e+02
-4.046625000000000227e+02
-3.964950000000000045e+02
-4.009499999999999886e+02
-4.165425000000000182e+02
-3.946388000000000034e+02
-3.931537000000000148e+02
-3.838725000000000023e+02
-4.128299999999999841e+02
-3.927825000000000273e+02
