-1.724455999999999904e+03
-1.795365000000000009e+03
-1.802047000000000025e+03
-1.803903999999999996e+03
-1.845113000000000056e+03
-1.838800999999999931e+03
-1.826179000000000087e+03
-1.873327999999999975e+03
-1.878525000000000091e+03
-1.846597999999999956e+03
-1.838800999999999931e+03
-1.900429000000000087e+03
-1.904512999999999920e+03
-1.920105000000000018e+03
-1.946835000000000036e+03
-1.949805000000000064e+03
-1.919733999999999924e+03
-1.943493999999999915e+03
-1.992127999999999929e+03
-1.964284000000000106e+03
-1.982474999999999909e+03
-1.988786000000000058e+03
-2.001409000000000106e+03
-2.022199000000000069e+03
-2.022199000000000069e+03
-2.031108999999999924e+03
-2.068233999999999924e+03
-2.056724999999999909e+03
-2.094592999999999847e+03
-2.067119999999999891e+03
-2.087909999999999854e+03
-2.088652999999999793e+03
-2.101646000000000186e+03
-2.058210000000000036e+03
-2.094221000000000004e+03
-2.120579999999999927e+03
-2.115382999999999811e+03
-2.111298999999999978e+03
-2.168099999999999909e+03
-2.130231999999999971e+03
-2.134688000000000102e+03
-2.156219999999999800e+03
-2.140626999999999953e+03
-2.129860999999999876e+03
-2.162902999999999793e+03
-2.151021999999999935e+03
-2.158447999999999865e+03
-2.175525000000000091e+03
-2.200398999999999887e+03
-2.173297999999999774e+03
-2.196315000000000055e+03
-2.193344999999999800e+03
-2.166244000000000142e+03
-2.218960999999999785e+03
-2.205224999999999909e+03
-2.207452999999999975e+03
-2.247918999999999869e+03
-2.221559999999999945e+03
-2.188889999999999873e+03
-2.181094000000000051e+03
-2.222302000000000135e+03
-2.160675000000000182e+03
-2.188518999999999778e+03
-2.197800000000000182e+03
-2.223788000000000011e+03
-2.204110999999999876e+03
-2.200027999999999793e+03
-2.211536000000000058e+03
-2.204110999999999876e+03
-2.250518000000000029e+03
-2.267594999999999800e+03
-2.280217999999999847e+03
-2.223045000000000073e+03
-2.243463999999999942e+03
-2.281331000000000131e+03
-2.227871000000000095e+03
-2.277248000000000047e+03
-2.267594999999999800e+03
-2.278360999999999876e+03
-2.241978999999999814e+03
-2.292840000000000146e+03
-2.275391000000000076e+03
-2.264625000000000000e+03
-2.290983999999999924e+03
-2.306204999999999927e+03
-2.265367000000000189e+03
-2.311773999999999887e+03
-2.306576000000000022e+03
-2.282074000000000069e+03
-2.342586999999999989e+03
-2.290612999999999829e+03
-2.254601000000000113e+03
-2.275019999999999982e+03
-2.299521999999999935e+03
-2.264253999999999905e+03
-2.285043999999999869e+03
-2.303235000000000127e+03
-2.262025999999999840e+03
-2.301378999999999905e+03
-2.286900000000000091e+03
-2.277989999999999782e+03
-2.305461999999999989e+03
-2.291355000000000018e+03
-2.249032000000000153e+03
-2.271307999999999993e+03
-2.312144999999999982e+03
-2.278360999999999876e+03
-2.270936000000000149e+03
-2.243092999999999847e+03
-2.207824000000000069e+03
-2.195943999999999960e+03
-2.227128999999999905e+03
-2.200398999999999887e+03
-2.236409999999999854e+03
-2.247175999999999931e+03
-2.233068999999999960e+03
-2.205967999999999847e+03
-2.237894999999999982e+03
-2.194829999999999927e+03
-2.187775999999999840e+03
-2.256458000000000084e+03
-2.221931000000000040e+03
-2.179237999999999829e+03
-2.240123000000000047e+03
-2.235295999999999822e+03
-2.223788000000000011e+03
-2.246063000000000102e+03
-2.218960999999999785e+03
-2.227871000000000095e+03
-2.256085999999999785e+03
-2.260170000000000073e+03
-2.246434000000000196e+03
-2.262768999999999778e+03
-2.266853000000000065e+03
-2.222302000000000135e+03
-2.247918999999999869e+03
-2.267965999999999894e+03
-2.259427000000000135e+03
-2.284672999999999774e+03
-2.260913000000000011e+03
-2.245320000000000164e+03
-2.261284000000000106e+03
-2.269822999999999865e+03
-2.231211999999999989e+03
-2.257943000000000211e+03
-2.285414999999999964e+03
-2.231583999999999833e+03
-2.260541000000000167e+03
-2.261284000000000106e+03
-2.227871000000000095e+03
-2.260913000000000011e+03
-2.277619000000000142e+03
-2.257570999999999913e+03
-2.201512000000000171e+03
-2.222673999999999978e+03
-2.198541999999999916e+03
-2.202998000000000047e+03
-2.205224999999999909e+03
-2.187405000000000200e+03
-2.226385999999999967e+03
-2.205224999999999909e+03
-2.221559999999999945e+03
-2.217105000000000018e+03
-2.196686000000000149e+03
-2.189260999999999967e+03
-2.203739999999999782e+03
-2.190003999999999905e+03
-2.215248999999999796e+03
-2.227871000000000095e+03
-2.211907000000000153e+03
-2.246804999999999836e+03
-2.228614000000000033e+03
-2.219704000000000178e+03
-2.236780999999999949e+03
-2.183693000000000211e+03
-2.199284999999999854e+03
-2.222302000000000135e+03
-2.193344999999999800e+03
-2.197057999999999993e+03
-2.163644999999999982e+03
-2.197057999999999993e+03
-2.208195000000000164e+03
-2.184806000000000040e+03
-2.174411000000000058e+03
-2.208938000000000102e+03
-2.236409999999999854e+03
-2.210793999999999869e+03
-2.234182999999999993e+03
-2.212650000000000091e+03
-2.208938000000000102e+03
-2.233440000000000055e+03
-2.189632999999999811e+03
-2.228242000000000189e+03
-2.236039000000000215e+03
-2.202255000000000109e+03
-2.221188999999999851e+03
-2.208938000000000102e+03
-2.214135000000000218e+03
-2.210793999999999869e+03
-2.222302000000000135e+03
-2.192603000000000065e+03
-2.225643999999999778e+03
-2.225643999999999778e+03
-2.211907000000000153e+03
-2.226014999999999873e+03
-2.254230000000000018e+03
-2.220074999999999818e+03
-2.233068999999999960e+03
-2.236780999999999949e+03
-2.216733999999999924e+03
-2.219704000000000178e+03
-2.249775000000000091e+03
-2.212278999999999996e+03
-2.184063999999999851e+03
-2.212650000000000091e+03
-2.184806000000000040e+03
-2.179980000000000018e+03
-2.224159000000000106e+03
-2.192974000000000160e+03
-2.195572999999999865e+03
-2.210050999999999931e+03
-2.172554999999999836e+03
-2.178123999999999796e+03
-2.209679999999999836e+03
-2.160304000000000087e+03
-2.158447999999999865e+03
-2.189632999999999811e+03
-2.197429000000000087e+03
-2.185920000000000073e+03
-2.179608999999999924e+03
-2.209679999999999836e+03
-2.149909000000000106e+03
-2.186291000000000167e+03
-2.191860000000000127e+03
-2.145083000000000084e+03
-2.194829999999999927e+03
-2.201141000000000076e+03
-2.184806000000000040e+03
-2.194829999999999927e+03
-2.175153999999999996e+03
-2.168099999999999909e+03
-2.187775999999999840e+03
-2.198914000000000215e+03
-2.179980000000000018e+03
-2.179608999999999924e+03
-2.215619999999999891e+03
-2.181465000000000146e+03
-2.202626000000000204e+03
-2.244577999999999975e+03
-2.191860000000000127e+03
-2.193344999999999800e+03
-2.236409999999999854e+03
-2.179980000000000018e+03
-2.185548999999999978e+03
-2.231954999999999927e+03
-2.219704000000000178e+03
-2.194458999999999833e+03
-2.217847000000000207e+03
-2.203369000000000142e+03
-2.180351000000000113e+03
-2.220074999999999818e+03
-2.231211999999999989e+03
-2.196315000000000055e+03
-2.235666999999999916e+03
-2.211536000000000058e+03
-2.207452999999999975e+03
-2.243092999999999847e+03
-2.223045000000000073e+03
-2.218960999999999785e+03
-2.217476000000000113e+03
-2.243092999999999847e+03
-2.227128999999999905e+03
-2.269451000000000022e+03
-2.252373999999999796e+03
-2.236409999999999854e+03
-2.244206000000000131e+03
-2.235295999999999822e+03
-2.241978999999999814e+03
-2.237894999999999982e+03
-2.276134000000000015e+03
-2.236039000000000215e+03
-2.270193999999999960e+03
-2.259798999999999978e+03
-2.256458000000000084e+03
-2.290612999999999829e+03
-2.251630999999999858e+03
-2.240864999999999782e+03
-2.264996000000000095e+03
-2.254601000000000113e+03
-2.271307999999999993e+03
-2.284672999999999774e+03
-2.301750000000000000e+03
-2.274277999999999793e+03
-2.301007999999999811e+03
-2.287643000000000029e+03
-2.274648999999999887e+03
-2.285043999999999869e+03
-2.293210999999999785e+03
-2.291355000000000018e+03
-2.249775000000000091e+03
-2.279846000000000004e+03
-2.272050000000000182e+03
-2.291355000000000018e+03
-2.288014000000000124e+03
-2.318085000000000036e+03
-2.305461999999999989e+03
-2.311402999999999793e+03
-2.342586999999999989e+03
-2.319199000000000069e+03
-2.338503999999999905e+03
-2.304349000000000160e+03
-2.348155999999999949e+03
-2.334420000000000073e+03
-2.318085000000000036e+03
-2.331079000000000178e+03
-2.341844999999999800e+03
-2.320313000000000102e+03
-2.378599000000000160e+03
-2.337018999999999778e+03
-2.338132999999999811e+03
-2.416836999999999989e+03
-2.379711999999999989e+03
-2.321797999999999774e+03
-2.390849999999999909e+03
-2.363005999999999858e+03
-2.365233999999999924e+03
-2.388994000000000142e+03
-2.406070999999999913e+03
-2.370059999999999945e+03
-2.422777999999999793e+03
-2.397161000000000058e+03
-2.378599000000000160e+03
-2.412382999999999811e+03
-2.417208999999999833e+03
-2.413125000000000000e+03
-2.420179000000000087e+03
-2.454333999999999833e+03
-2.393449000000000069e+03
-2.430202999999999975e+03
-2.438369999999999891e+03
-2.450621000000000095e+03
-2.404958000000000084e+03
-2.443195999999999913e+03
-2.405699999999999818e+03
-2.425748000000000047e+03
-2.446166000000000167e+03
-2.413867000000000189e+03
-2.430574000000000069e+03
-2.474380999999999858e+03
-2.440969000000000051e+03
-2.413867000000000189e+03
-2.467327999999999975e+03
-2.429460000000000036e+03
-2.417951000000000022e+03
-2.481434999999999945e+03
-2.451735000000000127e+03
-2.445795000000000073e+03
-2.490715999999999894e+03
-2.470297999999999774e+03
-2.459530999999999949e+03
-2.497398999999999887e+03
-2.500739999999999782e+03
-2.444309999999999945e+03
-2.507050999999999931e+03
-2.514105000000000018e+03
-2.456561000000000149e+03
-2.486632999999999811e+03
-2.462130000000000109e+03
-2.462873000000000047e+03
-2.478835999999999785e+03
-2.484775999999999840e+03
-2.470668999999999869e+03
-2.468440999999999804e+03
-2.505565999999999804e+03
-2.477722000000000207e+03
-2.488117000000000189e+03
-2.501110999999999876e+03
-2.494800000000000182e+03
-2.515960999999999785e+03
-2.503710000000000036e+03
-2.524871000000000095e+03
-2.520045000000000073e+03
-2.515219000000000051e+03
-2.548630999999999858e+03
-2.536380000000000109e+03
-2.536751000000000204e+03
-2.508907000000000153e+03
-2.536751000000000204e+03
-2.555684999999999945e+03
-2.504452999999999975e+03
-2.530811000000000149e+03
-2.559396999999999935e+03
-2.478465000000000146e+03
-2.522643999999999778e+03
-2.530440000000000055e+03
-2.527840999999999894e+03
-2.552715000000000146e+03
-2.518559999999999945e+03
-2.523014999999999873e+03
-2.518188999999999851e+03
-2.524871000000000095e+03
-2.491458999999999833e+03
-2.512990999999999985e+03
-2.492943999999999960e+03
-2.509650000000000091e+03
-2.495170999999999822e+03
-2.509278999999999996e+03
-2.514847000000000207e+03
-2.480320999999999913e+03
-2.523385999999999967e+03
-2.461016000000000076e+03
-2.484405000000000200e+03
