-2.500739999999999782e+03
-2.461016000000000076e+03
-2.485518999999999778e+03
-2.467327999999999975e+03
-2.521900999999999840e+03
-2.531925000000000182e+03
-2.579074000000000069e+03
-2.569791999999999916e+03
-2.551601000000000113e+03
-2.588355000000000018e+03
-2.582043999999999869e+03
-2.625108999999999924e+03
-2.619911000000000058e+03
-2.619539999999999964e+03
-2.585014000000000124e+03
-2.665945999999999913e+03
-2.649981999999999971e+03
-2.653695000000000164e+03
-2.698615999999999985e+03
-2.641815000000000055e+03
-2.716065000000000055e+03
-2.675228000000000065e+03
-2.675599000000000160e+03
-2.716436000000000149e+03
-2.725346000000000004e+03
-2.750219999999999800e+03
-2.718664000000000215e+03
-2.793655999999999949e+03
-2.740195999999999913e+03
-2.755045999999999822e+03
-2.791800000000000182e+03
-2.815931000000000040e+03
-2.794027999999999793e+03
-2.835235999999999876e+03
-2.851570999999999913e+03
-2.831894999999999982e+03
-2.869019999999999982e+03
-2.858625000000000000e+03
-2.891295000000000073e+03
-2.859367000000000189e+03
-2.882755999999999858e+03
-2.918768000000000029e+03
-2.886840000000000146e+03
-2.924335999999999785e+03
-2.881643000000000029e+03
-2.909856999999999971e+03
-2.901690000000000055e+03
-2.919510000000000218e+03
-2.895378999999999905e+03
-2.904659999999999854e+03
-2.935103000000000065e+03
-2.987077999999999975e+03
-2.955893000000000029e+03
-2.983364999999999782e+03
-3.006010999999999967e+03
-2.992275000000000091e+03
-2.977795999999999822e+03
-2.971485000000000127e+03
-2.995244999999999891e+03
-2.998215000000000146e+03
-3.032740999999999985e+03
-3.006010999999999967e+03
-2.980023999999999887e+03
-3.032740999999999985e+03
-3.034597000000000207e+03
-3.031255999999999858e+03
-3.038309999999999945e+03
-3.056873000000000047e+03
-2.995615999999999985e+03
-3.043878999999999905e+03
-3.034597000000000207e+03
-3.052789000000000215e+03
-3.050561000000000149e+03
-3.068751999999999953e+03
-3.074693000000000211e+03
-3.109960999999999785e+03
-3.101050999999999931e+03
-3.097710000000000036e+03
-3.092512000000000171e+03
-3.131494000000000142e+03
-3.106990999999999985e+03
-3.097338999999999942e+03
-3.154510999999999967e+03
-3.134092999999999847e+03
-3.113302000000000135e+03
-3.164534999999999854e+03
-3.149313999999999851e+03
-3.140032000000000153e+03
-3.165277999999999793e+03
-3.149684999999999945e+03
-3.168248000000000047e+03
-3.215396000000000186e+03
-3.176414999999999964e+03
-3.158224000000000160e+03
-3.203516000000000076e+03
-3.173815999999999804e+03
-3.157110000000000127e+03
-3.189038000000000011e+03
-3.159338000000000193e+03
-3.148943000000000211e+03
-3.207599999999999909e+03
-3.150056000000000040e+03
-3.159338000000000193e+03
-3.209827999999999975e+03
-3.191635999999999967e+03
-3.190150999999999840e+03
-3.185695999999999913e+03
-3.185695999999999913e+03
-3.191264999999999873e+03
-3.213539999999999964e+03
-3.213911000000000058e+03
-3.137434000000000196e+03
-3.260318000000000211e+03
-3.219108999999999924e+03
-3.248438000000000102e+03
-3.213911000000000058e+03
-3.251036000000000058e+03
-3.228760999999999967e+03
-3.202030999999999949e+03
-3.277023999999999887e+03
-3.211684000000000196e+03
-3.260318000000000211e+03
-3.263288000000000011e+03
-3.239527999999999793e+03
-3.255119999999999891e+03
-3.278137000000000171e+03
-3.259204000000000178e+03
-3.228760999999999967e+03
-3.287418999999999869e+03
-3.278880000000000109e+03
-3.292987999999999829e+03
-3.280735999999999876e+03
-3.234701000000000022e+03
-3.254005999999999858e+03
-3.267371000000000095e+03
-3.278137000000000171e+03
-3.280735999999999876e+03
-3.267742000000000189e+03
-3.236929000000000087e+03
-3.248809000000000196e+03
-3.232844999999999800e+03
-3.283335000000000036e+03
-3.247324000000000069e+03
-3.226905000000000200e+03
-3.199432999999999993e+03
-3.217994999999999891e+03
-3.245838999999999942e+03
-3.226534000000000106e+03
-3.219108999999999924e+03
-3.245096000000000004e+03
-3.240641000000000076e+03
-3.288532000000000153e+03
-3.246210000000000036e+03
-3.274795999999999822e+03
-3.239898999999999887e+03
-3.274425000000000182e+03
-3.252893000000000029e+03
-3.255490999999999985e+03
-3.281478999999999814e+03
-3.275539000000000215e+03
-3.297813999999999851e+03
-3.263659000000000106e+03
-3.305981000000000222e+03
-3.285190999999999804e+03
-3.265143999999999778e+03
-3.282963999999999942e+03
-3.279251000000000204e+03
-3.292244999999999891e+03
-3.269599000000000160e+03
-3.280735999999999876e+03
-3.256233999999999924e+03
-3.298927000000000135e+03
-3.296699999999999818e+03
-3.344590999999999894e+03
-3.309693999999999960e+03
-3.317860999999999876e+03
-3.301155000000000200e+03
-3.245096000000000004e+03
-3.266257999999999811e+03
-3.260318000000000211e+03
-3.271454999999999927e+03
-3.265143999999999778e+03
-3.275166999999999916e+03
-3.249922999999999774e+03
-3.239898999999999887e+03
-3.243610999999999876e+03
-3.261431000000000040e+03
-3.244724999999999909e+03
-3.240641000000000076e+03
-3.268485000000000127e+03
-3.214282000000000153e+03
-3.262916000000000167e+03
-3.238041999999999916e+03
-3.248065999999999804e+03
-3.279251000000000204e+03
-3.246581000000000131e+03
-3.241384000000000015e+03
-3.251036000000000058e+03
-3.226534000000000106e+03
-3.233588000000000193e+03
-3.301525999999999840e+03
-3.213539999999999964e+03
-3.208713999999999942e+03
-3.270713000000000193e+03
-3.262545000000000073e+03
-3.222820999999999913e+03
-3.233588000000000193e+03
-3.276280999999999949e+03
-3.236557999999999993e+03
-3.234701000000000022e+03
-3.274795999999999822e+03
-3.260318000000000211e+03
-3.247324000000000069e+03
-3.261431000000000040e+03
-3.262173999999999978e+03
-3.260318000000000211e+03
-3.290760000000000218e+03
-3.259945999999999913e+03
-3.277394999999999982e+03
-3.268114000000000033e+03
-3.279994000000000142e+03
-3.279623000000000047e+03
-3.316376000000000204e+03
-3.269969999999999800e+03
-3.282221000000000004e+03
-3.305981000000000222e+03
-3.310436000000000149e+03
-3.283706000000000131e+03
-3.312291999999999916e+03
-3.309322999999999865e+03
-3.285563000000000102e+03
-3.343106000000000222e+03
-3.312664000000000215e+03
-3.307094999999999800e+03
-3.311920999999999822e+03
-3.303753999999999905e+03
-3.279994000000000142e+03
-3.336795000000000073e+03
-3.307838000000000193e+03
-3.272197999999999865e+03
-3.326771000000000186e+03
-3.299670000000000073e+03
-3.313777999999999793e+03
-3.348304000000000087e+03
-3.303010999999999967e+03
-3.311550000000000182e+03
-3.282963999999999942e+03
-3.324914999999999964e+03
-3.326400000000000091e+03
-3.336423999999999978e+03
-3.309693999999999960e+03
-3.300413000000000011e+03
-3.312664000000000215e+03
-3.283706000000000131e+03
-3.321945000000000164e+03
-3.296329000000000178e+03
-3.309693999999999960e+03
-3.279994000000000142e+03
-3.316005000000000109e+03
-3.311920999999999822e+03
-3.297070999999999913e+03
-3.286675999999999931e+03
-3.277394999999999982e+03
-3.223563999999999851e+03
-3.299670000000000073e+03
-3.254376999999999953e+03
-3.259574999999999818e+03
-3.290389000000000124e+03
-3.261059999999999945e+03
-3.260318000000000211e+03
-3.244724999999999909e+03
-3.273682999999999993e+03
-3.288161000000000058e+03
-3.235443999999999960e+03
-3.279251000000000204e+03
-3.262916000000000167e+03
-3.284449000000000069e+03
-3.294101000000000113e+03
-3.291130999999999858e+03
-3.264400999999999840e+03
-3.275539000000000215e+03
-3.301525999999999840e+03
-3.279994000000000142e+03
-3.311179000000000087e+03
-3.294101000000000113e+03
-3.277394999999999982e+03
-3.267742000000000189e+03
-3.279994000000000142e+03
-3.303010999999999967e+03
-3.274425000000000182e+03
-3.315634000000000015e+03
-3.304867000000000189e+03
-3.292615999999999985e+03
-3.277023999999999887e+03
-3.310065000000000055e+03
-3.317860999999999876e+03
-3.315262000000000171e+03
-3.316005000000000109e+03
-3.341250000000000000e+03
-3.297813999999999851e+03
-3.310065000000000055e+03
-3.334195999999999913e+03
-3.316376000000000204e+03
-3.301525999999999840e+03
-3.339021999999999935e+03
-3.287789999999999964e+03
-3.321202999999999975e+03
-3.314148999999999887e+03
-3.322315999999999804e+03
-3.299670000000000073e+03
-3.314148999999999887e+03
-3.287789999999999964e+03
-3.279623000000000047e+03
-3.284820000000000164e+03
-3.310807999999999993e+03
-3.297070999999999913e+03
-3.294844000000000051e+03
-3.307838000000000193e+03
-3.289646000000000186e+03
-3.297070999999999913e+03
-3.301525999999999840e+03
-3.287789999999999964e+03
-3.308579999999999927e+03
-3.294844000000000051e+03
-3.299670000000000073e+03
-3.317860999999999876e+03
-3.324914999999999964e+03
-3.305981000000000222e+03
-3.340135999999999967e+03
-3.302268999999999778e+03
-3.316376000000000204e+03
-3.319346000000000004e+03
-3.367608999999999924e+03
-3.330483999999999924e+03
-3.346076000000000022e+03
-3.363896000000000186e+03
-3.343478000000000065e+03
-3.337166000000000167e+03
-3.359813000000000102e+03
-3.364268000000000029e+03
-3.356471000000000004e+03
-3.393967999999999847e+03
-3.343849000000000160e+03
-3.376518999999999778e+03
-3.349045999999999822e+03
-3.365010000000000218e+03
-3.356842999999999847e+03
-3.375405000000000200e+03
-3.359440999999999804e+03
-3.360184000000000196e+03
-3.375405000000000200e+03
-3.381344999999999800e+03
-3.337166000000000167e+03
-3.396565999999999804e+03
-3.360184000000000196e+03
-3.401764000000000124e+03
-3.372434999999999945e+03
-3.386541999999999916e+03
-3.401393000000000029e+03
-3.362411000000000058e+03
-3.408074999999999818e+03
-3.372063999999999851e+03
-3.390255000000000109e+03
-3.388027999999999793e+03
-3.414014999999999873e+03
-3.400650000000000091e+03
-3.380603000000000065e+03
-3.393967999999999847e+03
-3.393596000000000004e+03
-3.415871000000000095e+03
-3.359440999999999804e+03
-3.424039000000000215e+03
-3.380974000000000160e+03
-3.385800000000000182e+03
-3.392853999999999814e+03
-3.396565999999999804e+03
-3.373177000000000135e+03
-3.439630999999999858e+03
-3.413271999999999935e+03
-3.388398999999999887e+03
-3.397309000000000196e+03
-3.410673999999999978e+03
-3.411788000000000011e+03
-3.426637000000000171e+03
-3.440001999999999953e+03
-3.408818000000000211e+03
-3.427751000000000204e+03
-3.413643999999999778e+03
-3.423666999999999916e+03
-3.425523999999999887e+03
-3.469702999999999975e+03
-3.429606999999999971e+03
-3.426637000000000171e+03
-3.437403999999999996e+03
-3.431092999999999847e+03
-3.473043999999999869e+03
-3.450025999999999840e+03
-3.424409999999999854e+03
-3.470815999999999804e+03
-3.445943000000000211e+03
-3.459307999999999993e+03
-3.446684999999999945e+03
-3.458936000000000149e+03
-3.439630999999999858e+03
-3.472300999999999931e+03
-3.440744999999999891e+03
-3.485295000000000073e+03
-3.473414999999999964e+03
-3.451139999999999873e+03
-3.499030999999999949e+03
-3.474900000000000091e+03
-3.521306000000000040e+03
