-3.528360000000000127e+03
-3.530958999999999833e+03
-3.559545000000000073e+03
-3.526503999999999905e+03
-3.518708000000000084e+03
-3.589244999999999891e+03
-3.585903999999999996e+03
-3.544695000000000164e+03
-3.652356999999999971e+03
-3.582190999999999804e+03
-3.582190999999999804e+03
-3.641219999999999800e+03
-3.640849000000000160e+03
-3.558802000000000135e+03
-3.654956000000000131e+03
-3.632309999999999945e+03
-3.649016000000000076e+03
-3.674632999999999811e+03
-3.649016000000000076e+03
-3.648273999999999887e+03
-3.666835999999999785e+03
-3.691710000000000036e+03
-3.660525000000000091e+03
-3.670548999999999978e+03
-3.674260999999999967e+03
-3.647530999999999949e+03
-3.719925000000000182e+03
-3.735146000000000186e+03
-3.716583999999999833e+03
-3.708416000000000167e+03
-3.754079999999999927e+03
-3.723266000000000076e+03
-3.756307999999999993e+03
-3.804940999999999804e+03
-3.747768999999999778e+03
-3.761876000000000204e+03
-3.781181000000000040e+03
-3.742943000000000211e+03
-3.781181000000000040e+03
-3.834641000000000076e+03
-3.770414999999999964e+03
-3.781923999999999978e+03
-3.856916000000000167e+03
-3.784893999999999778e+03
-3.805313000000000102e+03
-3.823503999999999905e+03
-3.818306000000000040e+03
-3.794175000000000182e+03
-3.889215000000000146e+03
-3.840952999999999975e+03
-3.860257999999999811e+03
-3.851719000000000051e+03
-3.853204000000000178e+03
-3.865083999999999833e+03
-3.874364999999999782e+03
-3.836869000000000142e+03
-3.882532000000000153e+03
-3.896268999999999778e+03
-3.879934000000000196e+03
-3.861371000000000095e+03
-3.912603999999999814e+03
-3.917059000000000196e+03
-3.911489999999999782e+03
-3.897382999999999811e+03
-3.912231999999999971e+03
-3.935621000000000095e+03
-3.929309999999999945e+03
-3.934135999999999967e+03
-3.957153999999999996e+03
-3.930052000000000135e+03
-3.989824000000000069e+03
-3.946016000000000076e+03
-3.937106000000000222e+03
-4.002445999999999913e+03
-3.957896000000000186e+03
-3.964949999999999818e+03
-3.998733999999999924e+03
-3.983512000000000171e+03
-3.975715999999999894e+03
-4.000590000000000146e+03
-3.987224999999999909e+03
-3.983884000000000015e+03
-3.987224999999999909e+03
-3.981655999999999949e+03
-4.018039000000000215e+03
-3.988710000000000036e+03
-3.952327999999999975e+03
-3.965693000000000211e+03
-4.010242000000000189e+03
-4.014326000000000022e+03
-3.988710000000000036e+03
-3.995021000000000186e+03
-3.974974000000000160e+03
-4.026577999999999975e+03
-3.999847999999999956e+03
-4.004302000000000135e+03
-4.023606999999999971e+03
-4.048110000000000127e+03
-4.003188999999999851e+03
-4.013583999999999833e+03
-4.015440000000000055e+03
-4.028434000000000196e+03
-4.006159000000000106e+03
-4.032146000000000186e+03
-4.009871000000000095e+03
-4.041427000000000135e+03
-4.024721000000000004e+03
-4.022494000000000142e+03
-4.030661000000000058e+03
-4.016554000000000087e+03
-4.017666999999999916e+03
-4.021009000000000015e+03
-4.025835000000000036e+03
-3.977201000000000022e+03
-4.035115999999999985e+03
-4.075583000000000084e+03
-4.028434000000000196e+03
-4.049594999999999800e+03
-4.091916999999999916e+03
-4.077438999999999851e+03
-4.078552000000000135e+03
-4.068900000000000091e+03
-4.044396999999999935e+03
-4.049224000000000160e+03
-4.059248000000000047e+03
-4.064074000000000069e+03
-4.034373999999999796e+03
-4.080038000000000011e+03
-4.066300999999999931e+03
-4.084492000000000189e+03
-4.071498999999999796e+03
-4.068157000000000153e+03
-4.042541000000000167e+03
-4.102684000000000196e+03
-4.061103999999999814e+03
-4.087833999999999833e+03
-4.112336000000000240e+03
-4.067786000000000058e+03
-4.078923999999999978e+03
-4.107139000000000124e+03
-4.078181000000000040e+03
-4.057762000000000171e+03
-4.102684000000000196e+03
-4.129784999999999854e+03
-4.063331000000000131e+03
-4.137210000000000036e+03
-4.101940999999999804e+03
-4.106768000000000029e+03
-4.114192000000000007e+03
-4.113078999999999724e+03
-4.125329999999999927e+03
-4.139065999999999804e+03
-4.126814999999999600e+03
-4.124958999999999833e+03
-4.136095999999999549e+03
-4.166167000000000371e+03
-4.116792000000000371e+03
-4.123103000000000065e+03
-4.151317000000000007e+03
-4.120131999999999607e+03
-4.161341000000000349e+03
-4.147975999999999658e+03
-4.127929000000000087e+03
-4.159855999999999767e+03
-4.139065999999999804e+03
-4.142779000000000451e+03
-4.172479000000000269e+03
-4.211831000000000131e+03
-4.159855999999999767e+03
-4.181018000000000029e+03
-4.183987000000000080e+03
-4.184729999999999563e+03
-4.175448999999999614e+03
-4.199579999999999927e+03
-4.196238999999999578e+03
-4.184359000000000378e+03
-4.223711000000000240e+03
-4.189185000000000400e+03
-4.213315999999999804e+03
-4.218885000000000218e+03
-4.209604000000000269e+03
-4.215914999999999964e+03
-4.232993000000000393e+03
-4.198095000000000255e+03
-4.214430000000000291e+03
-4.248585000000000036e+03
-4.211460000000000036e+03
-4.250440999999999804e+03
-4.224082999999999629e+03
-4.237819000000000415e+03
-4.227052999999999884e+03
-4.246729000000000269e+03
-4.262320999999999913e+03
-4.222969000000000051e+03
-4.271974000000000160e+03
-4.248956000000000131e+03
-4.258979999999999563e+03
-4.257123999999999796e+03
-4.245614999999999782e+03
-4.245985999999999876e+03
-4.294990999999999985e+03
-4.273829999999999927e+03
-4.269746000000000095e+03
-4.289421999999999571e+03
-4.284967999999999847e+03
-4.249698999999999614e+03
-4.279027000000000044e+03
-4.240417000000000371e+03
-4.271974000000000160e+03
-4.259722999999999956e+03
-4.311326000000000022e+03
-4.293877000000000407e+03
-4.310583999999999833e+03
-4.268261000000000422e+03
-4.278655999999999949e+03
-4.301673999999999978e+03
-4.305386000000000422e+03
-4.293877000000000407e+03
-4.315780999999999949e+03
-4.338798999999999978e+03
-4.294990999999999985e+03
-4.331744999999999891e+03
-4.305015000000000327e+03
-4.286081000000000131e+03
-4.313925000000000182e+03
-4.326918999999999869e+03
-4.305386000000000422e+03
-4.306871000000000095e+03
-4.364786000000000058e+03
-4.246729000000000269e+03
-4.286453000000000429e+03
-4.286453000000000429e+03
-4.278655999999999949e+03
-4.291279000000000451e+03
-4.329145999999999731e+03
-4.279770000000000437e+03
-4.297219000000000051e+03
-4.301302999999999884e+03
-4.261207999999999629e+03
-4.265662999999999556e+03
-4.268261000000000422e+03
-4.250813000000000102e+03
-4.267890000000000327e+03
-4.290164999999999964e+03
-4.278284999999999854e+03
-4.272345000000000255e+03
-4.296847999999999956e+03
-4.276800000000000182e+03
-4.342511000000000422e+03
-4.274573000000000320e+03
-4.270488999999999578e+03
-4.303158999999999651e+03
-4.301302999999999884e+03
-4.264548999999999978e+03
-4.269375000000000000e+03
-4.284967999999999847e+03
-4.298703999999999724e+03
-4.267146999999999935e+03
-4.286081000000000131e+03
-4.287194999999999709e+03
-4.284225000000000364e+03
-4.341396999999999935e+03
-4.276800000000000182e+03
-4.301302999999999884e+03
-4.318009000000000015e+03
-4.293877000000000407e+03
-4.290164999999999964e+03
-4.303900999999999840e+03
-4.340654999999999745e+03
-4.313925000000000182e+03
-4.325805000000000291e+03
-4.287565999999999804e+03
-4.300930999999999585e+03
-4.315038999999999760e+03
-4.302787999999999556e+03
-4.301302999999999884e+03
-4.334344000000000051e+03
-4.361073999999999614e+03
-4.309099000000000160e+03
-4.345109999999999673e+03
-4.320979000000000269e+03
-4.313182999999999993e+03
-4.353649000000000342e+03
-4.343253999999999905e+03
-4.310212000000000444e+03
-4.347708999999999833e+03
-4.330631000000000313e+03
-4.318751000000000204e+03
-4.373324999999999818e+03
-4.312439999999999600e+03
-4.339912999999999556e+03
-4.375923999999999978e+03
-4.342140000000000327e+03
-4.368127000000000407e+03
-4.382605999999999767e+03
-4.347708999999999833e+03
-4.350307999999999993e+03
-4.358475000000000364e+03
-4.364414999999999964e+03
-4.371097999999999956e+03
-4.346224000000000160e+03
-4.389288999999999760e+03
-4.332115999999999985e+03
-4.367385000000000218e+03
-4.378894000000000233e+03
-4.384091000000000349e+03
-4.368498999999999796e+03
-4.363301000000000386e+03
-4.388546000000000276e+03
-4.361444999999999709e+03
-4.388175000000000182e+03
-4.381863999999999578e+03
-4.364043999999999869e+03
-4.407850999999999658e+03
-4.387432999999999993e+03
-4.420103000000000065e+03
-4.373695999999999913e+03
-4.394856999999999971e+03
-4.374439000000000306e+03
-4.398569999999999709e+03
-4.408594000000000051e+03
-4.398569999999999709e+03
-4.394856999999999971e+03
-4.419730999999999767e+03
-4.391145000000000437e+03
-4.415275999999999840e+03
-4.407109000000000378e+03
-4.420474000000000160e+03
-4.414533999999999651e+03
-4.381493000000000393e+03
-4.406737000000000080e+03
-4.444604999999999563e+03
-4.390774000000000342e+03
-4.402283000000000357e+03
-4.441635000000000218e+03
-4.444234000000000378e+03
-4.395229000000000269e+03
-4.461311999999999898e+03
-4.419359999999999673e+03
-4.428640999999999622e+03
-4.449430999999999585e+03
-4.453886000000000422e+03
-4.452400999999999840e+03
-4.442377000000000407e+03
-4.409707999999999629e+03
-4.450545000000000073e+03
-4.467251000000000204e+03
-4.470220999999999549e+03
-4.428640999999999622e+03
-4.462425000000000182e+03
-4.442748999999999796e+03
-4.432725000000000364e+03
-4.454256999999999607e+03
-4.474305000000000291e+03
-4.493238999999999578e+03
-4.545585000000000036e+03
-4.509944999999999709e+03
-4.519969000000000051e+03
-4.545585000000000036e+03
-4.495095000000000255e+03
-4.488783999999999651e+03
-4.538159999999999854e+03
-4.505860999999999876e+03
-4.495466000000000349e+03
-4.535561999999999898e+03
-4.516256000000000313e+03
-4.515514000000000124e+03
-4.503262999999999920e+03
-4.537417000000000371e+03
-4.479502000000000407e+03
-4.541130000000000109e+03
-4.551895999999999731e+03
-4.537046000000000276e+03
-4.562662999999999556e+03
-4.536675000000000182e+03
-4.520711000000000240e+03
-4.513286000000000058e+03
-4.547069999999999709e+03
-4.549668999999999869e+03
-4.563033999999999651e+03
-4.571573000000000320e+03
-4.560064000000000306e+03
-4.559320999999999913e+03
-4.525537999999999556e+03
-4.530363999999999578e+03
-4.547069999999999709e+03
-4.542614999999999782e+03
-4.541872999999999593e+03
-4.561548999999999978e+03
-4.555979999999999563e+03
-4.517369999999999891e+03
-4.547813000000000102e+03
-4.553381000000000313e+03
-4.510688000000000102e+03
-4.561177999999999884e+03
-4.548926000000000386e+03
-4.516256000000000313e+03
-4.501034999999999854e+03
-4.533704999999999927e+03
-4.507717999999999847e+03
-4.519969000000000051e+03
-4.500292000000000371e+03
-4.531478000000000065e+03
-4.521824999999999818e+03
-4.525167000000000371e+03
-4.508831000000000131e+03
-4.509203000000000429e+03
-4.510688000000000102e+03
-4.529993000000000393e+03
-4.532591000000000349e+03
-4.512543999999999869e+03
-4.502149000000000342e+03
