-1.909338999999999942e+03
-1.944236000000000104e+03
-1.921961000000000013e+03
-1.962056000000000040e+03
-1.969109999999999900e+03
-1.965769000000000005e+03
-1.950919000000000096e+03
-1.979505000000000109e+03
-1.962426999999999907e+03
-1.983218000000000075e+03
-2.018857999999999947e+03
-2.004378999999999905e+03
-2.014402000000000044e+03
-2.045215999999999894e+03
-2.010318999999999960e+03
-2.037420000000000073e+03
-2.097563000000000102e+03
-2.023683999999999969e+03
-2.046701000000000022e+03
-2.068605000000000018e+03
-2.022569999999999936e+03
-2.035934999999999945e+03
-2.076030000000000200e+03
-2.063036000000000058e+03
-2.087166999999999916e+03
-2.111670000000000073e+03
-2.097190999999999804e+03
-2.123550000000000182e+03
-2.158076000000000022e+03
-2.124291999999999916e+03
-2.098675999999999931e+03
-2.125777999999999793e+03
-2.111670000000000073e+03
-2.139885000000000218e+03
-2.175525000000000091e+03
-2.156961999999999989e+03
-2.141369999999999891e+03
-2.182579000000000178e+03
-2.193344999999999800e+03
-2.171440999999999804e+03
-2.200769999999999982e+03
-2.188518999999999778e+03
-2.194458999999999833e+03
-2.184434999999999945e+03
-2.191489000000000033e+03
-2.177010000000000218e+03
-2.182208000000000084e+03
-2.197800000000000182e+03
-2.194829999999999927e+03
-2.225271999999999935e+03
-2.243092999999999847e+03
-2.200398999999999887e+03
-2.248289999999999964e+03
-2.240123000000000047e+03
-2.205967999999999847e+03
-2.248289999999999964e+03
-2.291726000000000113e+03
-2.256458000000000084e+03
-2.250889000000000124e+03
-2.282445000000000164e+03
-2.265739000000000033e+03
-2.292097000000000207e+03
-2.321425999999999931e+03
-2.271679000000000087e+03
-2.268336999999999989e+03
-2.293583000000000084e+03
-2.319940999999999804e+03
-2.264996000000000095e+03
-2.303606000000000222e+03
-2.293954000000000178e+03
-2.273905999999999949e+03
-2.321425999999999931e+03
-2.282445000000000164e+03
-2.290612999999999829e+03
-2.343701000000000022e+03
-2.285414999999999964e+03
-2.305833999999999833e+03
-2.326251999999999953e+03
-2.328480000000000018e+03
-2.324025000000000091e+03
-2.301378999999999905e+03
-2.339246000000000095e+03
-2.319940999999999804e+03
-2.341474000000000160e+03
-2.389364999999999782e+03
-2.320313000000000102e+03
-2.365233999999999924e+03
-2.361150000000000091e+03
-2.339989000000000033e+03
-2.349641000000000076e+03
-2.402358999999999924e+03
-2.321054999999999836e+03
-2.365976000000000113e+03
-2.329222000000000207e+03
-2.349269999999999982e+03
-2.366719000000000051e+03
-2.368945999999999913e+03
-2.390849999999999909e+03
-2.352610999999999876e+03
-2.426489999999999782e+03
-2.363005999999999858e+03
-2.377114000000000033e+03
-2.394934000000000196e+03
-2.402358999999999924e+03
-2.409041000000000167e+03
-2.377485000000000127e+03
-2.358922999999999774e+03
-2.334420000000000073e+03
-2.377856000000000222e+03
-2.345929000000000087e+03
-2.355210000000000036e+03
-2.332193000000000211e+03
-2.355581000000000131e+03
-2.377114000000000033e+03
-2.388623000000000047e+03
-2.345186000000000149e+03
-2.356324000000000069e+03
-2.368574999999999818e+03
-2.329965000000000146e+03
-2.367833000000000084e+03
-2.302492000000000189e+03
-2.302492000000000189e+03
-2.314001000000000204e+03
-2.315485999999999876e+03
-2.308061000000000149e+03
-2.309916999999999916e+03
-2.306947999999999865e+03
-2.319940999999999804e+03
-2.354467999999999847e+03
-2.314744000000000142e+03
-2.265739000000000033e+03
-2.300264999999999873e+03
-2.296552000000000135e+03
-2.305833999999999833e+03
-2.307690000000000055e+03
-2.318085000000000036e+03
-2.299150999999999840e+03
-2.300635999999999967e+03
-2.356695000000000164e+03
-2.314373000000000047e+03
-2.332934999999999945e+03
-2.339617000000000189e+03
-2.316971000000000004e+03
-2.323282000000000153e+03
-2.353353999999999814e+03
-2.306576000000000022e+03
-2.325510000000000218e+03
-2.312887000000000171e+03
-2.304719999999999800e+03
-2.311030999999999949e+03
-2.342215999999999894e+03
-2.333677000000000135e+03
-2.306576000000000022e+03
-2.373030000000000200e+03
-2.317713999999999942e+03
-2.342958999999999833e+03
-2.392706000000000131e+03
-2.340731000000000222e+03
-2.338132999999999811e+03
-2.346670999999999822e+03
-2.372288000000000011e+03
-2.315856999999999971e+03
-2.396789999999999964e+03
-2.367833000000000084e+03
-2.328851000000000113e+03
-2.390106999999999971e+03
-2.343701000000000022e+03
-2.347041999999999916e+03
-2.380826000000000022e+03
-2.360036000000000058e+03
-2.328851000000000113e+03
-2.370059999999999945e+03
-2.359664999999999964e+03
-2.340731000000000222e+03
-2.376742000000000189e+03
-2.395304999999999836e+03
-2.360407000000000153e+03
-2.364119999999999891e+03
-2.406813999999999851e+03
-2.335905000000000200e+03
-2.370802000000000135e+03
-2.321054999999999836e+03
-2.323282000000000153e+03
-2.302864000000000033e+03
-2.346670999999999822e+03
-2.329965000000000146e+03
-2.309175000000000182e+03
-2.338503999999999905e+03
-2.298780000000000200e+03
-2.342215999999999894e+03
-2.344072999999999865e+03
-2.338503999999999905e+03
-2.306204999999999927e+03
-2.329594000000000051e+03
-2.314001000000000204e+03
-2.271307999999999993e+03
-2.299893999999999778e+03
-2.303235000000000127e+03
-2.290983999999999924e+03
-2.324768000000000029e+03
-2.326623999999999796e+03
-2.307690000000000055e+03
-2.347784999999999854e+03
-2.292840000000000146e+03
-2.328851000000000113e+03
-2.336646999999999935e+03
-2.319570000000000164e+03
-2.311030999999999949e+03
-2.346670999999999822e+03
-2.338503999999999905e+03
-2.324025000000000091e+03
-2.339617000000000189e+03
-2.334048999999999978e+03
-2.339617000000000189e+03
-2.338132999999999811e+03
-2.331820999999999913e+03
-2.332934999999999945e+03
-2.351126000000000204e+03
-2.369318000000000211e+03
-2.337760999999999967e+03
-2.363376999999999953e+03
-2.330708000000000084e+03
-2.329965000000000146e+03
-2.340360000000000127e+03
-2.303978000000000065e+03
-2.336646999999999935e+03
-2.313630000000000109e+03
-2.347784999999999854e+03
-2.331079000000000178e+03
-2.308061000000000149e+03
-2.298038000000000011e+03
-2.344072999999999865e+03
-2.342586999999999989e+03
-2.321425999999999931e+03
-2.326251999999999953e+03
-2.362635000000000218e+03
-2.340360000000000127e+03
-2.348155999999999949e+03
-2.347414000000000215e+03
-2.329222000000000207e+03
-2.333306000000000040e+03
-2.338875000000000000e+03
-2.364862999999999829e+03
-2.363376999999999953e+03
-2.344072999999999865e+03
-2.350384000000000015e+03
-2.338503999999999905e+03
-2.334420000000000073e+03
-2.321425999999999931e+03
-2.344072999999999865e+03
-2.381940000000000055e+03
-2.351869000000000142e+03
-2.359664999999999964e+03
-2.371545000000000073e+03
-2.355952999999999975e+03
-2.346300000000000182e+03
-2.381568999999999960e+03
-2.361893000000000029e+03
-2.355581000000000131e+03
-2.416836999999999989e+03
-2.360778999999999996e+03
-2.382682999999999993e+03
-2.409041000000000167e+03
-2.378228000000000065e+03
-2.350012000000000171e+03
-2.441340000000000146e+03
-2.395675999999999931e+03
-2.367460999999999785e+03
-2.388623000000000047e+03
-2.383054000000000087e+03
-2.357065999999999804e+03
-2.387880000000000109e+03
-2.402730000000000018e+03
-2.383425000000000182e+03
-2.400501999999999953e+03
-2.430945000000000164e+03
-2.405329000000000178e+03
-2.406443000000000211e+03
-2.418322999999999865e+03
-2.416836999999999989e+03
-2.435028999999999996e+03
-2.442083000000000084e+03
-2.423519999999999982e+03
-2.428717999999999847e+03
-2.433543999999999869e+03
-2.413496000000000095e+03
-2.428346000000000004e+03
-2.472896000000000186e+03
-2.417951000000000022e+03
-2.439855000000000018e+03
-2.451364000000000033e+03
-2.430202999999999975e+03
-2.449878999999999905e+03
-2.468070000000000164e+03
-2.479208000000000084e+03
-2.450250000000000000e+03
-2.483663000000000011e+03
-2.470297999999999774e+03
-2.460273999999999887e+03
-2.491829999999999927e+03
-2.481806000000000040e+03
-2.466585000000000036e+03
-2.493315000000000055e+03
-2.487375000000000000e+03
-2.503710000000000036e+03
-2.484775999999999840e+03
-2.460644999999999982e+03
-2.429088999999999942e+03
-2.464356999999999971e+03
-2.455076000000000022e+03
-2.486260999999999967e+03
-2.492572999999999865e+03
-2.492572999999999865e+03
-2.443938999999999851e+03
-2.472153999999999996e+03
-2.452478000000000065e+03
-2.462501000000000204e+03
-2.476980000000000018e+03
-2.443195999999999913e+03
-2.482548999999999978e+03
-2.503338999999999942e+03
-2.491829999999999927e+03
-2.450992000000000189e+03
-2.530068999999999960e+03
-2.508536000000000058e+03
-2.492943999999999960e+03
-2.531554000000000087e+03
-2.496655999999999949e+03
-2.534523999999999887e+03
-2.526356000000000222e+03
-2.561253999999999905e+03
-2.514105000000000018e+03
-2.547518000000000029e+03
-2.519673999999999978e+03
-2.503338999999999942e+03
-2.510021000000000186e+03
-2.543063000000000102e+03
-2.512619999999999891e+03
-2.521159000000000106e+03
-2.557170000000000073e+03
-2.537494000000000142e+03
-2.523014999999999873e+03
-2.543434000000000196e+03
-2.510021000000000186e+03
-2.536751000000000204e+03
-2.537864999999999782e+03
-2.551230000000000018e+03
-2.545661000000000058e+03
-2.573134000000000015e+03
-2.516333000000000084e+03
-2.575360999999999876e+03
-2.570905999999999949e+03
-2.570164000000000215e+03
-2.570905999999999949e+03
-2.593181000000000040e+03
-2.584643000000000029e+03
-2.570534999999999854e+03
-2.603947999999999865e+03
-2.555684999999999945e+03
-2.577960000000000036e+03
-2.612485999999999876e+03
-2.599492000000000189e+03
-2.640701000000000022e+03
-2.631420000000000073e+03
-2.611001000000000204e+03
-2.643300000000000182e+03
-2.653695000000000164e+03
-2.601719999999999800e+03
-2.646269999999999982e+03
-2.630677000000000135e+03
-2.605432999999999993e+03
-2.632534000000000106e+03
-2.644414000000000215e+03
-2.626594000000000051e+03
-2.658150000000000091e+03
-2.651838999999999942e+03
-2.607659999999999854e+03
-2.618425999999999931e+03
-2.652952999999999975e+03
-2.631420000000000073e+03
-2.655922999999999774e+03
-2.630306000000000040e+03
-2.644784999999999854e+03
-2.618425999999999931e+03
-2.662605000000000018e+03
-2.619168999999999869e+03
-2.634018999999999778e+03
-2.676340999999999894e+03
-2.634389999999999873e+03
-2.658893000000000029e+03
-2.660376999999999953e+03
-2.650353999999999814e+03
-2.641815000000000055e+03
-2.686364999999999782e+03
-2.647384000000000015e+03
-2.653695000000000164e+03
-2.711239000000000033e+03
-2.633646999999999935e+03
-2.650353999999999814e+03
-2.665574999999999818e+03
-2.654438000000000102e+03
-2.655179999999999836e+03
-2.672257999999999811e+03
-2.683394999999999982e+03
-2.640701000000000022e+03
-2.691934000000000196e+03
-2.690449000000000069e+03
-2.643670999999999822e+03
-2.713838000000000193e+03
-2.670030000000000200e+03
-2.659264000000000124e+03
-2.680425000000000182e+03
