-1.173520999999999958e+03
-1.191340999999999894e+03
-1.178719000000000051e+03
-1.239232999999999947e+03
-1.208047000000000025e+03
-1.206191000000000031e+03
-1.266334000000000060e+03
-1.245914999999999964e+03
-1.242202999999999975e+03
-1.307541999999999916e+03
-1.311255000000000109e+03
-1.293434999999999945e+03
-1.357289999999999964e+03
-1.296776000000000067e+03
-1.310884000000000015e+03
-1.360259999999999991e+03
-1.373253999999999905e+03
-1.357289999999999964e+03
-1.402583000000000084e+03
-1.401469000000000051e+03
-1.368056000000000040e+03
-1.407409000000000106e+03
-1.494280999999999949e+03
-1.425599999999999909e+03
-1.427085000000000036e+03
-1.501335000000000036e+03
-1.443048999999999978e+03
-1.462354000000000042e+03
-1.521010999999999967e+03
-1.470150000000000091e+03
-1.486855999999999995e+03
-1.523609999999999900e+03
-1.515814000000000078e+03
-1.529179000000000087e+03
-1.544400000000000091e+03
-1.572243999999999915e+03
-1.585608999999999924e+03
-1.551453999999999951e+03
-1.598230999999999995e+03
-1.585238000000000056e+03
-1.574099999999999909e+03
-1.580039999999999964e+03
-1.615680000000000064e+03
-1.623476000000000113e+03
-1.643523999999999887e+03
-1.648721000000000004e+03
-1.692900000000000091e+03
-1.666540999999999940e+03
-1.647236000000000104e+03
-1.719630000000000109e+03
-1.675823000000000093e+03
-1.705521999999999935e+03
-1.744503999999999905e+03
-1.711834000000000060e+03
-1.703295000000000073e+03
-1.731138999999999896e+03
-1.744503999999999905e+03
-1.735594000000000051e+03
-1.767520999999999958e+03
-1.793137999999999920e+03
-1.762694999999999936e+03
-1.830262999999999920e+03
-1.824693999999999960e+03
-1.807615999999999985e+03
-1.859962999999999965e+03
-1.816154999999999973e+03
-1.774575000000000045e+03
-1.826179000000000087e+03
-1.770490999999999985e+03
-1.797593000000000075e+03
-1.829148999999999887e+03
-1.815784000000000106e+03
-1.839544000000000096e+03
-1.823951000000000022e+03
-1.830634000000000015e+03
-1.870729000000000042e+03
-1.837688000000000102e+03
-1.838800999999999931e+03
-1.869986000000000104e+03
-1.874069999999999936e+03
-1.878895999999999958e+03
-1.848453999999999951e+03
-1.872213999999999942e+03
-1.871099999999999909e+03
-1.841028999999999996e+03
-1.885208000000000084e+03
-1.918990999999999985e+03
-1.851423999999999978e+03
-1.871843000000000075e+03
-1.915650000000000091e+03
-1.879638999999999896e+03
-1.903027000000000044e+03
-1.944236000000000104e+03
-1.926045000000000073e+03
-1.910452999999999975e+03
-1.956488000000000056e+03
-1.963912000000000035e+03
-1.963170000000000073e+03
-1.928271999999999935e+03
-1.967253999999999905e+03
-1.992499000000000024e+03
-1.975049999999999955e+03
-1.991384999999999991e+03
-1.996953999999999951e+03
-2.015887999999999920e+03
-2.006978000000000065e+03
-2.033708000000000084e+03
-2.052641000000000076e+03
-2.035564000000000078e+03
-2.048186000000000149e+03
-2.054869000000000142e+03
-2.032964999999999918e+03
-2.048186000000000149e+03
-2.113155000000000200e+03
-2.062664999999999964e+03
-2.045587999999999965e+03
-2.099789999999999964e+03
-2.079000000000000000e+03
-2.076400999999999840e+03
-2.071574999999999818e+03
-2.111670000000000073e+03
-2.096077999999999975e+03
-2.132460000000000036e+03
-2.127262000000000171e+03
-2.144340000000000146e+03
-2.155478000000000065e+03
-2.136914999999999964e+03
-2.132831000000000131e+03
-2.185548999999999978e+03
-2.128376000000000204e+03
-2.126891000000000076e+03
-2.161416999999999916e+03
-2.127634000000000015e+03
-2.146195999999999913e+03
-2.194086999999999989e+03
-2.166985999999999876e+03
-2.165873000000000047e+03
-2.197429000000000087e+03
-2.190746000000000095e+03
-2.182949999999999818e+03
-2.191860000000000127e+03
-2.183320999999999913e+03
-2.183320999999999913e+03
-2.177380999999999858e+03
-2.158447999999999865e+03
-2.159561000000000149e+03
-2.170327999999999975e+03
-2.178865999999999985e+03
-2.144710999999999785e+03
-2.184063999999999851e+03
-2.185548999999999978e+03
-2.192974000000000160e+03
-2.213393000000000029e+03
-2.234925000000000182e+03
-2.196315000000000055e+03
-2.219333000000000084e+03
-2.218219000000000051e+03
-2.190375000000000000e+03
-2.196686000000000149e+03
-2.211907000000000153e+03
-2.200769999999999982e+03
-2.231954999999999927e+03
-2.224530000000000200e+03
-2.195572999999999865e+03
-2.219333000000000084e+03
-2.212650000000000091e+03
-2.199655999999999949e+03
-2.223416000000000167e+03
-2.195943999999999960e+03
-2.193715999999999894e+03
-2.242349999999999909e+03
-2.250146000000000186e+03
-2.228242000000000189e+03
-2.252744999999999891e+03
-2.262025999999999840e+03
-2.244206000000000131e+03
-2.280217999999999847e+03
-2.281331000000000131e+03
-2.290983999999999924e+03
-2.285786000000000058e+03
-2.306576000000000022e+03
-2.294324999999999818e+03
-2.285414999999999964e+03
-2.319570000000000164e+03
-2.259056000000000040e+03
-2.270565000000000055e+03
-2.272791999999999916e+03
-2.290240999999999985e+03
-2.295809999999999945e+03
-2.309545999999999822e+03
-2.267594999999999800e+03
-2.279103999999999814e+03
-2.330335999999999785e+03
-2.259056000000000040e+03
-2.255344000000000051e+03
-2.292097000000000207e+03
-2.270193999999999960e+03
-2.249032000000000153e+03
-2.283929999999999836e+03
-2.254601000000000113e+03
-2.278731999999999971e+03
-2.259427000000000135e+03
-2.266853000000000065e+03
-2.280960000000000036e+03
-2.277989999999999782e+03
-2.283559000000000196e+03
-2.311773999999999887e+03
-2.306576000000000022e+03
-2.307318999999999960e+03
-2.292469000000000051e+03
-2.299150999999999840e+03
-2.285786000000000058e+03
-2.273164000000000215e+03
-2.327737999999999829e+03
-2.337018999999999778e+03
-2.283929999999999836e+03
-2.309916999999999916e+03
-2.325880999999999858e+03
-2.311402999999999793e+03
-2.330335999999999785e+03
-2.339617000000000189e+03
-2.319199000000000069e+03
-2.354096000000000004e+03
-2.351126000000000204e+03
-2.329594000000000051e+03
-2.332193000000000211e+03
-2.328851000000000113e+03
-2.351869000000000142e+03
-2.343701000000000022e+03
-2.343701000000000022e+03
-2.328480000000000018e+03
-2.375257999999999811e+03
-2.330708000000000084e+03
-2.311030999999999949e+03
-2.349269999999999982e+03
-2.340731000000000222e+03
-2.334048999999999978e+03
-2.370431000000000040e+03
-2.386394999999999982e+03
-2.366719000000000051e+03
-2.377114000000000033e+03
-2.382311000000000149e+03
-2.386023999999999887e+03
-2.377485000000000127e+03
-2.384909999999999854e+03
-2.384909999999999854e+03
-2.391221000000000004e+03
-2.393449000000000069e+03
-2.400130999999999858e+03
-2.393077999999999975e+03
-2.422777999999999793e+03
-2.403101000000000113e+03
-2.428346000000000004e+03
-2.417579999999999927e+03
-2.419436000000000149e+03
-2.425005000000000109e+03
-2.412010999999999967e+03
-2.425005000000000109e+03
-2.428346000000000004e+03
-2.429088999999999942e+03
-2.417951000000000022e+03
-2.437998999999999796e+03
-2.440226000000000113e+03
-2.441340000000000146e+03
-2.457675000000000182e+03
-2.466956000000000131e+03
-2.453961999999999989e+03
-2.456561000000000149e+03
-2.478094000000000051e+03
-2.468813000000000102e+03
-2.479579000000000178e+03
-2.513733999999999924e+03
-2.502224999999999909e+03
-2.492943999999999960e+03
-2.527099000000000160e+03
-2.508907000000000153e+03
-2.477351000000000113e+03
-2.485146999999999935e+03
-2.454704999999999927e+03
-2.449878999999999905e+03
-2.455818999999999960e+03
-2.470668999999999869e+03
-2.471782000000000153e+03
-2.498512000000000171e+03
-2.458416999999999916e+03
-2.473268000000000029e+03
-2.503338999999999942e+03
-2.515219000000000051e+03
-2.496655999999999949e+03
-2.516704000000000178e+03
-2.501110999999999876e+03
-2.512619999999999891e+03
-2.534894999999999982e+03
-2.523757999999999811e+03
-2.543434000000000196e+03
-2.506679999999999836e+03
-2.474010000000000218e+03
-2.468070000000000164e+03
-2.495541999999999916e+03
-2.494800000000000182e+03
-2.456932999999999993e+03
-2.457304000000000087e+03
-2.485518999999999778e+03
-2.444681000000000040e+03
-2.465099999999999909e+03
-2.463614999999999782e+03
-2.475123999999999796e+03
-2.485518999999999778e+03
-2.465471000000000004e+03
-2.459902999999999793e+03
-2.455076000000000022e+03
-2.463985999999999876e+03
-2.471782000000000153e+03
-2.446909000000000106e+03
-2.487375000000000000e+03
-2.465471000000000004e+03
-2.485518999999999778e+03
-2.496655999999999949e+03
-2.491086999999999989e+03
-2.494429000000000087e+03
-2.491086999999999989e+03
-2.494057999999999993e+03
-2.484775999999999840e+03
-2.487375000000000000e+03
-2.452849000000000160e+03
-2.466585000000000036e+03
-2.468813000000000102e+03
-2.476237999999999829e+03
-2.487746000000000095e+03
-2.473639000000000124e+03
-2.474751999999999953e+03
-2.489603000000000065e+03
-2.478835999999999785e+03
-2.476980000000000018e+03
-2.499626000000000204e+03
-2.500739999999999782e+03
-2.488489000000000033e+03
-2.503338999999999942e+03
-2.486260999999999967e+03
-2.503338999999999942e+03
-2.493686000000000149e+03
-2.485146999999999935e+03
-2.483663000000000011e+03
-2.483663000000000011e+03
-2.478094000000000051e+03
-2.454704999999999927e+03
-2.466585000000000036e+03
-2.486632999999999811e+03
-2.472896000000000186e+03
-2.471782000000000153e+03
-2.497769999999999982e+03
-2.474751999999999953e+03
-2.485518999999999778e+03
-2.497398999999999887e+03
-2.478835999999999785e+03
-2.489231000000000222e+03
-2.512990999999999985e+03
-2.500739999999999782e+03
-2.483663000000000011e+03
-2.512619999999999891e+03
-2.503710000000000036e+03
-2.518188999999999851e+03
-2.508907000000000153e+03
-2.501110999999999876e+03
-2.528954999999999927e+03
-2.541949000000000069e+03
-2.507422999999999774e+03
-2.485889999999999873e+03
-2.526728000000000065e+03
-2.494057999999999993e+03
-2.461016000000000076e+03
-2.474751999999999953e+03
-2.454704999999999927e+03
-2.457304000000000087e+03
-2.483663000000000011e+03
-2.475123999999999796e+03
-2.465471000000000004e+03
-2.468070000000000164e+03
-2.484034000000000106e+03
-2.479208000000000084e+03
-2.468070000000000164e+03
-2.493686000000000149e+03
-2.482548999999999978e+03
-2.490344999999999800e+03
-2.492201000000000022e+03
-2.465099999999999909e+03
-2.519302000000000135e+03
-2.520045000000000073e+03
-2.482548999999999978e+03
-2.504824000000000069e+03
-2.515590000000000146e+03
-2.474751999999999953e+03
-2.488860000000000127e+03
-2.490715999999999894e+03
-2.480320999999999913e+03
-2.530811000000000149e+03
-2.498512000000000171e+03
-2.512990999999999985e+03
-2.532295999999999822e+03
-2.531182999999999993e+03
-2.507793999999999869e+03
-2.538606999999999971e+03
-2.537494000000000142e+03
-2.517074999999999818e+03
-2.516333000000000084e+03
-2.540092999999999847e+03
-2.522643999999999778e+03
-2.530440000000000055e+03
-2.549373999999999796e+03
-2.538235999999999876e+03
-2.549001999999999953e+03
-2.562367000000000189e+03
