-2.359664999999999964e+03
-2.383795999999999822e+03
-2.425005000000000109e+03
-2.391963999999999942e+03
-2.420179000000000087e+03
-2.393820000000000164e+03
-2.416836999999999989e+03
-2.422405999999999949e+03
-2.421664000000000215e+03
-2.405699999999999818e+03
-2.470297999999999774e+03
-2.483663000000000011e+03
-2.461016000000000076e+03
-2.472896000000000186e+03
-2.488117000000000189e+03
-2.483663000000000011e+03
-2.485518999999999778e+03
-2.507422999999999774e+03
-2.499255000000000109e+03
-2.492943999999999960e+03
-2.543804999999999836e+03
-2.492943999999999960e+03
-2.534152999999999793e+03
-2.486632999999999811e+03
-2.510021000000000186e+03
-2.537864999999999782e+03
-2.546775000000000091e+03
-2.570534999999999854e+03
-2.573876000000000204e+03
-2.573505000000000109e+03
-2.576846000000000004e+03
-2.601719999999999800e+03
-2.600978000000000065e+03
-2.594666000000000167e+03
-2.590954000000000178e+03
-2.593923999999999978e+03
-2.589097000000000207e+03
-2.602090999999999894e+03
-2.645527999999999793e+03
-2.583900000000000091e+03
-2.659635000000000218e+03
-2.625480000000000018e+03
-2.584271000000000186e+03
-2.656293999999999869e+03
-2.644414000000000215e+03
-2.665574999999999818e+03
-2.641072999999999865e+03
-2.695646000000000186e+03
-2.645155999999999949e+03
-2.634760999999999967e+03
-2.649610999999999876e+03
-2.659635000000000218e+03
-2.670400999999999840e+03
-2.676340999999999894e+03
-2.704556000000000040e+03
-2.693418999999999869e+03
-2.743909000000000106e+03
-2.671514999999999873e+03
-2.721634000000000015e+03
-2.720891000000000076e+03
-2.731657000000000153e+03
-2.759501000000000204e+03
-2.735740999999999985e+03
-2.707896999999999935e+03
-2.720891000000000076e+03
-2.697501999999999953e+03
-2.675599000000000160e+03
-2.719034999999999854e+03
-2.733143000000000029e+03
-2.708639999999999873e+03
-2.710125000000000000e+03
-2.753932999999999993e+03
-2.706041000000000167e+03
-2.713465999999999894e+03
-2.767297999999999774e+03
-2.690820000000000164e+03
-2.723860999999999876e+03
-2.706041000000000167e+03
-2.722748000000000047e+03
-2.703443000000000211e+03
-2.753932999999999993e+03
-2.749478000000000065e+03
-2.708268999999999778e+03
-2.758016000000000076e+03
-2.748364000000000033e+03
-2.735740999999999985e+03
-2.746507999999999811e+03
-2.763213999999999942e+03
-2.725346000000000004e+03
-2.801452999999999975e+03
-2.788829999999999927e+03
-2.786231000000000222e+03
-2.798853999999999814e+03
-2.794398999999999887e+03
-2.742052000000000135e+03
-2.797369000000000142e+03
-2.772865999999999985e+03
-2.760244000000000142e+03
-2.779548999999999978e+03
-2.763956000000000131e+03
-2.742052000000000135e+03
-2.772123999999999796e+03
-2.730543999999999869e+03
-2.706784000000000106e+03
-2.774722000000000207e+03
-2.753561000000000149e+03
-2.765813000000000102e+03
-2.774722000000000207e+03
-2.787344999999999800e+03
-2.753190000000000055e+03
-2.770268000000000029e+03
-2.750590999999999894e+03
-2.740195999999999913e+03
-2.722005000000000109e+03
-2.759501000000000204e+03
-2.742052000000000135e+03
-2.764699000000000069e+03
-2.758387000000000171e+03
-2.787715999999999894e+03
-2.750590999999999894e+03
-2.794398999999999887e+03
-2.799224999999999909e+03
-2.801824000000000069e+03
-2.809619999999999891e+03
-2.801452999999999975e+03
-2.781405000000000200e+03
-2.827811000000000149e+03
-2.795141000000000076e+03
-2.833380000000000109e+03
-2.843032000000000153e+03
-2.841918999999999869e+03
-2.793284999999999854e+03
-2.897235000000000127e+03
-2.851943000000000211e+03
-2.851199999999999818e+03
-2.825583999999999833e+03
-2.847487999999999829e+03
-2.842661000000000058e+03
-2.862708999999999833e+03
-2.888695999999999913e+03
-2.869762000000000171e+03
-2.893893999999999778e+03
-2.859367000000000189e+03
-2.867905999999999949e+03
-2.868648999999999887e+03
-2.847487999999999829e+03
-2.853798999999999978e+03
-2.848601000000000113e+03
-2.853798999999999978e+03
-2.831894999999999982e+03
-2.886097000000000207e+03
-2.868648999999999887e+03
-2.903916999999999916e+03
-2.863822999999999865e+03
-2.897606000000000222e+03
-2.895007999999999811e+03
-2.903545999999999822e+03
-2.910599999999999909e+03
-2.889068000000000211e+03
-2.970000000000000000e+03
-2.905402999999999793e+03
-2.911713999999999942e+03
-2.932132999999999811e+03
-2.928791000000000167e+03
-2.929163000000000011e+03
-2.966659000000000106e+03
-2.948096000000000004e+03
-2.894635999999999967e+03
-2.953664999999999964e+03
-2.892409000000000106e+03
-2.892409000000000106e+03
-2.925820999999999913e+03
-2.925079000000000178e+03
-2.892038000000000011e+03
-2.959605000000000018e+03
-2.928791000000000167e+03
-2.934731000000000222e+03
-2.967400999999999840e+03
-2.932503999999999905e+03
-2.944012000000000171e+03
-2.956264000000000124e+03
-2.969257999999999811e+03
-2.959605000000000018e+03
-2.970742000000000189e+03
-2.971485000000000127e+03
-2.962945999999999913e+03
-3.031255999999999858e+03
-3.016034999999999854e+03
-2.957005999999999858e+03
-3.029400000000000091e+03
-3.054273999999999887e+03
-3.049076000000000022e+03
-3.036083000000000084e+03
-3.112931000000000040e+03
-3.000813999999999851e+03
-3.082489000000000033e+03
-3.094739999999999782e+03
-3.039052000000000135e+03
-3.082860000000000127e+03
-3.114788000000000011e+03
-3.054644999999999982e+03
-3.078405000000000200e+03
-3.129637000000000171e+03
-3.087315000000000055e+03
-3.115159000000000106e+03
-3.104021000000000186e+03
-3.114045000000000073e+03
-3.101050999999999931e+03
-3.128152999999999793e+03
-3.117014999999999873e+03
-3.143001999999999953e+03
-3.185695999999999913e+03
-3.133721000000000004e+03
-3.155625000000000000e+03
-3.179014000000000124e+03
-3.187181000000000040e+03
-3.151170000000000073e+03
-3.193121000000000095e+03
-3.170846000000000004e+03
-3.190521999999999935e+03
-3.202030999999999949e+03
-3.216880999999999858e+03
-3.145230000000000018e+03
-3.176043999999999869e+03
-3.165277999999999793e+03
-3.122583999999999833e+03
-3.193121000000000095e+03
-3.161565000000000055e+03
-3.155996000000000095e+03
-3.189780000000000200e+03
-3.181983999999999924e+03
-3.166019999999999982e+03
-3.183840000000000146e+03
-3.223934999999999945e+03
-3.158594999999999800e+03
-3.206856999999999971e+03
-3.204259000000000015e+03
-3.180498999999999796e+03
-3.202402999999999793e+03
-3.198318999999999960e+03
-3.216510000000000218e+03
-3.217623999999999796e+03
-3.238784999999999854e+03
-3.226534000000000106e+03
-3.240641000000000076e+03
-3.250664999999999964e+03
-3.243981999999999971e+03
-3.268856000000000222e+03
-3.273682999999999993e+03
-3.268856000000000222e+03
-3.276280999999999949e+03
-3.302268999999999778e+03
-3.279251000000000204e+03
-3.307838000000000193e+03
-3.292615999999999985e+03
-3.312664000000000215e+03
-3.298556000000000040e+03
-3.303382999999999811e+03
-3.296329000000000178e+03
-3.301896999999999935e+03
-3.312664000000000215e+03
-3.269969999999999800e+03
-3.269228000000000065e+03
-3.272940000000000055e+03
-3.252150000000000091e+03
-3.247695000000000164e+03
-3.273682999999999993e+03
-3.266628999999999905e+03
-3.264400999999999840e+03
-3.287418999999999869e+03
-3.256233999999999924e+03
-3.248809000000000196e+03
-3.264030000000000200e+03
-3.281478999999999814e+03
-3.275166999999999916e+03
-3.275166999999999916e+03
-3.284820000000000164e+03
-3.251778999999999996e+03
-3.305981000000000222e+03
-3.307094999999999800e+03
-3.285190999999999804e+03
-3.308951000000000022e+03
-3.300041000000000167e+03
-3.291873999999999796e+03
-3.320831000000000131e+03
-3.297443000000000211e+03
-3.266628999999999905e+03
-3.297813999999999851e+03
-3.294844000000000051e+03
-3.295585999999999785e+03
-3.320831000000000131e+03
-3.263659000000000106e+03
-3.287047999999999774e+03
-3.300041000000000167e+03
-3.284449000000000069e+03
-3.273311000000000149e+03
-3.339393999999999778e+03
-3.252893000000000029e+03
-3.322688000000000102e+03
-3.326771000000000186e+03
-3.286675999999999931e+03
-3.326028999999999996e+03
-3.350902999999999793e+03
-3.308208999999999833e+03
-3.285934000000000196e+03
-3.342735000000000127e+03
-3.317489999999999782e+03
-3.306353000000000065e+03
-3.365010000000000218e+03
-3.341621000000000095e+03
-3.312291999999999916e+03
-3.335309999999999945e+03
-3.341992000000000189e+03
-3.339764999999999873e+03
-3.347190000000000055e+03
-3.336795000000000073e+03
-3.349416999999999916e+03
-3.320088999999999942e+03
-3.342364000000000033e+03
-3.333824999999999818e+03
-3.339021999999999935e+03
-3.326771000000000186e+03
-3.313034999999999854e+03
-3.317860999999999876e+03
-3.336052000000000135e+03
-3.294844000000000051e+03
-3.302639999999999873e+03
-3.340135999999999967e+03
-3.293730000000000018e+03
-3.339393999999999778e+03
-3.362782000000000153e+03
-3.286304999999999836e+03
-3.331597000000000207e+03
-3.351644999999999982e+03
-3.327143000000000029e+03
-3.312664000000000215e+03
-3.351644999999999982e+03
-3.290018000000000029e+03
-3.309322999999999865e+03
-3.354614999999999782e+03
-3.303010999999999967e+03
-3.312664000000000215e+03
-3.339021999999999935e+03
-3.286675999999999931e+03
-3.331969000000000051e+03
-3.340135999999999967e+03
-3.297813999999999851e+03
-3.321574000000000069e+03
-3.371320999999999913e+03
-3.343106000000000222e+03
-3.318231999999999971e+03
-3.352759000000000015e+03
-3.337909000000000106e+03
-3.313405999999999949e+03
-3.362039999999999964e+03
-3.347932999999999993e+03
-3.342364000000000033e+03
-3.335681000000000040e+03
-3.350530999999999949e+03
-3.346076000000000022e+03
-3.387655999999999949e+03
-3.373920000000000073e+03
-3.351644999999999982e+03
-3.375775999999999840e+03
-3.340507999999999811e+03
-3.339393999999999778e+03
-3.356842999999999847e+03
-3.373177000000000135e+03
-3.352387000000000171e+03
-3.377632999999999811e+03
-3.359440999999999804e+03
-3.348304000000000087e+03
-3.342364000000000033e+03
-3.327514000000000124e+03
-3.377260999999999967e+03
-3.337538000000000011e+03
-3.397309000000000196e+03
-3.344590999999999894e+03
-3.375775999999999840e+03
-3.408074999999999818e+03
-3.334195999999999913e+03
-3.353130000000000109e+03
-3.353501000000000204e+03
-3.367237999999999829e+03
-3.366865999999999985e+03
-3.392853999999999814e+03
-3.349416999999999916e+03
-3.354985999999999876e+03
-3.359813000000000102e+03
-3.347190000000000055e+03
-3.390998000000000047e+03
-3.364268000000000029e+03
-3.369465000000000146e+03
-3.378746000000000095e+03
-3.354614999999999782e+03
-3.361297999999999774e+03
-3.370208000000000084e+03
-3.382088000000000193e+03
-3.333083000000000084e+03
-3.363153999999999996e+03
-3.364639000000000124e+03
-3.326028999999999996e+03
-3.352387000000000171e+03
-3.335681000000000040e+03
-3.313777999999999793e+03
-3.343106000000000222e+03
-3.341250000000000000e+03
-3.335681000000000040e+03
-3.365751999999999953e+03
-3.362782000000000153e+03
-3.346447999999999865e+03
-3.370208000000000084e+03
