-4.536675000000000182e+02
-4.714875000000000114e+02
-4.900500000000000114e+02
-4.726012999999999806e+02
-5.034150000000000205e+02
-5.108399999999999750e+02
-4.971037999999999784e+02
-5.015586999999999875e+02
-5.208637999999999693e+02
-5.182649999999999864e+02
-5.390549999999999500e+02
-5.260612999999999602e+02
-5.056424999999999841e+02
-5.160375000000000227e+02
-5.071274999999999977e+02
-5.264325000000000045e+02
-5.108399999999999750e+02
-5.479650000000000318e+02
-5.383125000000000000e+02
-5.531625000000000227e+02
-5.386838000000000193e+02
-5.346000000000000227e+02
-5.501924999999999955e+02
-5.212350000000000136e+02
-5.431386999999999716e+02
-5.561325000000000500e+02
-5.661562999999999874e+02
-5.617011999999999716e+02
-5.431386999999999716e+02
-5.531625000000000227e+02
-5.676412000000000262e+02
-5.550186999999999671e+02
-5.717250000000000227e+02
-5.810062000000000353e+02
-5.442525000000000546e+02
-5.635575000000000045e+02
-5.802636999999999716e+02
-6.084787999999999784e+02
-5.657849999999999682e+02
-5.661562999999999874e+02
-5.602161999999999580e+02
-6.062513000000000147e+02
-5.902875000000000227e+02
-5.587313000000000329e+02
-6.077363000000000284e+02
-6.003112999999999602e+02
-5.583600000000000136e+02
-5.869461999999999762e+02
-6.107061999999999671e+02
-6.147899999999999636e+02
-6.014249999999999545e+02
-5.847187999999999874e+02
-5.984550000000000409e+02
-6.029099999999999682e+02
-5.991974999999999909e+02
-6.125625000000000000e+02
-6.274125000000000227e+02
-6.040236999999999625e+02
-5.899162999999999784e+02
-6.211013000000000375e+02
-6.314963000000000193e+02
-6.381788000000000238e+02
-6.237000000000000455e+02
-6.281549999999999727e+02
-6.496875000000000000e+02
-6.233287000000000262e+02
-6.237000000000000455e+02
-6.326100000000000136e+02
-6.545136999999999716e+02
-6.619388000000000147e+02
-6.385499999999999545e+02
-6.574837999999999738e+02
-6.704774999999999636e+02
-6.545136999999999716e+02
-6.326100000000000136e+02
-6.541425000000000409e+02
-6.604537000000000262e+02
-6.482024999999999864e+02
-6.597111999999999625e+02
-6.452324999999999591e+02
-6.708487999999999829e+02
-6.727050000000000409e+02
-6.548849999999999909e+02
-6.738188000000000102e+02
-6.608250000000000455e+02
-6.526575000000000273e+02
-6.578550000000000182e+02
-6.667649999999999864e+02
-6.426336999999999762e+02
-6.619388000000000147e+02
-6.611961999999999762e+02
-6.693637999999999693e+02
-6.630525000000000091e+02
-6.845850000000000364e+02
-6.875549999999999500e+02
-6.838424999999999727e+02
-6.819863000000000284e+02
-6.856987000000000307e+02
-6.879262999999999693e+02
-6.946087999999999738e+02
-6.879262999999999693e+02
-6.816150000000000091e+02
-6.849561999999999671e+02
-6.567413000000000238e+02
-6.797586999999999762e+02
-6.960937999999999874e+02
-6.626812999999999647e+02
-6.827287999999999784e+02
-6.741900000000000546e+02
-6.619388000000000147e+02
-6.875549999999999500e+02
-6.793875000000000455e+02
-6.797586999999999762e+02
-6.760462999999999738e+02
-7.124288000000000238e+02
-6.920099999999999909e+02
-6.533999999999999773e+02
-7.146562999999999874e+02
-6.823574999999999591e+02
-6.831000000000000227e+02
-6.812437999999999647e+02
-6.782736999999999625e+02
-6.856987000000000307e+02
-7.009199999999999591e+02
-6.652799999999999727e+02
-6.864412999999999556e+02
-7.098300000000000409e+02
-6.723337000000000216e+02
-6.797586999999999762e+02
-6.968361999999999625e+02
-6.871838000000000193e+02
-6.663936999999999671e+02
-6.619388000000000147e+02
-7.005488000000000284e+02
-6.946087999999999738e+02
-6.920099999999999909e+02
-6.968361999999999625e+02
-6.745612999999999602e+02
-6.849561999999999671e+02
-6.779025000000000318e+02
-6.860700000000000500e+02
-6.897825000000000273e+02
-6.990638000000000147e+02
-6.838424999999999727e+02
-6.849561999999999671e+02
-6.983211999999999762e+02
-7.050037999999999556e+02
-7.116862999999999602e+02
-7.009199999999999591e+02
-7.027762000000000171e+02
-7.135425000000000182e+02
-7.120575000000000045e+02
-6.916386999999999716e+02
-7.217100000000000364e+02
-7.061174999999999500e+02
-7.012912999999999784e+02
-7.183687999999999647e+02
-6.990638000000000147e+02
-7.050037999999999556e+02
-6.972074999999999818e+02
-7.053750000000000000e+02
-7.027762000000000171e+02
-7.053750000000000000e+02
-7.135425000000000182e+02
-6.894112999999999829e+02
-7.064887999999999693e+02
-7.068600000000000136e+02
-7.038899999999999864e+02
-7.309913000000000238e+02
-6.975787000000000262e+02
-7.046325000000000500e+02
-7.020338000000000420e+02
-6.975787000000000262e+02
-7.057463000000000193e+02
-7.090874999999999773e+02
-7.239375000000000000e+02
-7.172549999999999955e+02
-7.187400000000000091e+02
-7.168836999999999762e+02
-7.150275000000000318e+02
-7.165125000000000455e+02
-7.250512999999999693e+02
-7.009199999999999591e+02
-7.369312999999999647e+02
-7.209674999999999727e+02
-7.235662999999999556e+02
-7.280212000000000216e+02
-7.168836999999999762e+02
-7.050037999999999556e+02
-7.347037000000000262e+02
-7.005488000000000284e+02
-7.120575000000000045e+02
-7.113150000000000546e+02
-7.124288000000000238e+02
-7.127999999999999545e+02
-7.172549999999999955e+02
-7.142849999999999682e+02
-7.228237000000000307e+02
-7.272786999999999580e+02
-7.257938000000000329e+02
-7.224524999999999864e+02
-7.172549999999999955e+02
-7.153986999999999625e+02
-7.113150000000000546e+02
-7.250512999999999693e+02
-7.313624999999999545e+02
-6.964650000000000318e+02
-7.209674999999999727e+02
-7.194824999999999591e+02
-7.027762000000000171e+02
-7.120575000000000045e+02
-7.213387000000000171e+02
-7.053750000000000000e+02
-7.038899999999999864e+02
-7.005488000000000284e+02
-7.090874999999999773e+02
-7.127999999999999545e+02
-7.250512999999999693e+02
-6.983211999999999762e+02
-7.168836999999999762e+02
-7.309913000000000238e+02
-7.064887999999999693e+02
-7.146562999999999874e+02
-7.254225000000000136e+02
-7.113150000000000546e+02
-7.072313000000000329e+02
-7.172549999999999955e+02
-7.135425000000000182e+02
-7.153986999999999625e+02
-7.042612000000000307e+02
-7.005488000000000284e+02
-7.068600000000000136e+02
-7.139138000000000375e+02
-6.927525000000000546e+02
-7.139138000000000375e+02
-7.038899999999999864e+02
-7.094587000000000216e+02
-7.231950000000000500e+02
-7.113150000000000546e+02
-7.153986999999999625e+02
-7.064887999999999693e+02
-6.964650000000000318e+02
-7.042612000000000307e+02
-7.087161999999999580e+02
-7.339611999999999625e+02
-7.027762000000000171e+02
-7.350750000000000455e+02
-7.421287999999999556e+02
-7.324763000000000375e+02
-7.105724999999999909e+02
-7.239375000000000000e+02
-7.076024999999999636e+02
-7.016625000000000227e+02
-7.254225000000000136e+02
-7.213387000000000171e+02
-7.072313000000000329e+02
-7.261649999999999636e+02
-7.194824999999999591e+02
-7.142849999999999682e+02
-7.261649999999999636e+02
-7.202250000000000227e+02
-7.072313000000000329e+02
-7.257938000000000329e+02
-7.250512999999999693e+02
-6.942374999999999545e+02
-7.098300000000000409e+02
-7.298775000000000546e+02
-7.157699999999999818e+02
-7.124288000000000238e+02
-7.205963000000000420e+02
-6.983211999999999762e+02
-7.306200000000000045e+02
-7.254225000000000136e+02
-7.020338000000000420e+02
-7.269075000000000273e+02
-7.209674999999999727e+02
-7.217100000000000364e+02
-7.172549999999999955e+02
-7.113150000000000546e+02
-7.205963000000000420e+02
-7.250512999999999693e+02
-7.131712999999999738e+02
-7.087161999999999580e+02
-7.198537999999999784e+02
-7.139138000000000375e+02
-7.165125000000000455e+02
-7.150275000000000318e+02
-7.168836999999999762e+02
-7.035186999999999671e+02
-7.205963000000000420e+02
-7.157699999999999818e+02
-7.172549999999999955e+02
-7.194824999999999591e+02
-7.283925000000000409e+02
-7.157699999999999818e+02
-7.399012000000000171e+02
-7.239375000000000000e+02
-7.194824999999999591e+02
-7.168836999999999762e+02
-7.309913000000000238e+02
-7.220811999999999671e+02
-7.332187999999999874e+02
-7.306200000000000045e+02
-7.120575000000000045e+02
-7.213387000000000171e+02
-7.321050000000000182e+02
-7.239375000000000000e+02
-7.142849999999999682e+02
-7.198537999999999784e+02
-7.142849999999999682e+02
-7.317337999999999738e+02
-7.343324999999999818e+02
-7.146562999999999874e+02
-7.391588000000000420e+02
-7.269075000000000273e+02
-7.257938000000000329e+02
-7.298775000000000546e+02
-7.369312999999999647e+02
-7.287636999999999716e+02
-7.391588000000000420e+02
-7.265362999999999829e+02
-7.358174999999999955e+02
-7.358174999999999955e+02
-7.517812999999999874e+02
-7.131712999999999738e+02
-7.124288000000000238e+02
-7.465837000000000216e+02
-7.384162999999999784e+02
-7.220811999999999671e+02
-7.514099999999999682e+02
-7.391588000000000420e+02
-7.165125000000000455e+02
-7.302487999999999602e+02
-7.317337999999999738e+02
-7.224524999999999864e+02
-7.265362999999999829e+02
-7.250512999999999693e+02
-7.165125000000000455e+02
-7.105724999999999909e+02
-7.213387000000000171e+02
-7.102011999999999716e+02
-7.146562999999999874e+02
-6.983211999999999762e+02
-6.990638000000000147e+02
-7.354461999999999762e+02
-7.187400000000000091e+02
-7.165125000000000455e+02
-7.254225000000000136e+02
-7.068600000000000136e+02
-7.142849999999999682e+02
-7.009199999999999591e+02
-7.050037999999999556e+02
-7.243088000000000193e+02
-7.235662999999999556e+02
-7.321050000000000182e+02
-7.324763000000000375e+02
-7.272786999999999580e+02
-7.473261999999999716e+02
-7.098300000000000409e+02
-7.328474999999999682e+02
-7.439850000000000136e+02
-7.317337999999999738e+02
-7.202250000000000227e+02
-7.421287999999999556e+02
-7.239375000000000000e+02
-7.239375000000000000e+02
-7.291349999999999909e+02
-7.183687999999999647e+02
-7.024049999999999727e+02
-7.109438000000000102e+02
-7.031475000000000364e+02
-7.280212000000000216e+02
-7.298775000000000546e+02
-7.213387000000000171e+02
-7.517812999999999874e+02
-7.328474999999999682e+02
-7.113150000000000546e+02
-7.254225000000000136e+02
-7.213387000000000171e+02
-7.072313000000000329e+02
-7.272786999999999580e+02
-7.317337999999999738e+02
-7.012912999999999784e+02
-7.194824999999999591e+02
-7.235662999999999556e+02
-7.079737999999999829e+02
-7.194824999999999591e+02
-7.142849999999999682e+02
-7.050037999999999556e+02
-7.220811999999999671e+02
-7.146562999999999874e+02
-7.076024999999999636e+02
-7.306200000000000045e+02
-7.257938000000000329e+02
-7.243088000000000193e+02
-7.280212000000000216e+02
-7.265362999999999829e+02
-7.354461999999999762e+02
-7.283925000000000409e+02
-7.146562999999999874e+02
-7.168836999999999762e+02
-7.287636999999999716e+02
-7.410149999999999864e+02
-7.365599999999999454e+02
-7.287636999999999716e+02
-7.439850000000000136e+02
-7.328474999999999682e+02
-7.213387000000000171e+02
-7.502962999999999738e+02
-7.439850000000000136e+02
-7.291349999999999909e+02
-7.395299999999999727e+02
