-1.373625000000000114e+02
-1.076624999999999943e+02
-1.158299999999999983e+02
-1.588950000000000102e+02
-1.369912999999999954e+02
-1.548112000000000137e+02
-1.596374999999999886e+02
-1.637213000000000136e+02
-1.603799999999999955e+02
-1.741162999999999954e+02
-1.826550000000000011e+02
-1.756013000000000090e+02
-1.819124999999999943e+02
-1.685475000000000136e+02
-1.926787999999999954e+02
-1.826550000000000011e+02
-2.149538000000000011e+02
-2.134687999999999874e+02
-2.246062000000000012e+02
-2.309174999999999898e+02
-2.401987000000000023e+02
-2.394562999999999988e+02
-2.338874999999999886e+02
-2.294325000000000045e+02
-2.673000000000000114e+02
-2.483662999999999954e+02
-2.517075000000000102e+02
-2.472524999999999977e+02
-2.598750000000000000e+02
-2.739825000000000159e+02
-2.784375000000000000e+02
-2.788086999999999875e+02
-2.851200000000000045e+02
-2.999700000000000273e+02
-2.706413000000000011e+02
-2.921738000000000284e+02
-3.151913000000000125e+02
-2.840063000000000102e+02
-3.055387999999999806e+02
-3.122212999999999852e+02
-2.721263000000000147e+02
-2.591324999999999932e+02
-2.958863000000000056e+02
-2.832638000000000034e+02
-2.840063000000000102e+02
-3.088799999999999955e+02
-2.802937999999999761e+02
-2.988562999999999761e+02
-3.114787999999999784e+02
-2.984850000000000136e+02
-3.033111999999999853e+02
-3.241012999999999806e+02
-3.077663000000000011e+02
-3.033111999999999853e+02
-3.526875000000000000e+02
-3.192749999999999773e+02
-2.966288000000000125e+02
-3.263288000000000011e+02
-3.222450000000000045e+02
-3.211313000000000102e+02
-3.140774999999999864e+02
-3.367237999999999829e+02
-3.151913000000000125e+02
-3.215024999999999977e+02
-3.285561999999999898e+02
-3.534300000000000068e+02
-3.422925000000000182e+02
-3.619687999999999874e+02
-3.408075000000000045e+02
-3.452624999999999886e+02
-3.493462999999999852e+02
-3.359812999999999761e+02
-3.586274999999999977e+02
-3.604837999999999738e+02
-3.318974999999999795e+02
-3.705074999999999932e+02
-3.623399999999999750e+02
-3.445199999999999818e+02
-3.627112000000000194e+02
-3.734775000000000205e+02
-3.705074999999999932e+02
-3.794175000000000182e+02
-3.690224999999999795e+02
-3.645674999999999955e+02
-3.641963000000000079e+02
-3.805312999999999874e+02
-3.608550000000000182e+02
-3.474900000000000091e+02
-3.575138000000000034e+02
-3.330113000000000056e+02
-3.530586999999999875e+02
-3.352386999999999944e+02
-3.526875000000000000e+02
-3.515738000000000056e+02
-3.653100000000000023e+02
-3.638249999999999886e+02
-3.601125000000000114e+02
-3.541725000000000136e+02
-3.448913000000000011e+02
-3.653100000000000023e+02
-3.593700000000000045e+02
-3.478613000000000284e+02
-3.693937999999999988e+02
-3.582563000000000102e+02
-3.248437999999999874e+02
-3.229875000000000114e+02
-3.411786999999999921e+02
-3.181612999999999829e+02
-3.311549999999999727e+02
-3.356100000000000136e+02
-2.947724999999999795e+02
-3.363525000000000205e+02
-3.586274999999999977e+02
-3.155625000000000000e+02
-3.311549999999999727e+02
-3.411786999999999921e+02
-3.575138000000000034e+02
-3.586274999999999977e+02
-3.545437999999999761e+02
-3.434062999999999874e+02
-3.408075000000000045e+02
-3.393224999999999909e+02
-3.266999999999999886e+02
-3.344961999999999875e+02
-3.463763000000000147e+02
-3.400649999999999977e+02
-3.352386999999999944e+02
-3.578849999999999909e+02
-3.489750000000000227e+02
-3.471186999999999898e+02
-3.478613000000000284e+02
-3.278138000000000147e+02
-3.593700000000000045e+02
-3.690224999999999795e+02
-3.545437999999999761e+02
-3.675375000000000227e+02
-3.842436999999999898e+02
-3.552862999999999829e+02
-3.894413000000000125e+02
-4.206263000000000147e+02
-3.545437999999999761e+02
-3.768188000000000102e+02
-3.820163000000000011e+02
-3.653100000000000023e+02
-3.771899999999999977e+02
-3.935249999999999773e+02
-3.868424999999999727e+02
-3.675375000000000227e+02
-3.916687999999999761e+02
-3.727350000000000136e+02
-3.827588000000000079e+02
-3.794175000000000182e+02
-3.831299999999999955e+02
-3.794175000000000182e+02
-3.883274999999999864e+02
-3.690224999999999795e+02
-3.693937999999999988e+02
-3.901836999999999875e+02
-3.816449999999999818e+02
-3.875849999999999795e+02
-3.976087999999999738e+02
-3.734775000000000205e+02
-3.690224999999999795e+02
-3.972375000000000114e+02
-3.671662999999999784e+02
-3.827588000000000079e+02
-3.950099999999999909e+02
-3.842436999999999898e+02
-3.664238000000000284e+02
-3.589986999999999853e+02
-3.638249999999999886e+02
-3.627112000000000194e+02
-3.775611999999999853e+02
-3.604837999999999738e+02
-3.738487999999999829e+02
-3.723636999999999944e+02
-3.560287000000000148e+02
-3.827588000000000079e+02
-3.783036999999999921e+02
-3.690224999999999795e+02
-3.783036999999999921e+02
-3.612262999999999806e+02
-3.512024999999999864e+02
-3.749624999999999773e+02
-3.649388000000000147e+02
-3.556575000000000273e+02
-3.820163000000000011e+02
-3.686512000000000171e+02
-3.589986999999999853e+02
-3.619687999999999874e+02
-3.745912000000000148e+02
-3.738487999999999829e+02
-3.664238000000000284e+02
-3.690224999999999795e+02
-3.552862999999999829e+02
-3.623399999999999750e+02
-3.604837999999999738e+02
-3.842436999999999898e+02
-3.649388000000000147e+02
-4.039200000000000159e+02
-3.812737000000000194e+02
-3.708788000000000125e+02
-4.094886999999999944e+02
-3.883274999999999864e+02
-3.775611999999999853e+02
-3.905550000000000068e+02
-3.716211999999999875e+02
-3.615975000000000250e+02
-3.783036999999999921e+02
-3.901836999999999875e+02
-3.812737000000000194e+02
-3.671662999999999784e+02
-3.820163000000000011e+02
-3.745912000000000148e+02
-3.983512999999999806e+02
-3.827588000000000079e+02
-3.653100000000000023e+02
-3.857287999999999784e+02
-3.753337000000000216e+02
-3.641963000000000079e+02
-3.857287999999999784e+02
-3.901836999999999875e+02
-3.842436999999999898e+02
-3.927825000000000273e+02
-3.783036999999999921e+02
-3.786750000000000114e+02
-4.135724999999999909e+02
-3.879562999999999988e+02
-3.786750000000000114e+02
-3.775611999999999853e+02
-3.757049999999999841e+02
-3.712500000000000000e+02
-3.812737000000000194e+02
-3.820163000000000011e+02
-3.779325000000000045e+02
-3.909261999999999944e+02
-3.645674999999999955e+02
-3.589986999999999853e+02
-3.597411999999999921e+02
-3.809024999999999750e+02
-3.693937999999999988e+02
-3.660525000000000091e+02
-3.656811999999999898e+02
-3.563999999999999773e+02
-3.835013000000000147e+02
-3.656811999999999898e+02
-3.660525000000000091e+02
-3.645674999999999955e+02
-3.846150000000000091e+02
-3.950099999999999909e+02
-3.797887999999999806e+02
-3.790462999999999738e+02
-3.823874999999999886e+02
-3.753337000000000216e+02
-3.526875000000000000e+02
-3.593700000000000045e+02
-3.961236999999999853e+02
-3.712500000000000000e+02
-3.526875000000000000e+02
-3.745912000000000148e+02
-3.790462999999999738e+02
-3.460049999999999955e+02
-3.682799999999999727e+02
-3.846150000000000091e+02
-3.686512000000000171e+02
-3.701363000000000056e+02
-3.857287999999999784e+02
-3.771899999999999977e+02
-3.905550000000000068e+02
-3.742200000000000273e+02
-3.608550000000000182e+02
-3.849863000000000284e+02
-3.627112000000000194e+02
-3.716211999999999875e+02
-3.916687999999999761e+02
-3.771899999999999977e+02
-3.686512000000000171e+02
-3.794175000000000182e+02
-3.768188000000000102e+02
-3.664238000000000284e+02
-3.675375000000000227e+02
-3.794175000000000182e+02
-3.779325000000000045e+02
-3.812737000000000194e+02
-3.938962000000000216e+02
-3.831299999999999955e+02
-3.864712999999999852e+02
-4.065187999999999988e+02
-3.731062999999999761e+02
-3.697649999999999864e+02
-3.727350000000000136e+02
-3.623399999999999750e+02
-3.552862999999999829e+02
-3.809024999999999750e+02
-3.823874999999999886e+02
-3.797887999999999806e+02
-3.820163000000000011e+02
-3.779325000000000045e+02
-3.679087999999999852e+02
-3.823874999999999886e+02
-3.827588000000000079e+02
-3.734775000000000205e+02
-3.909261999999999944e+02
-3.645674999999999955e+02
-3.849863000000000284e+02
-3.846150000000000091e+02
-3.734775000000000205e+02
-3.994649999999999750e+02
-4.009499999999999886e+02
-3.909261999999999944e+02
-3.916687999999999761e+02
-4.124587000000000216e+02
-3.883274999999999864e+02
-3.898125000000000000e+02
-4.109737999999999829e+02
-3.961236999999999853e+02
-3.953813000000000102e+02
-4.091175000000000068e+02
-3.935249999999999773e+02
-3.983512999999999806e+02
-3.946388000000000034e+02
-4.031775000000000091e+02
-3.909261999999999944e+02
-3.979800000000000182e+02
-4.054049999999999727e+02
-3.835013000000000147e+02
-4.068899999999999864e+02
-3.987225000000000250e+02
-3.816449999999999818e+02
-3.849863000000000284e+02
-3.946388000000000034e+02
-4.009499999999999886e+02
-3.994649999999999750e+02
-3.849863000000000284e+02
-3.779325000000000045e+02
-3.886988000000000056e+02
-3.809024999999999750e+02
-3.875849999999999795e+02
-3.757049999999999841e+02
-3.656811999999999898e+02
-3.734775000000000205e+02
-3.957524999999999977e+02
-3.924112999999999829e+02
-3.827588000000000079e+02
-3.831299999999999955e+02
-3.760763000000000034e+02
-3.686512000000000171e+02
-3.823874999999999886e+02
-3.783036999999999921e+02
-3.757049999999999841e+02
-3.853575000000000159e+02
-3.675375000000000227e+02
-3.764474999999999909e+02
-3.667950000000000159e+02
-3.760763000000000034e+02
-3.764474999999999909e+02
-3.916687999999999761e+02
-3.779325000000000045e+02
-3.909261999999999944e+02
-3.883274999999999864e+02
-3.827588000000000079e+02
-3.990937999999999874e+02
-3.920400000000000205e+02
-3.690224999999999795e+02
-3.886988000000000056e+02
-3.879562999999999988e+02
-3.968661999999999921e+02
-3.645674999999999955e+02
-3.809024999999999750e+02
-3.987225000000000250e+02
-4.046625000000000227e+02
-3.853575000000000159e+02
-3.938962000000000216e+02
-3.797887999999999806e+02
-3.938962000000000216e+02
-3.775611999999999853e+02
-3.500887000000000171e+02
-3.946388000000000034e+02
-3.857287999999999784e+02
-3.641963000000000079e+02
-4.054049999999999727e+02
-3.987225000000000250e+02
-3.797887999999999806e+02
-3.823874999999999886e+02
-3.909261999999999944e+02
-3.786750000000000114e+02
-4.080038000000000125e+02
-3.868424999999999727e+02
-3.886988000000000056e+02
-4.083750000000000000e+02
-3.905550000000000068e+02
-3.827588000000000079e+02
-4.106025000000000205e+02
-3.820163000000000011e+02
-3.846150000000000091e+02
-3.879562999999999988e+02
-3.890699999999999932e+02
-3.849863000000000284e+02
-4.024350000000000023e+02
-3.909261999999999944e+02
-3.909261999999999944e+02
-4.109737999999999829e+02
-4.039200000000000159e+02
-3.805312999999999874e+02
-3.920400000000000205e+02
-3.909261999999999944e+02
-3.961236999999999853e+02
-4.080038000000000125e+02
-3.879562999999999988e+02
-3.931537000000000148e+02
-3.920400000000000205e+02
-4.054049999999999727e+02
