-3.105876999999999953e+03
-3.149313999999999851e+03
-3.120728000000000065e+03
-3.173815999999999804e+03
-3.214653999999999996e+03
-3.170846000000000004e+03
-3.193121000000000095e+03
-3.214653999999999996e+03
-3.235815000000000055e+03
-3.187923999999999978e+03
-3.247695000000000164e+03
-3.203144999999999982e+03
-3.236186000000000149e+03
-3.267000000000000000e+03
-3.218737999999999829e+03
-3.314891000000000076e+03
-3.264030000000000200e+03
-3.296329000000000178e+03
-3.274795999999999822e+03
-3.304496000000000095e+03
-3.297813999999999851e+03
-3.313777999999999793e+03
-3.336795000000000073e+03
-3.320831000000000131e+03
-3.336795000000000073e+03
-3.388769999999999982e+03
-3.357585000000000036e+03
-3.366494999999999891e+03
-3.378375000000000000e+03
-3.389141000000000076e+03
-3.410673999999999978e+03
-3.432949000000000069e+03
-3.413271999999999935e+03
-3.437775000000000091e+03
-3.461164000000000215e+03
-3.414014999999999873e+03
-3.426266000000000076e+03
-3.488635999999999967e+03
-3.495318999999999960e+03
-3.497545999999999822e+03
-3.506827999999999975e+03
-3.510168999999999869e+03
-3.541724999999999909e+03
-3.564000000000000000e+03
-3.549150000000000091e+03
-3.543952999999999975e+03
-3.568826000000000022e+03
-3.584418999999999869e+03
-3.557318000000000211e+03
-3.627483999999999924e+03
-3.599639999999999873e+03
-3.582563000000000102e+03
-3.608920999999999822e+03
-3.636393999999999778e+03
-3.598896999999999935e+03
-3.641963000000000193e+03
-3.604094999999999800e+03
-3.591844000000000051e+03
-3.598525999999999840e+03
-3.590358999999999924e+03
-3.580335000000000036e+03
-3.637878999999999905e+03
-3.638250000000000000e+03
-3.608179000000000087e+03
-3.595556000000000040e+03
-3.627112999999999829e+03
-3.641590999999999894e+03
-3.665722999999999956e+03
-3.623400000000000091e+03
-3.633052000000000135e+03
-3.642704999999999927e+03
-3.629710999999999785e+03
-3.577364999999999782e+03
-3.627483999999999924e+03
-3.599268999999999778e+03
-3.600382999999999811e+03
-3.649759000000000015e+03
-3.650873000000000047e+03
-3.598525999999999840e+03
-3.663494999999999891e+03
-3.638250000000000000e+03
-3.606693999999999960e+03
-3.645675000000000182e+03
-3.669434999999999945e+03
-3.655327999999999975e+03
-3.640478000000000065e+03
-3.686141000000000076e+03
-3.649387000000000171e+03
-3.669063999999999851e+03
-3.647159999999999854e+03
-3.631938999999999851e+03
-3.637135999999999967e+03
-3.662010000000000218e+03
-3.628226000000000113e+03
-3.634166000000000167e+03
-3.664980000000000018e+03
-3.657554999999999836e+03
-3.677231000000000222e+03
-3.644561000000000149e+03
-3.651985999999999876e+03
-3.649016000000000076e+03
-3.676117000000000189e+03
-3.671291000000000167e+03
-3.687998000000000047e+03
-3.722152999999999793e+03
-3.699505999999999858e+03
-3.732175999999999931e+03
-3.751481000000000222e+03
-3.717326000000000022e+03
-3.743684999999999945e+03
-3.774498999999999796e+03
-3.759277999999999793e+03
-3.696164999999999964e+03
-3.777469000000000051e+03
-3.750367000000000189e+03
-3.748882999999999811e+03
-3.824989000000000033e+03
-3.777840000000000146e+03
-3.745913000000000011e+03
-3.820163000000000011e+03
-3.811623999999999796e+03
-3.786378999999999905e+03
-3.829815000000000055e+03
-3.796402999999999793e+03
-3.820163000000000011e+03
-3.771900000000000091e+03
-3.824246000000000095e+03
-3.817563999999999851e+03
-3.833527999999999793e+03
-3.829443999999999960e+03
-3.831300000000000182e+03
-3.857288000000000011e+03
-3.787121000000000095e+03
-3.834641000000000076e+03
-3.839838999999999942e+03
-3.854318000000000211e+03
-3.839467999999999847e+03
-3.848376999999999953e+03
-3.865826000000000022e+03
-3.844664999999999964e+03
-3.892184999999999945e+03
-3.867682999999999993e+03
-3.827958999999999833e+03
-3.862485000000000127e+03
-3.859885999999999967e+03
-3.863969999999999800e+03
-3.864340999999999894e+03
-3.888101000000000113e+03
-3.830929000000000087e+03
-3.864713000000000193e+03
-3.881047999999999774e+03
-3.834641000000000076e+03
-3.892556000000000040e+03
-3.871394999999999982e+03
-3.860628999999999905e+03
-3.885130999999999858e+03
-3.891443000000000211e+03
-3.901094999999999800e+03
-3.886987999999999829e+03
-3.904807999999999993e+03
-3.877335000000000036e+03
-3.890329000000000178e+03
-3.855431000000000040e+03
-3.876963999999999942e+03
-3.866568999999999960e+03
-3.865083999999999833e+03
-3.850233999999999924e+03
-3.906664000000000215e+03
-3.907034999999999854e+03
-3.887358999999999924e+03
-3.887730000000000018e+03
-3.894784000000000106e+03
-3.866568999999999960e+03
-3.884389000000000124e+03
-3.930052000000000135e+03
-3.866940000000000055e+03
-3.940818999999999960e+03
-3.921885000000000218e+03
-3.895525999999999840e+03
-3.920771000000000186e+03
-3.955297999999999774e+03
-3.912603999999999814e+03
-3.963094000000000051e+03
-3.960123999999999796e+03
-3.931166000000000167e+03
-3.986110999999999876e+03
-3.950842999999999847e+03
-3.979429000000000087e+03
-3.975715999999999894e+03
-3.999105000000000018e+03
-3.975344999999999800e+03
-4.009871000000000095e+03
-4.008385999999999967e+03
-3.994650000000000091e+03
-4.008757999999999811e+03
-3.974603000000000065e+03
-3.980914000000000215e+03
-3.992793999999999869e+03
-4.042913000000000011e+03
-4.019894999999999982e+03
-4.042913000000000011e+03
-4.061103999999999814e+03
-4.027320000000000164e+03
-4.047367000000000189e+03
-4.028804999999999836e+03
-4.051451000000000022e+03
-4.078181000000000040e+03
-4.094887000000000171e+03
-4.088576000000000022e+03
-4.080409000000000106e+03
-4.032889000000000124e+03
-4.054050000000000182e+03
-4.052565000000000055e+03
-4.041056000000000040e+03
-4.078181000000000040e+03
-4.044025999999999840e+03
-4.113820999999999913e+03
-4.115677999999999884e+03
-4.074097999999999956e+03
-4.086719999999999800e+03
-4.101198999999999614e+03
-4.106024999999999636e+03
-4.078552000000000135e+03
-4.075583000000000084e+03
-4.041798999999999978e+03
-4.089318999999999960e+03
-4.078552000000000135e+03
-4.075954000000000178e+03
-4.110109000000000378e+03
-4.099342999999999847e+03
-4.097485999999999876e+03
-4.114564000000000306e+03
-4.081150999999999840e+03
-4.072983999999999924e+03
-4.108994999999999891e+03
-4.113078999999999724e+03
-4.092659999999999854e+03
-4.134239999999999782e+03
-4.063331000000000131e+03
-4.091545999999999822e+03
-4.104539999999999964e+03
-4.078552000000000135e+03
-4.101940999999999804e+03
-4.124216000000000349e+03
-4.104168999999999869e+03
-4.103796999999999571e+03
-4.111594000000000051e+03
-4.106395999999999731e+03
-4.096743999999999687e+03
-4.110850999999999658e+03
-4.110479999999999563e+03
-4.090432999999999993e+03
-4.083007999999999811e+03
-4.107881000000000313e+03
-4.091916999999999916e+03
-4.107139000000000124e+03
-4.121246000000000095e+03
-4.103796999999999571e+03
-4.118646999999999935e+03
-4.117904999999999745e+03
-4.103426000000000386e+03
-4.156886000000000422e+03
-4.112336000000000240e+03
-4.143520999999999731e+03
-4.160970000000000255e+03
-4.208118999999999687e+03
-4.154658999999999651e+03
-4.158000000000000000e+03
-4.208860999999999876e+03
-4.168395000000000437e+03
-4.184729999999999563e+03
-4.203292000000000371e+03
-4.158000000000000000e+03
-4.180645999999999731e+03
-4.204034999999999854e+03
-4.151689000000000306e+03
-4.115677999999999884e+03
-4.191412999999999556e+03
-4.152430999999999585e+03
-4.152060000000000400e+03
-4.200694000000000415e+03
-4.199579999999999927e+03
-4.177305000000000291e+03
-4.214801000000000386e+03
-4.151689000000000306e+03
-4.191412999999999556e+03
-4.212573999999999614e+03
-4.169509000000000015e+03
-4.208489999999999782e+03
-4.224082999999999629e+03
-4.220740999999999985e+03
-4.199951000000000022e+03
-4.230021999999999935e+03
-4.163939999999999600e+03
-4.202550000000000182e+03
-4.234849000000000160e+03
-4.201064999999999600e+03
-4.211831000000000131e+03
-4.208118999999999687e+03
-4.238561999999999898e+03
-4.192154999999999745e+03
-4.257494999999999891e+03
-4.219627000000000407e+03
-4.234849000000000160e+03
-4.243015999999999622e+03
-4.223340000000000146e+03
-4.228167000000000371e+03
-4.234849000000000160e+03
-4.251926000000000386e+03
-4.237819000000000415e+03
-4.244872999999999593e+03
-4.271230999999999767e+03
-4.207747999999999593e+03
-4.247470999999999549e+03
-4.235220000000000255e+03
-4.260836000000000240e+03
-4.238561999999999898e+03
-4.248956000000000131e+03
-4.225939000000000306e+03
-4.218514000000000124e+03
-4.265292000000000371e+03
-4.262692000000000007e+03
-4.253039999999999964e+03
-4.271974000000000160e+03
-4.250440999999999804e+03
-4.183244999999999891e+03
-4.217770999999999731e+03
-4.190298999999999978e+03
-4.218514000000000124e+03
-4.222597999999999956e+03
-4.180645999999999731e+03
-4.225939000000000306e+03
-4.238561999999999898e+03
-4.207376000000000204e+03
-4.220369999999999891e+03
-4.245243999999999687e+03
-4.225195999999999913e+03
-4.236333999999999833e+03
-4.253783000000000357e+03
-4.218143000000000029e+03
-4.214059000000000196e+03
-4.232993000000000393e+03
-4.231136000000000422e+03
-4.281997999999999593e+03
-4.274944000000000415e+03
-4.287565999999999804e+03
-4.271603000000000065e+03
-4.290164999999999964e+03
-4.270118000000000393e+03
-4.296847999999999956e+03
-4.277171000000000276e+03
-4.257865999999999985e+03
-4.306128999999999905e+03
-4.305386000000000422e+03
-4.280512999999999920e+03
-4.292764000000000124e+03
-4.290164999999999964e+03
-4.307984999999999673e+03
-4.313925000000000182e+03
-4.327661000000000058e+03
-4.315780999999999949e+03
-4.296847999999999956e+03
-4.364043999999999869e+03
-4.329145999999999731e+03
-4.310583999999999833e+03
-4.349936999999999898e+03
-4.329145999999999731e+03
-4.339542000000000371e+03
-4.360331000000000131e+03
-4.330260000000000218e+03
-4.355134000000000015e+03
-4.381863999999999578e+03
-4.333972999999999956e+03
-4.370354999999999563e+03
-4.385576000000000022e+03
-4.356247999999999593e+03
-4.389288999999999760e+03
-4.384833999999999833e+03
-4.380378999999999905e+03
-4.359217999999999847e+03
-4.386689999999999600e+03
-4.359960000000000036e+03
-4.391887999999999920e+03
-4.406365999999999985e+03
-4.379636000000000422e+03
-4.364786000000000058e+03
-4.400426000000000386e+03
-4.364786000000000058e+03
-4.372953999999999724e+03
-4.404139000000000124e+03
-4.352905999999999949e+03
-4.358475000000000364e+03
-4.380006999999999607e+03
-4.371840000000000146e+03
-4.351050000000000182e+03
-4.424186999999999898e+03
-4.374810000000000400e+03
-4.381863999999999578e+03
-4.412677999999999884e+03
-4.385576000000000022e+03
-4.342511000000000422e+03
-4.389659999999999854e+03
-4.373695999999999913e+03
-4.341769000000000233e+03
-4.397456000000000131e+03
-4.367385000000000218e+03
-4.379636000000000422e+03
-4.358845999999999549e+03
-4.389659999999999854e+03
-4.364786000000000058e+03
-4.377408999999999651e+03
-4.413420000000000073e+03
