-3.304125000000000227e+02
-3.486037999999999784e+02
-3.311549999999999727e+02
-3.177900000000000205e+02
-3.523163000000000125e+02
-3.693937999999999988e+02
-3.296700000000000159e+02
-3.434062999999999874e+02
-3.753337000000000216e+02
-3.452624999999999886e+02
-3.348675000000000068e+02
-3.285561999999999898e+02
-3.460049999999999955e+02
-3.619687999999999874e+02
-3.719925000000000068e+02
-3.890699999999999932e+02
-3.675375000000000227e+02
-3.864712999999999852e+02
-4.031775000000000091e+02
-3.526875000000000000e+02
-3.801600000000000250e+02
-3.927825000000000273e+02
-3.998362000000000194e+02
-3.861000000000000227e+02
-4.002074999999999818e+02
-3.872137000000000171e+02
-3.953813000000000102e+02
-3.846150000000000091e+02
-3.753337000000000216e+02
-4.120874999999999773e+02
-4.094886999999999944e+02
-4.042912999999999784e+02
-4.076324999999999932e+02
-4.243387000000000171e+02
-3.994649999999999750e+02
-4.206263000000000147e+02
-4.120874999999999773e+02
-4.183987000000000194e+02
-4.206263000000000147e+02
-4.076324999999999932e+02
-4.354762999999999806e+02
-4.488412000000000148e+02
-4.432724999999999795e+02
-4.384463000000000079e+02
-4.002074999999999818e+02
-3.886988000000000056e+02
-4.054049999999999727e+02
-3.998362000000000194e+02
-4.031775000000000091e+02
-4.054049999999999727e+02
-4.016924999999999955e+02
-4.076324999999999932e+02
-4.117162000000000148e+02
-4.354762999999999806e+02
-4.039200000000000159e+02
-3.898125000000000000e+02
-4.158000000000000114e+02
-4.206263000000000147e+02
-3.901836999999999875e+02
-4.321349999999999909e+02
-4.109737999999999829e+02
-4.213686999999999898e+02
-4.158000000000000114e+02
-4.046625000000000227e+02
-4.269375000000000000e+02
-4.217400000000000091e+02
-4.373324999999999818e+02
-4.291650000000000205e+02
-4.213686999999999898e+02
-4.403025000000000091e+02
-4.228537999999999784e+02
-4.380749999999999886e+02
-4.581225000000000023e+02
-4.570088000000000079e+02
-4.347337999999999738e+02
-4.265663000000000125e+02
-4.495837000000000216e+02
-4.443863000000000056e+02
-4.421587999999999852e+02
-4.473562999999999761e+02
-4.306499999999999773e+02
-4.347337999999999738e+02
-4.317638000000000034e+02
-4.261949999999999932e+02
-4.440149999999999864e+02
-4.239674999999999727e+02
-4.050337999999999852e+02
-4.332486999999999853e+02
-4.455000000000000000e+02
-4.202549999999999955e+02
-4.473562999999999761e+02
-4.343625000000000114e+02
-4.417875000000000227e+02
-4.551524999999999750e+02
-4.421587999999999852e+02
-4.421587999999999852e+02
-4.343625000000000114e+02
-4.109737999999999829e+02
-4.332486999999999853e+02
-4.599787999999999784e+02
-4.477275000000000205e+02
-4.462425000000000068e+02
-4.443863000000000056e+02
-4.588650000000000091e+02
-4.603500000000000227e+02
-4.391888000000000147e+02
-4.332486999999999853e+02
-4.417875000000000227e+02
-4.495837000000000216e+02
-4.432724999999999795e+02
-4.284225000000000136e+02
-4.369612000000000194e+02
-4.328774999999999977e+02
-3.924112999999999829e+02
-4.276800000000000068e+02
-4.265663000000000125e+02
-4.306499999999999773e+02
-4.299075000000000273e+02
-4.295362999999999829e+02
-4.146861999999999853e+02
-4.299075000000000273e+02
-4.258238000000000056e+02
-4.261949999999999932e+02
-4.362187999999999874e+02
-4.180274999999999750e+02
-4.429012000000000171e+02
-4.473562999999999761e+02
-4.235962999999999852e+02
-4.013213000000000079e+02
-4.232250000000000227e+02
-4.269375000000000000e+02
-4.358475000000000250e+02
-4.358475000000000250e+02
-4.265663000000000125e+02
-4.317638000000000034e+02
-4.447574999999999932e+02
-4.339911999999999921e+02
-4.072613000000000056e+02
-4.306499999999999773e+02
-4.451288000000000125e+02
-4.391888000000000147e+02
-4.584936999999999898e+02
-4.584936999999999898e+02
-4.325063000000000102e+02
-4.403025000000000091e+02
-4.354762999999999806e+02
-4.261949999999999932e+02
-4.417875000000000227e+02
-4.503263000000000034e+02
-4.284225000000000136e+02
-4.685174999999999841e+02
-4.714875000000000114e+02
-4.369612000000000194e+02
-4.265663000000000125e+02
-4.503263000000000034e+02
-4.391888000000000147e+02
-4.499549999999999841e+02
-4.377038000000000011e+02
-4.358475000000000250e+02
-4.514399999999999977e+02
-4.417875000000000227e+02
-4.466138000000000261e+02
-4.462425000000000068e+02
-4.403025000000000091e+02
-4.317638000000000034e+02
-4.343625000000000114e+02
-4.429012000000000171e+02
-4.436437999999999988e+02
-4.265663000000000125e+02
-4.287937999999999761e+02
-4.325063000000000102e+02
-4.247099999999999795e+02
-4.417875000000000227e+02
-4.295362999999999829e+02
-4.488412000000000148e+02
-4.636913000000000125e+02
-4.321349999999999909e+02
-4.339911999999999921e+02
-4.555237000000000194e+02
-4.287937999999999761e+02
-4.247099999999999795e+02
-4.369612000000000194e+02
-4.347337999999999738e+02
-4.295362999999999829e+02
-4.462425000000000068e+02
-4.466138000000000261e+02
-4.302787000000000148e+02
-4.499549999999999841e+02
-4.443863000000000056e+02
-4.425299999999999727e+02
-4.610924999999999727e+02
-4.455000000000000000e+02
-4.692599999999999909e+02
-4.480987999999999829e+02
-4.221113000000000284e+02
-4.518111999999999853e+02
-4.462425000000000068e+02
-4.276800000000000068e+02
-4.369612000000000194e+02
-4.510688000000000102e+02
-4.206263000000000147e+02
-4.525536999999999921e+02
-4.406738000000000284e+02
-4.529250000000000114e+02
-4.403025000000000091e+02
-4.403025000000000091e+02
-4.332486999999999853e+02
-4.729725000000000250e+02
-4.395600000000000023e+02
-4.432724999999999795e+02
-4.614637000000000171e+02
-4.562663000000000011e+02
-4.473562999999999761e+02
-4.692599999999999909e+02
-4.495837000000000216e+02
-4.551524999999999750e+02
-4.414162999999999784e+02
-4.536675000000000182e+02
-4.284225000000000136e+02
-4.406738000000000284e+02
-4.644336999999999875e+02
-4.224825000000000159e+02
-4.299075000000000273e+02
-4.458711999999999875e+02
-4.492124999999999773e+02
-4.224825000000000159e+02
-4.403025000000000091e+02
-4.395600000000000023e+02
-4.224825000000000159e+02
-4.280511999999999944e+02
-4.258238000000000056e+02
-4.373324999999999818e+02
-4.306499999999999773e+02
-4.280511999999999944e+02
-4.176562999999999874e+02
-4.421587999999999852e+02
-4.492124999999999773e+02
-4.124587000000000216e+02
-4.365899999999999750e+02
-4.380749999999999886e+02
-4.198838000000000079e+02
-4.373324999999999818e+02
-4.436437999999999988e+02
-4.299075000000000273e+02
-4.328774999999999977e+02
-4.373324999999999818e+02
-4.388174999999999955e+02
-4.458711999999999875e+02
-4.532962999999999738e+02
-4.325063000000000102e+02
-4.388174999999999955e+02
-4.217400000000000091e+02
-4.113450000000000273e+02
-4.425299999999999727e+02
-4.455000000000000000e+02
-4.250812999999999988e+02
-4.310212000000000216e+02
-4.195124999999999886e+02
-4.354762999999999806e+02
-4.169137999999999806e+02
-4.354762999999999806e+02
-4.091175000000000068e+02
-4.321349999999999909e+02
-4.410450000000000159e+02
-4.117162000000000148e+02
-4.158000000000000114e+02
-4.447574999999999932e+02
-4.269375000000000000e+02
-4.191413000000000011e+02
-4.195124999999999886e+02
-4.284225000000000136e+02
-4.284225000000000136e+02
-4.332486999999999853e+02
-4.217400000000000091e+02
-4.273086999999999875e+02
-4.343625000000000114e+02
-4.232250000000000227e+02
-4.258238000000000056e+02
-4.265663000000000125e+02
-4.265663000000000125e+02
-4.284225000000000136e+02
-4.180274999999999750e+02
-4.243387000000000171e+02
-4.458711999999999875e+02
-4.183987000000000194e+02
-4.213686999999999898e+02
-4.362187999999999874e+02
-4.213686999999999898e+02
-4.187699999999999818e+02
-4.395600000000000023e+02
-4.436437999999999988e+02
-4.273086999999999875e+02
-4.295362999999999829e+02
-4.325063000000000102e+02
-4.202549999999999955e+02
-4.332486999999999853e+02
-4.336200000000000045e+02
-4.158000000000000114e+02
-4.183987000000000194e+02
-4.417875000000000227e+02
-4.146861999999999853e+02
-4.332486999999999853e+02
-4.321349999999999909e+02
-4.169137999999999806e+02
-4.206263000000000147e+02
-4.146861999999999853e+02
-4.217400000000000091e+02
-4.410450000000000159e+02
-4.213686999999999898e+02
-4.198838000000000079e+02
-4.258238000000000056e+02
-4.209975000000000023e+02
-4.172850000000000250e+02
-4.224825000000000159e+02
-4.132013000000000034e+02
-4.217400000000000091e+02
-4.124587000000000216e+02
-4.287937999999999761e+02
-4.295362999999999829e+02
-4.169137999999999806e+02
-4.165425000000000182e+02
-4.213686999999999898e+02
-4.206263000000000147e+02
-4.150575000000000045e+02
-3.942674999999999841e+02
-4.247099999999999795e+02
-4.254524999999999864e+02
-3.987225000000000250e+02
-4.039200000000000159e+02
-4.484700000000000273e+02
-4.146861999999999853e+02
-4.217400000000000091e+02
-4.217400000000000091e+02
-4.313924999999999841e+02
-4.183987000000000194e+02
-4.395600000000000023e+02
-4.243387000000000171e+02
-4.365899999999999750e+02
-4.247099999999999795e+02
-4.339911999999999921e+02
-4.306499999999999773e+02
-4.224825000000000159e+02
-4.143149999999999977e+02
-4.198838000000000079e+02
-4.321349999999999909e+02
-4.384463000000000079e+02
-4.273086999999999875e+02
-4.347337999999999738e+02
-4.399311999999999898e+02
-4.317638000000000034e+02
-4.317638000000000034e+02
-4.369612000000000194e+02
-4.380749999999999886e+02
-4.410450000000000159e+02
-4.473562999999999761e+02
-4.299075000000000273e+02
-4.313924999999999841e+02
-4.380749999999999886e+02
-4.206263000000000147e+02
-4.273086999999999875e+02
-4.332486999999999853e+02
-4.094886999999999944e+02
-4.280511999999999944e+02
-4.206263000000000147e+02
-4.158000000000000114e+02
-4.232250000000000227e+02
-4.195124999999999886e+02
-4.410450000000000159e+02
-4.265663000000000125e+02
-4.221113000000000284e+02
-4.384463000000000079e+02
-4.243387000000000171e+02
-4.124587000000000216e+02
-4.299075000000000273e+02
-4.221113000000000284e+02
-4.076324999999999932e+02
-4.139438000000000102e+02
-4.028061999999999898e+02
-3.994649999999999750e+02
-4.284225000000000136e+02
-4.425299999999999727e+02
-4.139438000000000102e+02
-4.321349999999999909e+02
-4.310212000000000216e+02
-4.165425000000000182e+02
-4.325063000000000102e+02
-4.176562999999999874e+02
-4.206263000000000147e+02
-4.061474999999999795e+02
-4.117162000000000148e+02
-4.080038000000000125e+02
-4.209975000000000023e+02
-4.269375000000000000e+02
-4.280511999999999944e+02
-4.351050000000000182e+02
-4.414162999999999784e+02
-4.258238000000000056e+02
-4.209975000000000023e+02
-4.291650000000000205e+02
-4.295362999999999829e+02
-4.150575000000000045e+02
-4.273086999999999875e+02
-4.054049999999999727e+02
-4.202549999999999955e+02
-4.191413000000000011e+02
-4.198838000000000079e+02
-4.198838000000000079e+02
-4.280511999999999944e+02
-4.221113000000000284e+02
-4.061474999999999795e+02
-4.072613000000000056e+02
-4.421587999999999852e+02
