-4.688888000000000034e+02
-4.106025000000000205e+02
-4.703736999999999853e+02
-4.711161999999999921e+02
-5.026725000000000136e+02
-4.503263000000000034e+02
-4.618349999999999795e+02
-4.692599999999999909e+02
-4.466138000000000261e+02
-4.417875000000000227e+02
-4.707450000000000045e+02
-4.919062999999999874e+02
-4.588650000000000091e+02
-4.406738000000000284e+02
-4.729725000000000250e+02
-4.800262000000000171e+02
-4.997024999999999864e+02
-4.603500000000000227e+02
-4.770561999999999898e+02
-4.900500000000000114e+02
-4.770561999999999898e+02
-4.703736999999999853e+02
-4.718587999999999738e+02
-5.067563000000000102e+02
-4.607212999999999852e+02
-4.599787999999999784e+02
-4.737149999999999750e+02
-5.045287000000000148e+02
-4.789125000000000227e+02
-4.636913000000000125e+02
-5.279175000000000182e+02
-5.019300000000000068e+02
-5.000738000000000056e+02
-4.959900000000000091e+02
-5.108399999999999750e+02
-5.260612999999999602e+02
-4.770561999999999898e+02
-5.271749999999999545e+02
-5.182649999999999864e+02
-5.141812999999999647e+02
-5.390549999999999500e+02
-5.208637999999999693e+02
-5.256900000000000546e+02
-5.089837999999999738e+02
-5.416536999999999580e+02
-5.156662999999999784e+02
-5.290312999999999874e+02
-5.275462999999999738e+02
-5.156662999999999784e+02
-5.253187000000000353e+02
-5.464800000000000182e+02
-5.386838000000000193e+02
-5.342287999999999784e+02
-5.427675000000000409e+02
-5.301449999999999818e+02
-5.286599999999999682e+02
-5.338574999999999591e+02
-5.409112999999999829e+02
-5.635575000000000045e+02
-5.245761999999999716e+02
-5.472224999999999682e+02
-5.635575000000000045e+02
-5.791499999999999773e+02
-5.468513000000000375e+02
-5.449950000000000045e+02
-5.724674999999999727e+02
-5.943713000000000193e+02
-5.650425000000000182e+02
-5.494500000000000455e+02
-5.787786999999999580e+02
-5.386838000000000193e+02
-5.557612000000000307e+02
-5.698687999999999647e+02
-5.472224999999999682e+02
-5.847187999999999874e+02
-5.787786999999999580e+02
-5.461087999999999738e+02
-5.780362999999999829e+02
-6.129338000000000193e+02
-5.475937999999999874e+02
-5.513062999999999647e+02
-5.917725000000000364e+02
-5.405399999999999636e+02
-5.542762000000000171e+02
-5.516775000000000091e+02
-5.308875000000000455e+02
-5.394262999999999693e+02
-5.565037999999999556e+02
-5.487074999999999818e+02
-5.201213000000000193e+02
-5.654138000000000375e+02
-5.735811999999999671e+02
-5.694974999999999454e+02
-5.383125000000000000e+02
-5.732100000000000364e+02
-5.728387000000000171e+02
-5.873174999999999955e+02
-5.405399999999999636e+02
-5.698687999999999647e+02
-5.795212000000000216e+02
-5.628150000000000546e+02
-5.513062999999999647e+02
-5.576174999999999500e+02
-5.776649999999999636e+02
-5.498211999999999762e+02
-5.706113000000000284e+02
-5.479650000000000318e+02
-5.746950000000000500e+02
-5.642999999999999545e+02
-5.650425000000000182e+02
-5.550186999999999671e+02
-5.661562999999999874e+02
-5.646712999999999738e+02
-5.524199999999999591e+02
-5.784075000000000273e+02
-5.650425000000000182e+02
-5.394262999999999693e+02
-5.587313000000000329e+02
-5.550186999999999671e+02
-5.650425000000000182e+02
-5.698687999999999647e+02
-5.342287999999999784e+02
-5.706113000000000284e+02
-5.687549999999999955e+02
-5.594737999999999829e+02
-5.676412000000000262e+02
-5.520488000000000284e+02
-5.754375000000000000e+02
-5.706113000000000284e+02
-5.602161999999999580e+02
-5.449950000000000045e+02
-5.642999999999999545e+02
-5.631862999999999602e+02
-5.420249999999999773e+02
-5.535338000000000420e+02
-5.602161999999999580e+02
-5.531625000000000227e+02
-5.501924999999999955e+02
-5.977124999999999773e+02
-5.631862999999999602e+02
-5.817487999999999602e+02
-5.683836999999999762e+02
-5.617011999999999716e+02
-5.813775000000000546e+02
-5.694974999999999454e+02
-5.535338000000000420e+02
-5.691263000000000147e+02
-5.802636999999999716e+02
-5.657849999999999682e+02
-5.680125000000000455e+02
-5.668986999999999625e+02
-5.895449999999999591e+02
-5.787786999999999580e+02
-5.977124999999999773e+02
-5.739524999999999864e+02
-5.824913000000000238e+02
-5.787786999999999580e+02
-5.609587000000000216e+02
-5.769225000000000136e+02
-6.095924999999999727e+02
-5.761799999999999500e+02
-5.735811999999999671e+02
-5.828624999999999545e+02
-5.787786999999999580e+02
-5.591024999999999636e+02
-5.862037000000000262e+02
-5.962274999999999636e+02
-5.839763000000000375e+02
-5.873174999999999955e+02
-5.988261999999999716e+02
-5.784075000000000273e+02
-5.899162999999999784e+02
-5.917725000000000364e+02
-5.728387000000000171e+02
-6.066224999999999454e+02
-5.995687000000000353e+02
-5.513062999999999647e+02
-5.694974999999999454e+02
-5.810062000000000353e+02
-5.720963000000000420e+02
-5.639288000000000238e+02
-5.780362999999999829e+02
-5.587313000000000329e+02
-5.676412000000000262e+02
-5.676412000000000262e+02
-5.639288000000000238e+02
-5.479650000000000318e+02
-5.746950000000000500e+02
-5.505638000000000147e+02
-5.498211999999999762e+02
-5.568750000000000000e+02
-5.368274999999999864e+02
-5.531625000000000227e+02
-5.401688000000000329e+02
-5.342287999999999784e+02
-5.520488000000000284e+02
-5.453663000000000238e+02
-5.587313000000000329e+02
-5.720963000000000420e+02
-5.639288000000000238e+02
-5.494500000000000455e+02
-5.531625000000000227e+02
-5.579887999999999693e+02
-5.631862999999999602e+02
-5.546475000000000364e+02
-5.661562999999999874e+02
-5.865750000000000455e+02
-5.732100000000000364e+02
-5.713537999999999784e+02
-5.709824999999999591e+02
-5.817487999999999602e+02
-5.706113000000000284e+02
-5.709824999999999591e+02
-5.557612000000000307e+02
-5.750662999999999556e+02
-5.672699999999999818e+02
-5.598450000000000273e+02
-5.546475000000000364e+02
-5.813775000000000546e+02
-5.591024999999999636e+02
-5.832337999999999738e+02
-5.516775000000000091e+02
-5.795212000000000216e+02
-5.914012000000000171e+02
-5.553899999999999864e+02
-5.650425000000000182e+02
-5.613300000000000409e+02
-5.405399999999999636e+02
-5.702400000000000091e+02
-5.750662999999999556e+02
-5.438812000000000353e+02
-5.657849999999999682e+02
-5.746950000000000500e+02
-5.617011999999999716e+02
-5.806349999999999909e+02
-5.843474999999999682e+02
-5.579887999999999693e+02
-5.769225000000000136e+02
-5.728387000000000171e+02
-5.665275000000000318e+02
-5.709824999999999591e+02
-5.661562999999999874e+02
-5.743237000000000307e+02
-5.765512999999999693e+02
-5.613300000000000409e+02
-5.646712999999999738e+02
-5.613300000000000409e+02
-5.661562999999999874e+02
-5.572463000000000193e+02
-5.635575000000000045e+02
-5.713537999999999784e+02
-5.620724999999999909e+02
-5.609587000000000216e+02
-5.776649999999999636e+02
-5.587313000000000329e+02
-5.386838000000000193e+02
-5.758088000000000193e+02
-5.687549999999999955e+02
-5.498211999999999762e+02
-5.631862999999999602e+02
-5.591024999999999636e+02
-5.583600000000000136e+02
-5.650425000000000182e+02
-5.394262999999999693e+02
-5.579887999999999693e+02
-5.646712999999999738e+02
-5.475937999999999874e+02
-5.461087999999999738e+02
-5.668986999999999625e+02
-5.787786999999999580e+02
-5.732100000000000364e+02
-5.798925000000000409e+02
-5.713537999999999784e+02
-5.769225000000000136e+02
-5.761799999999999500e+02
-5.561325000000000500e+02
-5.338574999999999591e+02
-5.836050000000000182e+02
-5.635575000000000045e+02
-5.691263000000000147e+02
-5.620724999999999909e+02
-5.461087999999999738e+02
-5.650425000000000182e+02
-5.557612000000000307e+02
-5.609587000000000216e+02
-5.553899999999999864e+02
-5.594737999999999829e+02
-5.609587000000000216e+02
-5.639288000000000238e+02
-5.646712999999999738e+02
-5.724674999999999727e+02
-5.720963000000000420e+02
-5.605874999999999773e+02
-5.568750000000000000e+02
-5.672699999999999818e+02
-5.524199999999999591e+02
-5.438812000000000353e+02
-5.591024999999999636e+02
-5.320013000000000147e+02
-5.717250000000000227e+02
-5.743237000000000307e+02
-5.628150000000000546e+02
-5.542762000000000171e+02
-5.546475000000000364e+02
-5.609587000000000216e+02
-5.602161999999999580e+02
-5.624437000000000353e+02
-5.438812000000000353e+02
-5.397975000000000136e+02
-5.516775000000000091e+02
-5.553899999999999864e+02
-5.501924999999999955e+02
-5.386838000000000193e+02
-5.732100000000000364e+02
-5.654138000000000375e+02
-5.542762000000000171e+02
-5.639288000000000238e+02
-5.758088000000000193e+02
-5.713537999999999784e+02
-5.498211999999999762e+02
-5.761799999999999500e+02
-5.624437000000000353e+02
-5.553899999999999864e+02
-5.524199999999999591e+02
-5.539049999999999727e+02
-5.624437000000000353e+02
-5.746950000000000500e+02
-5.761799999999999500e+02
-5.583600000000000136e+02
-5.702400000000000091e+02
-5.791499999999999773e+02
-5.483361999999999625e+02
-5.735811999999999671e+02
-5.676412000000000262e+02
-5.709824999999999591e+02
-5.642999999999999545e+02
-5.505638000000000147e+02
-5.360850000000000364e+02
-5.316299999999999955e+02
-5.383125000000000000e+02
-5.435099999999999909e+02
-5.546475000000000364e+02
-5.431386999999999716e+02
-5.379412999999999556e+02
-5.694974999999999454e+02
-5.557612000000000307e+02
-5.735811999999999671e+02
-5.817487999999999602e+02
-5.620724999999999909e+02
-5.516775000000000091e+02
-5.650425000000000182e+02
-5.539049999999999727e+02
-5.609587000000000216e+02
-5.713537999999999784e+02
-5.468513000000000375e+02
-5.668986999999999625e+02
-5.769225000000000136e+02
-5.605874999999999773e+02
-5.572463000000000193e+02
-5.847187999999999874e+02
-5.850900000000000318e+02
-5.457374999999999545e+02
-5.631862999999999602e+02
-5.635575000000000045e+02
-5.683836999999999762e+02
-5.520488000000000284e+02
-5.691263000000000147e+02
-5.464800000000000182e+02
-5.687549999999999955e+02
-5.661562999999999874e+02
-5.617011999999999716e+02
-5.758088000000000193e+02
-5.605874999999999773e+02
-5.479650000000000318e+02
-5.591024999999999636e+02
-5.780362999999999829e+02
-5.520488000000000284e+02
-5.776649999999999636e+02
-5.654138000000000375e+02
-5.591024999999999636e+02
-5.691263000000000147e+02
-5.750662999999999556e+02
-5.550186999999999671e+02
-5.702400000000000091e+02
-5.568750000000000000e+02
-5.405399999999999636e+02
-5.654138000000000375e+02
-5.798925000000000409e+02
-5.576174999999999500e+02
-5.576174999999999500e+02
-5.550186999999999671e+02
-5.598450000000000273e+02
-5.780362999999999829e+02
-5.717250000000000227e+02
-5.739524999999999864e+02
-5.784075000000000273e+02
-5.706113000000000284e+02
-5.642999999999999545e+02
-5.743237000000000307e+02
-5.888025000000000091e+02
-5.650425000000000182e+02
-5.720963000000000420e+02
-5.806349999999999909e+02
-5.772938000000000329e+02
-5.732100000000000364e+02
-5.828624999999999545e+02
-5.880599999999999454e+02
-5.940000000000000000e+02
-5.672699999999999818e+02
-5.732100000000000364e+02
-5.969700000000000273e+02
-5.795212000000000216e+02
