-1.798335000000000036e+03
-1.841400000000000091e+03
-1.817640000000000100e+03
-1.806502999999999929e+03
-1.877411000000000058e+03
-1.858478000000000065e+03
-1.855508000000000038e+03
-1.900057000000000016e+03
-1.884836000000000013e+03
-1.861076000000000022e+03
-1.896345000000000027e+03
-1.889290999999999940e+03
-1.861818999999999960e+03
-1.943123000000000047e+03
-1.944236000000000104e+03
-1.910824000000000069e+03
-1.959086000000000013e+03
-1.946835000000000036e+03
-1.913422000000000025e+03
-1.922333000000000084e+03
-1.990643000000000029e+03
-1.983960000000000036e+03
-1.962798999999999978e+03
-1.987300999999999931e+03
-1.983218000000000075e+03
-1.998809999999999945e+03
-2.003265000000000100e+03
-1.969109999999999900e+03
-1.960200000000000045e+03
-1.993613000000000056e+03
-1.997695999999999913e+03
-2.014773999999999887e+03
-2.043730999999999995e+03
-1.986558999999999969e+03
-2.009204999999999927e+03
-2.050041999999999916e+03
-2.018115000000000009e+03
-2.025169000000000096e+03
-2.048929000000000087e+03
-2.046701000000000022e+03
-2.051898999999999887e+03
-2.091623000000000047e+03
-2.073431000000000040e+03
-2.062664999999999964e+03
-2.090137000000000171e+03
-2.086054000000000087e+03
-2.075659000000000106e+03
-2.075659000000000106e+03
-2.109070999999999913e+03
-2.075659000000000106e+03
-2.119465999999999894e+03
-2.109443000000000211e+03
-2.099047999999999774e+03
-2.125777999999999793e+03
-2.102389000000000124e+03
-2.065635000000000218e+03
-2.072318000000000211e+03
-2.104987999999999829e+03
-2.079742000000000189e+03
-2.086795999999999822e+03
-2.086425000000000182e+03
-2.040019000000000005e+03
-2.082711999999999989e+03
-2.099789999999999964e+03
-2.111298999999999978e+03
-2.096077999999999975e+03
-2.089023999999999887e+03
-2.117610000000000127e+03
-2.082340999999999894e+03
-2.128005000000000109e+03
-2.098304999999999836e+03
-2.137286000000000058e+03
-2.116125000000000000e+03
-2.126891000000000076e+03
-2.118724000000000160e+03
-2.138771000000000186e+03
-2.145083000000000084e+03
-2.138028999999999996e+03
-2.167356999999999971e+03
-2.125034999999999854e+03
-2.199655999999999949e+03
-2.132831000000000131e+03
-2.149166000000000167e+03
-2.135800999999999931e+03
-2.152135999999999967e+03
-2.114268999999999778e+03
-2.200398999999999887e+03
-2.188518999999999778e+03
-2.146938999999999851e+03
-2.193715999999999894e+03
-2.161416999999999916e+03
-2.180351000000000113e+03
-2.134315999999999804e+03
-2.209679999999999836e+03
-2.161789000000000215e+03
-2.168471000000000004e+03
-2.206338999999999942e+03
-2.123920999999999822e+03
-2.130231999999999971e+03
-2.166244000000000142e+03
-2.168471000000000004e+03
-2.166614999999999782e+03
-2.166614999999999782e+03
-2.146938999999999851e+03
-2.200027999999999793e+03
-2.187034000000000106e+03
-2.187405000000000200e+03
-2.165130000000000109e+03
-2.183693000000000211e+03
-2.162159999999999854e+03
-2.176268000000000029e+03
-2.194829999999999927e+03
-2.156219999999999800e+03
-2.157704999999999927e+03
-2.205224999999999909e+03
-2.170699000000000069e+03
-2.157704999999999927e+03
-2.184434999999999945e+03
-2.179237999999999829e+03
-2.141740999999999985e+03
-2.198914000000000215e+03
-2.174411000000000058e+03
-2.145083000000000084e+03
-2.187775999999999840e+03
-2.190375000000000000e+03
-2.151393999999999778e+03
-2.170327999999999975e+03
-2.195943999999999960e+03
-2.153250000000000000e+03
-2.207081000000000131e+03
-2.196686000000000149e+03
-2.146568000000000211e+03
-2.177751999999999953e+03
-2.200027999999999793e+03
-2.164387000000000171e+03
-2.226385999999999967e+03
-2.219333000000000084e+03
-2.206710000000000036e+03
-2.199655999999999949e+03
-2.223045000000000073e+03
-2.206338999999999942e+03
-2.233440000000000055e+03
-2.221931000000000040e+03
-2.175896000000000186e+03
-2.217476000000000113e+03
-2.199655999999999949e+03
-2.191860000000000127e+03
-2.220445999999999913e+03
-2.221559999999999945e+03
-2.201141000000000076e+03
-2.221559999999999945e+03
-2.245690999999999804e+03
-2.188889999999999873e+03
-2.220818000000000211e+03
-2.241978999999999814e+03
-2.215248999999999796e+03
-2.255344000000000051e+03
-2.265367000000000189e+03
-2.204853999999999814e+03
-2.211164999999999964e+03
-2.234925000000000182e+03
-2.216362999999999829e+03
-2.190003999999999905e+03
-2.251630999999999858e+03
-2.227128999999999905e+03
-2.258313999999999851e+03
-2.261655000000000200e+03
-2.236409999999999854e+03
-2.239751000000000204e+03
-2.269822999999999865e+03
-2.275019999999999982e+03
-2.272791999999999916e+03
-2.265739000000000033e+03
-2.254230000000000018e+03
-2.275762000000000171e+03
-2.253115999999999985e+03
-2.261655000000000200e+03
-2.249032000000000153e+03
-2.276505000000000109e+03
-2.312887000000000171e+03
-2.221559999999999945e+03
-2.288014000000000124e+03
-2.265367000000000189e+03
-2.303978000000000065e+03
-2.258684999999999945e+03
-2.295809999999999945e+03
-2.289498999999999796e+03
-2.292840000000000146e+03
-2.302121000000000095e+03
-2.252373999999999796e+03
-2.298780000000000200e+03
-2.290983999999999924e+03
-2.290983999999999924e+03
-2.295438999999999851e+03
-2.301378999999999905e+03
-2.270936000000000149e+03
-2.291726000000000113e+03
-2.330335999999999785e+03
-2.279103999999999814e+03
-2.332563999999999851e+03
-2.320313000000000102e+03
-2.324768000000000029e+03
-2.323282000000000153e+03
-2.321425999999999931e+03
-2.319199000000000069e+03
-2.313259000000000015e+03
-2.336646999999999935e+03
-2.318085000000000036e+03
-2.328851000000000113e+03
-2.356324000000000069e+03
-2.352610999999999876e+03
-2.342958999999999833e+03
-2.351869000000000142e+03
-2.316599999999999909e+03
-2.371173999999999978e+03
-2.351126000000000204e+03
-2.361150000000000091e+03
-2.384909999999999854e+03
-2.360407000000000153e+03
-2.340360000000000127e+03
-2.360778999999999996e+03
-2.385652999999999793e+03
-2.337389999999999873e+03
-2.400873999999999796e+03
-2.368945999999999913e+03
-2.358179999999999836e+03
-2.352610999999999876e+03
-2.387880000000000109e+03
-2.371545000000000073e+03
-2.373030000000000200e+03
-2.404585999999999785e+03
-2.396418999999999869e+03
-2.347041999999999916e+03
-2.411268999999999778e+03
-2.402358999999999924e+03
-2.367833000000000084e+03
-2.407556000000000040e+03
-2.374143999999999778e+03
-2.373771999999999935e+03
-2.400873999999999796e+03
-2.387137000000000171e+03
-2.388623000000000047e+03
-2.399760000000000218e+03
-2.389735999999999876e+03
-2.373771999999999935e+03
-2.381940000000000055e+03
-2.422034999999999854e+03
-2.406070999999999913e+03
-2.443195999999999913e+03
-2.426489999999999782e+03
-2.397161000000000058e+03
-2.448393999999999778e+03
-2.405699999999999818e+03
-2.409413000000000011e+03
-2.436143000000000029e+03
-2.442454000000000178e+03
-2.379711999999999989e+03
-2.426119000000000142e+03
-2.400130999999999858e+03
-2.434286000000000058e+03
-2.440226000000000113e+03
-2.430574000000000069e+03
-2.422777999999999793e+03
-2.431315999999999804e+03
-2.417208999999999833e+03
-2.425376000000000204e+03
-2.459902999999999793e+03
-2.430945000000000164e+03
-2.430945000000000164e+03
-2.456561000000000149e+03
-2.460644999999999982e+03
-2.436143000000000029e+03
-2.450992000000000189e+03
-2.466585000000000036e+03
-2.442083000000000084e+03
-2.468813000000000102e+03
-2.434286000000000058e+03
-2.475865999999999985e+03
-2.465099999999999909e+03
-2.454704999999999927e+03
-2.470297999999999774e+03
-2.429088999999999942e+03
-2.457675000000000182e+03
-2.408298999999999978e+03
-2.443195999999999913e+03
-2.425005000000000109e+03
-2.415724000000000160e+03
-2.465471000000000004e+03
-2.416094999999999800e+03
-2.425005000000000109e+03
-2.430574000000000069e+03
-2.465471000000000004e+03
-2.430574000000000069e+03
-2.468813000000000102e+03
-2.460273999999999887e+03
-2.446909000000000106e+03
-2.458045999999999822e+03
-2.480693000000000211e+03
-2.470668999999999869e+03
-2.478835999999999785e+03
-2.480320999999999913e+03
-2.461016000000000076e+03
-2.479949999999999818e+03
-2.465842999999999847e+03
-2.457304000000000087e+03
-2.472896000000000186e+03
-2.499626000000000204e+03
-2.489603000000000065e+03
-2.448764999999999873e+03
-2.505195000000000164e+03
-2.457675000000000182e+03
-2.460644999999999982e+03
-2.505565999999999804e+03
-2.442824999999999818e+03
-2.442454000000000178e+03
-2.471411000000000058e+03
-2.453219999999999800e+03
-2.438369999999999891e+03
-2.505195000000000164e+03
-2.452106000000000222e+03
-2.447650999999999840e+03
-2.465842999999999847e+03
-2.443195999999999913e+03
-2.447650999999999840e+03
-2.513362999999999829e+03
-2.470297999999999774e+03
-2.446538000000000011e+03
-2.482177000000000135e+03
-2.494057999999999993e+03
-2.448021999999999935e+03
-2.462130000000000109e+03
-2.478094000000000051e+03
-2.461016000000000076e+03
-2.499626000000000204e+03
-2.454704999999999927e+03
-2.465099999999999909e+03
-2.502224999999999909e+03
-2.465099999999999909e+03
-2.484775999999999840e+03
-2.500369000000000142e+03
-2.503338999999999942e+03
-2.448021999999999935e+03
-2.514847000000000207e+03
-2.489974000000000160e+03
-2.461387000000000171e+03
-2.515219000000000051e+03
-2.471782000000000153e+03
-2.485146999999999935e+03
-2.484405000000000200e+03
-2.507793999999999869e+03
-2.473268000000000029e+03
-2.479208000000000084e+03
-2.502967999999999847e+03
-2.498512000000000171e+03
-2.478835999999999785e+03
-2.512619999999999891e+03
-2.379340999999999894e+03
-2.303235000000000127e+03
-2.312887000000000171e+03
-2.315114999999999782e+03
-2.305090999999999894e+03
-2.313630000000000109e+03
-2.331079000000000178e+03
-2.311402999999999793e+03
-2.325510000000000218e+03
-2.317713999999999942e+03
-2.302864000000000033e+03
-2.326251999999999953e+03
-2.304349000000000160e+03
-2.336646999999999935e+03
-2.321797999999999774e+03
-2.325880999999999858e+03
-2.365233999999999924e+03
-2.311030999999999949e+03
-2.346670999999999822e+03
-2.371173999999999978e+03
-2.332563999999999851e+03
-2.338132999999999811e+03
-2.363005999999999858e+03
-2.356324000000000069e+03
-2.327365999999999985e+03
-2.342958999999999833e+03
-2.353353999999999814e+03
-2.321797999999999774e+03
-2.325880999999999858e+03
-2.370059999999999945e+03
-2.343329999999999927e+03
-2.331820999999999913e+03
-2.351498000000000047e+03
-2.332934999999999945e+03
-2.334048999999999978e+03
-2.363748999999999796e+03
-2.346300000000000182e+03
-2.330708000000000084e+03
-2.358922999999999774e+03
-2.341103000000000065e+03
-2.387137000000000171e+03
-2.344815000000000055e+03
-2.350012000000000171e+03
-2.341103000000000065e+03
-2.367833000000000084e+03
-2.361150000000000091e+03
-2.353724999999999909e+03
-2.373030000000000200e+03
-2.376742000000000189e+03
-2.319199000000000069e+03
-2.382311000000000149e+03
-2.353353999999999814e+03
-2.348527999999999793e+03
-2.355952999999999975e+03
-2.361150000000000091e+03
-2.346670999999999822e+03
