-1.522125000000000057e+02
-1.299375000000000000e+02
-1.570388000000000090e+02
-1.574099999999999966e+02
-1.585237999999999943e+02
-1.577812999999999874e+02
-1.514699999999999989e+02
-1.629787000000000035e+02
-1.548112000000000137e+02
-1.763437999999999874e+02
-1.856250000000000000e+02
-1.785713000000000079e+02
-1.681762999999999977e+02
-1.600088000000000079e+02
-1.774575000000000102e+02
-1.770862999999999943e+02
-1.670625000000000000e+02
-1.692899999999999920e+02
-1.956487999999999943e+02
-1.514699999999999989e+02
-1.830261999999999887e+02
-2.001037000000000035e+02
-1.956487999999999943e+02
-2.045586999999999875e+02
-1.874812000000000012e+02
-1.726313000000000102e+02
-1.956487999999999943e+02
-1.841399999999999864e+02
-1.878524999999999920e+02
-2.216362000000000023e+02
-2.053012999999999977e+02
-1.993613000000000000e+02
-2.104987000000000137e+02
-2.145825000000000102e+02
-2.127263000000000090e+02
-2.182949999999999875e+02
-2.324025000000000034e+02
-2.049300000000000068e+02
-1.982475000000000023e+02
-2.379713000000000136e+02
-2.312888000000000090e+02
-2.246062000000000012e+02
-2.390850000000000080e+02
-2.112412999999999954e+02
-2.476237000000000137e+02
-2.513362999999999943e+02
-2.301750000000000114e+02
-2.268337999999999965e+02
-2.427975000000000136e+02
-2.409413000000000125e+02
-2.264625000000000057e+02
-2.342588000000000079e+02
-2.231211999999999875e+02
-2.613600000000000136e+02
-2.828924999999999841e+02
-2.338874999999999886e+02
-2.713838000000000079e+02
-2.654438000000000102e+02
-2.609886999999999944e+02
-2.539350000000000023e+02
-2.680425000000000182e+02
-2.502224999999999966e+02
-2.650724999999999909e+02
-2.788086999999999875e+02
-2.442824999999999989e+02
-2.713838000000000079e+02
-2.877187999999999874e+02
-2.691562999999999874e+02
-2.710124999999999886e+02
-2.602461999999999875e+02
-2.505937999999999874e+02
-2.524499999999999886e+02
-2.710124999999999886e+02
-2.695274999999999750e+02
-2.669286999999999921e+02
-2.739825000000000159e+02
-2.483662999999999954e+02
-2.647013000000000034e+02
-2.966288000000000125e+02
-2.869762999999999806e+02
-2.862337999999999738e+02
-3.122212999999999852e+02
-3.003412000000000148e+02
-2.899463000000000079e+02
-2.925450000000000159e+02
-2.940299999999999727e+02
-2.981136999999999944e+02
-3.099936999999999898e+02
-2.903174999999999955e+02
-2.873475000000000250e+02
-3.200174999999999841e+02
-2.988562999999999761e+02
-2.806650000000000205e+02
-2.828924999999999841e+02
-2.795511999999999944e+02
-2.984850000000000136e+02
-3.255862000000000194e+02
-3.181612999999999829e+02
-3.062812999999999874e+02
-3.270713000000000079e+02
-3.025688000000000102e+02
-3.189037000000000148e+02
-3.215024999999999977e+02
-3.408075000000000045e+02
-3.192749999999999773e+02
-3.137062000000000239e+02
-3.300412999999999784e+02
-3.229875000000000114e+02
-3.296700000000000159e+02
-3.519449999999999932e+02
-3.352386999999999944e+02
-3.318974999999999795e+02
-3.489750000000000227e+02
-3.389513000000000034e+02
-3.266999999999999886e+02
-3.137062000000000239e+02
-3.382087000000000216e+02
-3.359812999999999761e+02
-3.259574999999999818e+02
-3.400649999999999977e+02
-3.601125000000000114e+02
-3.441487000000000194e+02
-3.389513000000000034e+02
-3.456338000000000079e+02
-3.552862999999999829e+02
-3.452624999999999886e+02
-3.359812999999999761e+02
-3.456338000000000079e+02
-3.512024999999999864e+02
-3.460049999999999955e+02
-3.675375000000000227e+02
-3.664238000000000284e+02
-3.705074999999999932e+02
-3.608550000000000182e+02
-3.656811999999999898e+02
-3.649388000000000147e+02
-3.857287999999999784e+02
-3.619687999999999874e+02
-3.716211999999999875e+02
-3.794175000000000182e+02
-3.638249999999999886e+02
-3.589986999999999853e+02
-3.612262999999999806e+02
-3.731062999999999761e+02
-3.604837999999999738e+02
-3.701363000000000056e+02
-3.664238000000000284e+02
-3.846150000000000091e+02
-3.879562999999999988e+02
-3.463763000000000147e+02
-3.786750000000000114e+02
-3.990937999999999874e+02
-3.560287000000000148e+02
-3.738487999999999829e+02
-3.768188000000000102e+02
-3.612262999999999806e+02
-3.905550000000000068e+02
-3.890699999999999932e+02
-3.898125000000000000e+02
-4.065187999999999988e+02
-3.809024999999999750e+02
-3.805312999999999874e+02
-3.872137000000000171e+02
-4.146861999999999853e+02
-3.946388000000000034e+02
-3.964950000000000045e+02
-3.931537000000000148e+02
-3.857287999999999784e+02
-3.935249999999999773e+02
-4.072613000000000056e+02
-4.132013000000000034e+02
-4.139438000000000102e+02
-4.087461999999999875e+02
-4.172850000000000250e+02
-4.094886999999999944e+02
-4.039200000000000159e+02
-4.080038000000000125e+02
-3.912975000000000136e+02
-4.135724999999999909e+02
-4.124587000000000216e+02
-4.028061999999999898e+02
-4.235962999999999852e+02
-4.206263000000000147e+02
-4.057762000000000171e+02
-4.254524999999999864e+02
-4.146861999999999853e+02
-4.020638000000000147e+02
-4.146861999999999853e+02
-4.109737999999999829e+02
-4.005788000000000011e+02
-4.232250000000000227e+02
-4.176562999999999874e+02
-3.983512999999999806e+02
-4.128299999999999841e+02
-4.299075000000000273e+02
-4.235962999999999852e+02
-4.150575000000000045e+02
-4.306499999999999773e+02
-4.235962999999999852e+02
-4.280511999999999944e+02
-4.302787000000000148e+02
-4.302787000000000148e+02
-4.261949999999999932e+02
-4.243387000000000171e+02
-4.143149999999999977e+02
-4.135724999999999909e+02
-4.135724999999999909e+02
-4.306499999999999773e+02
-4.165425000000000182e+02
-4.102312999999999761e+02
-4.243387000000000171e+02
-4.165425000000000182e+02
-4.206263000000000147e+02
-4.132013000000000034e+02
-4.302787000000000148e+02
-4.235962999999999852e+02
-4.191413000000000011e+02
-4.436437999999999988e+02
-4.414162999999999784e+02
-4.135724999999999909e+02
-4.276800000000000068e+02
-4.458711999999999875e+02
-4.525536999999999921e+02
-4.577513000000000147e+02
-4.455000000000000000e+02
-4.354762999999999806e+02
-4.558949999999999818e+02
-4.826250000000000000e+02
-4.618349999999999795e+02
-4.495837000000000216e+02
-4.718587999999999738e+02
-4.544100000000000250e+02
-4.473562999999999761e+02
-4.373324999999999818e+02
-3.764474999999999909e+02
-3.289275000000000091e+02
-3.133349999999999795e+02
-3.396938000000000102e+02
-3.285561999999999898e+02
-3.344961999999999875e+02
-3.181612999999999829e+02
-3.300412999999999784e+02
-3.549150000000000205e+02
-3.155625000000000000e+02
-3.437774999999999750e+02
-3.411786999999999921e+02
-3.411786999999999921e+02
-3.415500000000000114e+02
-3.545437999999999761e+02
-3.400649999999999977e+02
-3.478613000000000284e+02
-3.679087999999999852e+02
-3.534300000000000068e+02
-3.697649999999999864e+02
-3.567712000000000216e+02
-3.448913000000000011e+02
-3.809024999999999750e+02
-3.835013000000000147e+02
-3.534300000000000068e+02
-3.634538000000000011e+02
-3.849863000000000284e+02
-3.823874999999999886e+02
-3.779325000000000045e+02
-3.701363000000000056e+02
-3.842436999999999898e+02
-3.816449999999999818e+02
-3.753337000000000216e+02
-3.601125000000000114e+02
-3.727350000000000136e+02
-3.667950000000000159e+02
-3.641963000000000079e+02
-3.549150000000000205e+02
-3.708788000000000125e+02
-3.601125000000000114e+02
-3.604837999999999738e+02
-3.790462999999999738e+02
-3.623399999999999750e+02
-3.630824999999999818e+02
-3.693937999999999988e+02
-3.719925000000000068e+02
-3.738487999999999829e+02
-3.575138000000000034e+02
-3.693937999999999988e+02
-3.575138000000000034e+02
-3.783036999999999921e+02
-3.719925000000000068e+02
-3.519449999999999932e+02
-3.890699999999999932e+02
-3.708788000000000125e+02
-3.556575000000000273e+02
-3.679087999999999852e+02
-3.638249999999999886e+02
-3.582563000000000102e+02
-3.779325000000000045e+02
-3.838725000000000023e+02
-3.801600000000000250e+02
-3.953813000000000102e+02
-3.957524999999999977e+02
-3.734775000000000205e+02
-3.794175000000000182e+02
-3.820163000000000011e+02
-3.838725000000000023e+02
-3.890699999999999932e+02
-3.831299999999999955e+02
-3.679087999999999852e+02
-3.950099999999999909e+02
-3.920400000000000205e+02
-3.783036999999999921e+02
-3.653100000000000023e+02
-3.901836999999999875e+02
-3.708788000000000125e+02
-3.872137000000000171e+02
-3.868424999999999727e+02
-3.905550000000000068e+02
-3.861000000000000227e+02
-3.886988000000000056e+02
-3.849863000000000284e+02
-3.738487999999999829e+02
-3.883274999999999864e+02
-3.757049999999999841e+02
-3.768188000000000102e+02
-3.946388000000000034e+02
-3.786750000000000114e+02
-3.604837999999999738e+02
-3.779325000000000045e+02
-3.901836999999999875e+02
-3.571424999999999841e+02
-3.794175000000000182e+02
-3.794175000000000182e+02
-3.690224999999999795e+02
-3.797887999999999806e+02
-3.820163000000000011e+02
-3.864712999999999852e+02
-3.931537000000000148e+02
-3.857287999999999784e+02
-3.976087999999999738e+02
-4.050337999999999852e+02
-3.816449999999999818e+02
-3.961236999999999853e+02
-4.020638000000000147e+02
-3.912975000000000136e+02
-3.979800000000000182e+02
-4.016924999999999955e+02
-3.816449999999999818e+02
-4.016924999999999955e+02
-3.838725000000000023e+02
-3.827588000000000079e+02
-3.950099999999999909e+02
-3.864712999999999852e+02
-3.924112999999999829e+02
-3.924112999999999829e+02
-3.912975000000000136e+02
-3.838725000000000023e+02
-3.905550000000000068e+02
-3.912975000000000136e+02
-4.050337999999999852e+02
-4.002074999999999818e+02
-4.028061999999999898e+02
-3.983512999999999806e+02
-3.946388000000000034e+02
-4.143149999999999977e+02
-3.979800000000000182e+02
-4.005788000000000011e+02
-4.221113000000000284e+02
-4.035488000000000284e+02
-4.087461999999999875e+02
-4.120874999999999773e+02
-4.031775000000000091e+02
-4.016924999999999955e+02
-4.046625000000000227e+02
-4.009499999999999886e+02
-4.087461999999999875e+02
-4.221113000000000284e+02
-3.964950000000000045e+02
-4.094886999999999944e+02
-4.276800000000000068e+02
-4.094886999999999944e+02
-4.076324999999999932e+02
-4.310212000000000216e+02
-4.180274999999999750e+02
-4.050337999999999852e+02
-4.176562999999999874e+02
-4.072613000000000056e+02
-4.039200000000000159e+02
-4.154286999999999921e+02
-4.232250000000000227e+02
-4.284225000000000136e+02
-4.332486999999999853e+02
-4.065187999999999988e+02
-4.213686999999999898e+02
-4.455000000000000000e+02
-4.250812999999999988e+02
-4.351050000000000182e+02
-4.380749999999999886e+02
-4.484700000000000273e+02
-4.261949999999999932e+02
-4.558949999999999818e+02
-4.592363000000000284e+02
-4.566374999999999886e+02
-4.473562999999999761e+02
-4.332486999999999853e+02
-4.555237000000000194e+02
-4.391888000000000147e+02
-4.480987999999999829e+02
-4.562663000000000011e+02
-4.510688000000000102e+02
-4.577513000000000147e+02
-4.551524999999999750e+02
-4.521825000000000045e+02
-4.480987999999999829e+02
-4.417875000000000227e+02
-4.540387999999999806e+02
