-1.065488000000000000e+02
-1.291949999999999932e+02
-1.117463000000000051e+02
-1.072913000000000068e+02
-1.455300000000000011e+02
-1.700324999999999989e+02
-1.674336999999999875e+02
-2.071574999999999989e+02
-2.064149999999999920e+02
-1.804275000000000091e+02
-1.878524999999999920e+02
-2.112412999999999954e+02
-1.926787999999999954e+02
-2.160674999999999955e+02
-2.375999999999999943e+02
-2.312888000000000090e+02
-2.023312999999999988e+02
-2.234925000000000068e+02
-2.621025000000000205e+02
-2.684137999999999806e+02
-2.843774999999999977e+02
-2.995987999999999829e+02
-2.680425000000000182e+02
-3.018263000000000034e+02
-2.944012000000000171e+02
-3.148199999999999932e+02
-3.526875000000000000e+02
-3.396938000000000102e+02
-3.374662000000000148e+02
-3.515738000000000056e+02
-3.322687999999999988e+02
-3.723636999999999944e+02
-3.226161999999999921e+02
-3.259574999999999818e+02
-3.853575000000000159e+02
-3.586274999999999977e+02
-3.478613000000000284e+02
-3.534300000000000068e+02
-3.534300000000000068e+02
-3.549150000000000205e+02
-3.370950000000000273e+02
-3.512024999999999864e+02
-3.719925000000000068e+02
-3.682799999999999727e+02
-3.638249999999999886e+02
-3.679087999999999852e+02
-3.768188000000000102e+02
-3.835013000000000147e+02
-3.474900000000000091e+02
-3.318974999999999795e+02
-3.370950000000000273e+02
-3.404361999999999853e+02
-3.318974999999999795e+02
-3.318974999999999795e+02
-3.189037000000000148e+02
-3.181612999999999829e+02
-3.630824999999999818e+02
-3.426637999999999806e+02
-3.478613000000000284e+02
-3.226161999999999921e+02
-3.393224999999999909e+02
-3.623399999999999750e+02
-3.634538000000000011e+02
-3.389513000000000034e+02
-3.534300000000000068e+02
-3.790462999999999738e+02
-3.597411999999999921e+02
-3.482325000000000159e+02
-3.497174999999999727e+02
-3.690224999999999795e+02
-3.820163000000000011e+02
-3.671662999999999784e+02
-3.649388000000000147e+02
-3.868424999999999727e+02
-3.664238000000000284e+02
-3.612262999999999806e+02
-3.563999999999999773e+02
-3.515738000000000056e+02
-3.667950000000000159e+02
-3.615975000000000250e+02
-3.586274999999999977e+02
-3.545437999999999761e+02
-3.463763000000000147e+02
-3.693937999999999988e+02
-3.615975000000000250e+02
-3.393224999999999909e+02
-3.563999999999999773e+02
-3.630824999999999818e+02
-3.486037999999999784e+02
-3.697649999999999864e+02
-3.727350000000000136e+02
-3.641963000000000079e+02
-3.875849999999999795e+02
-3.794175000000000182e+02
-3.853575000000000159e+02
-3.641963000000000079e+02
-3.950099999999999909e+02
-3.816449999999999818e+02
-3.731062999999999761e+02
-4.024350000000000023e+02
-4.057762000000000171e+02
-3.912975000000000136e+02
-3.924112999999999829e+02
-3.957524999999999977e+02
-4.239674999999999727e+02
-4.113450000000000273e+02
-3.716211999999999875e+02
-3.682799999999999727e+02
-3.886988000000000056e+02
-4.039200000000000159e+02
-3.731062999999999761e+02
-3.846150000000000091e+02
-3.634538000000000011e+02
-3.612262999999999806e+02
-3.794175000000000182e+02
-3.938962000000000216e+02
-3.679087999999999852e+02
-3.775611999999999853e+02
-3.760763000000000034e+02
-3.979800000000000182e+02
-3.987225000000000250e+02
-3.742200000000000273e+02
-3.745912000000000148e+02
-3.950099999999999909e+02
-3.690224999999999795e+02
-3.679087999999999852e+02
-3.820163000000000011e+02
-3.886988000000000056e+02
-3.857287999999999784e+02
-3.831299999999999955e+02
-3.708788000000000125e+02
-3.916687999999999761e+02
-3.912975000000000136e+02
-3.875849999999999795e+02
-3.842436999999999898e+02
-3.972375000000000114e+02
-3.879562999999999988e+02
-4.076324999999999932e+02
-4.068899999999999864e+02
-3.849863000000000284e+02
-4.113450000000000273e+02
-3.853575000000000159e+02
-3.812737000000000194e+02
-4.239674999999999727e+02
-3.998362000000000194e+02
-3.864712999999999852e+02
-4.039200000000000159e+02
-4.068899999999999864e+02
-3.868424999999999727e+02
-4.106025000000000205e+02
-4.232250000000000227e+02
-4.072613000000000056e+02
-4.206263000000000147e+02
-4.072613000000000056e+02
-4.198838000000000079e+02
-4.183987000000000194e+02
-4.042912999999999784e+02
-4.083750000000000000e+02
-4.462425000000000068e+02
-4.132013000000000034e+02
-4.061474999999999795e+02
-4.209975000000000023e+02
-4.302787000000000148e+02
-4.198838000000000079e+02
-4.336200000000000045e+02
-4.198838000000000079e+02
-4.243387000000000171e+02
-4.328774999999999977e+02
-4.406738000000000284e+02
-4.031775000000000091e+02
-4.362187999999999874e+02
-4.187699999999999818e+02
-4.132013000000000034e+02
-4.417875000000000227e+02
-4.414162999999999784e+02
-4.094886999999999944e+02
-4.224825000000000159e+02
-4.473562999999999761e+02
-4.336200000000000045e+02
-4.295362999999999829e+02
-4.414162999999999784e+02
-4.436437999999999988e+02
-4.421587999999999852e+02
-4.421587999999999852e+02
-4.254524999999999864e+02
-4.492124999999999773e+02
-4.180274999999999750e+02
-4.291650000000000205e+02
-4.473562999999999761e+02
-4.466138000000000261e+02
-4.436437999999999988e+02
-4.377038000000000011e+02
-4.729725000000000250e+02
-4.570088000000000079e+02
-4.451288000000000125e+02
-4.677749999999999773e+02
-4.584936999999999898e+02
-4.492124999999999773e+02
-4.577513000000000147e+02
-4.781700000000000159e+02
-4.614637000000000171e+02
-4.688888000000000034e+02
-4.922774999999999750e+02
-4.774275000000000091e+02
-4.651763000000000261e+02
-4.963613000000000284e+02
-4.796549999999999727e+02
-4.685174999999999841e+02
-4.636913000000000125e+02
-4.740862000000000194e+02
-4.674037000000000148e+02
-4.510688000000000102e+02
-4.789125000000000227e+02
-4.588650000000000091e+02
-4.573799999999999955e+02
-4.425299999999999727e+02
-4.328774999999999977e+02
-4.332486999999999853e+02
-4.325063000000000102e+02
-4.213686999999999898e+02
-4.165425000000000182e+02
-4.347337999999999738e+02
-4.395600000000000023e+02
-4.332486999999999853e+02
-4.417875000000000227e+02
-4.369612000000000194e+02
-4.317638000000000034e+02
-4.135724999999999909e+02
-4.325063000000000102e+02
-4.351050000000000182e+02
-4.180274999999999750e+02
-4.265663000000000125e+02
-4.206263000000000147e+02
-4.080038000000000125e+02
-4.169137999999999806e+02
-4.180274999999999750e+02
-4.087461999999999875e+02
-4.254524999999999864e+02
-4.183987000000000194e+02
-4.232250000000000227e+02
-4.109737999999999829e+02
-4.169137999999999806e+02
-4.295362999999999829e+02
-4.143149999999999977e+02
-4.228537999999999784e+02
-4.284225000000000136e+02
-4.347337999999999738e+02
-4.284225000000000136e+02
-4.235962999999999852e+02
-4.332486999999999853e+02
-4.544100000000000250e+02
-4.310212000000000216e+02
-4.518111999999999853e+02
-4.421587999999999852e+02
-4.232250000000000227e+02
-4.384463000000000079e+02
-4.135724999999999909e+02
-4.165425000000000182e+02
-4.377038000000000011e+02
-4.291650000000000205e+02
-4.094886999999999944e+02
-4.295362999999999829e+02
-4.191413000000000011e+02
-4.247099999999999795e+02
-4.280511999999999944e+02
-3.864712999999999852e+02
-4.094886999999999944e+02
-3.924112999999999829e+02
-3.905550000000000068e+02
-4.065187999999999988e+02
-4.042912999999999784e+02
-4.106025000000000205e+02
-3.864712999999999852e+02
-4.083750000000000000e+02
-3.961236999999999853e+02
-3.875849999999999795e+02
-3.953813000000000102e+02
-4.169137999999999806e+02
-3.990937999999999874e+02
-4.005788000000000011e+02
-3.846150000000000091e+02
-3.920400000000000205e+02
-4.221113000000000284e+02
-4.102312999999999761e+02
-4.009499999999999886e+02
-4.165425000000000182e+02
-4.031775000000000091e+02
-4.042912999999999784e+02
-4.176562999999999874e+02
-4.247099999999999795e+02
-4.113450000000000273e+02
-4.180274999999999750e+02
-4.343625000000000114e+02
-4.094886999999999944e+02
-4.313924999999999841e+02
-4.336200000000000045e+02
-4.287937999999999761e+02
-4.406738000000000284e+02
-4.310212000000000216e+02
-4.258238000000000056e+02
-4.369612000000000194e+02
-4.417875000000000227e+02
-4.466138000000000261e+02
-4.261949999999999932e+02
-4.273086999999999875e+02
-4.235962999999999852e+02
-4.339911999999999921e+02
-4.232250000000000227e+02
-4.235962999999999852e+02
-4.499549999999999841e+02
-4.592363000000000284e+02
-4.291650000000000205e+02
-4.403025000000000091e+02
-4.414162999999999784e+02
-4.369612000000000194e+02
-4.276800000000000068e+02
-4.436437999999999988e+02
-4.458711999999999875e+02
-4.343625000000000114e+02
-4.169137999999999806e+02
-4.250812999999999988e+02
-4.317638000000000034e+02
-4.295362999999999829e+02
-4.306499999999999773e+02
-4.336200000000000045e+02
-4.395600000000000023e+02
-4.354762999999999806e+02
-4.224825000000000159e+02
-4.358475000000000250e+02
-4.336200000000000045e+02
-4.384463000000000079e+02
-4.436437999999999988e+02
-4.536675000000000182e+02
-4.614637000000000171e+02
-4.644336999999999875e+02
-4.436437999999999988e+02
-4.674037000000000148e+02
-4.751999999999999886e+02
-4.696313000000000102e+02
-4.544100000000000250e+02
-4.573799999999999955e+02
-4.744574999999999818e+02
-4.718587999999999738e+02
-4.807687999999999988e+02
-4.789125000000000227e+02
-4.904212999999999738e+02
-4.774275000000000091e+02
-4.614637000000000171e+02
-4.729725000000000250e+02
-4.874513000000000034e+02
-4.777988000000000284e+02
-4.703736999999999853e+02
-4.863374999999999773e+02
-4.796549999999999727e+02
-4.592363000000000284e+02
-4.670325000000000273e+02
-4.859662000000000148e+02
-4.685174999999999841e+02
-4.648050000000000068e+02
-4.651763000000000261e+02
-4.781700000000000159e+02
-4.688888000000000034e+02
-4.718587999999999738e+02
-4.800262000000000171e+02
-4.807687999999999988e+02
-4.763138000000000147e+02
-4.570088000000000079e+02
-4.726012999999999806e+02
-4.785412999999999784e+02
-4.789125000000000227e+02
-4.774275000000000091e+02
-4.815113000000000056e+02
-4.930199999999999818e+02
-4.900500000000000114e+02
-4.915350000000000250e+02
-4.655475000000000136e+02
-4.919062999999999874e+02
-4.867087000000000216e+02
-4.692599999999999909e+02
-4.737149999999999750e+02
-4.659187999999999761e+02
-4.681462000000000216e+02
-4.904212999999999738e+02
-4.751999999999999886e+02
-4.815113000000000056e+02
-4.915350000000000250e+02
-4.748288000000000011e+02
-4.640625000000000000e+02
-4.915350000000000250e+02
-4.648050000000000068e+02
-4.692599999999999909e+02
-4.826250000000000000e+02
-4.878224999999999909e+02
-4.893075000000000045e+02
-4.666612999999999829e+02
-4.020638000000000147e+02
-4.050337999999999852e+02
-4.031775000000000091e+02
-4.013213000000000079e+02
-3.964950000000000045e+02
-4.054049999999999727e+02
-3.820163000000000011e+02
-3.890699999999999932e+02
-4.020638000000000147e+02
-4.113450000000000273e+02
-4.065187999999999988e+02
-4.165425000000000182e+02
-4.135724999999999909e+02
-4.046625000000000227e+02
-4.287937999999999761e+02
-4.113450000000000273e+02
-4.117162000000000148e+02
