2.524577000000000027e+01
3.638360999999999734e+01
5.531794000000000011e+01
1.596424000000000021e+01
6.682704000000000200e+00
3.378477999999999781e+01
4.269505000000000194e+01
3.898243999999999687e+01
3.118594999999999828e+01
1.930558999999999870e+01
1.522170999999999985e+01
1.744928000000000168e+01
-1.336500000000000021e+01
-1.113750000000000018e+00
-3.341250000000000053e+00
-2.932874999999999943e+01
-1.002374999999999972e+01
-2.078999999999999915e+01
-3.304124999999999801e+01
-2.264624999999999844e+01
-2.338875000000000171e+01
-5.123250000000000171e+01
-8.427375000000000682e+01
-3.972375000000000256e+01
-5.420250000000000057e+01
-7.313625000000000398e+01
-7.499250000000000682e+01
-9.986624999999999375e+01
-1.080337999999999994e+02
-4.752000000000000313e+01
-6.014249999999999829e+01
-8.947124999999999773e+01
-6.348375000000000057e+01
-6.682500000000000284e+01
-1.002374999999999972e+02
-1.035788000000000011e+02
-7.981874999999999432e+01
-1.013512000000000057e+02
-8.575875000000000625e+01
-8.278874999999999318e+01
-9.986624999999999375e+01
-7.759125000000000227e+01
-8.909999999999999432e+01
-1.176861999999999995e+02
-1.072913000000000068e+02
-1.373625000000000114e+02
-1.124887999999999977e+02
-9.801000000000000512e+01
-1.143449999999999989e+02
-1.269675000000000011e+02
-1.143449999999999989e+02
-1.150875000000000057e+02
-1.303086999999999875e+02
-1.499850000000000136e+02
-1.225125000000000028e+02
-1.225125000000000028e+02
-1.299375000000000000e+02
-1.154586999999999932e+02
-1.384763000000000090e+02
-1.399612999999999943e+02
-1.035788000000000011e+02
-1.392187999999999874e+02
-1.618650000000000091e+02
-1.336500000000000057e+02
-1.548112000000000137e+02
-1.529550000000000125e+02
-1.863675000000000068e+02
-1.863675000000000068e+02
-1.622363000000000000e+02
-1.848824999999999932e+02
-1.897087999999999965e+02
-1.726313000000000102e+02
-1.963913000000000011e+02
-1.833975000000000080e+02
-1.644636999999999887e+02
-1.956487999999999943e+02
-2.001037000000000035e+02
-1.900800000000000125e+02
-1.722599999999999909e+02
-1.930500000000000114e+02
-1.785713000000000079e+02
-1.897087999999999965e+02
-2.075286999999999864e+02
-1.822838000000000136e+02
-1.989900000000000091e+02
-2.320312999999999874e+02
-2.101274999999999977e+02
-2.142112999999999943e+02
-2.242350000000000136e+02
-2.186662000000000035e+02
-2.160674999999999955e+02
-2.067863000000000113e+02
-2.368574999999999875e+02
-1.893375000000000057e+02
-2.142112999999999943e+02
-2.205225000000000080e+02
-2.079000000000000057e+02
-2.164387999999999863e+02
-2.130974999999999966e+02
-2.238637999999999977e+02
-2.442824999999999989e+02
-2.138400000000000034e+02
-2.168100000000000023e+02
-2.591324999999999932e+02
-2.453962999999999965e+02
-2.260911999999999864e+02
-2.613600000000000136e+02
-2.283188000000000102e+02
-2.468813000000000102e+02
-2.505937999999999874e+02
-2.528213000000000079e+02
-2.450250000000000057e+02
-2.557913000000000068e+02
-2.698987000000000194e+02
-2.524499999999999886e+02
-2.817787000000000148e+02
-3.014549999999999841e+02
-2.743537999999999784e+02
-2.988562999999999761e+02
-2.988562999999999761e+02
-2.988562999999999761e+02
-2.747250000000000227e+02
-3.066524999999999750e+02
-3.025688000000000102e+02
-3.370950000000000273e+02
-2.970000000000000000e+02
-3.021974999999999909e+02
-3.040536999999999921e+02
-3.163050000000000068e+02
-2.925450000000000159e+02
-3.107363000000000284e+02
-3.486037999999999784e+02
-3.222450000000000045e+02
-3.233587999999999738e+02
-3.315262000000000171e+02
-3.289275000000000091e+02
-3.482325000000000159e+02
-3.701363000000000056e+02
-3.563999999999999773e+02
-3.586274999999999977e+02
-3.731062999999999761e+02
-3.552862999999999829e+02
-3.790462999999999738e+02
-3.935249999999999773e+02
-3.805312999999999874e+02
-3.846150000000000091e+02
-4.154286999999999921e+02
-3.760763000000000034e+02
-3.931537000000000148e+02
-4.080038000000000125e+02
-3.898125000000000000e+02
-2.769524999999999864e+02
-2.776949999999999932e+02
-2.576474999999999795e+02
-2.398274999999999864e+02
-2.375999999999999943e+02
-2.353725000000000023e+02
-2.509650000000000034e+02
-2.383425000000000011e+02
-2.387136999999999887e+02
-2.531924999999999955e+02
-2.517075000000000102e+02
-2.442824999999999989e+02
-2.383425000000000011e+02
-2.658149999999999977e+02
-2.450250000000000057e+02
-2.524499999999999886e+02
-2.643299999999999841e+02
-2.706413000000000011e+02
-2.561625000000000227e+02
-2.528213000000000079e+02
-2.364863000000000000e+02
-2.524499999999999886e+02
-2.442824999999999989e+02
-2.591324999999999932e+02
-2.713838000000000079e+02
-2.658149999999999977e+02
-2.409413000000000125e+02
-2.335163000000000011e+02
-2.684137999999999806e+02
-2.613600000000000136e+02
-2.561625000000000227e+02
-2.394562999999999988e+02
-2.606175000000000068e+02
-2.643299999999999841e+02
-2.940299999999999727e+02
-2.624737999999999829e+02
-2.465099999999999909e+02
-2.832638000000000034e+02
-2.754674999999999727e+02
-2.609886999999999944e+02
-2.776949999999999932e+02
-2.669286999999999921e+02
-2.587613000000000056e+02
-2.710124999999999886e+02
-2.747250000000000227e+02
-2.580187000000000239e+02
-2.750962999999999852e+02
-2.517075000000000102e+02
-2.817787000000000148e+02
-2.806650000000000205e+02
-2.821499999999999773e+02
-2.888324999999999818e+02
-2.862337999999999738e+02
-2.817787000000000148e+02
-2.817787000000000148e+02
-3.062812999999999874e+02
-2.962574999999999932e+02
-2.665575000000000045e+02
-3.085088000000000079e+02
-2.929162999999999784e+02
-2.918025000000000091e+02
-2.851200000000000045e+02
-2.973711999999999875e+02
-2.880899999999999750e+02
-3.055387999999999806e+02
-2.903174999999999955e+02
-2.802937999999999761e+02
-2.940299999999999727e+02
-2.877187999999999874e+02
-2.762099999999999795e+02
-2.721263000000000147e+02
-3.021974999999999909e+02
-2.836349999999999909e+02
-2.780663000000000125e+02
-2.758387000000000171e+02
-3.077663000000000011e+02
-2.814075000000000273e+02
-2.728686999999999898e+02
-2.624737999999999829e+02
-2.754674999999999727e+02
-2.721263000000000147e+02
-2.814075000000000273e+02
-2.936587999999999852e+02
-2.776949999999999932e+02
-2.903174999999999955e+02
-2.739825000000000159e+02
-2.747250000000000227e+02
-2.884612000000000194e+02
-2.854911999999999921e+02
-2.754674999999999727e+02
-2.661861999999999853e+02
-3.103650000000000091e+02
-2.929162999999999784e+02
-2.687850000000000250e+02
-2.825212000000000216e+02
-2.918025000000000091e+02
-2.828924999999999841e+02
-2.754674999999999727e+02
-2.821499999999999773e+02
-3.033111999999999853e+02
-3.107363000000000284e+02
-2.903174999999999955e+02
-2.906888000000000147e+02
-3.029399999999999977e+02
-3.137062000000000239e+02
-2.884612000000000194e+02
-3.021974999999999909e+02
-2.929162999999999784e+02
-3.073949999999999818e+02
-3.055387999999999806e+02
-2.884612000000000194e+02
-2.947724999999999795e+02
-3.222450000000000045e+02
-3.092513000000000147e+02
-3.066524999999999750e+02
-3.229875000000000114e+02
-3.203888000000000034e+02
-3.263288000000000011e+02
-3.289275000000000091e+02
-3.170475000000000136e+02
-3.192749999999999773e+02
-3.211313000000000102e+02
-3.296700000000000159e+02
-3.244725000000000250e+02
-3.192749999999999773e+02
-3.285561999999999898e+02
-3.289275000000000091e+02
-3.326399999999999864e+02
-3.304125000000000227e+02
-3.192749999999999773e+02
-3.051675000000000182e+02
-3.330113000000000056e+02
-3.055387999999999806e+02
-3.289275000000000091e+02
-3.430350000000000250e+02
-3.215024999999999977e+02
-3.434062999999999874e+02
-3.285561999999999898e+02
-3.259574999999999818e+02
-3.285561999999999898e+02
-3.549150000000000205e+02
-3.512024999999999864e+02
-3.341250000000000000e+02
-3.500887000000000171e+02
-3.571424999999999841e+02
-3.263288000000000011e+02
-3.393224999999999909e+02
-3.255862000000000194e+02
-3.486037999999999784e+02
-3.460049999999999955e+02
-3.129637000000000171e+02
-3.445199999999999818e+02
-3.508312999999999988e+02
-3.456338000000000079e+02
-3.367237999999999829e+02
-3.489750000000000227e+02
-3.229875000000000114e+02
-3.352386999999999944e+02
-3.623399999999999750e+02
-3.415500000000000114e+02
-3.456338000000000079e+02
-3.419212999999999738e+02
-3.189037000000000148e+02
-3.656811999999999898e+02
-3.604837999999999738e+02
-3.471186999999999898e+02
-3.448913000000000011e+02
-3.467475000000000023e+02
-3.337538000000000125e+02
-3.114787999999999784e+02
-3.270713000000000079e+02
-3.174187999999999761e+02
-3.255862000000000194e+02
-3.025688000000000102e+02
-3.070237000000000194e+02
-2.906888000000000147e+02
-3.085088000000000079e+02
-3.010837000000000216e+02
-3.163050000000000068e+02
-3.237300000000000182e+02
-3.044250000000000114e+02
-3.159336999999999875e+02
-3.244725000000000250e+02
-3.200174999999999841e+02
-3.010837000000000216e+02
-3.062812999999999874e+02
-3.278138000000000147e+02
-3.099936999999999898e+02
-3.189037000000000148e+02
-3.174187999999999761e+02
-3.122212999999999852e+02
-2.958863000000000056e+02
-2.598750000000000000e+02
-2.765812000000000239e+02
-2.580187000000000239e+02
-2.717549999999999955e+02
-2.435399999999999920e+02
-2.353725000000000023e+02
-2.617312999999999761e+02
-2.680425000000000182e+02
-2.673000000000000114e+02
-2.528213000000000079e+02
-2.665575000000000045e+02
-2.736113000000000284e+02
-2.743537999999999784e+02
-2.632162000000000148e+02
-2.847486999999999853e+02
-2.932875000000000227e+02
-2.762099999999999795e+02
-2.687850000000000250e+02
-2.877187999999999874e+02
-2.654438000000000102e+02
-2.654438000000000102e+02
-2.773238000000000056e+02
-2.476237000000000137e+02
-2.569049999999999727e+02
-2.531924999999999955e+02
-2.461387000000000000e+02
-2.576474999999999795e+02
-2.494799999999999898e+02
-2.661861999999999853e+02
-2.565337999999999852e+02
-2.587613000000000056e+02
-2.505937999999999874e+02
-2.565337999999999852e+02
-2.643299999999999841e+02
-2.517075000000000102e+02
-2.557913000000000068e+02
-2.550488000000000000e+02
-2.635874999999999773e+02
-2.654438000000000102e+02
-2.654438000000000102e+02
-2.550488000000000000e+02
-2.721263000000000147e+02
-2.702699999999999818e+02
-2.520788000000000011e+02
-2.557913000000000068e+02
-2.543062999999999931e+02
-2.442824999999999989e+02
-2.561625000000000227e+02
-2.680425000000000182e+02
-2.650724999999999909e+02
-2.550488000000000000e+02
-2.431687000000000012e+02
-2.543062999999999931e+02
-2.695274999999999750e+02
-2.795511999999999944e+02
-2.621025000000000205e+02
-2.769524999999999864e+02
-2.635874999999999773e+02
-2.647013000000000034e+02
-2.947724999999999795e+02
-2.762099999999999795e+02
-2.624737999999999829e+02
-2.528213000000000079e+02
-2.539350000000000023e+02
-2.583899999999999864e+02
-2.450250000000000057e+02
-2.828924999999999841e+02
-2.773238000000000056e+02
-2.721263000000000147e+02
