2.866136999999999944e+02
2.777035000000000196e+02
2.936677000000000248e+02
2.903263999999999783e+02
2.424336000000000126e+02
2.320382999999999925e+02
2.246131000000000029e+02
2.053075000000000045e+02
2.056787999999999954e+02
1.670675999999999988e+02
1.603848999999999876e+02
1.663250999999999920e+02
1.488757999999999981e+02
1.095220999999999947e+02
1.288276999999999930e+02
1.403368000000000109e+02
8.204874999999999829e+01
1.032105999999999995e+02
1.221449999999999960e+02
6.905460999999999672e+01
5.791676999999999964e+01
4.789271000000000100e+01
3.007216999999999985e+01
1.596424000000000021e+01
2.079063000000000017e+01
-1.670625000000000071e+01
-1.076624999999999943e+01
7.796488000000000085e+00
-8.538750000000000284e+00
-2.116124999999999901e+01
-3.118499999999999872e+01
-3.712500000000000000e+01
-7.053749999999999432e+01
-4.009499999999999886e+01
-2.524500000000000099e+01
-9.058499999999999375e+01
-4.937624999999999886e+01
-7.907625000000000171e+01
-1.106324999999999932e+02
-6.422624999999999318e+01
-1.006086999999999989e+02
-1.269675000000000011e+02
-1.243687999999999931e+02
-1.150875000000000057e+02
-1.681762999999999977e+02
-1.392187999999999874e+02
-1.533262000000000000e+02
-1.934211999999999989e+02
-2.090137000000000000e+02
-1.730024999999999977e+02
-1.937924999999999898e+02
-2.034449999999999932e+02
-1.982475000000000023e+02
-2.168100000000000023e+02
-1.997324999999999875e+02
-2.142112999999999943e+02
-2.442824999999999989e+02
-2.487375000000000114e+02
-2.535637999999999863e+02
-2.810362999999999829e+02
-3.010837000000000216e+02
-2.973711999999999875e+02
-2.981136999999999944e+02
-3.051675000000000182e+02
-2.970000000000000000e+02
-3.307837999999999852e+02
-3.389513000000000034e+02
-3.456338000000000079e+02
-3.478613000000000284e+02
-3.649388000000000147e+02
-3.641963000000000079e+02
-4.169137999999999806e+02
-3.912975000000000136e+02
-3.775611999999999853e+02
-4.109737999999999829e+02
-3.979800000000000182e+02
-4.065187999999999988e+02
-4.161712999999999738e+02
-4.224825000000000159e+02
-4.165425000000000182e+02
-4.072613000000000056e+02
-3.731062999999999761e+02
-4.128299999999999841e+02
-3.894413000000000125e+02
-3.879562999999999988e+02
-4.128299999999999841e+02
-4.046625000000000227e+02
-3.927825000000000273e+02
-4.124587000000000216e+02
-3.983512999999999806e+02
-4.284225000000000136e+02
-4.284225000000000136e+02
-4.410450000000000159e+02
-4.332486999999999853e+02
-4.521825000000000045e+02
-4.933913000000000011e+02
-4.625774999999999864e+02
-4.659187999999999761e+02
-4.900500000000000114e+02
-4.770561999999999898e+02
-4.629488000000000056e+02
-4.733437999999999874e+02
-4.815113000000000056e+02
-4.466138000000000261e+02
-4.933913000000000011e+02
-5.204924999999999500e+02
-5.000738000000000056e+02
-5.253187000000000353e+02
-5.030437999999999761e+02
-5.167799999999999727e+02
-5.364561999999999671e+02
-5.108399999999999750e+02
-4.956186999999999898e+02
-5.182649999999999864e+02
-5.119538000000000011e+02
-4.967325000000000159e+02
-5.279175000000000182e+02
-5.141812999999999647e+02
-5.253187000000000353e+02
-5.472224999999999682e+02
-5.494500000000000455e+02
-5.112112000000000194e+02
-5.301449999999999818e+02
-5.238337000000000216e+02
-4.529250000000000114e+02
-4.885649999999999977e+02
-4.937624999999999886e+02
-4.700024999999999977e+02
-4.829961999999999875e+02
-5.160375000000000227e+02
-4.963613000000000284e+02
-5.115824999999999818e+02
-5.227200000000000273e+02
-5.086125000000000114e+02
-5.242050000000000409e+02
-5.234624999999999773e+02
-4.729725000000000250e+02
-4.414162999999999784e+02
-5.011875000000000000e+02
-4.904212999999999738e+02
-4.904212999999999738e+02
-4.930199999999999818e+02
-5.023013000000000261e+02
-5.152949999999999591e+02
-4.974750000000000227e+02
-4.971037999999999784e+02
-4.911637999999999806e+02
-5.067563000000000102e+02
-4.885649999999999977e+02
-5.286599999999999682e+02
-4.971037999999999784e+02
-4.751999999999999886e+02
-4.904212999999999738e+02
-4.993312999999999988e+02
-4.648050000000000068e+02
-4.703736999999999853e+02
-4.893075000000000045e+02
-4.759424999999999955e+02
-4.588650000000000091e+02
-4.707450000000000045e+02
-4.796549999999999727e+02
-4.789125000000000227e+02
-4.852237999999999829e+02
-4.885649999999999977e+02
-4.881938000000000102e+02
-4.911637999999999806e+02
-5.123250000000000455e+02
-5.149238000000000284e+02
-4.848525000000000205e+02
-5.052712000000000216e+02
-5.115824999999999818e+02
-4.915350000000000250e+02
-4.915350000000000250e+02
-5.071274999999999977e+02
-4.763138000000000147e+02
-4.547812999999999874e+02
-4.803974999999999795e+02
-4.726012999999999806e+02
-4.807687999999999988e+02
-4.952475000000000023e+02
-4.852237999999999829e+02
-4.622062999999999988e+02
-4.759424999999999955e+02
-5.041575000000000273e+02
-4.763138000000000147e+02
-4.807687999999999988e+02
-4.930199999999999818e+02
-4.700024999999999977e+02
-4.751999999999999886e+02
-5.160375000000000227e+02
-4.948763000000000147e+02
-5.063849999999999909e+02
-5.112112000000000194e+02
-5.097262999999999806e+02
-5.000738000000000056e+02
-5.086125000000000114e+02
-5.071274999999999977e+02
-5.067563000000000102e+02
-5.290312999999999874e+02
-5.130674999999999955e+02
-5.048999999999999773e+02
-5.371987000000000307e+02
-4.967325000000000159e+02
-5.138099999999999454e+02
-5.190075000000000500e+02
-5.074986999999999853e+02
-5.130674999999999955e+02
-5.397975000000000136e+02
-5.071274999999999977e+02
-5.342287999999999784e+02
-5.442525000000000546e+02
-4.662900000000000205e+02
-4.432724999999999795e+02
-4.221113000000000284e+02
-4.154286999999999921e+02
-3.716211999999999875e+02
-4.016924999999999955e+02
-3.868424999999999727e+02
-3.805312999999999874e+02
-3.990937999999999874e+02
-4.094886999999999944e+02
-3.831299999999999955e+02
-3.927825000000000273e+02
-4.098600000000000136e+02
-3.964950000000000045e+02
-4.054049999999999727e+02
-4.128299999999999841e+02
-4.128299999999999841e+02
-4.295362999999999829e+02
-4.206263000000000147e+02
-4.091175000000000068e+02
-4.120874999999999773e+02
-4.221113000000000284e+02
-4.039200000000000159e+02
-4.202549999999999955e+02
-4.072613000000000056e+02
-4.024350000000000023e+02
-3.846150000000000091e+02
-4.076324999999999932e+02
-4.291650000000000205e+02
-4.213686999999999898e+02
-4.265663000000000125e+02
-4.091175000000000068e+02
-4.042912999999999784e+02
-4.165425000000000182e+02
-4.417875000000000227e+02
-4.239674999999999727e+02
-4.139438000000000102e+02
-4.228537999999999784e+02
-4.384463000000000079e+02
-4.313924999999999841e+02
-4.120874999999999773e+02
-4.325063000000000102e+02
-4.187699999999999818e+02
-3.946388000000000034e+02
-3.861000000000000227e+02
-3.805312999999999874e+02
-3.712500000000000000e+02
-4.128299999999999841e+02
-3.801600000000000250e+02
-3.790462999999999738e+02
-3.972375000000000114e+02
-3.868424999999999727e+02
-3.894413000000000125e+02
-3.909261999999999944e+02
-3.972375000000000114e+02
-4.016924999999999955e+02
-4.024350000000000023e+02
-4.094886999999999944e+02
-3.846150000000000091e+02
-4.020638000000000147e+02
-3.912975000000000136e+02
-3.619687999999999874e+02
-3.805312999999999874e+02
-3.645674999999999955e+02
-3.526875000000000000e+02
-3.623399999999999750e+02
-3.578849999999999909e+02
-3.653100000000000023e+02
-3.679087999999999852e+02
-3.764474999999999909e+02
-3.634538000000000011e+02
-3.675375000000000227e+02
-3.783036999999999921e+02
-3.300412999999999784e+02
-3.705074999999999932e+02
-3.779325000000000045e+02
-3.619687999999999874e+02
-3.653100000000000023e+02
-3.901836999999999875e+02
-3.593700000000000045e+02
-3.690224999999999795e+02
-3.719925000000000068e+02
-3.534300000000000068e+02
-3.775611999999999853e+02
-3.638249999999999886e+02
-3.783036999999999921e+02
-3.883274999999999864e+02
-3.812737000000000194e+02
-3.653100000000000023e+02
-3.779325000000000045e+02
-3.864712999999999852e+02
-3.719925000000000068e+02
-3.961236999999999853e+02
-3.920400000000000205e+02
-3.667950000000000159e+02
-3.827588000000000079e+02
-3.950099999999999909e+02
-3.601125000000000114e+02
-3.512024999999999864e+02
-3.794175000000000182e+02
-3.768188000000000102e+02
-3.653100000000000023e+02
-3.593700000000000045e+02
-3.593700000000000045e+02
-3.500887000000000171e+02
-3.690224999999999795e+02
-3.552862999999999829e+02
-3.463763000000000147e+02
-3.727350000000000136e+02
-3.712500000000000000e+02
-3.809024999999999750e+02
-3.719925000000000068e+02
-3.708788000000000125e+02
-3.612262999999999806e+02
-3.563999999999999773e+02
-3.389513000000000034e+02
-3.448913000000000011e+02
-3.519449999999999932e+02
-3.493462999999999852e+02
-3.504599999999999795e+02
-3.563999999999999773e+02
-3.734775000000000205e+02
-3.601125000000000114e+02
-3.512024999999999864e+02
-3.797887999999999806e+02
-3.653100000000000023e+02
-3.523163000000000125e+02
-3.589986999999999853e+02
-3.723636999999999944e+02
-3.563999999999999773e+02
-3.589986999999999853e+02
-3.820163000000000011e+02
-3.846150000000000091e+02
-3.861000000000000227e+02
-3.693937999999999988e+02
-3.671662999999999784e+02
-3.901836999999999875e+02
-3.586274999999999977e+02
-3.671662999999999784e+02
-3.812737000000000194e+02
-3.890699999999999932e+02
-3.816449999999999818e+02
-3.775611999999999853e+02
-3.909261999999999944e+02
-4.042912999999999784e+02
-3.612262999999999806e+02
-3.809024999999999750e+02
-3.987225000000000250e+02
-3.664238000000000284e+02
-3.515738000000000056e+02
-3.783036999999999921e+02
-3.849863000000000284e+02
-3.950099999999999909e+02
-4.087461999999999875e+02
-3.901836999999999875e+02
-3.961236999999999853e+02
-4.042912999999999784e+02
-3.916687999999999761e+02
-3.983512999999999806e+02
-4.013213000000000079e+02
-3.920400000000000205e+02
-3.801600000000000250e+02
-3.760763000000000034e+02
-3.812737000000000194e+02
-3.578849999999999909e+02
-3.526875000000000000e+02
-3.790462999999999738e+02
-3.575138000000000034e+02
-3.634538000000000011e+02
-3.641963000000000079e+02
-3.708788000000000125e+02
-3.890699999999999932e+02
-3.853575000000000159e+02
-3.790462999999999738e+02
-3.968661999999999921e+02
-3.920400000000000205e+02
-3.805312999999999874e+02
-4.054049999999999727e+02
-4.042912999999999784e+02
-3.861000000000000227e+02
-4.046625000000000227e+02
-4.180274999999999750e+02
-3.924112999999999829e+02
-3.924112999999999829e+02
-4.146861999999999853e+02
-3.508312999999999988e+02
-3.749624999999999773e+02
-3.760763000000000034e+02
-4.013213000000000079e+02
-3.909261999999999944e+02
-4.094886999999999944e+02
-3.961236999999999853e+02
-3.957524999999999977e+02
-3.953813000000000102e+02
-3.886988000000000056e+02
-4.046625000000000227e+02
-4.054049999999999727e+02
-3.927825000000000273e+02
-3.938962000000000216e+02
-3.894413000000000125e+02
-4.076324999999999932e+02
