-9.615375000000000227e+01
-9.912375000000000114e+01
-1.020938000000000017e+02
-1.050638000000000005e+02
-8.872875000000000512e+01
-1.006086999999999989e+02
-1.429311999999999898e+02
-1.239975000000000023e+02
-1.577812999999999874e+02
-1.559250000000000114e+02
-1.596374999999999886e+02
-1.670625000000000000e+02
-1.830261999999999887e+02
-1.759724999999999966e+02
-2.071574999999999989e+02
-1.971338000000000079e+02
-1.978762999999999863e+02
-2.249774999999999920e+02
-2.223788000000000125e+02
-2.283188000000000102e+02
-2.394562999999999988e+02
-2.424262999999999977e+02
-2.312888000000000090e+02
-2.457675000000000125e+02
-2.320312999999999874e+02
-2.472524999999999977e+02
-2.509650000000000034e+02
-2.628450000000000273e+02
-2.680425000000000182e+02
-3.025688000000000102e+02
-3.322687999999999988e+02
-3.222450000000000045e+02
-3.051675000000000182e+02
-3.226161999999999921e+02
-3.237300000000000182e+02
-3.189037000000000148e+02
-3.623399999999999750e+02
-3.619687999999999874e+02
-3.274424999999999955e+02
-3.634538000000000011e+02
-3.196462000000000216e+02
-3.404361999999999853e+02
-3.716211999999999875e+02
-3.697649999999999864e+02
-3.794175000000000182e+02
-4.091175000000000068e+02
-3.820163000000000011e+02
-3.883274999999999864e+02
-4.206263000000000147e+02
-3.712500000000000000e+02
-3.957524999999999977e+02
-4.235962999999999852e+02
-4.024350000000000023e+02
-3.857287999999999784e+02
-4.495837000000000216e+02
-4.310212000000000216e+02
-4.403025000000000091e+02
-4.584936999999999898e+02
-4.447574999999999932e+02
-4.258238000000000056e+02
-4.436437999999999988e+02
-4.462425000000000068e+02
-4.377038000000000011e+02
-4.391888000000000147e+02
-4.306499999999999773e+02
-4.492124999999999773e+02
-4.514399999999999977e+02
-4.633199999999999932e+02
-4.800262000000000171e+02
-4.971037999999999784e+02
-4.945049999999999955e+02
-4.726012999999999806e+02
-4.536675000000000182e+02
-4.859662000000000148e+02
-4.726012999999999806e+02
-4.670325000000000273e+02
-4.855950000000000273e+02
-4.829961999999999875e+02
-4.907925000000000182e+02
-4.729725000000000250e+02
-4.807687999999999988e+02
-5.052712000000000216e+02
-5.037862999999999829e+02
-5.082411999999999921e+02
-5.171512000000000171e+02
-5.212350000000000136e+02
-5.297736999999999625e+02
-5.212350000000000136e+02
-5.130674999999999955e+02
-5.509349999999999454e+02
-5.557612000000000307e+02
-5.056424999999999841e+02
-4.796549999999999727e+02
-4.974750000000000227e+02
-4.922774999999999750e+02
-4.822538000000000125e+02
-5.171512000000000171e+02
-5.208637999999999693e+02
-4.770561999999999898e+02
-4.907925000000000182e+02
-4.770561999999999898e+02
-4.855950000000000273e+02
-5.097262999999999806e+02
-5.167799999999999727e+02
-4.893075000000000045e+02
-5.268038000000000238e+02
-5.230911999999999580e+02
-5.186362000000000307e+02
-5.375700000000000500e+02
-5.323724999999999454e+02
-5.212350000000000136e+02
-5.405399999999999636e+02
-5.234624999999999773e+02
-5.416536999999999580e+02
-5.383125000000000000e+02
-5.442525000000000546e+02
-5.550186999999999671e+02
-5.576174999999999500e+02
-5.709824999999999591e+02
-5.576174999999999500e+02
-5.642999999999999545e+02
-5.587313000000000329e+02
-5.346000000000000227e+02
-5.401688000000000329e+02
-5.576174999999999500e+02
-5.401688000000000329e+02
-5.665275000000000318e+02
-5.401688000000000329e+02
-5.190075000000000500e+02
-5.286599999999999682e+02
-5.546475000000000364e+02
-5.412825000000000273e+02
-5.186362000000000307e+02
-5.416536999999999580e+02
-5.089837999999999738e+02
-5.023013000000000261e+02
-4.959900000000000091e+02
-4.592363000000000284e+02
-4.692599999999999909e+02
-5.134388000000000147e+02
-4.766850000000000023e+02
-4.911637999999999806e+02
-5.067563000000000102e+02
-5.034150000000000205e+02
-5.030437999999999761e+02
-4.907925000000000182e+02
-5.119538000000000011e+02
-5.112112000000000194e+02
-5.034150000000000205e+02
-5.071274999999999977e+02
-5.134388000000000147e+02
-5.015586999999999875e+02
-5.089837999999999738e+02
-5.000738000000000056e+02
-5.071274999999999977e+02
-4.907925000000000182e+02
-5.078700000000000045e+02
-5.149238000000000284e+02
-4.911637999999999806e+02
-5.100975000000000250e+02
-5.297736999999999625e+02
-5.145525000000000091e+02
-5.123250000000000455e+02
-5.371987000000000307e+02
-5.190075000000000500e+02
-4.993312999999999988e+02
-5.164088000000000420e+02
-5.115824999999999818e+02
-4.967325000000000159e+02
-5.023013000000000261e+02
-5.149238000000000284e+02
-5.208637999999999693e+02
-5.089837999999999738e+02
-5.182649999999999864e+02
-5.123250000000000455e+02
-5.383125000000000000e+02
-5.371987000000000307e+02
-5.479650000000000318e+02
-5.602161999999999580e+02
-5.431386999999999716e+02
-5.617011999999999716e+02
-5.386838000000000193e+02
-5.646712999999999738e+02
-5.639288000000000238e+02
-5.531625000000000227e+02
-5.472224999999999682e+02
-5.535338000000000420e+02
-5.732100000000000364e+02
-5.654138000000000375e+02
-5.620724999999999909e+02
-5.810062000000000353e+02
-5.914012000000000171e+02
-5.687549999999999955e+02
-5.836050000000000182e+02
-6.036525000000000318e+02
-5.765512999999999693e+02
-5.743237000000000307e+02
-5.442525000000000546e+02
-5.487074999999999818e+02
-5.208637999999999693e+02
-5.015586999999999875e+02
-4.722300000000000182e+02
-4.870799999999999841e+02
-4.900500000000000114e+02
-4.867087000000000216e+02
-4.744574999999999818e+02
-4.803974999999999795e+02
-4.900500000000000114e+02
-4.425299999999999727e+02
-4.317638000000000034e+02
-4.217400000000000091e+02
-4.065187999999999988e+02
-3.905550000000000068e+02
-3.745912000000000148e+02
-4.132013000000000034e+02
-4.139438000000000102e+02
-4.083750000000000000e+02
-4.109737999999999829e+02
-4.180274999999999750e+02
-3.927825000000000273e+02
-3.716211999999999875e+02
-3.886988000000000056e+02
-3.705074999999999932e+02
-3.790462999999999738e+02
-3.938962000000000216e+02
-3.827588000000000079e+02
-3.920400000000000205e+02
-3.990937999999999874e+02
-3.794175000000000182e+02
-4.098600000000000136e+02
-3.886988000000000056e+02
-3.749624999999999773e+02
-3.879562999999999988e+02
-3.905550000000000068e+02
-3.864712999999999852e+02
-3.979800000000000182e+02
-3.875849999999999795e+02
-3.898125000000000000e+02
-3.898125000000000000e+02
-3.946388000000000034e+02
-3.779325000000000045e+02
-3.757049999999999841e+02
-3.953813000000000102e+02
-3.872137000000000171e+02
-3.771899999999999977e+02
-4.224825000000000159e+02
-3.953813000000000102e+02
-4.057762000000000171e+02
-4.050337999999999852e+02
-4.094886999999999944e+02
-3.901836999999999875e+02
-3.942674999999999841e+02
-3.805312999999999874e+02
-3.953813000000000102e+02
-4.065187999999999988e+02
-3.953813000000000102e+02
-3.946388000000000034e+02
-4.094886999999999944e+02
-3.961236999999999853e+02
-3.835013000000000147e+02
-3.901836999999999875e+02
-3.738487999999999829e+02
-3.875849999999999795e+02
-3.582563000000000102e+02
-3.734775000000000205e+02
-3.731062999999999761e+02
-3.838725000000000023e+02
-3.820163000000000011e+02
-3.783036999999999921e+02
-3.842436999999999898e+02
-3.771899999999999977e+02
-3.723636999999999944e+02
-3.760763000000000034e+02
-3.719925000000000068e+02
-3.771899999999999977e+02
-3.938962000000000216e+02
-3.964950000000000045e+02
-3.998362000000000194e+02
-4.143149999999999977e+02
-3.931537000000000148e+02
-3.731062999999999761e+02
-3.964950000000000045e+02
-3.864712999999999852e+02
-4.028061999999999898e+02
-3.972375000000000114e+02
-4.054049999999999727e+02
-4.213686999999999898e+02
-4.206263000000000147e+02
-3.760763000000000034e+02
-3.638249999999999886e+02
-3.738487999999999829e+02
-3.701363000000000056e+02
-3.701363000000000056e+02
-3.701363000000000056e+02
-3.601125000000000114e+02
-3.556575000000000273e+02
-3.875849999999999795e+02
-3.820163000000000011e+02
-3.686512000000000171e+02
-3.912975000000000136e+02
-3.653100000000000023e+02
-3.571424999999999841e+02
-3.686512000000000171e+02
-3.682799999999999727e+02
-3.619687999999999874e+02
-3.586274999999999977e+02
-3.593700000000000045e+02
-3.656811999999999898e+02
-3.697649999999999864e+02
-3.556575000000000273e+02
-3.552862999999999829e+02
-3.664238000000000284e+02
-3.786750000000000114e+02
-3.701363000000000056e+02
-3.601125000000000114e+02
-3.727350000000000136e+02
-3.634538000000000011e+02
-3.757049999999999841e+02
-3.623399999999999750e+02
-3.415500000000000114e+02
-3.686512000000000171e+02
-3.764474999999999909e+02
-3.538011999999999944e+02
-3.697649999999999864e+02
-3.679087999999999852e+02
-3.608550000000000182e+02
-3.731062999999999761e+02
-3.861000000000000227e+02
-3.582563000000000102e+02
-3.708788000000000125e+02
-3.794175000000000182e+02
-3.649388000000000147e+02
-3.634538000000000011e+02
-3.705074999999999932e+02
-3.768188000000000102e+02
-3.708788000000000125e+02
-3.682799999999999727e+02
-3.623399999999999750e+02
-3.623399999999999750e+02
-3.656811999999999898e+02
-3.653100000000000023e+02
-3.612262999999999806e+02
-3.727350000000000136e+02
-3.679087999999999852e+02
-3.705074999999999932e+02
-3.823874999999999886e+02
-3.682799999999999727e+02
-3.708788000000000125e+02
-3.630824999999999818e+02
-3.571424999999999841e+02
-3.716211999999999875e+02
-3.415500000000000114e+02
-3.690224999999999795e+02
-3.679087999999999852e+02
-3.575138000000000034e+02
-3.745912000000000148e+02
-3.408075000000000045e+02
-3.478613000000000284e+02
-3.835013000000000147e+02
-3.809024999999999750e+02
-3.664238000000000284e+02
-3.508312999999999988e+02
-3.589986999999999853e+02
-3.671662999999999784e+02
-3.641963000000000079e+02
-3.697649999999999864e+02
-3.563999999999999773e+02
-3.526875000000000000e+02
-3.437774999999999750e+02
-3.753337000000000216e+02
-3.753337000000000216e+02
-3.627112000000000194e+02
-3.760763000000000034e+02
-3.601125000000000114e+02
-3.571424999999999841e+02
-3.664238000000000284e+02
-3.805312999999999874e+02
-3.731062999999999761e+02
-3.846150000000000091e+02
-3.682799999999999727e+02
-3.846150000000000091e+02
-3.705074999999999932e+02
-3.731062999999999761e+02
-3.823874999999999886e+02
-3.757049999999999841e+02
-3.827588000000000079e+02
-4.054049999999999727e+02
-3.883274999999999864e+02
-3.816449999999999818e+02
-3.864712999999999852e+02
-3.861000000000000227e+02
-3.809024999999999750e+02
-3.931537000000000148e+02
-3.801600000000000250e+02
-3.760763000000000034e+02
-3.857287999999999784e+02
-3.664238000000000284e+02
-3.827588000000000079e+02
-3.545437999999999761e+02
-3.927825000000000273e+02
-3.749624999999999773e+02
-3.727350000000000136e+02
-3.827588000000000079e+02
-3.705074999999999932e+02
-3.641963000000000079e+02
-3.719925000000000068e+02
-3.682799999999999727e+02
-3.630824999999999818e+02
-3.805312999999999874e+02
-3.745912000000000148e+02
-3.753337000000000216e+02
-3.760763000000000034e+02
