-4.394114999999999782e+03
-4.419730999999999767e+03
-4.421216000000000349e+03
-4.452771999999999935e+03
-4.418246000000000095e+03
-4.454628999999999905e+03
-4.448317000000000007e+03
-4.450917000000000371e+03
-4.501405999999999949e+03
-4.459454999999999927e+03
-4.487670000000000073e+03
-4.482844000000000051e+03
-4.460198000000000320e+03
-4.520340000000000146e+03
-4.526650999999999840e+03
-4.496951000000000022e+03
-4.542985999999999876e+03
-4.528506999999999607e+03
-4.562292000000000371e+03
-4.524423999999999978e+03
-4.570087000000000444e+03
-4.531105999999999767e+03
-4.570458999999999833e+03
-4.532591000000000349e+03
-4.581967999999999847e+03
-4.564146999999999935e+03
-4.573429000000000087e+03
-4.552639000000000124e+03
-4.599417000000000371e+03
-4.598302999999999884e+03
-4.574171000000000276e+03
-4.573429000000000087e+03
-4.549668999999999869e+03
-4.587536000000000058e+03
-4.572686999999999898e+03
-4.586421999999999571e+03
-4.551524999999999636e+03
-4.538902000000000044e+03
-4.545956000000000131e+03
-4.534448000000000320e+03
-4.543729000000000269e+03
-4.587536000000000058e+03
-4.554123999999999796e+03
-4.553381000000000313e+03
-4.604613999999999578e+03
-4.590135000000000218e+03
-4.596817000000000007e+03
-4.602015000000000327e+03
-4.576399000000000342e+03
-4.583453000000000429e+03
-4.592362000000000080e+03
-4.611667000000000371e+03
-4.590506000000000313e+03
-4.585680000000000291e+03
-4.582338999999999942e+03
-4.599417000000000371e+03
-4.627631000000000313e+03
-4.601644000000000233e+03
-4.607583999999999833e+03
-4.625033000000000357e+03
-4.636170000000000073e+03
-4.607583999999999833e+03
-4.602756999999999607e+03
-4.605728000000000065e+03
-4.593475999999999658e+03
-4.590135000000000218e+03
-4.594961000000000240e+03
-4.573429000000000087e+03
-4.615380000000000109e+03
-4.609069000000000415e+03
-4.570829999999999927e+03
-4.554123999999999796e+03
-4.578626000000000204e+03
-4.512914999999999964e+03
-4.568974000000000160e+03
-4.578997999999999593e+03
-4.548555000000000291e+03
-4.560064000000000306e+03
-4.599045000000000073e+03
-4.509203000000000429e+03
-4.598673999999999978e+03
-4.559692000000000007e+03
-4.549296999999999571e+03
-4.550039999999999964e+03
-4.591248999999999796e+03
-4.540759000000000015e+03
-4.539645000000000437e+03
-4.610925000000000182e+03
-4.511059000000000196e+03
-4.587164999999999964e+03
-4.583453000000000429e+03
-4.564890000000000327e+03
-4.584194999999999709e+03
-4.567488999999999578e+03
-4.559692000000000007e+03
-4.584565999999999804e+03
-4.575655999999999949e+03
-4.562662999999999556e+03
-4.576399000000000342e+03
-4.583453000000000429e+03
-4.603128999999999905e+03
-4.554494999999999891e+03
-4.610925000000000182e+03
-4.586793999999999869e+03
-4.560435000000000400e+03
-4.612780999999999949e+03
-4.555979999999999563e+03
-4.587164999999999964e+03
-4.586793999999999869e+03
-4.573057999999999993e+03
-4.539274000000000342e+03
-4.592734000000000378e+03
-4.594961000000000240e+03
-4.588279000000000451e+03
-4.635055999999999585e+03
-4.566375000000000000e+03
-4.549668999999999869e+03
-4.618350000000000364e+03
-4.616122999999999593e+03
-4.586051000000000386e+03
-4.622063000000000102e+03
-4.623176000000000386e+03
-4.589764000000000124e+03
-4.623918999999999869e+03
-4.609811999999999898e+03
-4.602756999999999607e+03
-4.602756999999999607e+03
-4.610925000000000182e+03
-4.571201000000000022e+03
-4.635798999999999978e+03
-4.600529999999999745e+03
-4.599417000000000371e+03
-4.619835000000000036e+03
-4.607583999999999833e+03
-4.643224000000000160e+03
-4.621319999999999709e+03
-4.624661000000000058e+03
-4.594219000000000051e+03
-4.670695999999999913e+03
-4.661043999999999869e+03
-4.596445999999999913e+03
-4.671067000000000007e+03
-4.624661000000000058e+03
-4.655104000000000269e+03
-4.681091000000000349e+03
-4.668469000000000051e+03
-4.677378999999999905e+03
-4.670695999999999913e+03
-4.696313000000000102e+03
-4.669211000000000240e+03
-4.717474000000000160e+03
-4.653247999999999593e+03
-4.713019000000000233e+03
-4.701510000000000218e+03
-4.701881000000000313e+03
-4.675894000000000233e+03
-4.707820999999999913e+03
-4.707449999999999818e+03
-4.688515999999999622e+03
-4.673295000000000073e+03
-4.713390000000000327e+03
-4.705594000000000051e+03
-4.693342999999999847e+03
-4.710048999999999978e+03
-4.703737000000000080e+03
-4.697426000000000386e+03
-4.726012999999999920e+03
-4.700395999999999731e+03
-4.699654000000000451e+03
-4.739377000000000407e+03
-4.713761000000000422e+03
-4.712646999999999935e+03
-4.727868999999999687e+03
-4.673295000000000073e+03
-4.718216000000000349e+03
-4.724155999999999949e+03
-4.711533999999999651e+03
-4.738264000000000124e+03
-4.743832999999999629e+03
-4.718958999999999833e+03
-4.731581000000000131e+03
-4.795064999999999600e+03
-4.769448999999999614e+03
-4.770563000000000102e+03
-4.819567000000000007e+03
-4.795064999999999600e+03
-4.775389000000000124e+03
-4.824765000000000327e+03
-4.769078000000000429e+03
-4.783927999999999884e+03
-4.809543999999999869e+03
-4.794323000000000320e+03
-4.809543999999999869e+03
-4.812143000000000029e+03
-4.802489999999999782e+03
-4.826250000000000000e+03
-4.829591000000000349e+03
-4.824394000000000233e+03
-4.790609999999999673e+03
-4.841842999999999847e+03
-4.820680999999999585e+03
-4.899756999999999607e+03
-4.864488999999999578e+03
-4.881194999999999709e+03
-4.825506999999999607e+03
-4.859292000000000371e+03
-4.894560000000000400e+03
-4.848524999999999636e+03
-4.878225000000000364e+03
-4.889362000000000080e+03
-4.866716000000000349e+03
-4.891961000000000240e+03
-4.922033000000000357e+03
-4.891219000000000051e+03
-4.897900999999999840e+03
-4.915350000000000364e+03
-4.907925000000000182e+03
-4.915350000000000364e+03
-4.933170000000000073e+03
-4.892332999999999629e+03
-4.911637999999999920e+03
-4.920546999999999571e+03
-4.914235999999999876e+03
-4.941337000000000444e+03
-4.948020000000000437e+03
-4.921661000000000058e+03
-4.927600999999999658e+03
-4.960643000000000029e+03
-4.952845999999999549e+03
-4.971779999999999745e+03
-4.989600000000000364e+03
-4.960270999999999731e+03
-5.022640999999999622e+03
-4.970295000000000073e+03
-4.947649000000000342e+03
-4.972521999999999935e+03
-4.960270999999999731e+03
-4.981804000000000087e+03
-4.999252000000000407e+03
-5.008162999999999556e+03
-4.956930000000000291e+03
-5.011503999999999905e+03
-5.001109000000000378e+03
-4.989970999999999549e+03
-5.026725000000000364e+03
-5.020042000000000371e+03
-5.031921999999999571e+03
-5.025981999999999971e+03
-5.010019000000000233e+03
-5.031921999999999571e+03
-5.021899000000000342e+03
-5.022270000000000437e+03
-5.004078999999999724e+03
-5.036748999999999796e+03
-5.037862000000000080e+03
-5.053083999999999833e+03
-5.067934000000000196e+03
-5.062735999999999876e+03
-5.022640999999999622e+03
-5.038234000000000378e+03
-5.033779000000000451e+03
-5.036748999999999796e+03
-5.030438000000000102e+03
-5.035264000000000124e+03
-5.039347999999999956e+03
-4.992940999999999804e+03
-5.036377000000000407e+03
-5.012618000000000393e+03
-5.014103000000000065e+03
-5.049743000000000393e+03
-4.999252000000000407e+03
-5.014474000000000160e+03
-5.018929000000000087e+03
-5.024126000000000204e+03
-5.017814999999999600e+03
-5.059024000000000342e+03
-5.054198000000000320e+03
-5.039719000000000051e+03
-5.072760000000000218e+03
-5.056796000000000276e+03
-5.047515000000000327e+03
-5.051970000000000255e+03
-5.095034999999999854e+03
-5.046400999999999840e+03
-5.104315999999999804e+03
-5.068676000000000386e+03
-5.068305000000000291e+03
-5.090579999999999927e+03
-5.100604000000000269e+03
-5.102460000000000036e+03
-5.135130000000000109e+03
-5.120279999999999745e+03
-5.099489999999999782e+03
-5.152578999999999724e+03
-5.099860999999999876e+03
-5.101345999999999549e+03
-5.155548999999999978e+03
-5.138100000000000364e+03
-5.129189999999999600e+03
-5.131046000000000276e+03
-5.137729000000000269e+03
-5.143668999999999869e+03
-5.168171000000000276e+03
-5.170027000000000044e+03
-5.180421999999999571e+03
-5.189332999999999629e+03
-5.213463999999999942e+03
-5.178938000000000102e+03
-5.188961000000000240e+03
-5.197128999999999905e+03
-5.185990999999999985e+03
-5.181536000000000058e+03
-5.225715000000000146e+03
-5.178194999999999709e+03
-5.096149000000000342e+03
-5.073873999999999796e+03
-5.063479000000000269e+03
-5.030809000000000196e+03
-5.079442000000000007e+03
-5.034893000000000029e+03
-5.068676000000000386e+03
-5.071274999999999636e+03
-5.056796000000000276e+03
-5.048628999999999905e+03
-5.076844000000000051e+03
-5.073873999999999796e+03
-5.041203999999999724e+03
-5.090951000000000022e+03
-5.060137999999999920e+03
-5.060137999999999920e+03
-5.060137999999999920e+03
-5.074244999999999891e+03
-5.088724000000000160e+03
-5.092807999999999993e+03
-5.084640000000000327e+03
-5.093921000000000276e+03
-5.106171999999999571e+03
-5.087980999999999767e+03
-5.110627000000000407e+03
-5.112854999999999563e+03
-5.083525999999999840e+03
-5.074615999999999985e+03
-5.115453999999999724e+03
-5.069789999999999964e+03
-5.108770999999999731e+03
-5.118795000000000073e+03
-5.116939000000000306e+03
-5.091323000000000320e+03
-5.106914999999999964e+03
-5.095034999999999854e+03
-5.122136000000000422e+03
-5.118052999999999884e+03
-5.119537999999999556e+03
-5.092807999999999993e+03
-5.123993000000000393e+03
-5.087980999999999767e+03
-5.140328000000000429e+03
-5.098376000000000204e+03
-5.132159999999999854e+03
-5.107286000000000058e+03
-5.150350999999999658e+03
-5.095405999999999949e+03
-5.103573999999999614e+03
-5.138100000000000364e+03
-5.085381999999999607e+03
-5.122506999999999607e+03
-5.123993000000000393e+03
-5.115824999999999818e+03
-5.118423999999999978e+03
-5.146639000000000124e+03
-5.135872999999999593e+03
-5.100604000000000269e+03
-5.157404999999999745e+03
-5.117310000000000400e+03
-5.121765000000000327e+03
-5.140698999999999614e+03
-5.132902000000000044e+03
-5.104315999999999804e+03
-5.157775999999999840e+03
-5.148865999999999985e+03
-5.127333999999999833e+03
-5.155548999999999978e+03
-5.127333999999999833e+03
-5.165573000000000320e+03
-5.160003999999999905e+03
-5.171512999999999920e+03
-5.121021999999999935e+03
-5.188590000000000146e+03
-5.144039999999999964e+03
-5.169655999999999949e+03
-5.184135000000000218e+03
-5.183020999999999731e+03
-5.161118000000000393e+03
-5.171512999999999920e+03
-5.188219000000000051e+03
-5.141069999999999709e+03
-5.208637999999999920e+03
-5.183020999999999731e+03
-5.156292000000000371e+03
-5.183764000000000124e+03
-5.207895000000000437e+03
-5.187475999999999658e+03
-5.216434000000000196e+03
-5.233511000000000422e+03
-5.191189000000000306e+03
-5.191930999999999585e+03
-5.203439999999999600e+03
-5.219033000000000357e+03
-5.175967999999999847e+03
-5.228314000000000306e+03
-5.211235999999999876e+03
-5.196386000000000422e+03
