-1.186885999999999967e+03
-1.211017000000000053e+03
-1.257051999999999907e+03
-1.256309999999999945e+03
-1.281555000000000064e+03
-1.288238000000000056e+03
-1.301230999999999995e+03
-1.280441000000000031e+03
-1.371396999999999935e+03
-1.323877999999999929e+03
-1.350979000000000042e+03
-1.394044000000000096e+03
-1.351721000000000004e+03
-1.356175999999999931e+03
-1.385134000000000015e+03
-1.393300999999999931e+03
-1.377337999999999965e+03
-1.392188000000000102e+03
-1.389960000000000036e+03
-1.399613000000000056e+03
-1.424115000000000009e+03
-1.414834000000000060e+03
-1.444904999999999973e+03
-1.497250999999999976e+03
-1.451959000000000060e+03
-1.469406999999999925e+03
-1.498736000000000104e+03
-1.488340999999999894e+03
-1.482771999999999935e+03
-1.482771999999999935e+03
-1.503933999999999969e+03
-1.475347999999999956e+03
-1.544028999999999996e+03
-1.513958000000000084e+03
-1.503563000000000102e+03
-1.544028999999999996e+03
-1.545142000000000053e+03
-1.545884999999999991e+03
-1.583009999999999991e+03
-1.546627999999999929e+03
-1.553681000000000040e+03
-1.599715999999999894e+03
-1.587094000000000051e+03
-1.602315000000000055e+03
-1.611224999999999909e+03
-1.629045000000000073e+03
-1.626445999999999913e+03
-1.672853000000000065e+03
-1.653547000000000025e+03
-1.650577999999999975e+03
-1.691414999999999964e+03
-1.663200000000000045e+03
-1.632758000000000038e+03
-1.673223999999999933e+03
-1.708121000000000095e+03
-1.689188000000000102e+03
-1.713318999999999960e+03
-1.727055000000000064e+03
-1.732252999999999929e+03
-1.740790999999999940e+03
-1.747845000000000027e+03
-1.751557000000000016e+03
-1.760468000000000075e+03
-1.782000000000000000e+03
-1.770863000000000056e+03
-1.825807000000000016e+03
-1.812070999999999913e+03
-1.763066000000000031e+03
-1.792023999999999887e+03
-1.797593000000000075e+03
-1.790166999999999916e+03
-1.810958000000000084e+03
-1.841028999999999996e+03
-1.805388999999999896e+03
-1.841770999999999958e+03
-1.864046000000000049e+03
-1.846969000000000051e+03
-1.868500999999999976e+03
-1.869986000000000104e+03
-1.887434999999999945e+03
-1.918249000000000024e+03
-1.918990999999999985e+03
-1.890034000000000106e+03
-1.944979000000000042e+03
-1.964284000000000106e+03
-1.946835000000000036e+03
-1.953518000000000029e+03
-1.986558999999999969e+03
-1.948319999999999936e+03
-1.985074000000000069e+03
-1.987300999999999931e+03
-2.010318999999999960e+03
-2.008834000000000060e+03
-2.059695000000000164e+03
-2.025169000000000096e+03
-2.015516000000000076e+03
-2.061922999999999774e+03
-2.043730999999999995e+03
-2.045587999999999965e+03
-2.115753999999999905e+03
-2.099789999999999964e+03
-2.068976000000000113e+03
-2.112413000000000011e+03
-2.079371000000000095e+03
-2.090880000000000109e+03
-2.124291999999999916e+03
-2.110927000000000135e+03
-2.136543999999999869e+03
-2.145454000000000178e+03
-2.122065000000000055e+03
-2.125777999999999793e+03
-2.156590999999999894e+03
-2.126519999999999982e+03
-2.110927000000000135e+03
-2.125034999999999854e+03
-2.152878999999999905e+03
-2.107585999999999785e+03
-2.145824999999999818e+03
-2.178123999999999796e+03
-2.115382999999999811e+03
-2.145083000000000084e+03
-2.150650999999999840e+03
-2.102018000000000029e+03
-2.108329000000000178e+03
-2.133945000000000164e+03
-2.095706000000000131e+03
-2.108699999999999818e+03
-2.126148999999999887e+03
-2.139514000000000124e+03
-2.157333999999999833e+03
-2.158818999999999960e+03
-2.168842999999999847e+03
-2.161789000000000215e+03
-2.166985999999999876e+03
-2.187775999999999840e+03
-2.202255000000000109e+03
-2.214135000000000218e+03
-2.189632999999999811e+03
-2.233440000000000055e+03
-2.194086999999999989e+03
-2.175525000000000091e+03
-2.208565999999999804e+03
-2.199284999999999854e+03
-2.176268000000000029e+03
-2.213021000000000186e+03
-2.241978999999999814e+03
-2.202255000000000109e+03
-2.220818000000000211e+03
-2.259427000000000135e+03
-2.237523999999999887e+03
-2.237523999999999887e+03
-2.289498999999999796e+03
-2.274648999999999887e+03
-2.280588999999999942e+03
-2.299521999999999935e+03
-2.314001000000000204e+03
-2.329222000000000207e+03
-2.346670999999999822e+03
-2.332193000000000211e+03
-2.301750000000000000e+03
-2.332563999999999851e+03
-2.309916999999999916e+03
-2.341103000000000065e+03
-2.361521000000000186e+03
-2.305090999999999894e+03
-2.322911000000000058e+03
-2.358922999999999774e+03
-2.364119999999999891e+03
-2.368945999999999913e+03
-2.380826000000000022e+03
-2.367460999999999785e+03
-2.421291999999999916e+03
-2.443195999999999913e+03
-2.416836999999999989e+03
-2.420550000000000182e+03
-2.465471000000000004e+03
-2.455818999999999960e+03
-2.422034999999999854e+03
-2.453590999999999894e+03
-2.465842999999999847e+03
-2.452106000000000222e+03
-2.484405000000000200e+03
-2.498884000000000015e+03
-2.474010000000000218e+03
-2.490344999999999800e+03
-2.491086999999999989e+03
-2.479208000000000084e+03
-2.498884000000000015e+03
-2.498512000000000171e+03
-2.517445999999999913e+03
-2.540463999999999942e+03
-2.518931000000000040e+03
-2.527840999999999894e+03
-2.553085999999999785e+03
-2.592809999999999945e+03
-2.574619000000000142e+03
-2.580559000000000196e+03
-2.595409000000000106e+03
-2.585755999999999858e+03
-2.528954999999999927e+03
-2.482177000000000135e+03
-2.434657000000000153e+03
-2.422405999999999949e+03
-2.411268999999999778e+03
-2.361150000000000091e+03
-2.374143999999999778e+03
-2.372288000000000011e+03
-2.387509000000000015e+03
-2.393449000000000069e+03
-2.425376000000000204e+03
-2.407556000000000040e+03
-2.378599000000000160e+03
-2.364490999999999985e+03
-2.350012000000000171e+03
-2.321054999999999836e+03
-2.360778999999999996e+03
-2.350012000000000171e+03
-2.358922999999999774e+03
-2.370059999999999945e+03
-2.360036000000000058e+03
-2.337389999999999873e+03
-2.367833000000000084e+03
-2.332193000000000211e+03
-2.280588999999999942e+03
-2.309175000000000182e+03
-2.330708000000000084e+03
-2.327365999999999985e+03
-2.330335999999999785e+03
-2.332934999999999945e+03
-2.314744000000000142e+03
-2.330708000000000084e+03
-2.312144999999999982e+03
-2.314373000000000047e+03
-2.341103000000000065e+03
-2.335534000000000106e+03
-2.312887000000000171e+03
-2.333306000000000040e+03
-2.370059999999999945e+03
-2.328108999999999924e+03
-2.341844999999999800e+03
-2.348155999999999949e+03
-2.337018999999999778e+03
-2.346300000000000182e+03
-2.373400999999999840e+03
-2.342586999999999989e+03
-2.366347000000000207e+03
-2.383425000000000182e+03
-2.357438000000000102e+03
-2.368204000000000178e+03
-2.389735999999999876e+03
-2.392706000000000131e+03
-2.378969999999999800e+03
-2.379340999999999894e+03
-2.384539000000000215e+03
-2.377114000000000033e+03
-2.395675999999999931e+03
-2.401615999999999985e+03
-2.396047999999999774e+03
-2.381940000000000055e+03
-2.387137000000000171e+03
-2.379340999999999894e+03
-2.380826000000000022e+03
-2.362635000000000218e+03
-2.382682999999999993e+03
-2.409413000000000011e+03
-2.372659000000000106e+03
-2.419807999999999993e+03
-2.417208999999999833e+03
-2.404585999999999785e+03
-2.419807999999999993e+03
-2.426860999999999876e+03
-2.406443000000000211e+03
-2.433914999999999964e+03
-2.451364000000000033e+03
-2.438740999999999985e+03
-2.437998999999999796e+03
-2.456561000000000149e+03
-2.449507999999999811e+03
-2.446538000000000011e+03
-2.465471000000000004e+03
-2.451364000000000033e+03
-2.463614999999999782e+03
-2.498512000000000171e+03
-2.477351000000000113e+03
-2.477722000000000207e+03
-2.502967999999999847e+03
-2.473639000000000124e+03
-2.479949999999999818e+03
-2.502596000000000004e+03
-2.450992000000000189e+03
-2.452849000000000160e+03
-2.467699000000000069e+03
-2.467699000000000069e+03
-2.472896000000000186e+03
-2.458416999999999916e+03
-2.473639000000000124e+03
-2.470668999999999869e+03
-2.471039999999999964e+03
-2.467699000000000069e+03
-2.452478000000000065e+03
-2.481806000000000040e+03
-2.472896000000000186e+03
-2.450621000000000095e+03
-2.478094000000000051e+03
-2.459159999999999854e+03
-2.430202999999999975e+03
-2.487746000000000095e+03
-2.483663000000000011e+03
-2.478465000000000146e+03
-2.510764000000000124e+03
-2.517074999999999818e+03
-2.497769999999999982e+03
-2.538606999999999971e+03
-2.528211999999999989e+03
-2.497769999999999982e+03
-2.545289999999999964e+03
-2.536380000000000109e+03
-2.517445999999999913e+03
-2.534894999999999982e+03
-2.531925000000000182e+03
-2.521900999999999840e+03
-2.528954999999999927e+03
-2.550858999999999924e+03
-2.538606999999999971e+03
-2.542690999999999804e+03
-2.550487999999999829e+03
-2.505938000000000102e+03
-2.548630999999999858e+03
-2.568679000000000087e+03
-2.544918999999999869e+03
-2.564965999999999894e+03
-2.586869999999999891e+03
-2.560882999999999811e+03
-2.576846000000000004e+03
-2.576103999999999814e+03
-2.554199999999999818e+03
-2.547889000000000124e+03
-2.553829000000000178e+03
-2.536009000000000015e+03
-2.562739000000000033e+03
-2.566822999999999865e+03
-2.541949000000000069e+03
-2.584643000000000029e+03
-2.574248000000000047e+03
-2.551972000000000207e+03
-2.566079999999999927e+03
-2.591695999999999913e+03
-2.534152999999999793e+03
-2.537494000000000142e+03
-2.523014999999999873e+03
-2.488489000000000033e+03
-2.499626000000000204e+03
-2.505565999999999804e+03
-2.490715999999999894e+03
-2.487375000000000000e+03
-2.511135000000000218e+03
-2.522643999999999778e+03
-2.510021000000000186e+03
-2.487746000000000095e+03
-2.508164999999999964e+03
-2.478094000000000051e+03
-2.501481999999999971e+03
-2.491086999999999989e+03
-2.506679999999999836e+03
-2.519673999999999978e+03
-2.509278999999999996e+03
-2.513362999999999829e+03
-2.522643999999999778e+03
-2.517074999999999818e+03
-2.524871000000000095e+03
-2.540092999999999847e+03
-2.533039000000000215e+03
-2.531182999999999993e+03
-2.554943000000000211e+03
-2.552344000000000051e+03
-2.569791999999999916e+03
-2.565338000000000193e+03
-2.573876000000000204e+03
-2.559025999999999840e+03
-2.552715000000000146e+03
-2.582414999999999964e+03
-2.587612999999999829e+03
-2.566451000000000022e+03
-2.562367000000000189e+03
-2.579074000000000069e+03
-2.566079999999999927e+03
-2.579815999999999804e+03
-2.557913000000000011e+03
-2.566822999999999865e+03
-2.582786000000000058e+03
-2.559025999999999840e+03
-2.558284000000000106e+03
-2.559396999999999935e+03
-2.515960999999999785e+03
-2.525614000000000033e+03
-2.527099000000000160e+03
-2.508536000000000058e+03
-2.513733999999999924e+03
-2.540092999999999847e+03
-2.511505999999999858e+03
-2.537494000000000142e+03
-2.544547999999999774e+03
-2.522643999999999778e+03
-2.535637000000000171e+03
-2.537864999999999782e+03
-2.532295999999999822e+03
-2.514105000000000018e+03
-2.526356000000000222e+03
-2.526728000000000065e+03
-2.531554000000000087e+03
-2.547889000000000124e+03
-2.528954999999999927e+03
