2.201579999999999870e+02
1.789480000000000075e+02
2.157027999999999963e+02
1.989961000000000126e+02
1.733789999999999907e+02
1.718940000000000055e+02
1.652112999999999943e+02
1.566723000000000070e+02
1.362529000000000110e+02
1.355104000000000042e+02
1.158335000000000008e+02
1.377379999999999995e+02
1.325403000000000020e+02
1.347678999999999974e+02
1.381091999999999871e+02
1.065520000000000067e+02
8.279128000000000043e+01
1.091508000000000038e+02
9.281533000000000300e+01
1.032105999999999995e+02
1.236299999999999955e+02
1.002406000000000006e+02
1.017256000000000000e+02
9.318658999999999537e+01
6.162937999999999761e+01
7.239596000000000231e+01
6.237189999999999657e+01
6.348568999999999818e+01
6.534199999999999875e+01
6.682703999999999667e+01
7.239596000000000231e+01
2.858711999999999875e+01
2.673082000000000136e+01
3.564108999999999838e+01
2.190441999999999823e+01
1.930558999999999870e+01
2.004811000000000121e+01
2.784459999999999980e+01
1.967685000000000173e+01
1.559298000000000073e+01
3.415603999999999729e+01
3.304225999999999885e+01
1.596424000000000021e+01
1.262288999999999994e+01
2.413198999999999828e+01
1.447918999999999912e+01
9.281532999999999589e+00
1.225162000000000084e+01
8.167749000000000592e+00
9.652794999999999348e+00
1.410792999999999964e+01
2.079063000000000017e+01
1.113784000000000063e+01
0.000000000000000000e+00
6.311442999999999692e+00
-7.053749999999999964e+00
-7.053749999999999964e+00
4.455136000000000429e+00
-5.940000000000000391e+00
2.970091000000000037e+00
4.083874999999999922e+00
-1.113750000000000018e+00
-6.311250000000000249e+00
-4.417875000000000085e+01
-3.638250000000000028e+01
-6.682500000000000107e+00
-1.485000000000000098e+00
-4.083749999999999858e+01
-2.747250000000000014e+01
-2.041874999999999929e+01
-4.492125000000000057e+01
-3.638250000000000028e+01
-3.972375000000000256e+01
-6.682500000000000284e+01
-6.571125000000000682e+01
-4.789124999999999943e+01
-7.499250000000000682e+01
-5.531624999999999659e+01
-5.642999999999999972e+01
-7.499250000000000682e+01
-3.935249999999999915e+01
-6.608249999999999602e+01
-5.234624999999999773e+01
-5.234624999999999773e+01
-6.422624999999999318e+01
-8.390250000000000341e+01
-3.749625000000000341e+01
-6.422624999999999318e+01
-7.350749999999999318e+01
-4.417875000000000085e+01
-6.162749999999999773e+01
-9.355500000000000682e+01
-8.798624999999999829e+01
-9.355500000000000682e+01
-1.043212999999999937e+02
-1.017224999999999966e+02
-9.355500000000000682e+01
-1.187999999999999972e+02
-1.013512000000000057e+02
-8.872875000000000512e+01
-1.362487000000000137e+02
-1.384763000000000090e+02
-1.180575000000000045e+02
-1.447874999999999943e+02
-1.451588000000000136e+02
-1.317937000000000012e+02
-1.321649999999999920e+02
-1.106324999999999932e+02
-1.213987999999999943e+02
-1.210275000000000034e+02
-1.150875000000000057e+02
-1.202849999999999966e+02
-9.206999999999999318e+01
-1.280812999999999988e+02
-1.381049999999999898e+02
-1.366200000000000045e+02
-1.421887999999999863e+02
-1.284524999999999864e+02
-1.451588000000000136e+02
-1.433025000000000091e+02
-1.258538000000000068e+02
-1.536974999999999909e+02
-1.407038000000000011e+02
-1.329074999999999989e+02
-1.941638000000000090e+02
-1.603799999999999955e+02
-1.562961999999999989e+02
-1.930500000000000114e+02
-1.666913000000000125e+02
-1.436738000000000000e+02
-1.897087999999999965e+02
-1.707750000000000057e+02
-1.407038000000000011e+02
-1.551825000000000045e+02
-1.859961999999999875e+02
-1.685475000000000136e+02
-1.696613000000000113e+02
-1.741162999999999954e+02
-1.674336999999999875e+02
-1.700324999999999989e+02
-1.559250000000000114e+02
-1.485000000000000000e+02
-1.807988000000000000e+02
-1.670625000000000000e+02
-1.525837999999999965e+02
-1.885949999999999989e+02
-1.833975000000000080e+02
-1.744875000000000114e+02
-1.781999999999999886e+02
-1.689187000000000012e+02
-1.804275000000000091e+02
-1.833975000000000080e+02
-1.826550000000000011e+02
-1.618650000000000091e+02
-1.804275000000000091e+02
-1.841399999999999864e+02
-1.663199999999999932e+02
-1.975049999999999955e+02
-2.023312999999999988e+02
-1.963913000000000011e+02
-1.830261999999999887e+02
-2.064149999999999920e+02
-1.852538000000000125e+02
-1.923075000000000045e+02
-1.975049999999999955e+02
-1.963913000000000011e+02
-1.952775000000000034e+02
-1.871100000000000136e+02
-1.885949999999999989e+02
-1.819124999999999943e+02
-1.852538000000000125e+02
-1.863675000000000068e+02
-1.863675000000000068e+02
-2.019600000000000080e+02
-2.019600000000000080e+02
-1.863675000000000068e+02
-2.064149999999999920e+02
-2.019600000000000080e+02
-1.845112000000000023e+02
-1.949062999999999874e+02
-1.982475000000000023e+02
-2.053012999999999977e+02
-2.108700000000000045e+02
-1.963913000000000011e+02
-1.967624999999999886e+02
-2.104987000000000137e+02
-1.852538000000000125e+02
-1.952775000000000034e+02
-2.056725000000000136e+02
-2.086425000000000125e+02
-1.900800000000000125e+02
-1.952775000000000034e+02
-2.234925000000000068e+02
-2.060437000000000012e+02
-1.963913000000000011e+02
-1.904512000000000000e+02
-1.982475000000000023e+02
-1.982475000000000023e+02
-1.455300000000000011e+02
-1.867387999999999977e+02
-1.718887000000000000e+02
-1.455300000000000011e+02
-1.867387999999999977e+02
-1.945349999999999966e+02
-1.774575000000000102e+02
-1.867387999999999977e+02
-1.919362000000000137e+02
-1.748586999999999989e+02
-1.770862999999999943e+02
-1.937924999999999898e+02
-1.863675000000000068e+02
-1.700324999999999989e+02
-1.822838000000000136e+02
-2.004749999999999943e+02
-1.789424999999999955e+02
-1.718887000000000000e+02
-1.911938000000000102e+02
-1.978762999999999863e+02
-1.989900000000000091e+02
-1.867387999999999977e+02
-1.733737000000000137e+02
-2.197800000000000011e+02
-1.592663000000000011e+02
-1.718887000000000000e+02
-2.082712999999999965e+02
-1.986187999999999931e+02
-2.127263000000000090e+02
-1.878524999999999920e+02
-1.915649999999999977e+02
-1.878524999999999920e+02
-1.963913000000000011e+02
-1.956487999999999943e+02
-1.822838000000000136e+02
-2.045586999999999875e+02
-1.874812000000000012e+02
-1.652062999999999988e+02
-2.053012999999999977e+02
-2.179238000000000000e+02
-1.889661999999999864e+02
-2.194088000000000136e+02
-2.190374999999999943e+02
-2.134687999999999874e+02
-2.257199999999999989e+02
-2.231211999999999875e+02
-1.949062999999999874e+02
-2.164387999999999863e+02
-2.309174999999999898e+02
-2.223788000000000125e+02
-2.208937999999999988e+02
-2.305461999999999989e+02
-2.208937999999999988e+02
-2.216362000000000023e+02
-2.212649999999999864e+02
-2.234925000000000068e+02
-2.275762000000000000e+02
-2.231211999999999875e+02
-2.034449999999999932e+02
-2.364863000000000000e+02
-2.294325000000000045e+02
-2.216362000000000023e+02
-2.220074999999999932e+02
-2.298037999999999954e+02
-2.249774999999999920e+02
-2.305461999999999989e+02
-2.498513000000000090e+02
-2.327737999999999943e+02
-2.416836999999999875e+02
-2.517075000000000102e+02
-2.353725000000000023e+02
-2.587613000000000056e+02
-2.628450000000000273e+02
-2.598750000000000000e+02
-2.468813000000000102e+02
-2.628450000000000273e+02
-2.476237000000000137e+02
-2.520788000000000011e+02
-2.554199999999999875e+02
-2.472524999999999977e+02
-2.680425000000000182e+02
-2.561625000000000227e+02
-2.461387000000000000e+02
-2.587613000000000056e+02
-2.524499999999999886e+02
-2.364863000000000000e+02
-2.606175000000000068e+02
-2.684137999999999806e+02
-2.554199999999999875e+02
-2.517075000000000102e+02
-2.639587000000000216e+02
-2.617312999999999761e+02
-2.372288000000000068e+02
-2.457675000000000125e+02
-2.435399999999999920e+02
-2.468813000000000102e+02
-2.435399999999999920e+02
-2.379713000000000136e+02
-2.624737999999999829e+02
-2.702699999999999818e+02
-2.665575000000000045e+02
-2.721263000000000147e+02
-2.661861999999999853e+02
-2.702699999999999818e+02
-2.687850000000000250e+02
-2.910600000000000023e+02
-2.736113000000000284e+02
-2.955149999999999864e+02
-2.884612000000000194e+02
-2.754674999999999727e+02
-2.765812000000000239e+02
-2.910600000000000023e+02
-2.617312999999999761e+02
-2.606175000000000068e+02
-2.762099999999999795e+02
-2.687850000000000250e+02
-2.817787000000000148e+02
-2.884612000000000194e+02
-2.873475000000000250e+02
-2.650724999999999909e+02
-2.765812000000000239e+02
-2.791800000000000068e+02
-2.932875000000000227e+02
-2.743537999999999784e+02
-2.628450000000000273e+02
-2.505937999999999874e+02
-2.650724999999999909e+02
-2.617312999999999761e+02
-2.650724999999999909e+02
-2.713838000000000079e+02
-2.706413000000000011e+02
-2.687850000000000250e+02
-2.958863000000000056e+02
-2.762099999999999795e+02
-2.754674999999999727e+02
-2.843774999999999977e+02
-2.684137999999999806e+02
-2.769524999999999864e+02
-2.958863000000000056e+02
-3.007124999999999773e+02
-2.810362999999999829e+02
-2.884612000000000194e+02
-2.906888000000000147e+02
-3.055387999999999806e+02
-3.003412000000000148e+02
-2.802937999999999761e+02
-2.984850000000000136e+02
-2.906888000000000147e+02
-2.914311999999999898e+02
-3.047962999999999738e+02
-3.081374999999999886e+02
-3.070237000000000194e+02
-3.085088000000000079e+02
-3.073949999999999818e+02
-3.085088000000000079e+02
-3.137062000000000239e+02
-3.155625000000000000e+02
-3.070237000000000194e+02
-3.118500000000000227e+02
-2.880899999999999750e+02
-2.717549999999999955e+02
-2.658149999999999977e+02
-2.528213000000000079e+02
-2.416836999999999875e+02
-2.301750000000000114e+02
-2.324025000000000034e+02
-2.528213000000000079e+02
-2.335163000000000011e+02
-2.320312999999999874e+02
-2.431687000000000012e+02
-2.298037999999999954e+02
-2.420550000000000068e+02
-2.505937999999999874e+02
-2.450250000000000057e+02
-2.431687000000000012e+02
-2.383425000000000011e+02
-2.420550000000000068e+02
-2.431687000000000012e+02
-2.283188000000000102e+02
-2.383425000000000011e+02
-2.494799999999999898e+02
-2.505937999999999874e+02
-2.446536999999999864e+02
-2.364863000000000000e+02
-2.442824999999999989e+02
-2.424262999999999977e+02
-2.357437999999999931e+02
-2.505937999999999874e+02
-2.364863000000000000e+02
-2.420550000000000068e+02
-2.197800000000000011e+02
-2.082712999999999965e+02
-2.543062999999999931e+02
-2.383425000000000011e+02
-2.368574999999999875e+02
-2.320312999999999874e+02
-2.465099999999999909e+02
-2.312888000000000090e+02
-2.338874999999999886e+02
-2.312888000000000090e+02
-2.401987000000000023e+02
-2.442824999999999989e+02
-2.472524999999999977e+02
-2.375999999999999943e+02
-2.572762000000000171e+02
-2.572762000000000171e+02
-2.453962999999999965e+02
-2.442824999999999989e+02
-2.387136999999999887e+02
-2.494799999999999898e+02
-2.505937999999999874e+02
-2.335163000000000011e+02
-2.457675000000000125e+02
-2.684137999999999806e+02
