-3.860999999999999943e+01
-8.167500000000000426e+00
1.039531999999999989e+01
-2.970000000000000195e+00
-4.752000000000000313e+01
-6.719625000000000625e+01
-6.793874999999999886e+01
-7.313625000000000398e+01
-8.724375000000000568e+01
-8.315999999999999659e+01
-7.759125000000000227e+01
-1.258538000000000068e+02
-1.202849999999999966e+02
-1.310512999999999977e+02
-1.358774999999999977e+02
-1.366200000000000045e+02
-1.748586999999999989e+02
-1.763437999999999874e+02
-1.833975000000000080e+02
-1.789424999999999955e+02
-1.796850000000000023e+02
-1.852538000000000125e+02
-2.149538000000000011e+02
-1.986187999999999931e+02
-1.796850000000000023e+02
-2.257199999999999989e+02
-2.246062000000000012e+02
-2.312888000000000090e+02
-2.119836999999999989e+02
-2.331450000000000102e+02
-2.435399999999999920e+02
-2.301750000000000114e+02
-2.427975000000000136e+02
-2.854911999999999921e+02
-2.721263000000000147e+02
-2.513362999999999943e+02
-2.606175000000000068e+02
-2.810362999999999829e+02
-2.936587999999999852e+02
-2.743537999999999784e+02
-2.932875000000000227e+02
-3.122212999999999852e+02
-3.125924999999999727e+02
-2.862337999999999738e+02
-3.311549999999999727e+02
-3.567712000000000216e+02
-3.029399999999999977e+02
-3.278138000000000147e+02
-3.471186999999999898e+02
-3.374662000000000148e+02
-3.560287000000000148e+02
-3.630824999999999818e+02
-3.775611999999999853e+02
-3.679087999999999852e+02
-3.693937999999999988e+02
-3.764474999999999909e+02
-3.619687999999999874e+02
-3.838725000000000023e+02
-3.723636999999999944e+02
-3.886988000000000056e+02
-4.235962999999999852e+02
-4.139438000000000102e+02
-4.065187999999999988e+02
-4.406738000000000284e+02
-4.577513000000000147e+02
-4.451288000000000125e+02
-4.432724999999999795e+02
-4.317638000000000034e+02
-4.696313000000000102e+02
-4.737149999999999750e+02
-4.629488000000000056e+02
-4.547812999999999874e+02
-4.681462000000000216e+02
-4.688888000000000034e+02
-4.510688000000000102e+02
-4.610924999999999727e+02
-4.633199999999999932e+02
-4.789125000000000227e+02
-4.941338000000000079e+02
-4.952475000000000023e+02
-5.071274999999999977e+02
-5.115824999999999818e+02
-5.130674999999999955e+02
-5.227200000000000273e+02
-5.509349999999999454e+02
-5.331150000000000091e+02
-5.223487999999999829e+02
-5.338574999999999591e+02
-5.405399999999999636e+02
-5.290312999999999874e+02
-5.405399999999999636e+02
-5.676412000000000262e+02
-5.412825000000000273e+02
-5.631862999999999602e+02
-5.661562999999999874e+02
-5.435099999999999909e+02
-5.320013000000000147e+02
-5.487074999999999818e+02
-5.487074999999999818e+02
-5.353424999999999727e+02
-5.412825000000000273e+02
-5.453663000000000238e+02
-5.149238000000000284e+02
-5.004449999999999932e+02
-5.097262999999999806e+02
-5.182649999999999864e+02
-5.279175000000000182e+02
-5.230911999999999580e+02
-5.279175000000000182e+02
-5.371987000000000307e+02
-5.086125000000000114e+02
-5.349713000000000420e+02
-5.312586999999999762e+02
-5.431386999999999716e+02
-5.227200000000000273e+02
-5.487074999999999818e+02
-5.494500000000000455e+02
-5.501924999999999955e+02
-5.605874999999999773e+02
-5.631862999999999602e+02
-5.323724999999999454e+02
-5.702400000000000091e+02
-5.565037999999999556e+02
-5.832337999999999738e+02
-5.795212000000000216e+02
-5.843474999999999682e+02
-5.865750000000000455e+02
-5.813775000000000546e+02
-5.843474999999999682e+02
-5.813775000000000546e+02
-5.899162999999999784e+02
-5.531625000000000227e+02
-5.227200000000000273e+02
-5.193787999999999556e+02
-5.227200000000000273e+02
-5.201213000000000193e+02
-5.305162000000000262e+02
-5.123250000000000455e+02
-5.182649999999999864e+02
-5.182649999999999864e+02
-5.048999999999999773e+02
-5.182649999999999864e+02
-5.572463000000000193e+02
-5.023013000000000261e+02
-4.907925000000000182e+02
-5.119538000000000011e+02
-5.152949999999999591e+02
-5.030437999999999761e+02
-5.242050000000000409e+02
-5.204924999999999500e+02
-4.989599999999999795e+02
-5.156662999999999784e+02
-5.290312999999999874e+02
-4.919062999999999874e+02
-4.974750000000000227e+02
-5.216063000000000329e+02
-5.056424999999999841e+02
-5.156662999999999784e+02
-5.186362000000000307e+02
-5.145525000000000091e+02
-5.260612999999999602e+02
-4.993312999999999988e+02
-5.130674999999999955e+02
-5.245761999999999716e+02
-5.320013000000000147e+02
-5.193787999999999556e+02
-5.320013000000000147e+02
-5.308875000000000455e+02
-5.301449999999999818e+02
-5.423962000000000216e+02
-5.535338000000000420e+02
-5.416536999999999580e+02
-5.579887999999999693e+02
-5.494500000000000455e+02
-5.561325000000000500e+02
-5.657849999999999682e+02
-5.657849999999999682e+02
-5.182649999999999864e+02
-5.472224999999999682e+02
-5.758088000000000193e+02
-5.375700000000000500e+02
-5.353424999999999727e+02
-5.401688000000000329e+02
-5.360850000000000364e+02
-5.531625000000000227e+02
-5.368274999999999864e+02
-5.583600000000000136e+02
-5.535338000000000420e+02
-5.346000000000000227e+02
-5.323724999999999454e+02
-5.342287999999999784e+02
-5.405399999999999636e+02
-5.338574999999999591e+02
-5.438812000000000353e+02
-5.104687999999999874e+02
-4.963613000000000284e+02
-5.112112000000000194e+02
-5.149238000000000284e+02
-5.119538000000000011e+02
-5.186362000000000307e+02
-5.286599999999999682e+02
-5.100975000000000250e+02
-5.390549999999999500e+02
-5.279175000000000182e+02
-5.078700000000000045e+02
-5.349713000000000420e+02
-5.379412999999999556e+02
-5.201213000000000193e+02
-5.446237999999999602e+02
-5.420249999999999773e+02
-5.312586999999999762e+02
-5.190075000000000500e+02
-5.275462999999999738e+02
-5.334863000000000284e+02
-5.431386999999999716e+02
-5.197500000000000000e+02
-5.423962000000000216e+02
-5.427675000000000409e+02
-5.297736999999999625e+02
-5.119538000000000011e+02
-5.204924999999999500e+02
-5.286599999999999682e+02
-5.056424999999999841e+02
-5.023013000000000261e+02
-5.086125000000000114e+02
-5.156662999999999784e+02
-5.156662999999999784e+02
-5.008163000000000125e+02
-4.904212999999999738e+02
-4.956186999999999898e+02
-4.885649999999999977e+02
-4.859662000000000148e+02
-4.792837999999999852e+02
-5.089837999999999738e+02
-4.963613000000000284e+02
-4.844812999999999761e+02
-5.086125000000000114e+02
-5.082411999999999921e+02
-4.896786999999999921e+02
-5.230911999999999580e+02
-4.959900000000000091e+02
-4.941338000000000079e+02
-5.060138000000000034e+02
-5.097262999999999806e+02
-5.019300000000000068e+02
-5.182649999999999864e+02
-4.997024999999999864e+02
-5.145525000000000091e+02
-4.648050000000000068e+02
-4.521825000000000045e+02
-4.518111999999999853e+02
-4.833675000000000068e+02
-4.718587999999999738e+02
-4.488412000000000148e+02
-4.937624999999999886e+02
-4.640625000000000000e+02
-4.755713000000000079e+02
-4.347337999999999738e+02
-4.209975000000000023e+02
-4.172850000000000250e+02
-4.291650000000000205e+02
-4.395600000000000023e+02
-4.276800000000000068e+02
-4.317638000000000034e+02
-4.132013000000000034e+02
-4.581225000000000023e+02
-4.429012000000000171e+02
-4.336200000000000045e+02
-4.373324999999999818e+02
-4.503263000000000034e+02
-4.469850000000000136e+02
-4.406738000000000284e+02
-4.451288000000000125e+02
-4.480987999999999829e+02
-4.525536999999999921e+02
-4.488412000000000148e+02
-4.451288000000000125e+02
-4.480987999999999829e+02
-4.525536999999999921e+02
-4.618349999999999795e+02
-4.466138000000000261e+02
-4.688888000000000034e+02
-4.544100000000000250e+02
-4.436437999999999988e+02
-4.599787999999999784e+02
-4.610924999999999727e+02
-4.711161999999999921e+02
-4.648050000000000068e+02
-4.644336999999999875e+02
-4.618349999999999795e+02
-4.718587999999999738e+02
-4.629488000000000056e+02
-4.570088000000000079e+02
-4.577513000000000147e+02
-4.596075000000000159e+02
-4.718587999999999738e+02
-4.907925000000000182e+02
-4.922774999999999750e+02
-4.651763000000000261e+02
-4.967325000000000159e+02
-4.904212999999999738e+02
-4.878224999999999909e+02
-4.893075000000000045e+02
-4.777988000000000284e+02
-4.562663000000000011e+02
-4.577513000000000147e+02
-4.492124999999999773e+02
-4.488412000000000148e+02
-4.458711999999999875e+02
-4.484700000000000273e+02
-4.451288000000000125e+02
-4.425299999999999727e+02
-4.570088000000000079e+02
-4.358475000000000250e+02
-4.410450000000000159e+02
-4.365899999999999750e+02
-4.106025000000000205e+02
-4.455000000000000000e+02
-4.443863000000000056e+02
-4.343625000000000114e+02
-4.377038000000000011e+02
-4.540387999999999806e+02
-4.332486999999999853e+02
-4.518111999999999853e+02
-4.239674999999999727e+02
-4.206263000000000147e+02
-4.484700000000000273e+02
-4.410450000000000159e+02
-4.425299999999999727e+02
-4.395600000000000023e+02
-4.443863000000000056e+02
-4.499549999999999841e+02
-4.325063000000000102e+02
-4.462425000000000068e+02
-4.510688000000000102e+02
-4.362187999999999874e+02
-4.640625000000000000e+02
-4.670325000000000273e+02
-4.410450000000000159e+02
-4.573799999999999955e+02
-4.573799999999999955e+02
-4.480987999999999829e+02
-4.403025000000000091e+02
-4.648050000000000068e+02
-4.610924999999999727e+02
-4.488412000000000148e+02
-4.440149999999999864e+02
-4.570088000000000079e+02
-4.744574999999999818e+02
-4.414162999999999784e+02
-4.514399999999999977e+02
-4.662900000000000205e+02
-4.532962999999999738e+02
-4.432724999999999795e+02
-4.633199999999999932e+02
-4.466138000000000261e+02
-4.406738000000000284e+02
-4.377038000000000011e+02
-4.484700000000000273e+02
-4.317638000000000034e+02
-4.532962999999999738e+02
-4.566374999999999886e+02
-4.480987999999999829e+02
-4.440149999999999864e+02
-4.432724999999999795e+02
-4.380749999999999886e+02
-4.495837000000000216e+02
-4.443863000000000056e+02
-4.506974999999999909e+02
-4.410450000000000159e+02
-4.473562999999999761e+02
-4.462425000000000068e+02
-4.403025000000000091e+02
-4.477275000000000205e+02
-4.440149999999999864e+02
-4.547812999999999874e+02
-4.633199999999999932e+02
-4.436437999999999988e+02
-4.696313000000000102e+02
-4.826250000000000000e+02
-4.458711999999999875e+02
-4.566374999999999886e+02
-4.789125000000000227e+02
-4.685174999999999841e+02
-4.555237000000000194e+02
-4.588650000000000091e+02
-4.726012999999999806e+02
-4.614637000000000171e+02
-4.577513000000000147e+02
-4.547812999999999874e+02
-4.666612999999999829e+02
-4.629488000000000056e+02
-4.607212999999999852e+02
-4.625774999999999864e+02
-4.666612999999999829e+02
-4.558949999999999818e+02
-4.607212999999999852e+02
-4.640625000000000000e+02
-4.867087000000000216e+02
-4.855950000000000273e+02
-4.544100000000000250e+02
-4.648050000000000068e+02
-4.841100000000000136e+02
-4.744574999999999818e+02
-4.618349999999999795e+02
-4.959900000000000091e+02
-4.982174999999999727e+02
-4.596075000000000159e+02
-4.655475000000000136e+02
-4.774275000000000091e+02
-4.755713000000000079e+02
-4.581225000000000023e+02
