-8.464499999999999602e+01
-1.251113000000000000e+02
-1.236263000000000005e+02
-1.369912999999999954e+02
-1.291949999999999932e+02
-1.351349999999999909e+02
-1.407038000000000011e+02
-1.481288000000000125e+02
-1.733737000000000137e+02
-1.648350000000000080e+02
-1.488711999999999875e+02
-1.930500000000000114e+02
-1.845112000000000023e+02
-1.355063000000000102e+02
-1.778288000000000011e+02
-1.911938000000000102e+02
-1.522125000000000057e+02
-1.407038000000000011e+02
-1.536974999999999909e+02
-1.600088000000000079e+02
-1.626074999999999875e+02
-1.923075000000000045e+02
-1.607512999999999863e+02
-1.373625000000000114e+02
-1.759724999999999966e+02
-1.785713000000000079e+02
-1.793137999999999863e+02
-1.726313000000000102e+02
-1.822838000000000136e+02
-1.923075000000000045e+02
-2.119836999999999989e+02
-1.633499999999999943e+02
-1.941638000000000090e+02
-2.104987000000000137e+02
-1.949062999999999874e+02
-1.871100000000000136e+02
-1.982475000000000023e+02
-2.164387999999999863e+02
-1.811699999999999875e+02
-2.030737000000000023e+02
-2.238637999999999977e+02
-2.101274999999999977e+02
-2.127263000000000090e+02
-2.108700000000000045e+02
-2.019600000000000080e+02
-2.190374999999999943e+02
-2.279474999999999909e+02
-1.848824999999999932e+02
-2.309174999999999898e+02
-2.413125000000000000e+02
-2.090137000000000000e+02
-2.342588000000000079e+02
-2.208937999999999988e+02
-2.023312999999999988e+02
-2.164387999999999863e+02
-2.134687999999999874e+02
-2.015886999999999887e+02
-2.249774999999999920e+02
-2.223788000000000125e+02
-1.960200000000000102e+02
-2.030737000000000023e+02
-2.442824999999999989e+02
-2.071574999999999989e+02
-2.160674999999999955e+02
-2.368574999999999875e+02
-1.989900000000000091e+02
-2.301750000000000114e+02
-2.227500000000000000e+02
-2.190374999999999943e+02
-2.160674999999999955e+02
-2.335163000000000011e+02
-2.156963000000000079e+02
-2.023312999999999988e+02
-2.405699999999999932e+02
-2.257199999999999989e+02
-2.279474999999999909e+02
-2.465099999999999909e+02
-2.413125000000000000e+02
-2.453962999999999965e+02
-2.502224999999999966e+02
-2.324025000000000034e+02
-2.583899999999999864e+02
-2.483662999999999954e+02
-2.335163000000000011e+02
-2.394562999999999988e+02
-2.665575000000000045e+02
-2.550488000000000000e+02
-2.465099999999999909e+02
-2.576474999999999795e+02
-2.453962999999999965e+02
-2.684137999999999806e+02
-2.676712999999999738e+02
-2.569049999999999727e+02
-2.483662999999999954e+02
-2.698987000000000194e+02
-2.884612000000000194e+02
-2.687850000000000250e+02
-2.929162999999999784e+02
-2.791800000000000068e+02
-2.687850000000000250e+02
-2.821499999999999773e+02
-2.780663000000000125e+02
-2.843774999999999977e+02
-3.033111999999999853e+02
-2.658149999999999977e+02
-2.821499999999999773e+02
-3.133349999999999795e+02
-2.918025000000000091e+02
-3.092513000000000147e+02
-3.185325000000000273e+02
-3.185325000000000273e+02
-3.163050000000000068e+02
-3.222450000000000045e+02
-3.226161999999999921e+02
-3.099936999999999898e+02
-3.278138000000000147e+02
-3.218736999999999853e+02
-3.059100000000000250e+02
-3.215024999999999977e+02
-2.988562999999999761e+02
-3.155625000000000000e+02
-3.389513000000000034e+02
-3.263288000000000011e+02
-3.233587999999999738e+02
-3.445199999999999818e+02
-3.478613000000000284e+02
-3.066524999999999750e+02
-3.207599999999999909e+02
-3.307837999999999852e+02
-2.854911999999999921e+02
-3.177900000000000205e+02
-2.892038000000000011e+02
-3.081374999999999886e+02
-3.382087000000000216e+02
-3.252149999999999750e+02
-2.936587999999999852e+02
-3.148199999999999932e+02
-3.155625000000000000e+02
-3.252149999999999750e+02
-3.363525000000000205e+02
-3.014549999999999841e+02
-3.044250000000000114e+02
-2.929162999999999784e+02
-2.981136999999999944e+02
-2.936587999999999852e+02
-3.166761999999999944e+02
-2.810362999999999829e+02
-2.847486999999999853e+02
-3.029399999999999977e+02
-3.207599999999999909e+02
-2.843774999999999977e+02
-3.073949999999999818e+02
-3.229875000000000114e+02
-2.988562999999999761e+02
-2.914311999999999898e+02
-3.292988000000000284e+02
-3.215024999999999977e+02
-2.936587999999999852e+02
-2.970000000000000000e+02
-2.958863000000000056e+02
-3.077663000000000011e+02
-2.981136999999999944e+02
-2.821499999999999773e+02
-2.944012000000000171e+02
-3.073949999999999818e+02
-2.906888000000000147e+02
-3.021974999999999909e+02
-2.884612000000000194e+02
-3.029399999999999977e+02
-2.921738000000000284e+02
-2.962574999999999932e+02
-2.981136999999999944e+02
-2.858625000000000114e+02
-2.999700000000000273e+02
-3.129637000000000171e+02
-3.062812999999999874e+02
-3.241012999999999806e+02
-3.122212999999999852e+02
-2.873475000000000250e+02
-2.669286999999999921e+02
-2.524499999999999886e+02
-2.676712999999999738e+02
-2.739825000000000159e+02
-2.669286999999999921e+02
-2.609886999999999944e+02
-2.710124999999999886e+02
-2.669286999999999921e+02
-2.799225000000000136e+02
-2.647013000000000034e+02
-2.698987000000000194e+02
-2.639587000000000216e+02
-2.687850000000000250e+02
-2.647013000000000034e+02
-2.929162999999999784e+02
-2.717549999999999955e+02
-2.721263000000000147e+02
-2.713838000000000079e+02
-2.650724999999999909e+02
-2.676712999999999738e+02
-2.702699999999999818e+02
-2.840063000000000102e+02
-2.647013000000000034e+02
-2.743537999999999784e+02
-2.984850000000000136e+02
-2.702699999999999818e+02
-2.665575000000000045e+02
-2.776949999999999932e+02
-2.806650000000000205e+02
-2.602461999999999875e+02
-2.843774999999999977e+02
-2.892038000000000011e+02
-2.654438000000000102e+02
-2.762099999999999795e+02
-2.517075000000000102e+02
-2.780663000000000125e+02
-2.795511999999999944e+02
-2.479950000000000045e+02
-2.535637999999999863e+02
-2.940299999999999727e+02
-2.557913000000000068e+02
-2.413125000000000000e+02
-2.364863000000000000e+02
-2.268337999999999965e+02
-2.583899999999999864e+02
-2.435399999999999920e+02
-2.223788000000000125e+02
-2.294325000000000045e+02
-2.520788000000000011e+02
-2.413125000000000000e+02
-2.368574999999999875e+02
-2.491086999999999989e+02
-2.457675000000000125e+02
-2.327737999999999943e+02
-2.531924999999999955e+02
-2.487375000000000114e+02
-2.223788000000000125e+02
-2.383425000000000011e+02
-2.509650000000000034e+02
-2.127263000000000090e+02
-2.509650000000000034e+02
-2.446536999999999864e+02
-2.286899999999999977e+02
-2.324025000000000034e+02
-2.320312999999999874e+02
-2.435399999999999920e+02
-2.294325000000000045e+02
-2.298037999999999954e+02
-2.346299999999999955e+02
-2.468813000000000102e+02
-2.435399999999999920e+02
-2.164387999999999863e+02
-2.450250000000000057e+02
-2.684137999999999806e+02
-2.208937999999999988e+02
-2.546775000000000091e+02
-2.591324999999999932e+02
-2.387136999999999887e+02
-2.528213000000000079e+02
-2.561625000000000227e+02
-2.446536999999999864e+02
-2.595038000000000125e+02
-2.698987000000000194e+02
-2.587613000000000056e+02
-2.676712999999999738e+02
-2.505937999999999874e+02
-2.401987000000000023e+02
-2.368574999999999875e+02
-2.483662999999999954e+02
-2.539350000000000023e+02
-2.420550000000000068e+02
-2.528213000000000079e+02
-2.383425000000000011e+02
-2.316599999999999966e+02
-2.528213000000000079e+02
-2.420550000000000068e+02
-2.494799999999999898e+02
-2.398274999999999864e+02
-2.208937999999999988e+02
-2.509650000000000034e+02
-2.724975000000000023e+02
-2.413125000000000000e+02
-2.346299999999999955e+02
-2.583899999999999864e+02
-2.424262999999999977e+02
-2.517075000000000102e+02
-2.394562999999999988e+02
-2.487375000000000114e+02
-2.346299999999999955e+02
-2.320312999999999874e+02
-2.435399999999999920e+02
-2.453962999999999965e+02
-2.561625000000000227e+02
-2.617312999999999761e+02
-2.498513000000000090e+02
-2.550488000000000000e+02
-2.439113000000000113e+02
-2.591324999999999932e+02
-2.557913000000000068e+02
-2.364863000000000000e+02
-2.509650000000000034e+02
-2.491086999999999989e+02
-2.517075000000000102e+02
-2.498513000000000090e+02
-2.665575000000000045e+02
-2.431687000000000012e+02
-2.398274999999999864e+02
-2.591324999999999932e+02
-2.346299999999999955e+02
-2.450250000000000057e+02
-2.591324999999999932e+02
-2.606175000000000068e+02
-2.517075000000000102e+02
-2.635874999999999773e+02
-2.732400000000000091e+02
-2.491086999999999989e+02
-2.635874999999999773e+02
-2.724975000000000023e+02
-2.550488000000000000e+02
-2.665575000000000045e+02
-2.505937999999999874e+02
-2.698987000000000194e+02
-2.531924999999999955e+02
-2.398274999999999864e+02
-2.528213000000000079e+02
-2.780663000000000125e+02
-2.621025000000000205e+02
-2.427975000000000136e+02
-2.750962999999999852e+02
-2.483662999999999954e+02
-2.517075000000000102e+02
-2.706413000000000011e+02
-2.457675000000000125e+02
-2.483662999999999954e+02
-2.639587000000000216e+02
-2.557913000000000068e+02
-2.561625000000000227e+02
-2.591324999999999932e+02
-2.472524999999999977e+02
-2.505937999999999874e+02
-2.505937999999999874e+02
-2.569049999999999727e+02
-2.335163000000000011e+02
-2.595038000000000125e+02
-2.617312999999999761e+02
-2.572762000000000171e+02
-2.509650000000000034e+02
-2.658149999999999977e+02
-2.550488000000000000e+02
-2.520788000000000011e+02
-2.546775000000000091e+02
-2.461387000000000000e+02
-2.580187000000000239e+02
-2.524499999999999886e+02
-2.520788000000000011e+02
-2.561625000000000227e+02
-2.520788000000000011e+02
-2.468813000000000102e+02
-2.665575000000000045e+02
-2.658149999999999977e+02
-2.598750000000000000e+02
-2.639587000000000216e+02
-2.531924999999999955e+02
-2.509650000000000034e+02
-2.565337999999999852e+02
-2.609886999999999944e+02
-2.413125000000000000e+02
-2.606175000000000068e+02
-2.635874999999999773e+02
-2.465099999999999909e+02
-2.442824999999999989e+02
-2.524499999999999886e+02
-2.598750000000000000e+02
-2.595038000000000125e+02
-2.491086999999999989e+02
-2.721263000000000147e+02
-2.736113000000000284e+02
-2.724975000000000023e+02
-2.691562999999999874e+02
-2.572762000000000171e+02
-2.736113000000000284e+02
-2.569049999999999727e+02
-2.647013000000000034e+02
-2.587613000000000056e+02
-2.602461999999999875e+02
-2.736113000000000284e+02
-2.617312999999999761e+02
-2.539350000000000023e+02
-2.621025000000000205e+02
-2.505937999999999874e+02
-2.587613000000000056e+02
-2.587613000000000056e+02
-2.647013000000000034e+02
-2.635874999999999773e+02
-2.606175000000000068e+02
-2.543062999999999931e+02
-2.539350000000000023e+02
-2.398274999999999864e+02
-2.661861999999999853e+02
-2.539350000000000023e+02
-2.557913000000000068e+02
-2.550488000000000000e+02
-2.710124999999999886e+02
-2.728686999999999898e+02
-2.609886999999999944e+02
-2.561625000000000227e+02
-2.817787000000000148e+02
-2.684137999999999806e+02
-2.550488000000000000e+02
-2.698987000000000194e+02
-2.661861999999999853e+02
-2.576474999999999795e+02
-2.528213000000000079e+02
