3.367339999999999804e+02
2.984941000000000031e+02
2.966378000000000270e+02
3.122307999999999879e+02
2.691644999999999754e+02
2.424336000000000126e+02
2.892126000000000090e+02
2.673081999999999994e+02
2.606254999999999882e+02
2.416911000000000058e+02
2.446612000000000080e+02
2.446612000000000080e+02
1.767204000000000121e+02
1.622411999999999921e+02
1.871157000000000039e+02
1.548160000000000025e+02
1.362529000000000110e+02
9.838424999999999443e+01
8.947397999999999740e+01
4.900650000000000261e+01
6.942587000000000330e+01
6.274316000000000315e+01
4.083874999999999744e+01
5.123405999999999949e+01
4.083874999999999744e+01
1.596424000000000021e+01
1.670675999999999917e+01
3.192847000000000079e+01
1.856306999999999929e+00
1.299414999999999942e+01
2.821585999999999927e+01
-9.652499999999999858e+00
-4.529249999999999687e+01
-1.596374999999999922e+01
-4.454999999999999716e+01
-6.682500000000000284e+01
-6.422624999999999318e+01
-6.942374999999999829e+01
-7.870499999999999829e+01
-6.831000000000000227e+01
-7.425000000000000000e+01
-7.016625000000000512e+01
-5.865749999999999886e+01
-8.056125000000000114e+01
-9.541124999999999545e+01
-6.608249999999999602e+01
-8.872875000000000512e+01
-1.150875000000000057e+02
-9.466875000000000284e+01
-1.451588000000000136e+02
-1.544399999999999977e+02
-1.640925000000000011e+02
-1.095187999999999988e+02
-1.421887999999999863e+02
-1.570388000000000090e+02
-1.269675000000000011e+02
-1.681762999999999977e+02
-1.930500000000000114e+02
-1.941638000000000090e+02
-1.848824999999999932e+02
-1.941638000000000090e+02
-1.756013000000000090e+02
-1.900800000000000125e+02
-2.160674999999999955e+02
-1.845112000000000023e+02
-1.926787999999999954e+02
-1.923075000000000045e+02
-1.982475000000000023e+02
-2.004749999999999943e+02
-2.097563000000000102e+02
-1.975049999999999955e+02
-2.197800000000000011e+02
-2.079000000000000057e+02
-2.223788000000000125e+02
-2.260911999999999864e+02
-2.086425000000000125e+02
-2.142112999999999943e+02
-2.416836999999999875e+02
-2.212649999999999864e+02
-2.168100000000000023e+02
-2.342588000000000079e+02
-2.509650000000000034e+02
-2.350012999999999863e+02
-2.368574999999999875e+02
-2.658149999999999977e+02
-2.505937999999999874e+02
-2.724975000000000023e+02
-2.932875000000000227e+02
-2.595038000000000125e+02
-2.580187000000000239e+02
-2.632162000000000148e+02
-2.873475000000000250e+02
-3.103650000000000091e+02
-3.059100000000000250e+02
-3.073949999999999818e+02
-3.304125000000000227e+02
-2.944012000000000171e+02
-3.203888000000000034e+02
-3.315262000000000171e+02
-3.040536999999999921e+02
-3.055387999999999806e+02
-3.474900000000000091e+02
-3.578849999999999909e+02
-3.656811999999999898e+02
-3.656811999999999898e+02
-3.745912000000000148e+02
-3.775611999999999853e+02
-3.753337000000000216e+02
-4.013213000000000079e+02
-3.994649999999999750e+02
-4.146861999999999853e+02
-4.213686999999999898e+02
-4.347337999999999738e+02
-4.206263000000000147e+02
-4.169137999999999806e+02
-4.146861999999999853e+02
-3.972375000000000114e+02
-4.213686999999999898e+02
-4.083750000000000000e+02
-4.514399999999999977e+02
-4.339911999999999921e+02
-4.191413000000000011e+02
-4.547812999999999874e+02
-4.558949999999999818e+02
-4.172850000000000250e+02
-4.529250000000000114e+02
-4.495837000000000216e+02
-4.629488000000000056e+02
-4.740862000000000194e+02
-4.959900000000000091e+02
-4.833675000000000068e+02
-4.989599999999999795e+02
-5.104687999999999874e+02
-4.677749999999999773e+02
-4.677749999999999773e+02
-4.945049999999999955e+02
-4.878224999999999909e+02
-5.086125000000000114e+02
-5.141812999999999647e+02
-4.521825000000000045e+02
-4.703736999999999853e+02
-4.800262000000000171e+02
-4.610924999999999727e+02
-4.737149999999999750e+02
-4.688888000000000034e+02
-4.610924999999999727e+02
-4.670325000000000273e+02
-4.855950000000000273e+02
-5.048999999999999773e+02
-4.867087000000000216e+02
-4.855950000000000273e+02
-4.844812999999999761e+02
-4.889361999999999853e+02
-5.086125000000000114e+02
-4.956186999999999898e+02
-5.108399999999999750e+02
-5.078700000000000045e+02
-4.855950000000000273e+02
-4.822538000000000125e+02
-5.331150000000000091e+02
-5.164088000000000420e+02
-5.145525000000000091e+02
-5.108399999999999750e+02
-5.349713000000000420e+02
-5.152949999999999591e+02
-5.223487999999999829e+02
-5.145525000000000091e+02
-5.186362000000000307e+02
-5.126961999999999762e+02
-5.193787999999999556e+02
-5.063849999999999909e+02
-5.023013000000000261e+02
-5.000738000000000056e+02
-5.130674999999999955e+02
-5.227200000000000273e+02
-5.023013000000000261e+02
-5.219774999999999636e+02
-5.208637999999999693e+02
-5.242050000000000409e+02
-5.104687999999999874e+02
-5.249474999999999909e+02
-5.409112999999999829e+02
-5.056424999999999841e+02
-5.056424999999999841e+02
-5.089837999999999738e+02
-5.193787999999999556e+02
-5.167799999999999727e+02
-4.907925000000000182e+02
-4.558949999999999818e+02
-4.536675000000000182e+02
-4.651763000000000261e+02
-4.852237999999999829e+02
-4.547812999999999874e+02
-4.822538000000000125e+02
-4.867087000000000216e+02
-4.792837999999999852e+02
-4.610924999999999727e+02
-4.729725000000000250e+02
-4.740862000000000194e+02
-4.777988000000000284e+02
-4.499549999999999841e+02
-4.544100000000000250e+02
-4.829961999999999875e+02
-4.339911999999999921e+02
-4.558949999999999818e+02
-4.469850000000000136e+02
-4.555237000000000194e+02
-4.506974999999999909e+02
-4.443863000000000056e+02
-4.622062999999999988e+02
-4.480987999999999829e+02
-4.377038000000000011e+02
-4.254524999999999864e+02
-4.518111999999999853e+02
-4.325063000000000102e+02
-4.046625000000000227e+02
-3.942674999999999841e+02
-3.801600000000000250e+02
-3.608550000000000182e+02
-3.608550000000000182e+02
-3.783036999999999921e+02
-3.604837999999999738e+02
-3.586274999999999977e+02
-3.738487999999999829e+02
-3.790462999999999738e+02
-3.779325000000000045e+02
-3.905550000000000068e+02
-3.627112000000000194e+02
-4.013213000000000079e+02
-4.035488000000000284e+02
-3.771899999999999977e+02
-3.794175000000000182e+02
-4.128299999999999841e+02
-3.816449999999999818e+02
-3.801600000000000250e+02
-3.976087999999999738e+02
-3.775611999999999853e+02
-3.924112999999999829e+02
-3.987225000000000250e+02
-3.983512999999999806e+02
-3.883274999999999864e+02
-3.998362000000000194e+02
-3.827588000000000079e+02
-3.964950000000000045e+02
-4.158000000000000114e+02
-3.994649999999999750e+02
-3.775611999999999853e+02
-4.124587000000000216e+02
-4.143149999999999977e+02
-4.020638000000000147e+02
-4.113450000000000273e+02
-4.146861999999999853e+02
-4.061474999999999795e+02
-4.106025000000000205e+02
-3.968661999999999921e+02
-3.957524999999999977e+02
-4.224825000000000159e+02
-3.979800000000000182e+02
-3.712500000000000000e+02
-3.957524999999999977e+02
-4.005788000000000011e+02
-3.994649999999999750e+02
-4.221113000000000284e+02
-4.135724999999999909e+02
-4.176562999999999874e+02
-4.239674999999999727e+02
-4.321349999999999909e+02
-4.031775000000000091e+02
-4.158000000000000114e+02
-4.165425000000000182e+02
-4.106025000000000205e+02
-4.061474999999999795e+02
-4.076324999999999932e+02
-4.117162000000000148e+02
-4.109737999999999829e+02
-4.217400000000000091e+02
-4.154286999999999921e+02
-4.276800000000000068e+02
-4.176562999999999874e+02
-4.269375000000000000e+02
-4.343625000000000114e+02
-4.198838000000000079e+02
-4.369612000000000194e+02
-4.299075000000000273e+02
-4.247099999999999795e+02
-4.228537999999999784e+02
-4.369612000000000194e+02
-4.336200000000000045e+02
-4.287937999999999761e+02
-4.514399999999999977e+02
-4.469850000000000136e+02
-4.276800000000000068e+02
-4.328774999999999977e+02
-4.287937999999999761e+02
-4.187699999999999818e+02
-4.432724999999999795e+02
-4.484700000000000273e+02
-4.313924999999999841e+02
-4.362187999999999874e+02
-4.306499999999999773e+02
-4.343625000000000114e+02
-4.443863000000000056e+02
-4.384463000000000079e+02
-4.243387000000000171e+02
-4.506974999999999909e+02
-4.247099999999999795e+02
-4.406738000000000284e+02
-4.380749999999999886e+02
-4.499549999999999841e+02
-4.410450000000000159e+02
-4.514399999999999977e+02
-4.614637000000000171e+02
-4.384463000000000079e+02
-4.391888000000000147e+02
-4.566374999999999886e+02
-4.232250000000000227e+02
-4.518111999999999853e+02
-4.532962999999999738e+02
-4.287937999999999761e+02
-4.417875000000000227e+02
-4.488412000000000148e+02
-4.336200000000000045e+02
-4.480987999999999829e+02
-4.529250000000000114e+02
-4.247099999999999795e+02
-4.310212000000000216e+02
-4.551524999999999750e+02
-4.273086999999999875e+02
-4.273086999999999875e+02
-4.455000000000000000e+02
-4.299075000000000273e+02
-4.503263000000000034e+02
-4.425299999999999727e+02
-4.469850000000000136e+02
-4.521825000000000045e+02
-4.562663000000000011e+02
-4.388174999999999955e+02
-4.588650000000000091e+02
-4.700024999999999977e+02
-4.462425000000000068e+02
-4.540387999999999806e+02
-4.562663000000000011e+02
-4.425299999999999727e+02
-4.425299999999999727e+02
-4.633199999999999932e+02
-4.644336999999999875e+02
-4.495837000000000216e+02
-4.659187999999999761e+02
-4.521825000000000045e+02
-4.662900000000000205e+02
-4.599787999999999784e+02
-4.681462000000000216e+02
-4.503263000000000034e+02
-4.726012999999999806e+02
-4.789125000000000227e+02
-4.417875000000000227e+02
-4.837388000000000261e+02
-4.733437999999999874e+02
-4.707450000000000045e+02
-4.789125000000000227e+02
-4.759424999999999955e+02
-4.562663000000000011e+02
-4.336200000000000045e+02
-4.622062999999999988e+02
-4.425299999999999727e+02
-4.584936999999999898e+02
-4.681462000000000216e+02
-4.596075000000000159e+02
-4.751999999999999886e+02
-4.815113000000000056e+02
-4.733437999999999874e+02
-4.777988000000000284e+02
-4.796549999999999727e+02
-4.681462000000000216e+02
-4.581225000000000023e+02
-3.987225000000000250e+02
-4.054049999999999727e+02
-4.102312999999999761e+02
-4.013213000000000079e+02
-4.094886999999999944e+02
-4.028061999999999898e+02
-4.384463000000000079e+02
-4.284225000000000136e+02
-4.254524999999999864e+02
-4.406738000000000284e+02
-4.369612000000000194e+02
-4.414162999999999784e+02
-4.484700000000000273e+02
-4.284225000000000136e+02
-4.362187999999999874e+02
-4.343625000000000114e+02
-4.332486999999999853e+02
-4.276800000000000068e+02
-4.265663000000000125e+02
-4.681462000000000216e+02
-4.584936999999999898e+02
-4.499549999999999841e+02
-4.466138000000000261e+02
-4.570088000000000079e+02
-4.607212999999999852e+02
-4.477275000000000205e+02
-4.447574999999999932e+02
-4.640625000000000000e+02
-4.703736999999999853e+02
-4.636913000000000125e+02
-4.581225000000000023e+02
-4.429012000000000171e+02
-4.577513000000000147e+02
-4.625774999999999864e+02
-4.855950000000000273e+02
-4.599787999999999784e+02
-4.592363000000000284e+02
