-1.802789999999999964e+03
-1.849939000000000078e+03
-1.879638999999999896e+03
-1.829148999999999887e+03
-1.869243999999999915e+03
-1.904141000000000076e+03
-1.898573000000000093e+03
-1.897087999999999965e+03
-1.928644000000000005e+03
-1.907482999999999947e+03
-1.928644000000000005e+03
-1.916393000000000029e+03
-1.911938000000000102e+03
-1.897459000000000060e+03
-1.949805000000000064e+03
-1.944979000000000042e+03
-1.952775000000000091e+03
-1.963912000000000035e+03
-1.964654999999999973e+03
-1.976163999999999987e+03
-2.017373000000000047e+03
-1.954631000000000085e+03
-1.996583000000000084e+03
-2.007348999999999933e+03
-2.024055000000000064e+03
-2.018857999999999947e+03
-2.093849999999999909e+03
-2.052641000000000076e+03
-2.025169000000000096e+03
-2.094592999999999847e+03
-2.058581000000000131e+03
-2.064521000000000186e+03
-2.109813999999999851e+03
-2.091994000000000142e+03
-2.073431000000000040e+03
-2.066748999999999796e+03
-2.093106999999999971e+03
-2.066005999999999858e+03
-2.143969000000000051e+03
-2.107215000000000146e+03
-2.152507999999999811e+03
-2.120951000000000022e+03
-2.146195999999999913e+03
-2.125034999999999854e+03
-2.162159999999999854e+03
-2.173297999999999774e+03
-2.167728999999999814e+03
-2.187405000000000200e+03
-2.160304000000000087e+03
-2.161045999999999822e+03
-2.201512000000000171e+03
-2.188889999999999873e+03
-2.203369000000000142e+03
-2.195572999999999865e+03
-2.215990999999999985e+03
-2.227871000000000095e+03
-2.229356000000000222e+03
-2.217105000000000018e+03
-2.222302000000000135e+03
-2.232697999999999865e+03
-2.253115999999999985e+03
-2.203369000000000142e+03
-2.237152999999999793e+03
-2.234925000000000182e+03
-2.224900999999999840e+03
-2.275762000000000171e+03
-2.284672999999999774e+03
-2.259427000000000135e+03
-2.256458000000000084e+03
-2.290240999999999985e+03
-2.260170000000000073e+03
-2.245320000000000164e+03
-2.259427000000000135e+03
-2.285414999999999964e+03
-2.241235999999999876e+03
-2.253115999999999985e+03
-2.285414999999999964e+03
-2.280217999999999847e+03
-2.306947999999999865e+03
-2.338132999999999811e+03
-2.326994999999999891e+03
-2.331449999999999818e+03
-2.297295000000000073e+03
-2.284672999999999774e+03
-2.284300999999999931e+03
-2.298780000000000200e+03
-2.294695999999999913e+03
-2.333677000000000135e+03
-2.311773999999999887e+03
-2.318456000000000131e+03
-2.345557999999999993e+03
-2.270193999999999960e+03
-2.295809999999999945e+03
-2.304719999999999800e+03
-2.288385000000000218e+03
-2.296181000000000040e+03
-2.319199000000000069e+03
-2.281331000000000131e+03
-2.293954000000000178e+03
-2.365605000000000018e+03
-2.335905000000000200e+03
-2.337760999999999967e+03
-2.342958999999999833e+03
-2.271307999999999993e+03
-2.262396999999999935e+03
-2.305090999999999894e+03
-2.290983999999999924e+03
-2.263510999999999967e+03
-2.273905999999999949e+03
-2.309175000000000182e+03
-2.304349000000000160e+03
-2.305090999999999894e+03
-2.208938000000000102e+03
-2.203369000000000142e+03
-2.247175999999999931e+03
-2.168099999999999909e+03
-2.210793999999999869e+03
-2.187034000000000106e+03
-2.198170999999999822e+03
-2.202998000000000047e+03
-2.168099999999999909e+03
-2.194458999999999833e+03
-2.149909000000000106e+03
-2.211907000000000153e+03
-2.204853999999999814e+03
-2.148423999999999978e+03
-2.233811000000000149e+03
-2.205224999999999909e+03
-2.179237999999999829e+03
-2.185920000000000073e+03
-2.232326000000000022e+03
-2.191860000000000127e+03
-2.206710000000000036e+03
-2.186663000000000011e+03
-2.179237999999999829e+03
-2.187034000000000106e+03
-2.180722000000000207e+03
-2.162159999999999854e+03
-2.189632999999999811e+03
-2.177751999999999953e+03
-2.181465000000000146e+03
-2.175525000000000091e+03
-2.215248999999999796e+03
-2.154364000000000033e+03
-2.154735000000000127e+03
-2.196686000000000149e+03
-2.168842999999999847e+03
-2.192231000000000222e+03
-2.193715999999999894e+03
-2.157704999999999927e+03
-2.177010000000000218e+03
-2.185548999999999978e+03
-2.197800000000000182e+03
-2.193715999999999894e+03
-2.223788000000000011e+03
-2.181094000000000051e+03
-2.194086999999999989e+03
-2.190746000000000095e+03
-2.179237999999999829e+03
-2.192974000000000160e+03
-2.223416000000000167e+03
-2.171070000000000164e+03
-2.204853999999999814e+03
-2.160675000000000182e+03
-2.194458999999999833e+03
-2.169956000000000131e+03
-2.200398999999999887e+03
-2.194829999999999927e+03
-2.192231000000000222e+03
-2.220818000000000211e+03
-2.199655999999999949e+03
-2.179237999999999829e+03
-2.221559999999999945e+03
-2.188889999999999873e+03
-2.174782000000000153e+03
-2.221559999999999945e+03
-2.153621000000000095e+03
-2.205596000000000004e+03
-2.210793999999999869e+03
-2.226014999999999873e+03
-2.199655999999999949e+03
-2.194829999999999927e+03
-2.168471000000000004e+03
-2.195943999999999960e+03
-2.169213999999999942e+03
-2.198170999999999822e+03
-2.197429000000000087e+03
-2.184063999999999851e+03
-2.226757999999999811e+03
-2.159932999999999993e+03
-2.217476000000000113e+03
-2.224159000000000106e+03
-2.201512000000000171e+03
-2.214876999999999953e+03
-2.218590000000000146e+03
-2.188889999999999873e+03
-2.215619999999999891e+03
-2.218590000000000146e+03
-2.177380999999999858e+03
-2.215248999999999796e+03
-2.199655999999999949e+03
-2.161045999999999822e+03
-2.208565999999999804e+03
-2.232697999999999865e+03
-2.228985000000000127e+03
-2.208565999999999804e+03
-2.236409999999999854e+03
-2.212650000000000091e+03
-2.228614000000000033e+03
-2.236039000000000215e+03
-2.188146999999999935e+03
-2.212278999999999996e+03
-2.214135000000000218e+03
-2.202626000000000204e+03
-2.233068999999999960e+03
-2.243463999999999942e+03
-2.213764000000000124e+03
-2.197429000000000087e+03
-2.253115999999999985e+03
-2.246063000000000102e+03
-2.247547999999999774e+03
-2.225271999999999935e+03
-2.216733999999999924e+03
-2.233440000000000055e+03
-2.239380000000000109e+03
-2.240123000000000047e+03
-2.251260000000000218e+03
-2.272050000000000182e+03
-2.233440000000000055e+03
-2.226385999999999967e+03
-2.240123000000000047e+03
-2.208565999999999804e+03
-2.257570999999999913e+03
-2.260170000000000073e+03
-2.250146000000000186e+03
-2.262396999999999935e+03
-2.272050000000000182e+03
-2.240494000000000142e+03
-2.229356000000000222e+03
-2.272050000000000182e+03
-2.239751000000000204e+03
-2.250889000000000124e+03
-2.296181000000000040e+03
-2.255344000000000051e+03
-2.271307999999999993e+03
-2.264253999999999905e+03
-2.285786000000000058e+03
-2.255344000000000051e+03
-2.264996000000000095e+03
-2.246063000000000102e+03
-2.240864999999999782e+03
-2.254601000000000113e+03
-2.285786000000000058e+03
-2.213393000000000029e+03
-2.275019999999999982e+03
-2.265367000000000189e+03
-2.261284000000000106e+03
-2.304349000000000160e+03
-2.286528999999999996e+03
-2.244577999999999975e+03
-2.292097000000000207e+03
-2.273534999999999854e+03
-2.253858999999999924e+03
-2.281331000000000131e+03
-2.282445000000000164e+03
-2.259798999999999978e+03
-2.276134000000000015e+03
-2.282815999999999804e+03
-2.257943000000000211e+03
-2.324025000000000091e+03
-2.262025999999999840e+03
-2.279474999999999909e+03
-2.250889000000000124e+03
-2.332563999999999851e+03
-2.265739000000000033e+03
-2.263139999999999873e+03
-2.276505000000000109e+03
-2.236780999999999949e+03
-2.279103999999999814e+03
-2.267594999999999800e+03
-2.241978999999999814e+03
-2.255715000000000146e+03
-2.263882999999999811e+03
-2.230099000000000160e+03
-2.260541000000000167e+03
-2.247175999999999931e+03
-2.245690999999999804e+03
-2.255344000000000051e+03
-2.267594999999999800e+03
-2.248289999999999964e+03
-2.243463999999999942e+03
-2.293583000000000084e+03
-2.266481000000000222e+03
-2.256458000000000084e+03
-2.261284000000000106e+03
-2.255715000000000146e+03
-2.264625000000000000e+03
-2.276505000000000109e+03
-2.292469000000000051e+03
-2.262768999999999778e+03
-2.272791999999999916e+03
-2.273905999999999949e+03
-2.257199999999999818e+03
-2.280217999999999847e+03
-2.294324999999999818e+03
-2.256829000000000178e+03
-2.262025999999999840e+03
-2.290983999999999924e+03
-2.265739000000000033e+03
-2.311402999999999793e+03
-2.253858999999999924e+03
-2.283188000000000102e+03
-2.297295000000000073e+03
-2.287643000000000029e+03
-2.310289000000000215e+03
-2.321797999999999774e+03
-2.272050000000000182e+03
-2.298038000000000011e+03
-2.326251999999999953e+03
-2.285786000000000058e+03
-2.319570000000000164e+03
-2.297295000000000073e+03
-2.333306000000000040e+03
-2.309175000000000182e+03
-2.331449999999999818e+03
-2.286528999999999996e+03
-2.322539999999999964e+03
-2.337760999999999967e+03
-2.330335999999999785e+03
-2.330335999999999785e+03
-2.373400999999999840e+03
-2.338503999999999905e+03
-2.326623999999999796e+03
-2.321425999999999931e+03
-2.315856999999999971e+03
-2.333306000000000040e+03
-2.325880999999999858e+03
-2.347784999999999854e+03
-2.338503999999999905e+03
-2.328108999999999924e+03
-2.335905000000000200e+03
-2.358550999999999931e+03
-2.335905000000000200e+03
-2.371173999999999978e+03
-2.342586999999999989e+03
-2.363005999999999858e+03
-2.336646999999999935e+03
-2.373030000000000200e+03
-2.389364999999999782e+03
-2.360036000000000058e+03
-2.339617000000000189e+03
-2.361521000000000186e+03
-2.358550999999999931e+03
-2.355581000000000131e+03
-2.355210000000000036e+03
-2.394934000000000196e+03
-2.363376999999999953e+03
-2.351869000000000142e+03
-2.386766000000000076e+03
-2.354096000000000004e+03
-2.359293999999999869e+03
-2.385280999999999949e+03
-2.354096000000000004e+03
-2.350012000000000171e+03
-2.384539000000000215e+03
-2.358550999999999931e+03
-2.368574999999999818e+03
-2.383425000000000182e+03
-2.387509000000000015e+03
-2.365976000000000113e+03
-2.409041000000000167e+03
-2.376000000000000000e+03
-2.376000000000000000e+03
-2.412010999999999967e+03
-2.373771999999999935e+03
-2.375257999999999811e+03
-2.406443000000000211e+03
-2.390106999999999971e+03
-2.391963999999999942e+03
-2.410896999999999935e+03
-2.387880000000000109e+03
-2.383054000000000087e+03
-2.398275000000000091e+03
-2.392706000000000131e+03
-2.364862999999999829e+03
-2.412010999999999967e+03
-2.402358999999999924e+03
-2.396418999999999869e+03
-2.397903999999999996e+03
-2.394563000000000102e+03
-2.397161000000000058e+03
-2.431315999999999804e+03
-2.422405999999999949e+03
-2.387509000000000015e+03
-2.444681000000000040e+03
-2.388251000000000204e+03
-2.400501999999999953e+03
-2.416094999999999800e+03
-2.391221000000000004e+03
-2.390478999999999814e+03
-2.413867000000000189e+03
-2.397161000000000058e+03
-2.424634000000000015e+03
-2.405329000000000178e+03
-2.425748000000000047e+03
-2.404958000000000084e+03
-2.412753999999999905e+03
-2.435028999999999996e+03
-2.413125000000000000e+03
-2.428717999999999847e+03
-2.457675000000000182e+03
-2.396418999999999869e+03
