-2.935103000000000065e+03
-2.932132999999999811e+03
-2.971856000000000222e+03
-2.937701000000000022e+03
-2.975568999999999960e+03
-2.986335000000000036e+03
-3.029771000000000186e+03
-2.971856000000000222e+03
-3.006753999999999905e+03
-2.987449000000000069e+03
-3.012693999999999960e+03
-3.052045999999999822e+03
-3.032369999999999891e+03
-3.048333999999999833e+03
-3.080632999999999811e+03
-3.098824000000000069e+03
-3.065782000000000153e+03
-3.107733999999999924e+03
-3.134835000000000036e+03
-3.095110999999999876e+03
-3.161565000000000055e+03
-3.121469999999999800e+03
-3.146715000000000146e+03
-3.174188000000000102e+03
-3.153396999999999935e+03
-3.166019999999999982e+03
-3.203887000000000171e+03
-3.187923999999999978e+03
-3.179014000000000124e+03
-3.265885999999999967e+03
-3.187181000000000040e+03
-3.218737999999999829e+03
-3.206485999999999876e+03
-3.238041999999999916e+03
-3.277023999999999887e+03
-3.296699999999999818e+03
-3.305610000000000127e+03
-3.305239000000000033e+03
-3.312291999999999916e+03
-3.301896999999999935e+03
-3.331969000000000051e+03
-3.340878999999999905e+03
-3.382458999999999833e+03
-3.350902999999999793e+03
-3.357213999999999942e+03
-3.360554999999999836e+03
-3.368722000000000207e+03
-3.391369000000000142e+03
-3.407333000000000084e+03
-3.455965999999999894e+03
-3.429978999999999814e+03
-3.429235999999999876e+03
-3.428494000000000142e+03
-3.447798999999999978e+03
-3.501630000000000109e+03
-3.424039000000000215e+03
-3.466360999999999876e+03
-3.481583000000000084e+03
-3.445943000000000211e+03
-3.476385000000000218e+03
-3.482695999999999913e+03
-3.480469000000000051e+03
-3.523905000000000200e+03
-3.539126000000000204e+03
-3.497175000000000182e+03
-3.518335999999999785e+03
-3.558431000000000040e+03
-3.541724999999999909e+03
-3.541353999999999814e+03
-3.546179999999999836e+03
-3.485666000000000167e+03
-3.468217999999999847e+03
-3.516480000000000018e+03
-3.472672999999999774e+03
-3.515365999999999985e+03
-3.558431000000000040e+03
-3.487893999999999778e+03
-3.497175000000000182e+03
-3.540239999999999782e+03
-3.483068000000000211e+03
-3.524646999999999935e+03
-3.528731000000000222e+03
-3.490121000000000095e+03
-3.539869000000000142e+03
-3.559916000000000167e+03
-3.525018999999999778e+03
-3.572539000000000215e+03
-3.568826000000000022e+03
-3.580335000000000036e+03
-3.565485000000000127e+03
-3.567713000000000193e+03
-3.564000000000000000e+03
-3.575509000000000015e+03
-3.545065999999999804e+03
-3.618202999999999975e+03
-3.596670000000000073e+03
-3.611519999999999982e+03
-3.619688000000000102e+03
-3.572909999999999854e+03
-3.588873999999999796e+03
-3.599639999999999873e+03
-3.591101000000000113e+03
-3.611519999999999982e+03
-3.619688000000000102e+03
-3.621543999999999869e+03
-3.618574000000000069e+03
-3.582190999999999804e+03
-3.576994000000000142e+03
-3.599639999999999873e+03
-3.616717999999999847e+03
-3.596298999999999978e+03
-3.583675999999999931e+03
-3.645304000000000087e+03
-3.618574000000000069e+03
-3.644561000000000149e+03
-3.605951000000000022e+03
-3.589987999999999829e+03
-3.653842999999999847e+03
-3.631568000000000211e+03
-3.606693999999999960e+03
-3.628226000000000113e+03
-3.662380999999999858e+03
-3.590730000000000018e+03
-3.638250000000000000e+03
-3.646789000000000215e+03
-3.653471000000000004e+03
-3.643447999999999865e+03
-3.649387000000000171e+03
-3.639735000000000127e+03
-3.644932999999999993e+03
-3.639735000000000127e+03
-3.632681000000000040e+03
-3.668320999999999913e+03
-3.625998999999999796e+03
-3.610777999999999793e+03
-3.628597999999999956e+03
-3.614119000000000142e+03
-3.627112999999999829e+03
-3.586275000000000091e+03
-3.643447999999999865e+03
-3.617460000000000036e+03
-3.610405999999999949e+03
-3.662751999999999953e+03
-3.602981000000000222e+03
-3.603353000000000065e+03
-3.590730000000000018e+03
-3.656440999999999804e+03
-3.646789000000000215e+03
-3.659782000000000153e+03
-3.621543999999999869e+03
-3.628969000000000051e+03
-3.668693000000000211e+03
-3.670177000000000135e+03
-3.672034000000000106e+03
-3.697278999999999996e+03
-3.676117000000000189e+03
-3.677974000000000160e+03
-3.685769999999999982e+03
-3.659411000000000058e+03
-3.720295999999999822e+03
-3.710643999999999778e+03
-3.727349999999999909e+03
-3.708416000000000167e+03
-3.736630999999999858e+03
-3.727721000000000004e+03
-3.707302000000000135e+03
-3.710643999999999778e+03
-3.716954999999999927e+03
-3.682057999999999993e+03
-3.740715000000000146e+03
-3.725864999999999782e+03
-3.690596000000000004e+03
-3.742943000000000211e+03
-3.741829000000000178e+03
-3.715840999999999894e+03
-3.777469000000000051e+03
-3.738487999999999829e+03
-3.725494000000000142e+03
-3.780438999999999851e+03
-3.744798999999999978e+03
-3.734403999999999996e+03
-3.739601000000000113e+03
-3.774498999999999796e+03
-3.712128999999999905e+03
-3.784150999999999840e+03
-3.774869999999999891e+03
-3.775240999999999985e+03
-3.781923999999999978e+03
-3.769300999999999931e+03
-3.758534999999999854e+03
-3.777840000000000146e+03
-3.814965000000000146e+03
-3.751481000000000222e+03
-3.758905999999999949e+03
-3.778583000000000084e+03
-3.740344000000000051e+03
-3.728463999999999942e+03
-3.711757999999999811e+03
-3.712128999999999905e+03
-3.722894999999999982e+03
-3.724380000000000109e+03
-3.719554000000000087e+03
-3.722152999999999793e+03
-3.728835000000000036e+03
-3.765960000000000036e+03
-3.689853999999999814e+03
-3.697278999999999996e+03
-3.725123000000000047e+03
-3.710643999999999778e+03
-3.757420999999999822e+03
-3.759648999999999887e+03
-3.731804999999999836e+03
-3.772643000000000029e+03
-3.755936000000000149e+03
-3.730690999999999804e+03
-3.752594999999999800e+03
-3.745541000000000167e+03
-3.735146000000000186e+03
-3.756307999999999993e+03
-3.764474999999999909e+03
-3.774126999999999953e+03
-3.717697999999999865e+03
-3.761876000000000204e+03
-3.752965999999999894e+03
-3.741458000000000084e+03
-3.731063000000000102e+03
-3.728835000000000036e+03
-3.747396999999999935e+03
-3.734032000000000153e+03
-3.715469999999999800e+03
-3.708416000000000167e+03
-3.708788000000000011e+03
-3.668693000000000211e+03
-3.710271999999999935e+03
-3.750367000000000189e+03
-3.679088000000000193e+03
-3.713985000000000127e+03
-3.669434999999999945e+03
-3.711014999999999873e+03
-3.686141000000000076e+03
-3.714728000000000065e+03
-3.712871000000000095e+03
-3.692824000000000069e+03
-3.715099000000000160e+03
-3.688369000000000142e+03
-3.708045000000000073e+03
-3.663123999999999796e+03
-3.688369000000000142e+03
-3.702476000000000113e+03
-3.705445999999999913e+03
-3.689853999999999814e+03
-3.725864999999999782e+03
-3.719182999999999993e+03
-3.698764000000000124e+03
-3.711385999999999967e+03
-3.697650000000000091e+03
-3.726235999999999876e+03
-3.713614000000000033e+03
-3.735146000000000186e+03
-3.734775000000000091e+03
-3.752224000000000160e+03
-3.740715000000000146e+03
-3.734032000000000153e+03
-3.765217999999999847e+03
-3.739230000000000018e+03
-3.790463000000000193e+03
-3.725123000000000047e+03
-3.769300999999999931e+03
-3.721409999999999854e+03
-3.716213000000000193e+03
-3.725494000000000142e+03
-3.719925000000000182e+03
-3.728835000000000036e+03
-3.775612999999999829e+03
-3.779695999999999913e+03
-3.750367000000000189e+03
-3.780438999999999851e+03
-3.793804000000000087e+03
-3.783038000000000011e+03
-3.790833999999999833e+03
-3.807168999999999869e+03
-3.776355000000000018e+03
-3.828701000000000022e+03
-3.817563999999999851e+03
-3.815335999999999785e+03
-3.832041999999999916e+03
-3.830929000000000087e+03
-3.842438000000000102e+03
-3.845407000000000153e+03
-3.852833000000000084e+03
-3.823875000000000000e+03
-3.782666000000000167e+03
-3.768929999999999836e+03
-3.789349000000000160e+03
-3.816079000000000178e+03
-3.795289000000000215e+03
-3.828701000000000022e+03
-3.813480000000000018e+03
-3.808653999999999996e+03
-3.800114999999999782e+03
-3.818306000000000040e+03
-3.865826000000000022e+03
-3.809396000000000186e+03
-3.839838999999999942e+03
-3.847264000000000124e+03
-3.838724999999999909e+03
-3.866940000000000055e+03
-3.888844000000000051e+03
-3.851347999999999956e+03
-3.864713000000000193e+03
-3.868054000000000087e+03
-3.836498000000000047e+03
-3.871023999999999887e+03
-3.863228000000000065e+03
-3.892184999999999945e+03
-3.878077999999999975e+03
-3.904807999999999993e+03
-3.901094999999999800e+03
-3.856545000000000073e+03
-3.910376000000000204e+03
-3.890329000000000178e+03
-3.853945999999999913e+03
-3.904436000000000149e+03
-3.888472999999999956e+03
-3.851719000000000051e+03
-3.917059000000000196e+03
-3.871023999999999887e+03
-3.884389000000000124e+03
-3.925969000000000051e+03
-3.871023999999999887e+03
-3.917059000000000196e+03
-3.915202999999999975e+03
-3.878077999999999975e+03
-3.891443000000000211e+03
-3.919286000000000058e+03
-3.920028999999999996e+03
-3.911119000000000142e+03
-3.940818999999999960e+03
-3.908891000000000076e+03
-3.933021999999999935e+03
-3.948985999999999876e+03
-3.967920000000000073e+03
-3.941190000000000055e+03
-3.939333999999999833e+03
-3.957896000000000186e+03
-3.970889999999999873e+03
-3.982769999999999982e+03
-3.991679999999999836e+03
-3.998733999999999924e+03
-4.013213000000000193e+03
-4.025835000000000036e+03
-3.999476000000000113e+03
-3.997990999999999985e+03
-4.040684999999999945e+03
-4.005416000000000167e+03
-4.001333000000000084e+03
-4.009871000000000095e+03
-4.055905999999999949e+03
-4.031775000000000091e+03
-4.070014000000000124e+03
-4.034373999999999796e+03
-4.045510999999999967e+03
-4.069271000000000186e+03
-4.068157000000000153e+03
-4.084492000000000189e+03
-4.093773999999999887e+03
-4.080409000000000106e+03
-4.087463000000000193e+03
-4.114192000000000007e+03
-4.095259000000000015e+03
-4.121618000000000393e+03
-4.145006000000000313e+03
-4.096372999999999593e+03
-4.132755000000000109e+03
-4.145006000000000313e+03
-4.142779000000000451e+03
-4.140551000000000386e+03
-4.128300000000000182e+03
-4.043284000000000106e+03
-4.018039000000000215e+03
-4.030661000000000058e+03
-4.017666999999999916e+03
-4.048481000000000222e+03
-4.044396999999999935e+03
-4.064074000000000069e+03
-4.054050000000000182e+03
-4.110109000000000378e+03
-4.076324999999999818e+03
-4.077068000000000211e+03
-4.102684000000000196e+03
-4.083007999999999811e+03
-4.121618000000000393e+03
-4.106768000000000029e+03
-4.133868999999999687e+03
-4.084864000000000033e+03
-4.117533999999999651e+03
-4.088947999999999865e+03
-4.097485999999999876e+03
-4.095259000000000015e+03
-4.072612999999999829e+03
-4.116420000000000073e+03
-4.111222999999999956e+03
-4.113078999999999724e+03
-4.111222999999999956e+03
-4.119390000000000327e+03
-4.084864000000000033e+03
-4.080780000000000200e+03
-4.136467999999999847e+03
-4.136467999999999847e+03
-4.109365999999999985e+03
-4.163939999999999600e+03
-4.140180000000000291e+03
