-5.758088000000000193e+02
-6.211013000000000375e+02
-6.162749999999999773e+02
-6.177599999999999909e+02
-6.129338000000000193e+02
-6.418912000000000262e+02
-6.519149999999999636e+02
-6.084787999999999784e+02
-6.749325000000000045e+02
-6.552563000000000102e+02
-6.663936999999999671e+02
-7.176263000000000147e+02
-7.098300000000000409e+02
-6.942374999999999545e+02
-7.495538000000000238e+02
-7.495538000000000238e+02
-7.536375000000000455e+02
-8.100674999999999955e+02
-7.551224999999999454e+02
-7.907625000000000455e+02
-8.356838000000000193e+02
-8.059837999999999738e+02
-8.015286999999999580e+02
-8.813474999999999682e+02
-8.531325000000000500e+02
-8.535037999999999556e+02
-8.768925000000000409e+02
-8.624138000000000375e+02
-9.210712999999999511e+02
-8.765212000000000216e+02
-8.895149999999999864e+02
-9.262686999999999671e+02
-9.132749999999999773e+02
-9.080774999999999864e+02
-9.745312999999999874e+02
-9.715612999999999602e+02
-9.674774999999999636e+02
-9.704474999999999909e+02
-1.004974000000000046e+03
-1.014625999999999976e+03
-9.815850000000000364e+02
-1.051380000000000109e+03
-1.027619999999999891e+03
-1.010171000000000049e+03
-1.081079999999999927e+03
-1.050266000000000076e+03
-1.053236000000000104e+03
-1.067714999999999918e+03
-1.061775000000000091e+03
-1.069942999999999984e+03
-1.058805000000000064e+03
-1.061775000000000091e+03
-1.108923999999999978e+03
-1.085905999999999949e+03
-1.100384999999999991e+03
-1.125630000000000109e+03
-1.095188000000000102e+03
-1.091846000000000004e+03
-1.110037000000000035e+03
-1.144192999999999984e+03
-1.148276000000000067e+03
-1.119690000000000055e+03
-1.140480000000000018e+03
-1.127857999999999947e+03
-1.138624000000000024e+03
-1.143450000000000045e+03
-1.144934999999999945e+03
-1.149390000000000100e+03
-1.173150000000000091e+03
-1.153473999999999933e+03
-1.213244999999999891e+03
-1.195796000000000049e+03
-1.212131000000000085e+03
-1.217700000000000045e+03
-1.214358999999999924e+03
-1.252226000000000113e+03
-1.245544000000000096e+03
-1.247028999999999996e+03
-1.273387999999999920e+03
-1.236634000000000015e+03
-1.274873000000000047e+03
-1.292692999999999984e+03
-1.274130000000000109e+03
-1.292692999999999984e+03
-1.304943999999999960e+03
-1.307171000000000049e+03
-1.323134999999999991e+03
-1.309027000000000044e+03
-1.330931000000000040e+03
-1.320536000000000058e+03
-1.331301999999999907e+03
-1.346152000000000044e+03
-1.371396999999999935e+03
-1.399240999999999985e+03
-1.399613000000000056e+03
-1.391816000000000031e+03
-1.417432000000000016e+03
-1.441934999999999945e+03
-1.412234999999999900e+03
-1.429313000000000102e+03
-1.399613000000000056e+03
-1.385505000000000109e+03
-1.438222999999999956e+03
-1.410008000000000038e+03
-1.405923999999999978e+03
-1.438222999999999956e+03
-1.442306000000000040e+03
-1.391444999999999936e+03
-1.434881000000000085e+03
-1.434881000000000085e+03
-1.421887999999999920e+03
-1.450845000000000027e+03
-1.424115000000000009e+03
-1.441934999999999945e+03
-1.472377999999999929e+03
-1.477575000000000045e+03
-1.485742999999999938e+03
-1.509874000000000024e+03
-1.474605000000000018e+03
-1.495766000000000076e+03
-1.515070999999999913e+03
-1.504305000000000064e+03
-1.479431000000000040e+03
-1.538460000000000036e+03
-1.510615999999999985e+03
-1.492424999999999955e+03
-1.538830999999999904e+03
-1.557765000000000100e+03
-1.539944999999999936e+03
-1.563334000000000060e+03
-1.580411000000000058e+03
-1.557765000000000100e+03
-1.590064000000000078e+03
-1.626445999999999913e+03
-1.595260999999999967e+03
-1.622363000000000056e+03
-1.641296000000000049e+03
-1.594890000000000100e+03
-1.637954999999999927e+03
-1.672853000000000065e+03
-1.608998000000000047e+03
-1.631271999999999935e+03
-1.676935999999999922e+03
-1.675823000000000093e+03
-1.683990000000000009e+03
-1.696240999999999985e+03
-1.696240999999999985e+03
-1.685846000000000004e+03
-1.738192999999999984e+03
-1.712204999999999927e+03
-1.715174999999999955e+03
-1.744133000000000038e+03
-1.729653999999999996e+03
-1.732624000000000024e+03
-1.751557000000000016e+03
-1.718887999999999920e+03
-1.749701000000000022e+03
-1.770863000000000056e+03
-1.777915999999999940e+03
-1.774575000000000045e+03
-1.825435999999999922e+03
-1.812814000000000078e+03
-1.780885999999999967e+03
-1.821723999999999933e+03
-1.795736000000000104e+03
-1.778659000000000106e+03
-1.830634000000000015e+03
-1.828035000000000082e+03
-1.804645999999999958e+03
-1.832118999999999915e+03
-1.856250000000000000e+03
-1.839544000000000096e+03
-1.814298999999999978e+03
-1.856250000000000000e+03
-1.844369999999999891e+03
-1.813926999999999907e+03
-1.800933999999999969e+03
-1.841770999999999958e+03
-1.858848999999999933e+03
-1.854394000000000005e+03
-1.876669000000000096e+03
-1.858848999999999933e+03
-1.864416999999999916e+03
-1.888176999999999907e+03
-1.888920000000000073e+03
-1.907482999999999947e+03
-1.897829999999999927e+03
-1.886320999999999913e+03
-1.916393000000000029e+03
-1.927529999999999973e+03
-1.935698000000000093e+03
-1.900429000000000087e+03
-1.914536000000000058e+03
-1.940523999999999887e+03
-1.917134999999999991e+03
-1.926787000000000035e+03
-1.938296000000000049e+03
-1.932355999999999995e+03
-1.926415999999999940e+03
-1.968739000000000033e+03
-1.940894999999999982e+03
-1.933470000000000027e+03
-1.971337999999999965e+03
-1.976535000000000082e+03
-1.986930000000000064e+03
-1.991756000000000085e+03
-1.978019999999999982e+03
-1.938666999999999916e+03
-1.971709000000000060e+03
-1.995469000000000051e+03
-1.982104000000000042e+03
-1.961314000000000078e+03
-1.974679000000000087e+03
-1.980248000000000047e+03
-1.976163999999999987e+03
-1.987672000000000025e+03
-1.974307000000000016e+03
-1.975791999999999916e+03
-2.003265000000000100e+03
-1.972079999999999927e+03
-2.002521999999999935e+03
-2.040390000000000100e+03
-1.988044000000000096e+03
-2.009204999999999927e+03
-2.045215999999999894e+03
-2.005121000000000095e+03
-2.034820999999999913e+03
-2.061550999999999931e+03
-2.020713999999999942e+03
-2.068605000000000018e+03
-2.069719000000000051e+03
-2.057467999999999847e+03
-2.035564000000000078e+03
-2.071574999999999818e+03
-2.071204000000000178e+03
-2.042246000000000095e+03
-2.066376999999999953e+03
-2.058210000000000036e+03
-2.034078999999999951e+03
-2.059324000000000069e+03
-2.076030000000000200e+03
-2.041503999999999905e+03
-2.090137000000000171e+03
-2.074545000000000073e+03
-2.045587999999999965e+03
-2.098304999999999836e+03
-2.101646000000000186e+03
-2.071574999999999818e+03
-2.109070999999999913e+03
-2.137286000000000058e+03
-2.123179000000000087e+03
-2.115382999999999811e+03
-2.108329000000000178e+03
-2.117981000000000222e+03
-2.142855000000000018e+03
-2.119836999999999989e+03
-2.140626999999999953e+03
-2.167728999999999814e+03
-2.162159999999999854e+03
-2.153621000000000095e+03
-2.148052000000000135e+03
-2.118353000000000065e+03
-2.074173999999999978e+03
-2.092735999999999876e+03
-2.103130999999999858e+03
-2.084197999999999865e+03
-2.097563000000000102e+03
-2.131346000000000004e+03
-2.104244999999999891e+03
-2.123550000000000182e+03
-2.155478000000000065e+03
-2.121693999999999960e+03
-2.149909000000000106e+03
-2.156219999999999800e+03
-2.142855000000000018e+03
-2.153250000000000000e+03
-2.130231999999999971e+03
-2.141740999999999985e+03
-2.135800999999999931e+03
-2.150280000000000200e+03
-2.146568000000000211e+03
-2.119836999999999989e+03
-2.129489999999999782e+03
-2.149538000000000011e+03
-2.136172999999999774e+03
-2.134688000000000102e+03
-2.138028999999999996e+03
-2.142112999999999829e+03
-2.159932999999999993e+03
-2.133574000000000069e+03
-2.116867000000000189e+03
-2.122807999999999993e+03
-2.095706000000000131e+03
-2.112041000000000167e+03
-2.116125000000000000e+03
-2.120208999999999833e+03
-2.136914999999999964e+03
-2.141740999999999985e+03
-2.123920999999999822e+03
-2.147681000000000040e+03
-2.135800999999999931e+03
-2.135059000000000196e+03
-2.147309999999999945e+03
-2.164387000000000171e+03
-2.135059000000000196e+03
-2.176639000000000124e+03
-2.187775999999999840e+03
-2.176268000000000029e+03
-2.206338999999999942e+03
-2.215248999999999796e+03
-2.140626999999999953e+03
-2.142483999999999924e+03
-2.149166000000000167e+03
-2.133574000000000069e+03
-2.158818999999999960e+03
-2.181094000000000051e+03
-2.171813000000000102e+03
-2.178494999999999891e+03
-2.184806000000000040e+03
-2.171070000000000164e+03
-2.166985999999999876e+03
-2.202626000000000204e+03
-2.182949999999999818e+03
-2.158447999999999865e+03
-2.186663000000000011e+03
-2.218960999999999785e+03
-2.188146999999999935e+03
-2.163273999999999887e+03
-2.162530999999999949e+03
-2.153992000000000189e+03
-2.162530999999999949e+03
-2.146938999999999851e+03
-2.161416999999999916e+03
-2.184806000000000040e+03
-2.162902999999999793e+03
-2.177010000000000218e+03
-2.177751999999999953e+03
-2.194829999999999927e+03
-2.158447999999999865e+03
-2.139885000000000218e+03
-2.151764999999999873e+03
-2.119094999999999800e+03
-2.111670000000000073e+03
-2.140626999999999953e+03
-2.116867000000000189e+03
-2.107585999999999785e+03
-2.141369999999999891e+03
-2.106844000000000051e+03
-2.093106999999999971e+03
-2.115382999999999811e+03
-2.105358999999999924e+03
-2.110927000000000135e+03
-2.120208999999999833e+03
-2.133945000000000164e+03
-2.121322999999999865e+03
-2.139514000000000124e+03
-2.136914999999999964e+03
-2.138028999999999996e+03
-2.148795000000000073e+03
-2.170327999999999975e+03
-2.153250000000000000e+03
-2.149909000000000106e+03
-2.151021999999999935e+03
-2.136914999999999964e+03
-2.147309999999999945e+03
-2.138400000000000091e+03
-2.148052000000000135e+03
-2.169213999999999942e+03
-2.155106000000000222e+03
-2.174782000000000153e+03
-2.185920000000000073e+03
-2.168099999999999909e+03
-2.168842999999999847e+03
-2.174411000000000058e+03
-2.192603000000000065e+03
-2.181094000000000051e+03
-2.189632999999999811e+03
-2.184434999999999945e+03
-2.167356999999999971e+03
-2.201141000000000076e+03
-2.228985000000000127e+03
-2.194829999999999927e+03
-2.162902999999999793e+03
-2.159190000000000055e+03
-2.114268999999999778e+03
-2.081599000000000160e+03
-2.108329000000000178e+03
-2.105358999999999924e+03
-2.082340999999999894e+03
-2.088652999999999793e+03
-2.091994000000000142e+03
-2.082711999999999989e+03
-2.076771999999999935e+03
-2.067862999999999829e+03
-2.072688999999999851e+03
-2.067862999999999829e+03
-2.070460999999999785e+03
-2.092735999999999876e+03
-2.079000000000000000e+03
-2.080114000000000033e+03
-2.084568999999999960e+03
-2.096820000000000164e+03
-2.057096000000000004e+03
-2.083454999999999927e+03
-2.089394999999999982e+03
-2.036306000000000040e+03
-2.030365999999999985e+03
-1.969109999999999900e+03
-1.969853000000000065e+03
-1.975049999999999955e+03
-1.977648999999999887e+03
-1.973565000000000055e+03
