-2.809248999999999796e+03
-2.840434000000000196e+03
-2.825213000000000193e+03
-2.866791999999999916e+03
-2.858625000000000000e+03
-2.915797999999999774e+03
-2.899090999999999894e+03
-2.887583000000000084e+03
-2.938443999999999960e+03
-2.948467999999999847e+03
-2.914684000000000196e+03
-2.963688999999999851e+03
-2.993018000000000029e+03
-2.968885999999999967e+03
-2.999329000000000178e+03
-3.015664000000000215e+03
-3.032740999999999985e+03
-3.060585000000000036e+03
-3.031255999999999858e+03
-2.993389000000000124e+03
-3.056501000000000204e+03
-3.081746000000000095e+03
-3.064668999999999869e+03
-3.122583999999999833e+03
-3.075434999999999945e+03
-3.116643999999999778e+03
-3.153025999999999840e+03
-3.096596000000000004e+03
-3.090655999999999949e+03
-3.151541000000000167e+03
-3.167134000000000015e+03
-3.136690999999999804e+03
-3.220594000000000051e+03
-3.193121000000000095e+03
-3.172702999999999975e+03
-3.219851000000000113e+03
-3.249179999999999836e+03
-3.192007999999999811e+03
-3.252521000000000186e+03
-3.298184999999999945e+03
-3.267000000000000000e+03
-3.274425000000000182e+03
-3.295215000000000146e+03
-3.280735999999999876e+03
-3.310807999999999993e+03
-3.327885000000000218e+03
-3.298927000000000135e+03
-3.330112999999999829e+03
-3.317860999999999876e+03
-3.307465999999999894e+03
-3.358327999999999975e+03
-3.333083000000000084e+03
-3.328255999999999858e+03
-3.349789000000000215e+03
-3.403248999999999796e+03
-3.353873000000000047e+03
-3.401393000000000029e+03
-3.461164000000000215e+03
-3.395452999999999975e+03
-3.458565000000000055e+03
-3.446684999999999945e+03
-3.418099000000000160e+03
-3.417728000000000065e+03
-3.416985000000000127e+03
-3.405105000000000018e+03
-3.443344000000000051e+03
-3.486038000000000011e+03
-3.419213000000000193e+03
-3.453739000000000033e+03
-3.463762000000000171e+03
-3.473786000000000058e+03
-3.415500000000000000e+03
-3.494204999999999927e+03
-3.473043999999999869e+03
-3.454853000000000065e+03
-3.511653999999999996e+03
-3.467474999999999909e+03
-3.510911000000000058e+03
-3.493090999999999894e+03
-3.552119999999999891e+03
-3.485666000000000167e+03
-3.581077999999999975e+03
-3.576251000000000204e+03
-3.525389999999999873e+03
-3.553233999999999924e+03
-3.566599000000000160e+03
-3.560659000000000106e+03
-3.580335000000000036e+03
-3.590358999999999924e+03
-3.558059999999999945e+03
-3.557688999999999851e+03
-3.559916000000000167e+03
-3.559173999999999978e+03
-3.601496000000000095e+03
-3.568826000000000022e+03
-3.596298999999999978e+03
-3.614860999999999876e+03
-3.590730000000000018e+03
-3.559545000000000073e+03
-3.608179000000000087e+03
-3.623771000000000186e+03
-3.611891000000000076e+03
-3.613748000000000047e+03
-3.637135999999999967e+03
-3.600010999999999967e+03
-3.618202999999999975e+03
-3.599639999999999873e+03
-3.582934000000000196e+03
-3.637507999999999811e+03
-3.677231000000000222e+03
-3.661639000000000124e+03
-3.670920000000000073e+03
-3.673889999999999873e+03
-3.680572999999999865e+03
-3.650501000000000204e+03
-3.723637000000000171e+03
-3.699505999999999858e+03
-3.706188999999999851e+03
-3.722894999999999982e+03
-3.722523999999999887e+03
-3.718440000000000055e+03
-3.703590000000000146e+03
-3.679088000000000193e+03
-3.716954999999999927e+03
-3.722894999999999982e+03
-3.686141000000000076e+03
-3.739230000000000018e+03
-3.712871000000000095e+03
-3.703219000000000051e+03
-3.687626000000000204e+03
-3.752965999999999894e+03
-3.700248999999999796e+03
-3.713614000000000033e+03
-3.774126999999999953e+03
-3.728092999999999847e+03
-3.746655000000000200e+03
-3.755936000000000149e+03
-3.751853000000000065e+03
-3.752594999999999800e+03
-3.810510000000000218e+03
-3.757420999999999822e+03
-3.768929999999999836e+03
-3.792690000000000055e+03
-3.772643000000000029e+03
-3.812365999999999985e+03
-3.793061000000000149e+03
-3.780809999999999945e+03
-3.771157000000000153e+03
-3.823875000000000000e+03
-3.770043999999999869e+03
-3.762989999999999782e+03
-3.803085000000000036e+03
-3.760019999999999982e+03
-3.770786000000000058e+03
-3.786007999999999811e+03
-3.787864000000000033e+03
-3.759648999999999887e+03
-3.804570000000000164e+03
-3.793804000000000087e+03
-3.807539999999999964e+03
-3.861371000000000095e+03
-3.805313000000000102e+03
-3.801228999999999814e+03
-3.819048999999999978e+03
-3.809768000000000029e+03
-3.779695999999999913e+03
-3.843550999999999931e+03
-3.850976000000000113e+03
-3.818677000000000135e+03
-3.869909999999999854e+03
-3.823132999999999811e+03
-3.804199000000000069e+03
-3.819791000000000167e+03
-3.841324000000000069e+03
-3.799744000000000142e+03
-3.819420000000000073e+03
-3.849119999999999891e+03
-3.828701000000000022e+03
-3.823132999999999811e+03
-3.850233999999999924e+03
-3.823503999999999905e+03
-3.809768000000000029e+03
-3.877706000000000131e+03
-3.833527999999999793e+03
-3.866197999999999865e+03
-3.868795999999999822e+03
-3.864713000000000193e+03
-3.851719000000000051e+03
-3.869166999999999916e+03
-3.877706000000000131e+03
-3.888472999999999956e+03
-3.905179000000000087e+03
-3.862856000000000222e+03
-3.894784000000000106e+03
-3.854688999999999851e+03
-3.841695000000000164e+03
-3.865083999999999833e+03
-3.853574999999999818e+03
-3.833898999999999887e+03
-3.824989000000000033e+03
-3.841695000000000164e+03
-3.868425000000000182e+03
-3.872137000000000171e+03
-3.869166999999999916e+03
-3.845407000000000153e+03
-3.871023999999999887e+03
-3.786750000000000000e+03
-3.809768000000000029e+03
-3.761876000000000204e+03
-3.826474000000000160e+03
-3.794916999999999916e+03
-3.796030999999999949e+03
-3.806425999999999931e+03
-3.788235000000000127e+03
-3.806425999999999931e+03
-3.820905000000000200e+03
-3.786007999999999811e+03
-3.806054999999999836e+03
-3.885501999999999953e+03
-3.772643000000000029e+03
-3.833527999999999793e+03
-3.819791000000000167e+03
-3.777840000000000146e+03
-3.796030999999999949e+03
-3.808282000000000153e+03
-3.758164000000000215e+03
-3.748882999999999811e+03
-3.773385000000000218e+03
-3.726606999999999971e+03
-3.741085999999999785e+03
-3.773755999999999858e+03
-3.750739000000000033e+03
-3.749996000000000095e+03
-3.770786000000000058e+03
-3.735889000000000124e+03
-3.742570999999999913e+03
-3.792318999999999960e+03
-3.752965999999999894e+03
-3.757420999999999822e+03
-3.767074000000000069e+03
-3.748139999999999873e+03
-3.739601000000000113e+03
-3.729949000000000069e+03
-3.748510999999999967e+03
-3.738115999999999985e+03
-3.764103999999999814e+03
-3.743684999999999945e+03
-3.730690999999999804e+03
-3.746284000000000106e+03
-3.707673999999999978e+03
-3.725123000000000047e+03
-3.738487999999999829e+03
-3.762989999999999782e+03
-3.722152999999999793e+03
-3.767445000000000164e+03
-3.780809999999999945e+03
-3.750739000000000033e+03
-3.757420999999999822e+03
-3.801599999999999909e+03
-3.752594999999999800e+03
-3.770786000000000058e+03
-3.827215999999999894e+03
-3.751110000000000127e+03
-3.777469000000000051e+03
-3.805684000000000196e+03
-3.784521999999999935e+03
-3.775612999999999829e+03
-3.816820999999999913e+03
-3.792318999999999960e+03
-3.804570000000000164e+03
-3.806425999999999931e+03
-3.804570000000000164e+03
-3.821646999999999935e+03
-3.818677000000000135e+03
-3.820163000000000011e+03
-3.783038000000000011e+03
-3.767074000000000069e+03
-3.743684999999999945e+03
-3.736260000000000218e+03
-3.762248000000000047e+03
-3.754822999999999865e+03
-3.782666000000000167e+03
-3.787492000000000189e+03
-3.783409000000000106e+03
-3.764846000000000004e+03
-3.797144999999999982e+03
-3.780068000000000211e+03
-3.788235000000000127e+03
-3.801971000000000004e+03
-3.789719999999999800e+03
-3.792318999999999960e+03
-3.802342999999999847e+03
-3.800856999999999971e+03
-3.794916999999999916e+03
-3.792318999999999960e+03
-3.805313000000000102e+03
-3.806425999999999931e+03
-3.804940999999999804e+03
-3.793432999999999993e+03
-3.809768000000000029e+03
-3.754451000000000022e+03
-3.800856999999999971e+03
-3.813480000000000018e+03
-3.809396000000000186e+03
-3.836869000000000142e+03
-3.825731000000000222e+03
-3.833527999999999793e+03
-3.829443999999999960e+03
-3.862856000000000222e+03
-3.881418999999999869e+03
-3.861742000000000189e+03
-3.882161000000000058e+03
-3.866940000000000055e+03
-3.836498000000000047e+03
-3.848376999999999953e+03
-3.897753999999999905e+03
-3.848376999999999953e+03
-3.872137000000000171e+03
-3.915574000000000069e+03
-3.859514999999999873e+03
-3.845778999999999996e+03
-3.903322999999999865e+03
-3.886987999999999829e+03
-3.849862999999999829e+03
-3.905179000000000087e+03
-3.888844000000000051e+03
-3.887358999999999924e+03
-3.925226000000000113e+03
-3.898867000000000189e+03
-3.909634000000000015e+03
-3.930795000000000073e+03
-3.956411000000000058e+03
-3.905550000000000182e+03
-3.921514000000000124e+03
-3.916315999999999804e+03
-3.913346000000000004e+03
-3.909634000000000015e+03
-3.925597999999999956e+03
-3.919286000000000058e+03
-3.929681000000000040e+03
-3.918543999999999869e+03
-3.935992000000000189e+03
-3.983141000000000076e+03
-3.986853999999999814e+03
-3.943045999999999822e+03
-3.980170999999999822e+03
-3.982398999999999887e+03
-3.991679999999999836e+03
-4.018780999999999949e+03
-3.997990999999999985e+03
-3.979057999999999993e+03
-3.996505999999999858e+03
-4.028063000000000102e+03
-3.973860000000000127e+03
-4.001704000000000178e+03
-4.052193999999999960e+03
-4.014326000000000022e+03
-3.991309000000000196e+03
-4.008385999999999967e+03
-3.969034000000000106e+03
-3.954925999999999931e+03
-4.009871000000000095e+03
-3.972375000000000000e+03
-3.967920000000000073e+03
-4.005416000000000167e+03
-3.994278999999999996e+03
-3.979429000000000087e+03
-4.034744999999999891e+03
-4.050338000000000193e+03
-4.003559999999999945e+03
-4.037715000000000146e+03
-4.019523999999999887e+03
-4.014326000000000022e+03
-4.041427000000000135e+03
-4.036230000000000018e+03
-4.038085999999999785e+03
-4.045882999999999811e+03
-4.032889000000000124e+03
-4.039570999999999913e+03
-4.062588999999999942e+03
-4.048110000000000127e+03
-4.044396999999999935e+03
-4.071126999999999953e+03
-4.051079999999999927e+03
-4.059248000000000047e+03
-4.107510000000000218e+03
-4.067786000000000058e+03
-4.064445000000000164e+03
-4.088204999999999927e+03
-4.086349000000000160e+03
-4.074097999999999956e+03
-4.119019000000000233e+03
-4.094887000000000171e+03
-4.078552000000000135e+03
-4.077068000000000211e+03
-4.115677999999999884e+03
-4.116048999999999978e+03
-4.143520999999999731e+03
-4.112707999999999629e+03
-4.133868999999999687e+03
-4.150945999999999913e+03
-4.120503999999999905e+03
-4.129042000000000371e+03
-4.129784999999999854e+03
-4.170993999999999687e+03
-4.173220999999999549e+03
-4.160970000000000255e+03
-4.191412999999999556e+03
-4.177305000000000291e+03
-4.207747999999999593e+03
-4.184729999999999563e+03
-4.207747999999999593e+03
