-2.441710999999999785e+03
-2.499998000000000047e+03
-2.473268000000000029e+03
-2.469925999999999931e+03
-2.499255000000000109e+03
-2.475123999999999796e+03
-2.499255000000000109e+03
-2.492201000000000022e+03
-2.554199999999999818e+03
-2.506679999999999836e+03
-2.553829000000000178e+03
-2.550487999999999829e+03
-2.527469999999999800e+03
-2.582414999999999964e+03
-2.591695999999999913e+03
-2.582043999999999869e+03
-2.584271000000000186e+03
-2.617313000000000102e+03
-2.604318999999999960e+03
-2.625480000000000018e+03
-2.595409000000000106e+03
-2.579445000000000164e+03
-2.631791000000000167e+03
-2.637360000000000127e+03
-2.627708000000000084e+03
-2.603204999999999927e+03
-2.625851000000000113e+03
-2.614713999999999942e+03
-2.648498000000000047e+03
-2.629563999999999851e+03
-2.631791000000000167e+03
-2.658893000000000029e+03
-2.661119999999999891e+03
-2.656293999999999869e+03
-2.678197999999999865e+03
-2.677826000000000022e+03
-2.673742000000000189e+03
-2.736855000000000018e+03
-2.731657000000000153e+03
-2.677454999999999927e+03
-2.684880000000000109e+03
-2.717550000000000182e+03
-2.704184999999999945e+03
-2.694532000000000153e+03
-2.746507999999999811e+03
-2.694161000000000058e+03
-2.730543999999999869e+03
-2.741681000000000040e+03
-2.720519999999999982e+03
-2.729429999999999836e+03
-2.736483999999999924e+03
-2.733514000000000124e+03
-2.777320999999999913e+03
-2.786974000000000160e+03
-2.758759000000000015e+03
-2.779548999999999978e+03
-2.817788000000000011e+03
-2.771380999999999858e+03
-2.813704000000000178e+03
-2.842289999999999964e+03
-2.757644999999999982e+03
-2.812219000000000051e+03
-2.858996000000000095e+03
-2.823728000000000065e+03
-2.859367000000000189e+03
-2.883498999999999796e+03
-2.827811000000000149e+03
-2.826326000000000022e+03
-2.822985000000000127e+03
-2.779177000000000135e+03
-2.803309000000000196e+03
-2.875702999999999975e+03
-2.822242000000000189e+03
-2.820385999999999967e+03
-2.838206000000000131e+03
-2.803679999999999836e+03
-2.847115999999999985e+03
-2.873103999999999814e+03
-2.817045000000000073e+03
-2.822985000000000127e+03
-2.863822999999999865e+03
-2.854913000000000011e+03
-2.847115999999999985e+03
-2.841547999999999774e+03
-2.874588999999999942e+03
-2.853798999999999978e+03
-2.867534999999999854e+03
-2.869019999999999982e+03
-2.878672999999999774e+03
-2.932132999999999811e+03
-2.878300999999999931e+03
-2.888324999999999818e+03
-2.908744000000000142e+03
-2.916539999999999964e+03
-2.881643000000000029e+03
-2.907259000000000015e+03
-2.871989999999999782e+03
-2.848601000000000113e+03
-2.900947999999999865e+03
-2.929534000000000106e+03
-2.876445000000000164e+03
-2.932503999999999905e+03
-2.908373000000000047e+03
-2.880900000000000091e+03
-2.922108999999999924e+03
-2.908373000000000047e+03
-2.876815999999999804e+03
-2.895378999999999905e+03
-2.895007999999999811e+03
-2.897978000000000065e+03
-2.881271000000000186e+03
-2.877188000000000102e+03
-2.834864999999999782e+03
-2.904289000000000215e+03
-2.913199000000000069e+03
-2.909114999999999782e+03
-2.916539999999999964e+03
-2.921737999999999829e+03
-2.896121000000000095e+03
-2.895007999999999811e+03
-2.907259000000000015e+03
-2.851570999999999913e+03
-2.899833999999999833e+03
-2.879414999999999964e+03
-2.827068999999999960e+03
-2.886840000000000146e+03
-2.852684999999999945e+03
-2.883498999999999796e+03
-2.852313999999999851e+03
-2.868277999999999793e+03
-2.823356000000000222e+03
-2.866050000000000182e+03
-2.857139999999999873e+03
-2.835978999999999814e+03
-2.838949000000000069e+03
-2.812960999999999785e+03
-2.879043999999999869e+03
-2.821128999999999905e+03
-2.870134000000000015e+03
-2.877559000000000196e+03
-2.839690999999999804e+03
-2.870876000000000204e+03
-2.853798999999999978e+03
-2.868277999999999793e+03
-2.841547999999999774e+03
-2.868277999999999793e+03
-2.882755999999999858e+03
-2.901318999999999960e+03
-2.891666000000000167e+03
-2.899463000000000193e+03
-2.895007999999999811e+03
-2.918768000000000029e+03
-2.875702999999999975e+03
-2.945498000000000047e+03
-2.919510000000000218e+03
-2.902804000000000087e+03
-2.939186000000000149e+03
-2.894264999999999873e+03
-2.938072999999999865e+03
-2.952550999999999931e+03
-2.895007999999999811e+03
-2.928791000000000167e+03
-2.933989000000000033e+03
-2.936588000000000193e+03
-2.941041999999999916e+03
-2.965916000000000167e+03
-2.902804000000000087e+03
-2.924335999999999785e+03
-2.980394999999999982e+03
-2.927306000000000040e+03
-2.939186000000000149e+03
-2.962574999999999818e+03
-2.977054000000000087e+03
-2.922108999999999924e+03
-3.005268999999999778e+03
-2.971114000000000033e+03
-2.935103000000000065e+03
-2.974083999999999833e+03
-2.989675999999999931e+03
-2.983735999999999876e+03
-2.998585999999999785e+03
-2.990418999999999869e+03
-2.955893000000000029e+03
-2.939186000000000149e+03
-2.978166999999999916e+03
-2.959233999999999924e+03
-2.985963999999999942e+03
-2.974083999999999833e+03
-2.984106999999999971e+03
-2.964802000000000135e+03
-2.996358999999999924e+03
-2.968514999999999873e+03
-3.037938999999999851e+03
-2.990047999999999774e+03
-2.931389999999999873e+03
-2.975940000000000055e+03
-2.985963999999999942e+03
-2.993760000000000218e+03
-2.970371000000000095e+03
-2.994130999999999858e+03
-2.996730000000000018e+03
-2.967030000000000200e+03
-3.037195999999999913e+03
-2.978539000000000215e+03
-3.020860999999999876e+03
-3.053159999999999854e+03
-3.033855000000000018e+03
-2.995615999999999985e+03
-3.073208000000000084e+03
-3.020860999999999876e+03
-3.009724000000000160e+03
-3.069865999999999985e+03
-3.044621000000000095e+03
-3.050190000000000055e+03
-3.112559999999999945e+03
-3.081003999999999905e+03
-3.078034000000000106e+03
-3.151541000000000167e+03
-3.086943999999999960e+03
-3.095853999999999814e+03
-3.116271999999999935e+03
-3.081746000000000095e+03
-3.082489000000000033e+03
-3.091769999999999982e+03
-3.078405000000000200e+03
-3.081746000000000095e+03
-3.098824000000000069e+03
-3.071722000000000207e+03
-3.088800000000000182e+03
-3.081003999999999905e+03
-3.114788000000000011e+03
-3.104021000000000186e+03
-3.145601000000000113e+03
-3.121469999999999800e+03
-3.130380000000000109e+03
-3.156739000000000033e+03
-3.125925000000000182e+03
-3.164534999999999854e+03
-3.174559000000000196e+03
-3.178271000000000186e+03
-3.152655000000000200e+03
-3.183469000000000051e+03
-3.188666000000000167e+03
-3.184210999999999785e+03
-3.212054999999999836e+03
-3.257719000000000051e+03
-3.197576000000000022e+03
-3.220222000000000207e+03
-3.230246000000000095e+03
-3.187181000000000040e+03
-3.220222000000000207e+03
-3.208713999999999942e+03
-3.208713999999999942e+03
-3.214282000000000153e+03
-3.240269999999999982e+03
-3.222079000000000178e+03
-3.234329999999999927e+03
-3.261431000000000040e+03
-3.241384000000000015e+03
-3.229875000000000000e+03
-3.213168999999999869e+03
-3.225791000000000167e+03
-3.231360000000000127e+03
-3.249922999999999774e+03
-3.226163000000000011e+03
-3.253264000000000124e+03
-3.301155000000000200e+03
-3.258090000000000146e+03
-3.258090000000000146e+03
-3.265885999999999967e+03
-3.256976000000000113e+03
-3.269228000000000065e+03
-3.274795999999999822e+03
-3.285190999999999804e+03
-3.295958000000000084e+03
-3.300784000000000106e+03
-3.268114000000000033e+03
-3.293358999999999924e+03
-3.314519999999999982e+03
-3.284449000000000069e+03
-3.307094999999999800e+03
-3.325657000000000153e+03
-3.319346000000000004e+03
-3.346076000000000022e+03
-3.386170999999999822e+03
-3.336052000000000135e+03
-3.382829999999999927e+03
-3.356099999999999909e+03
-3.344963000000000193e+03
-3.371693000000000211e+03
-3.398422999999999774e+03
-3.365010000000000218e+03
-3.384315000000000055e+03
-3.431835000000000036e+03
-3.388769999999999982e+03
-3.415128999999999905e+03
-3.445943000000000211e+03
-3.433320000000000164e+03
-3.421811000000000149e+03
-3.479355000000000018e+03
-3.448913000000000011e+03
-3.441115999999999985e+03
-3.477126999999999953e+03
-3.467846000000000004e+03
-3.477126999999999953e+03
-3.510539999999999964e+03
-3.480097000000000207e+03
-3.461534999999999854e+03
-3.481583000000000084e+03
-3.476755999999999858e+03
-3.437403999999999996e+03
-3.471559000000000196e+03
-3.418469999999999800e+03
-3.440373999999999796e+03
-3.470815999999999804e+03
-3.441487999999999829e+03
-3.400650000000000091e+03
-3.447427000000000135e+03
-3.391739999999999782e+03
-3.379860000000000127e+03
-3.415500000000000000e+03
-3.379860000000000127e+03
-3.385800000000000182e+03
-3.441487999999999829e+03
-3.424409999999999854e+03
-3.406219000000000051e+03
-3.418840999999999894e+03
-3.420326000000000022e+03
-3.403619999999999891e+03
-3.418099000000000160e+03
-3.384686000000000149e+03
-3.361297999999999774e+03
-3.430349999999999909e+03
-3.404733999999999924e+03
-3.375775999999999840e+03
-3.426266000000000076e+03
-3.446684999999999945e+03
-3.391739999999999782e+03
-3.451510999999999967e+03
-3.422554000000000087e+03
-3.412530000000000200e+03
-3.405847000000000207e+03
-3.400650000000000091e+03
-3.419954999999999927e+03
-3.381715999999999894e+03
-3.411788000000000011e+03
-3.372434999999999945e+03
-3.374291000000000167e+03
-3.369835999999999785e+03
-3.375405000000000200e+03
-3.367608999999999924e+03
-3.382829999999999927e+03
-3.366494999999999891e+03
-3.379860000000000127e+03
-3.383201000000000022e+03
-3.383201000000000022e+03
-3.326771000000000186e+03
-3.373177000000000135e+03
-3.374291000000000167e+03
-3.339393999999999778e+03
-3.382458999999999833e+03
-3.377260999999999967e+03
-3.382088000000000193e+03
-3.373920000000000073e+03
-3.369835999999999785e+03
-3.362782000000000153e+03
-3.399536000000000058e+03
-3.383572999999999865e+03
-3.388027999999999793e+03
-3.321574000000000069e+03
-3.325286000000000058e+03
-3.328626999999999953e+03
-3.352016000000000076e+03
-3.327514000000000124e+03
-3.323429999999999836e+03
-3.336795000000000073e+03
-3.310807999999999993e+03
-3.296329000000000178e+03
-3.335681000000000040e+03
-3.300413000000000011e+03
-3.326400000000000091e+03
-3.322688000000000102e+03
-3.317860999999999876e+03
-3.318231999999999971e+03
-3.346076000000000022e+03
-3.311179000000000087e+03
-3.301525999999999840e+03
-3.353873000000000047e+03
-3.319717999999999847e+03
-3.340135999999999967e+03
-3.351644999999999982e+03
-3.325286000000000058e+03
-3.339764999999999873e+03
-3.356099999999999909e+03
-3.344219999999999800e+03
-3.366123999999999796e+03
-3.396565999999999804e+03
-3.323059000000000196e+03
-3.336423999999999978e+03
-3.346076000000000022e+03
-3.318974999999999909e+03
-3.340135999999999967e+03
-3.340135999999999967e+03
-3.332340000000000146e+03
-3.348675000000000182e+03
-3.352759000000000015e+03
-3.330112999999999829e+03
-3.344590999999999894e+03
-3.363525000000000091e+03
-3.360925999999999931e+03
-3.339021999999999935e+03
-3.368351000000000113e+03
