-3.228760999999999967e+03
-3.282592999999999847e+03
-3.311179000000000087e+03
-3.288903999999999996e+03
-3.291501999999999953e+03
-3.354244000000000142e+03
-3.323800999999999931e+03
-3.353501000000000204e+03
-3.370579000000000178e+03
-3.370208000000000084e+03
-3.377632999999999811e+03
-3.395452999999999975e+03
-3.403248999999999796e+03
-3.386170999999999822e+03
-3.414757999999999811e+03
-3.388027999999999793e+03
-3.416985000000000127e+03
-3.443715000000000146e+03
-3.455594999999999800e+03
-3.459307999999999993e+03
-3.419213000000000193e+03
-3.463391000000000076e+03
-3.444829000000000178e+03
-3.485295000000000073e+03
-3.459679000000000087e+03
-3.486409000000000106e+03
-3.522420000000000073e+03
-3.526503999999999905e+03
-3.502001000000000204e+03
-3.519449999999999818e+03
-3.517594000000000051e+03
-3.519820999999999913e+03
-3.555833000000000084e+03
-3.529844999999999800e+03
-3.499030999999999949e+03
-3.566599000000000160e+03
-3.540239999999999782e+03
-3.542096000000000004e+03
-3.548778999999999996e+03
-3.548036000000000058e+03
-3.537641000000000076e+03
-3.572539000000000215e+03
-3.588130999999999858e+03
-3.582934000000000196e+03
-3.581077999999999975e+03
-3.587018000000000029e+03
-3.598896999999999935e+03
-3.581820000000000164e+03
-3.594070999999999913e+03
-3.610777999999999793e+03
-3.603724000000000160e+03
-3.615974999999999909e+03
-3.622286000000000058e+03
-3.662380999999999858e+03
-3.625998999999999796e+03
-3.607807999999999993e+03
-3.673146999999999935e+03
-3.674260999999999967e+03
-3.672405000000000200e+03
-3.682800000000000182e+03
-3.729949000000000069e+03
-3.667208000000000084e+03
-3.700990999999999985e+03
-3.738487999999999829e+03
-3.706188999999999851e+03
-3.715099000000000160e+03
-3.739230000000000018e+03
-3.677974000000000160e+03
-3.738115999999999985e+03
-3.757791999999999916e+03
-3.673146999999999935e+03
-3.721039000000000215e+03
-3.743313999999999851e+03
-3.697650000000000091e+03
-3.725494000000000142e+03
-3.731434000000000196e+03
-3.728463999999999942e+03
-3.770043999999999869e+03
-3.737373999999999796e+03
-3.726235999999999876e+03
-3.786750000000000000e+03
-3.777097999999999956e+03
-3.788606000000000222e+03
-3.767445000000000164e+03
-3.804570000000000164e+03
-3.743313999999999851e+03
-3.810880999999999858e+03
-3.796030999999999949e+03
-3.783780000000000200e+03
-3.767074000000000069e+03
-3.759648999999999887e+03
-3.710643999999999778e+03
-3.737744999999999891e+03
-3.746655000000000200e+03
-3.717697999999999865e+03
-3.762619000000000142e+03
-3.765588999999999942e+03
-3.783409000000000106e+03
-3.773385000000000218e+03
-3.803827999999999975e+03
-3.783038000000000011e+03
-3.767074000000000069e+03
-3.804199000000000069e+03
-3.777840000000000146e+03
-3.785635999999999967e+03
-3.809396000000000186e+03
-3.752965999999999894e+03
-3.759277999999999793e+03
-3.824246000000000095e+03
-3.805684000000000196e+03
-3.799001000000000204e+03
-3.830186000000000149e+03
-3.823875000000000000e+03
-3.780438999999999851e+03
-3.841695000000000164e+03
-3.828329999999999927e+03
-3.831300000000000182e+03
-3.846893000000000029e+03
-3.838353999999999814e+03
-3.807168999999999869e+03
-3.906664000000000215e+03
-3.851719000000000051e+03
-3.854688999999999851e+03
-3.843550999999999931e+03
-3.865454999999999927e+03
-3.849119999999999891e+03
-3.884018000000000029e+03
-3.886244999999999891e+03
-3.870652999999999793e+03
-3.889958000000000084e+03
-3.841695000000000164e+03
-3.850233999999999924e+03
-3.855431000000000040e+03
-3.843179999999999836e+03
-3.809396000000000186e+03
-3.835755000000000109e+03
-3.835012000000000171e+03
-3.818306000000000040e+03
-3.831670999999999822e+03
-3.816820999999999913e+03
-3.852833000000000084e+03
-3.845778999999999996e+03
-3.851347999999999956e+03
-3.847635000000000218e+03
-3.855431000000000040e+03
-3.859514999999999873e+03
-3.802713999999999942e+03
-3.815708000000000084e+03
-3.793804000000000087e+03
-3.828329999999999927e+03
-3.821646999999999935e+03
-3.824989000000000033e+03
-3.809025000000000091e+03
-3.802342999999999847e+03
-3.790090999999999894e+03
-3.801228999999999814e+03
-3.812737999999999829e+03
-3.822389999999999873e+03
-3.842809000000000196e+03
-3.825731000000000222e+03
-3.868054000000000087e+03
-3.852460999999999785e+03
-3.833527999999999793e+03
-3.877335000000000036e+03
-3.810880999999999858e+03
-3.870652999999999793e+03
-3.867311000000000149e+03
-3.822018999999999778e+03
-3.819420000000000073e+03
-3.911119000000000142e+03
-3.857288000000000011e+03
-3.878820000000000164e+03
-3.881418999999999869e+03
-3.846521000000000186e+03
-3.883275000000000091e+03
-3.881047999999999774e+03
-3.889215000000000146e+03
-3.872880000000000109e+03
-3.910748000000000047e+03
-3.884018000000000029e+03
-3.894784000000000106e+03
-3.931166000000000167e+03
-3.904065000000000055e+03
-3.918172999999999774e+03
-3.926340000000000146e+03
-3.899610000000000127e+03
-3.910748000000000047e+03
-3.966434999999999945e+03
-3.921885000000000218e+03
-3.923369999999999891e+03
-3.936735000000000127e+03
-3.917429999999999836e+03
-3.961608999999999924e+03
-3.969034000000000106e+03
-3.923740999999999985e+03
-3.934878999999999905e+03
-3.966063999999999851e+03
-3.974603000000000065e+03
-3.941561000000000149e+03
-3.983884000000000015e+03
-3.964208000000000084e+03
-3.941190000000000055e+03
-3.970146999999999935e+03
-3.961237999999999829e+03
-3.946387000000000171e+03
-3.964579000000000178e+03
-3.970146999999999935e+03
-3.966063999999999851e+03
-3.999847999999999956e+03
-3.994650000000000091e+03
-3.988338999999999942e+03
-4.006530000000000200e+03
-3.981655999999999949e+03
-3.969775999999999840e+03
-4.015440000000000055e+03
-3.983141000000000076e+03
-3.995021000000000186e+03
-4.008385999999999967e+03
-4.025092999999999847e+03
-3.998362999999999829e+03
-3.999847999999999956e+03
-4.007643999999999778e+03
-3.962351000000000113e+03
-4.031032000000000153e+03
-4.042913000000000011e+03
-3.977572999999999865e+03
-4.014697999999999865e+03
-4.032146000000000186e+03
-3.991309000000000196e+03
-4.037715000000000146e+03
-4.020266000000000076e+03
-3.984626000000000204e+03
-4.007643999999999778e+03
-3.989081000000000131e+03
-3.982769999999999982e+03
-3.963835999999999785e+03
-4.007271999999999935e+03
-3.980541999999999916e+03
-3.983884000000000015e+03
-4.005045000000000073e+03
-4.000219000000000051e+03
-4.012469999999999800e+03
-3.998362999999999829e+03
-4.009500000000000000e+03
-4.041056000000000040e+03
-4.019152999999999793e+03
-4.004673999999999978e+03
-4.006530000000000200e+03
-4.034001999999999953e+03
-3.977943999999999960e+03
-4.043284000000000106e+03
-4.041427000000000135e+03
-4.049965999999999894e+03
-4.040684999999999945e+03
-4.080780000000000200e+03
-4.037715000000000146e+03
-4.052936000000000149e+03
-4.027690999999999804e+03
-4.054420999999999822e+03
-4.069271000000000186e+03
-4.061103999999999814e+03
-4.083378999999999905e+03
-4.044768999999999778e+03
-4.055534999999999854e+03
-4.052936000000000149e+03
-4.074840000000000146e+03
-4.068157000000000153e+03
-4.071498999999999796e+03
-4.087833999999999833e+03
-4.070014000000000124e+03
-4.101198999999999614e+03
-4.057019999999999982e+03
-4.066300999999999931e+03
-4.081521999999999935e+03
-4.098970999999999549e+03
-4.120131999999999607e+03
-4.113078999999999724e+03
-4.113078999999999724e+03
-4.120131999999999607e+03
-4.091916999999999916e+03
-4.101940999999999804e+03
-4.101940999999999804e+03
-4.072983999999999924e+03
-4.095630000000000109e+03
-4.111222999999999956e+03
-4.088947999999999865e+03
-4.091175000000000182e+03
-4.108994999999999891e+03
-4.102684000000000196e+03
-4.092659999999999854e+03
-4.094144999999999982e+03
-4.089690000000000055e+03
-4.070385000000000218e+03
-4.103055000000000291e+03
-4.091545999999999822e+03
-4.060731999999999971e+03
-4.054791999999999916e+03
-4.061846000000000004e+03
-4.043284000000000106e+03
-4.081521999999999935e+03
-4.073726000000000113e+03
-4.045882999999999811e+03
-4.086349000000000160e+03
-4.077438999999999851e+03
-4.104168999999999869e+03
-4.109365999999999985e+03
-4.057019999999999982e+03
-4.065929999999999836e+03
-4.108252000000000407e+03
-4.062217999999999847e+03
-4.065929999999999836e+03
-4.068157000000000153e+03
-4.099342999999999847e+03
-4.058505000000000109e+03
-4.070755999999999858e+03
-4.084121000000000095e+03
-4.082635999999999967e+03
-4.102684000000000196e+03
-4.117162999999999556e+03
-4.127929000000000087e+03
-4.101569999999999709e+03
-4.129784999999999854e+03
-4.083378999999999905e+03
-4.103796999999999571e+03
-4.112707999999999629e+03
-4.096743999999999687e+03
-4.106768000000000029e+03
-4.137953000000000429e+03
-4.118646999999999935e+03
-4.135725000000000364e+03
-4.173220999999999549e+03
-4.139065999999999804e+03
-4.124958999999999833e+03
-4.212573999999999614e+03
-4.140180000000000291e+03
-4.172106999999999971e+03
-4.172106999999999971e+03
-4.173220999999999549e+03
-4.191042000000000371e+03
-4.177676000000000386e+03
-4.189555999999999585e+03
-4.182502000000000407e+03
-4.198466000000000349e+03
-4.187699999999999818e+03
-4.241159999999999854e+03
-4.235591000000000349e+03
-4.259722999999999956e+03
-4.241159999999999854e+03
-4.191042000000000371e+03
-4.109737000000000080e+03
-4.112336000000000240e+03
-4.162083999999999833e+03
-4.127557999999999993e+03
-4.143520999999999731e+03
-4.145006000000000313e+03
-4.156886000000000422e+03
-4.120131999999999607e+03
-4.162454999999999927e+03
-4.133868999999999687e+03
-4.153545000000000073e+03
-4.152060000000000400e+03
-4.159484999999999673e+03
-4.130527000000000044e+03
-4.166909999999999854e+03
-4.149461000000000240e+03
-4.132012999999999920e+03
-4.139065999999999804e+03
-4.162083999999999833e+03
-4.140921999999999571e+03
-4.156144000000000233e+03
-4.157256999999999607e+03
-4.160599000000000160e+03
-4.185100999999999658e+03
-4.197724000000000160e+03
-4.198466000000000349e+03
-4.172850000000000364e+03
-4.191042000000000371e+03
-4.192154999999999745e+03
-4.204777000000000044e+03
-4.200323000000000320e+03
-4.180274999999999636e+03
-4.200694000000000415e+03
-4.195868000000000393e+03
-4.165796000000000276e+03
-4.200323000000000320e+03
-4.198095000000000255e+03
-4.190298999999999978e+03
-4.231506999999999607e+03
-4.174335000000000036e+03
-4.219256000000000313e+03
-4.204405999999999949e+03
-4.220369999999999891e+03
-4.185844000000000051e+03
-4.201807999999999993e+03
-4.217399999999999636e+03
-4.211460000000000036e+03
-4.215171999999999571e+03
-4.214801000000000386e+03
-4.197353000000000065e+03
-4.228537999999999556e+03
-4.211460000000000036e+03
-4.199208999999999833e+03
-4.235591000000000349e+03
-4.237076000000000022e+03
-4.241159999999999854e+03
-4.257865999999999985e+03
-4.244130000000000109e+03
-4.228537999999999556e+03
-4.240046000000000276e+03
-4.245243999999999687e+03
-4.189185000000000400e+03
-4.228537999999999556e+03
