-1.939780999999999949e+03
-1.965026000000000067e+03
-1.924189000000000078e+03
-1.947205999999999904e+03
-1.978762999999999920e+03
-1.956115999999999985e+03
-1.998067999999999984e+03
-1.985074000000000069e+03
-1.990643000000000029e+03
-2.005864000000000033e+03
-2.006978000000000065e+03
-2.002151000000000067e+03
-2.048929000000000087e+03
-2.033708000000000084e+03
-1.997695999999999913e+03
-2.033708000000000084e+03
-2.049300000000000182e+03
-2.046701000000000022e+03
-2.044473999999999933e+03
-2.060438000000000102e+03
-2.042246000000000095e+03
-2.072688999999999851e+03
-2.072688999999999851e+03
-2.055981999999999971e+03
-2.112784000000000106e+03
-2.081599000000000160e+03
-2.081969999999999800e+03
-2.107585999999999785e+03
-2.129860999999999876e+03
-2.085311000000000149e+03
-2.104615999999999985e+03
-2.133202999999999975e+03
-2.104615999999999985e+03
-2.113155000000000200e+03
-2.161045999999999822e+03
-2.135059000000000196e+03
-2.172184000000000196e+03
-2.158447999999999865e+03
-2.147309999999999945e+03
-2.211164999999999964e+03
-2.213021000000000186e+03
-2.174039999999999964e+03
-2.211164999999999964e+03
-2.232697999999999865e+03
-2.214135000000000218e+03
-2.249403999999999996e+03
-2.259798999999999978e+03
-2.216733999999999924e+03
-2.281331000000000131e+03
-2.290612999999999829e+03
-2.259056000000000040e+03
-2.305461999999999989e+03
-2.305090999999999894e+03
-2.276505000000000109e+03
-2.293954000000000178e+03
-2.298038000000000011e+03
-2.298409000000000106e+03
-2.304349000000000160e+03
-2.348155999999999949e+03
-2.318456000000000131e+03
-2.315485999999999876e+03
-2.362635000000000218e+03
-2.366347000000000207e+03
-2.317713999999999942e+03
-2.376742000000000189e+03
-2.364862999999999829e+03
-2.354838999999999942e+03
-2.377114000000000033e+03
-2.355581000000000131e+03
-2.384909999999999854e+03
-2.394563000000000102e+03
-2.374143999999999778e+03
-2.397532000000000153e+03
-2.429460000000000036e+03
-2.423148999999999887e+03
-2.422034999999999854e+03
-2.442824999999999818e+03
-2.420920999999999822e+03
-2.440597000000000207e+03
-2.480693000000000211e+03
-2.450992000000000189e+03
-2.451735000000000127e+03
-2.464728999999999814e+03
-2.468070000000000164e+03
-2.472153999999999996e+03
-2.472525000000000091e+03
-2.476980000000000018e+03
-2.489231000000000222e+03
-2.513733999999999924e+03
-2.516704000000000178e+03
-2.499998000000000047e+03
-2.524500000000000000e+03
-2.518188999999999851e+03
-2.538235999999999876e+03
-2.532295999999999822e+03
-2.568679000000000087e+03
-2.534894999999999982e+03
-2.550858999999999924e+03
-2.590583000000000084e+03
-2.567193999999999960e+03
-2.577960000000000036e+03
-2.592809999999999945e+03
-2.595409000000000106e+03
-2.615827999999999975e+03
-2.619539999999999964e+03
-2.604690000000000055e+03
-2.632534000000000106e+03
-2.635132999999999811e+03
-2.624365999999999985e+03
-2.649981999999999971e+03
-2.655922999999999774e+03
-2.654809000000000196e+03
-2.637731000000000222e+03
-2.655922999999999774e+03
-2.638844999999999800e+03
-2.638103000000000065e+03
-2.622139000000000124e+03
-2.605432999999999993e+03
-2.649981999999999971e+03
-2.670771999999999935e+03
-2.660376999999999953e+03
-2.648869000000000142e+03
-2.700844000000000051e+03
-2.682652999999999793e+03
-2.667431000000000040e+03
-2.681539000000000215e+03
-2.633646999999999935e+03
-2.681166999999999916e+03
-2.716065000000000055e+03
-2.685623000000000047e+03
-2.696389000000000124e+03
-2.736483999999999924e+03
-2.702699999999999818e+03
-2.707896999999999935e+03
-2.713094999999999800e+03
-2.719777999999999793e+03
-2.721262000000000171e+03
-2.706784000000000106e+03
-2.736483999999999924e+03
-2.727574000000000069e+03
-2.735740999999999985e+03
-2.728688000000000102e+03
-2.730914999999999964e+03
-2.743538000000000011e+03
-2.720148999999999887e+03
-2.726460000000000036e+03
-2.752818999999999960e+03
-2.753561000000000149e+03
-2.718664000000000215e+03
-2.762471000000000004e+03
-2.748364000000000033e+03
-2.686364999999999782e+03
-2.727574000000000069e+03
-2.698244999999999891e+03
-2.688963999999999942e+03
-2.722005000000000109e+03
-2.691190999999999804e+03
-2.677454999999999927e+03
-2.737969000000000051e+03
-2.687478999999999814e+03
-2.681539000000000215e+03
-2.746507999999999811e+03
-2.734255999999999858e+03
-2.698615999999999985e+03
-2.734255999999999858e+03
-2.746878999999999905e+03
-2.693418999999999869e+03
-2.725346000000000004e+03
-2.745764999999999873e+03
-2.704927000000000135e+03
-2.745393999999999778e+03
-2.736483999999999924e+03
-2.710496000000000095e+03
-2.748364000000000033e+03
-2.742795000000000073e+03
-2.700472000000000207e+03
-2.762099999999999909e+03
-2.747250000000000000e+03
-2.728688000000000102e+03
-2.748364000000000033e+03
-2.759501000000000204e+03
-2.740195999999999913e+03
-2.745021999999999935e+03
-2.772494999999999891e+03
-2.741309999999999945e+03
-2.758387000000000171e+03
-2.799967999999999847e+03
-2.749849000000000160e+03
-2.773237999999999829e+03
-2.812960999999999785e+03
-2.765813000000000102e+03
-2.778806000000000040e+03
-2.801824000000000069e+03
-2.779920000000000073e+03
-2.788829999999999927e+03
-2.815931000000000040e+03
-2.819271999999999935e+03
-2.811847000000000207e+03
-2.830780999999999949e+03
-2.805907000000000153e+03
-2.819643999999999778e+03
-2.803679999999999836e+03
-2.811105000000000018e+03
-2.806650000000000091e+03
-2.830409999999999854e+03
-2.827068999999999960e+03
-2.789943999999999960e+03
-2.830409999999999854e+03
-2.826697999999999865e+03
-2.822614000000000033e+03
-2.815931000000000040e+03
-2.819643999999999778e+03
-2.804050999999999931e+03
-2.827068999999999960e+03
-2.804422999999999774e+03
-2.811105000000000018e+03
-2.840434000000000196e+03
-2.818900999999999840e+03
-2.836721000000000004e+03
-2.845630999999999858e+03
-2.826697999999999865e+03
-2.833751000000000204e+03
-2.849715000000000146e+03
-2.856768999999999778e+03
-2.841918999999999869e+03
-2.866420999999999822e+03
-2.831523999999999887e+03
-2.854913000000000011e+03
-2.885726000000000113e+03
-2.875331000000000131e+03
-2.872360999999999876e+03
-2.901690000000000055e+03
-2.891666000000000167e+03
-2.859367000000000189e+03
-2.903545999999999822e+03
-2.879786000000000058e+03
-2.865307999999999993e+03
-2.894264999999999873e+03
-2.875331000000000131e+03
-2.880900000000000091e+03
-2.889809999999999945e+03
-2.887210999999999785e+03
-2.893893999999999778e+03
-2.897235000000000127e+03
-2.883126999999999953e+03
-2.902061000000000149e+03
-2.915054999999999836e+03
-2.898719999999999800e+03
-2.899090999999999894e+03
-2.880900000000000091e+03
-2.882385000000000218e+03
-2.880528999999999996e+03
-2.933989000000000033e+03
-2.908373000000000047e+03
-2.889438999999999851e+03
-2.934731000000000222e+03
-2.912456000000000131e+03
-2.876815999999999804e+03
-2.940670999999999822e+03
-2.936215999999999894e+03
-2.900204999999999927e+03
-2.917282000000000153e+03
-2.945869000000000142e+03
-2.934731000000000222e+03
-2.929163000000000011e+03
-2.945498000000000047e+03
-2.926563999999999851e+03
-2.954778999999999996e+03
-2.968885999999999967e+03
-2.927677000000000135e+03
-2.933246000000000095e+03
-2.972969999999999800e+03
-2.962204000000000178e+03
-2.959233999999999924e+03
-2.958490999999999985e+03
-2.941784999999999854e+03
-2.955521000000000186e+03
-2.966288000000000011e+03
-2.943641000000000076e+03
-2.957748999999999796e+03
-2.978539000000000215e+03
-2.963318000000000211e+03
-2.953664999999999964e+03
-2.956264000000000124e+03
-2.949581000000000131e+03
-2.957376999999999953e+03
-2.966288000000000011e+03
-2.957376999999999953e+03
-2.936215999999999894e+03
-2.975568999999999960e+03
-2.962204000000000178e+03
-2.955150000000000091e+03
-2.975568999999999960e+03
-2.983735999999999876e+03
-2.972228000000000065e+03
-2.987449000000000069e+03
-2.971114000000000033e+03
-2.970371000000000095e+03
-2.985592999999999847e+03
-2.971485000000000127e+03
-2.983364999999999782e+03
-3.006382999999999811e+03
-2.989304999999999836e+03
-2.987449000000000069e+03
-2.992275000000000091e+03
-2.995615999999999985e+03
-2.963318000000000211e+03
-2.970742000000000189e+03
-3.003041000000000167e+03
-2.978909999999999854e+03
-2.969257999999999811e+03
-3.000070999999999913e+03
-2.977795999999999822e+03
-2.968514999999999873e+03
-2.990047999999999774e+03
-2.986706000000000131e+03
-2.981509000000000015e+03
-2.987449000000000069e+03
-2.976311000000000149e+03
-3.003784000000000106e+03
-2.992646000000000186e+03
-2.978539000000000215e+03
-3.021231999999999971e+03
-2.998958000000000084e+03
-3.006382999999999811e+03
-3.044621000000000095e+03
-3.027172999999999774e+03
-2.999699999999999818e+03
-3.009724000000000160e+03
-3.015664000000000215e+03
-3.007867000000000189e+03
-3.022717999999999847e+03
-3.022717999999999847e+03
-2.998958000000000084e+03
-2.998958000000000084e+03
-2.999329000000000178e+03
-2.999699999999999818e+03
-2.992646000000000186e+03
-3.019376000000000204e+03
-3.017891000000000076e+03
-3.007125000000000000e+03
-3.008981000000000222e+03
-3.036824999999999818e+03
-3.038681000000000040e+03
-3.033855000000000018e+03
-3.047590999999999894e+03
-3.042021999999999935e+03
-3.039795000000000073e+03
-3.046478000000000065e+03
-3.055016000000000076e+03
-3.044250000000000000e+03
-3.042764999999999873e+03
-3.013807999999999993e+03
-2.999699999999999818e+03
-2.983364999999999782e+03
-2.980766000000000076e+03
-3.014179000000000087e+03
-2.996358999999999924e+03
-3.019005000000000109e+03
-3.014550000000000182e+03
-3.020860999999999876e+03
-3.019376000000000204e+03
-3.018634000000000015e+03
-3.007867000000000189e+03
-3.027172999999999774e+03
-3.027543999999999869e+03
-3.030143000000000029e+03
-3.037195999999999913e+03
-3.029771000000000186e+03
-3.039423999999999978e+03
-3.030143000000000029e+03
-3.055016000000000076e+03
-3.079889999999999873e+03
-3.023088999999999942e+03
-3.060585000000000036e+03
-3.057985999999999876e+03
-3.047963000000000193e+03
-3.055016000000000076e+03
-3.048333999999999833e+03
-3.053159999999999854e+03
-3.070980000000000018e+03
-3.044992000000000189e+03
-3.044992000000000189e+03
-3.063184000000000196e+03
-3.038681000000000040e+03
-3.046478000000000065e+03
-3.054644999999999982e+03
-3.056130000000000109e+03
-3.053902999999999793e+03
-3.062813000000000102e+03
-3.033483999999999924e+03
-3.037195999999999913e+03
-3.043507999999999811e+03
-3.045364000000000033e+03
-3.042021999999999935e+03
-3.050932999999999993e+03
-3.065782000000000153e+03
-3.057244000000000142e+03
-3.048333999999999833e+03
-3.057985999999999876e+03
-3.073949999999999818e+03
-3.060956000000000131e+03
-3.065782000000000153e+03
-3.081003999999999905e+03
-3.075063999999999851e+03
-3.059842999999999847e+03
-3.068010000000000218e+03
-3.077663000000000011e+03
-3.073579000000000178e+03
-3.065039999999999964e+03
-3.105135000000000218e+03
-3.093255000000000109e+03
