1.243725000000000023e+02
9.986929999999999552e+01
1.240013000000000005e+02
8.390506000000000597e+01
9.021650999999999954e+01
1.061807000000000016e+02
6.645578000000000429e+01
5.494668000000000063e+01
6.645578000000000429e+01
6.014433999999999969e+01
5.383288999999999902e+01
2.190441999999999823e+01
2.635954999999999870e+01
2.190441999999999823e+01
7.053965999999999958e+00
4.566514999999999702e+01
2.970091000000000037e+00
-5.197499999999999787e+00
9.652794999999999348e+00
9.281532999999999589e+00
0.000000000000000000e+00
1.485045000000000037e+01
1.299414999999999942e+01
-2.487375000000000114e+01
-1.410749999999999993e+01
-2.598750000000000071e+01
-5.977125000000000199e+01
-3.267000000000000171e+01
-7.239374999999999716e+01
-5.197500000000000142e+01
-4.120875000000000199e+01
-4.232249999999999801e+01
-4.492125000000000057e+01
-6.385499999999999687e+01
-4.529249999999999687e+01
-6.348375000000000057e+01
-4.900500000000000256e+01
-7.981874999999999432e+01
-8.056125000000000114e+01
-7.499250000000000682e+01
-9.281250000000000000e+01
-1.043212999999999937e+02
-8.909999999999999432e+01
-8.947124999999999773e+01
-1.403325000000000102e+02
-9.912375000000000114e+01
-1.095187999999999988e+02
-1.225125000000000028e+02
-1.020938000000000017e+02
-1.046924999999999955e+02
-1.150875000000000057e+02
-9.429749999999999943e+01
-1.392187999999999874e+02
-1.384763000000000090e+02
-8.538750000000000284e+01
-1.191711999999999989e+02
-1.418174999999999955e+02
-1.418174999999999955e+02
-1.035788000000000011e+02
-1.336500000000000057e+02
-1.410749999999999886e+02
-1.388474999999999966e+02
-1.425600000000000023e+02
-1.473862000000000023e+02
-1.570388000000000090e+02
-1.867387999999999977e+02
-1.804275000000000091e+02
-1.670625000000000000e+02
-1.893375000000000057e+02
-1.733737000000000137e+02
-1.778288000000000011e+02
-1.652062999999999988e+02
-1.781999999999999886e+02
-1.752299999999999898e+02
-1.997324999999999875e+02
-2.182949999999999875e+02
-1.826550000000000011e+02
-1.915649999999999977e+02
-2.067863000000000113e+02
-2.324025000000000034e+02
-1.956487999999999943e+02
-1.807988000000000000e+02
-1.733737000000000137e+02
-1.748586999999999989e+02
-1.796850000000000023e+02
-1.830261999999999887e+02
-1.952775000000000034e+02
-1.741162999999999954e+02
-1.904512000000000000e+02
-1.848824999999999932e+02
-1.774575000000000102e+02
-2.053012999999999977e+02
-2.067863000000000113e+02
-2.001037000000000035e+02
-2.268337999999999965e+02
-2.424262999999999977e+02
-1.871100000000000136e+02
-2.212649999999999864e+02
-2.446536999999999864e+02
-2.216362000000000023e+02
-2.427975000000000136e+02
-2.208937999999999988e+02
-2.260911999999999864e+02
-2.153249999999999886e+02
-2.416836999999999875e+02
-2.364863000000000000e+02
-2.331450000000000102e+02
-2.479950000000000045e+02
-2.557913000000000068e+02
-2.468813000000000102e+02
-2.661861999999999853e+02
-2.479950000000000045e+02
-2.413125000000000000e+02
-2.635874999999999773e+02
-2.439113000000000113e+02
-2.561625000000000227e+02
-2.665575000000000045e+02
-2.717549999999999955e+02
-2.802937999999999761e+02
-2.713838000000000079e+02
-2.721263000000000147e+02
-2.665575000000000045e+02
-3.044250000000000114e+02
-2.806650000000000205e+02
-2.862337999999999738e+02
-2.873475000000000250e+02
-2.621025000000000205e+02
-2.598750000000000000e+02
-2.940299999999999727e+02
-3.122212999999999852e+02
-2.892038000000000011e+02
-2.914311999999999898e+02
-3.107363000000000284e+02
-2.955149999999999864e+02
-2.984850000000000136e+02
-3.007124999999999773e+02
-3.062812999999999874e+02
-2.843774999999999977e+02
-2.806650000000000205e+02
-2.776949999999999932e+02
-2.676712999999999738e+02
-2.802937999999999761e+02
-2.524499999999999886e+02
-2.684137999999999806e+02
-2.784375000000000000e+02
-2.647013000000000034e+02
-2.409413000000000125e+02
-2.275762000000000000e+02
-2.108700000000000045e+02
-2.108700000000000045e+02
-2.175525000000000091e+02
-2.253488000000000113e+02
-2.194088000000000136e+02
-2.320312999999999874e+02
-2.041875000000000000e+02
-2.216362000000000023e+02
-2.453962999999999965e+02
-2.364863000000000000e+02
-2.264625000000000057e+02
-2.305461999999999989e+02
-2.517075000000000102e+02
-2.483662999999999954e+02
-2.361150000000000091e+02
-2.253488000000000113e+02
-2.398274999999999864e+02
-2.298037999999999954e+02
-2.305461999999999989e+02
-2.275762000000000000e+02
-2.513362999999999943e+02
-2.090137000000000000e+02
-2.309174999999999898e+02
-2.290612000000000137e+02
-2.253488000000000113e+02
-2.324025000000000034e+02
-2.465099999999999909e+02
-2.353725000000000023e+02
-2.465099999999999909e+02
-2.279474999999999909e+02
-2.446536999999999864e+02
-2.286899999999999977e+02
-2.368574999999999875e+02
-2.227500000000000000e+02
-1.715175000000000125e+02
-1.956487999999999943e+02
-1.752299999999999898e+02
-1.644636999999999887e+02
-1.789424999999999955e+02
-1.811699999999999875e+02
-1.793137999999999863e+02
-1.982475000000000023e+02
-2.001037000000000035e+02
-1.852538000000000125e+02
-1.900800000000000125e+02
-1.763437999999999874e+02
-1.871100000000000136e+02
-2.038163000000000125e+02
-1.640925000000000011e+02
-1.566674999999999898e+02
-1.640925000000000011e+02
-1.485000000000000000e+02
-1.581525000000000034e+02
-1.722599999999999909e+02
-1.722599999999999909e+02
-1.559250000000000114e+02
-1.704036999999999864e+02
-1.674336999999999875e+02
-1.473862000000000023e+02
-1.934211999999999989e+02
-1.778288000000000011e+02
-1.614937999999999931e+02
-1.748586999999999989e+02
-1.648350000000000080e+02
-1.640925000000000011e+02
-1.856250000000000000e+02
-1.614937999999999931e+02
-1.867387999999999977e+02
-1.971338000000000079e+02
-1.793137999999999863e+02
-1.807988000000000000e+02
-1.737450000000000045e+02
-1.923075000000000045e+02
-1.997324999999999875e+02
-1.685475000000000136e+02
-1.767150000000000034e+02
-1.975049999999999955e+02
-1.915649999999999977e+02
-2.049300000000000068e+02
-1.982475000000000023e+02
-1.967624999999999886e+02
-2.049300000000000068e+02
-1.689187000000000012e+02
-2.101274999999999977e+02
-2.049300000000000068e+02
-1.718887000000000000e+02
-2.023312999999999988e+02
-2.056725000000000136e+02
-2.053012999999999977e+02
-2.015886999999999887e+02
-2.312888000000000090e+02
-2.108700000000000045e+02
-2.019600000000000080e+02
-2.168100000000000023e+02
-1.952775000000000034e+02
-2.145825000000000102e+02
-2.223788000000000125e+02
-2.242350000000000136e+02
-2.253488000000000113e+02
-2.186662000000000035e+02
-2.175525000000000091e+02
-2.275762000000000000e+02
-2.327737999999999943e+02
-2.197800000000000011e+02
-2.390850000000000080e+02
-2.272050000000000125e+02
-2.387136999999999887e+02
-2.342588000000000079e+02
-2.353725000000000023e+02
-2.439113000000000113e+02
-2.479950000000000045e+02
-2.153249999999999886e+02
-1.518411999999999864e+02
-1.555537999999999954e+02
-1.555537999999999954e+02
-1.707750000000000057e+02
-1.581525000000000034e+02
-1.459011999999999887e+02
-1.663199999999999932e+02
-1.459011999999999887e+02
-1.548112000000000137e+02
-1.737450000000000045e+02
-1.685475000000000136e+02
-1.692899999999999920e+02
-1.763437999999999874e+02
-1.770862999999999943e+02
-1.733737000000000137e+02
-1.874812000000000012e+02
-1.767150000000000034e+02
-1.692899999999999920e+02
-1.622363000000000000e+02
-1.622363000000000000e+02
-1.945349999999999966e+02
-1.533262000000000000e+02
-1.722599999999999909e+02
-1.733737000000000137e+02
-1.485000000000000000e+02
-1.748586999999999989e+02
-1.852538000000000125e+02
-1.722599999999999909e+02
-1.522125000000000057e+02
-1.793137999999999863e+02
-1.704036999999999864e+02
-1.592663000000000011e+02
-1.711462999999999965e+02
-1.633499999999999943e+02
-1.689187000000000012e+02
-1.781999999999999886e+02
-1.722599999999999909e+02
-1.733737000000000137e+02
-1.536974999999999909e+02
-1.733737000000000137e+02
-1.763437999999999874e+02
-1.781999999999999886e+02
-1.540688000000000102e+02
-1.930500000000000114e+02
-1.689187000000000012e+02
-1.704036999999999864e+02
-1.622363000000000000e+02
-1.897087999999999965e+02
-1.689187000000000012e+02
-1.607512999999999863e+02
-1.833975000000000080e+02
-1.659487000000000023e+02
-1.648350000000000080e+02
-1.689187000000000012e+02
-1.778288000000000011e+02
-1.466437999999999988e+02
-1.607512999999999863e+02
-1.882238000000000113e+02
-1.756013000000000090e+02
-1.889661999999999864e+02
-1.885949999999999989e+02
-1.793137999999999863e+02
-1.704036999999999864e+02
-1.689187000000000012e+02
-1.666913000000000125e+02
-1.926787999999999954e+02
-1.763437999999999874e+02
-1.748586999999999989e+02
-1.897087999999999965e+02
-1.785713000000000079e+02
-1.752299999999999898e+02
-1.778288000000000011e+02
-1.837687999999999988e+02
-2.071574999999999989e+02
-1.826550000000000011e+02
-1.919362000000000137e+02
-1.704036999999999864e+02
-1.867387999999999977e+02
-1.822838000000000136e+02
-1.904512000000000000e+02
-1.785713000000000079e+02
-1.941638000000000090e+02
-1.904512000000000000e+02
-2.030737000000000023e+02
-1.900800000000000125e+02
-1.908224999999999909e+02
-1.967624999999999886e+02
-1.993613000000000000e+02
-1.852538000000000125e+02
-2.053012999999999977e+02
-2.071574999999999989e+02
-1.949062999999999874e+02
-1.882238000000000113e+02
-2.045586999999999875e+02
-1.993613000000000000e+02
-1.900800000000000125e+02
-2.060437000000000012e+02
-2.056725000000000136e+02
-2.067863000000000113e+02
-2.175525000000000091e+02
-1.908224999999999909e+02
-2.093849999999999909e+02
-2.030737000000000023e+02
-1.952775000000000034e+02
-2.112412999999999954e+02
-2.171812999999999931e+02
-2.038163000000000125e+02
-2.067863000000000113e+02
-2.164387999999999863e+02
-2.175525000000000091e+02
-2.138400000000000034e+02
-2.186662000000000035e+02
-2.079000000000000057e+02
-2.242350000000000136e+02
-2.090137000000000000e+02
-2.164387999999999863e+02
-2.260911999999999864e+02
-2.309174999999999898e+02
-2.097563000000000102e+02
-2.004749999999999943e+02
-1.989900000000000091e+02
-1.949062999999999874e+02
-1.989900000000000091e+02
-1.997324999999999875e+02
-2.153249999999999886e+02
-2.194088000000000136e+02
-2.053012999999999977e+02
-2.201511999999999887e+02
-2.112412999999999954e+02
-2.238637999999999977e+02
-2.119836999999999989e+02
-1.770862999999999943e+02
-1.848824999999999932e+02
-1.652062999999999988e+02
-1.711462999999999965e+02
-1.893375000000000057e+02
-1.852538000000000125e+02
-1.785713000000000079e+02
-1.826550000000000011e+02
-1.737450000000000045e+02
-1.878524999999999920e+02
-1.900800000000000125e+02
-1.874812000000000012e+02
-1.923075000000000045e+02
-1.811699999999999875e+02
-1.837687999999999988e+02
-2.086425000000000125e+02
-1.926787999999999954e+02
-1.919362000000000137e+02
-1.919362000000000137e+02
-2.027024999999999864e+02
-1.856250000000000000e+02
