-1.841028999999999996e+03
-1.830634000000000015e+03
-1.836944999999999936e+03
-1.839172000000000025e+03
-1.877039999999999964e+03
-1.849195999999999913e+03
-1.878525000000000091e+03
-1.887806000000000040e+03
-1.893003999999999905e+03
-1.907482999999999947e+03
-1.933470000000000027e+03
-1.927159000000000106e+03
-1.926045000000000073e+03
-1.953518000000000029e+03
-1.936068999999999960e+03
-1.964654999999999973e+03
-1.979134000000000015e+03
-2.002151000000000067e+03
-2.018115000000000009e+03
-2.004378999999999905e+03
-1.983960000000000036e+03
-2.031108999999999924e+03
-2.047815000000000055e+03
-2.017743999999999915e+03
-2.055239999999999782e+03
-2.040390000000000100e+03
-2.047443999999999960e+03
-2.019229000000000042e+03
-2.073802000000000135e+03
-2.022199000000000069e+03
-2.073431000000000040e+03
-2.070833000000000084e+03
-2.109813999999999851e+03
-2.074173999999999978e+03
-2.095335000000000036e+03
-2.077514999999999873e+03
-2.130231999999999971e+03
-2.064893000000000029e+03
-2.101275000000000091e+03
-2.081228000000000065e+03
-2.101646000000000186e+03
-2.117239000000000033e+03
-2.109813999999999851e+03
-2.104244999999999891e+03
-2.124664000000000215e+03
-2.106101000000000113e+03
-2.099047999999999774e+03
-2.126148999999999887e+03
-2.129119000000000142e+03
-2.145824999999999818e+03
-2.152507999999999811e+03
-2.132088999999999942e+03
-2.155106000000000222e+03
-2.159561000000000149e+03
-2.159932999999999993e+03
-2.182579000000000178e+03
-2.152878999999999905e+03
-2.145083000000000084e+03
-2.222302000000000135e+03
-2.153250000000000000e+03
-2.188518999999999778e+03
-2.187405000000000200e+03
-2.206710000000000036e+03
-2.151393999999999778e+03
-2.228242000000000189e+03
-2.201884000000000015e+03
-2.186291000000000167e+03
-2.268336999999999989e+03
-2.204481999999999971e+03
-2.218590000000000146e+03
-2.208565999999999804e+03
-2.249403999999999996e+03
-2.185920000000000073e+03
-2.217847000000000207e+03
-2.214135000000000218e+03
-2.202255000000000109e+03
-2.240864999999999782e+03
-2.220818000000000211e+03
-2.231954999999999927e+03
-2.285786000000000058e+03
-2.250889000000000124e+03
-2.224159000000000106e+03
-2.244206000000000131e+03
-2.253115999999999985e+03
-2.189260999999999967e+03
-2.235295999999999822e+03
-2.228242000000000189e+03
-2.221559999999999945e+03
-2.208565999999999804e+03
-2.242721000000000004e+03
-2.220074999999999818e+03
-2.233068999999999960e+03
-2.241606999999999971e+03
-2.183320999999999913e+03
-2.200769999999999982e+03
-2.237523999999999887e+03
-2.210793999999999869e+03
-2.240494000000000142e+03
-2.258313999999999851e+03
-2.234182999999999993e+03
-2.210793999999999869e+03
-2.259798999999999978e+03
-2.220818000000000211e+03
-2.233811000000000149e+03
-2.227500000000000000e+03
-2.236409999999999854e+03
-2.252001999999999953e+03
-2.263139999999999873e+03
-2.241235999999999876e+03
-2.249403999999999996e+03
-2.295809999999999945e+03
-2.257943000000000211e+03
-2.247918999999999869e+03
-2.334791000000000167e+03
-2.262025999999999840e+03
-2.274277999999999793e+03
-2.293954000000000178e+03
-2.279474999999999909e+03
-2.253858999999999924e+03
-2.308432999999999993e+03
-2.265367000000000189e+03
-2.227128999999999905e+03
-2.299150999999999840e+03
-2.257570999999999913e+03
-2.258313999999999851e+03
-2.310659999999999854e+03
-2.269451000000000022e+03
-2.277989999999999782e+03
-2.277248000000000047e+03
-2.315856999999999971e+03
-2.327365999999999985e+03
-2.307318999999999960e+03
-2.344815000000000055e+03
-2.317713999999999942e+03
-2.337018999999999778e+03
-2.321425999999999931e+03
-2.332563999999999851e+03
-2.313630000000000109e+03
-2.328851000000000113e+03
-2.328851000000000113e+03
-2.334420000000000073e+03
-2.338503999999999905e+03
-2.312887000000000171e+03
-2.369688999999999851e+03
-2.312887000000000171e+03
-2.310289000000000215e+03
-2.322911000000000058e+03
-2.314744000000000142e+03
-2.338503999999999905e+03
-2.331079000000000178e+03
-2.362264000000000124e+03
-2.319199000000000069e+03
-2.351126000000000204e+03
-2.347414000000000215e+03
-2.358179999999999836e+03
-2.352981999999999971e+03
-2.363748999999999796e+03
-2.344072999999999865e+03
-2.349641000000000076e+03
-2.385280999999999949e+03
-2.345929000000000087e+03
-2.376742000000000189e+03
-2.374514999999999873e+03
-2.325139000000000124e+03
-2.386023999999999887e+03
-2.381197999999999865e+03
-2.370059999999999945e+03
-2.397161000000000058e+03
-2.417579999999999927e+03
-2.354838999999999942e+03
-2.391221000000000004e+03
-2.401244999999999891e+03
-2.373771999999999935e+03
-2.425376000000000204e+03
-2.400130999999999858e+03
-2.410155000000000200e+03
-2.448393999999999778e+03
-2.443568000000000211e+03
-2.420550000000000182e+03
-2.430945000000000164e+03
-2.438369999999999891e+03
-2.435771000000000186e+03
-2.455818999999999960e+03
-2.470297999999999774e+03
-2.452106000000000222e+03
-2.431688000000000102e+03
-2.493315000000000055e+03
-2.407556000000000040e+03
-2.445423999999999978e+03
-2.422405999999999949e+03
-2.390478999999999814e+03
-2.403101000000000113e+03
-2.317342999999999847e+03
-2.291355000000000018e+03
-2.247918999999999869e+03
-2.262396999999999935e+03
-2.259056000000000040e+03
-2.249775000000000091e+03
-2.291726000000000113e+03
-2.275019999999999982e+03
-2.233068999999999960e+03
-2.275762000000000171e+03
-2.263139999999999873e+03
-2.234182999999999993e+03
-2.275762000000000171e+03
-2.274648999999999887e+03
-2.250518000000000029e+03
-2.296181000000000040e+03
-2.273534999999999854e+03
-2.269451000000000022e+03
-2.293210999999999785e+03
-2.260541000000000167e+03
-2.255715000000000146e+03
-2.301007999999999811e+03
-2.292840000000000146e+03
-2.260170000000000073e+03
-2.285786000000000058e+03
-2.282445000000000164e+03
-2.219333000000000084e+03
-2.291726000000000113e+03
-2.296181000000000040e+03
-2.242349999999999909e+03
-2.305833999999999833e+03
-2.293210999999999785e+03
-2.256085999999999785e+03
-2.288755999999999858e+03
-2.303235000000000127e+03
-2.279474999999999909e+03
-2.302121000000000095e+03
-2.292097000000000207e+03
-2.287643000000000029e+03
-2.262025999999999840e+03
-2.279103999999999814e+03
-2.234925000000000182e+03
-2.276505000000000109e+03
-2.261284000000000106e+03
-2.244949000000000069e+03
-2.263510999999999967e+03
-2.295809999999999945e+03
-2.236409999999999854e+03
-2.258313999999999851e+03
-2.263882999999999811e+03
-2.254972000000000207e+03
-2.283559000000000196e+03
-2.280960000000000036e+03
-2.250889000000000124e+03
-2.279474999999999909e+03
-2.253115999999999985e+03
-2.270936000000000149e+03
-2.277619000000000142e+03
-2.295809999999999945e+03
-2.275762000000000171e+03
-2.263510999999999967e+03
-2.297295000000000073e+03
-2.282445000000000164e+03
-2.289869999999999891e+03
-2.289498999999999796e+03
-2.275391000000000076e+03
-2.262396999999999935e+03
-2.281702999999999975e+03
-2.292469000000000051e+03
-2.231211999999999989e+03
-2.269451000000000022e+03
-2.260170000000000073e+03
-2.249403999999999996e+03
-2.266481000000000222e+03
-2.282445000000000164e+03
-2.251630999999999858e+03
-2.255344000000000051e+03
-2.283188000000000102e+03
-2.269451000000000022e+03
-2.278360999999999876e+03
-2.270565000000000055e+03
-2.263139999999999873e+03
-2.282445000000000164e+03
-2.243835000000000036e+03
-2.266110000000000127e+03
-2.273164000000000215e+03
-2.282815999999999804e+03
-2.243092999999999847e+03
-2.293954000000000178e+03
-2.286528999999999996e+03
-2.263510999999999967e+03
-2.307318999999999960e+03
-2.263510999999999967e+03
-2.276134000000000015e+03
-2.276134000000000015e+03
-2.282074000000000069e+03
-2.280217999999999847e+03
-2.282074000000000069e+03
-2.262025999999999840e+03
-2.280217999999999847e+03
-2.266481000000000222e+03
-2.272791999999999916e+03
-2.268708999999999833e+03
-2.274648999999999887e+03
-2.303235000000000127e+03
-2.307690000000000055e+03
-2.295068000000000211e+03
-2.269079999999999927e+03
-2.303606000000000222e+03
-2.290983999999999924e+03
-2.298038000000000011e+03
-2.297666000000000167e+03
-2.282815999999999804e+03
-2.294695999999999913e+03
-2.275019999999999982e+03
-2.303606000000000222e+03
-2.275762000000000171e+03
-2.276134000000000015e+03
-2.348155999999999949e+03
-2.319199000000000069e+03
-2.294324999999999818e+03
-2.339989000000000033e+03
-2.330708000000000084e+03
-2.276505000000000109e+03
-2.337389999999999873e+03
-2.334420000000000073e+03
-2.296923999999999978e+03
-2.317342999999999847e+03
-2.334791000000000167e+03
-2.304719999999999800e+03
-2.318827999999999975e+03
-2.337760999999999967e+03
-2.323653999999999996e+03
-2.316971000000000004e+03
-2.358179999999999836e+03
-2.322539999999999964e+03
-2.357065999999999804e+03
-2.393820000000000164e+03
-2.352239999999999782e+03
-2.347784999999999854e+03
-2.367833000000000084e+03
-2.367460999999999785e+03
-2.370802000000000135e+03
-2.402358999999999924e+03
-2.346670999999999822e+03
-2.371545000000000073e+03
-2.382311000000000149e+03
-2.371173999999999978e+03
-2.373400999999999840e+03
-2.388251000000000204e+03
-2.381940000000000055e+03
-2.353353999999999814e+03
-2.393449000000000069e+03
-2.387137000000000171e+03
-2.365976000000000113e+03
-2.423148999999999887e+03
-2.376000000000000000e+03
-2.390106999999999971e+03
-2.427231999999999971e+03
-2.440597000000000207e+03
-2.400130999999999858e+03
-2.401244999999999891e+03
-2.421291999999999916e+03
-2.376742000000000189e+03
-2.418693999999999960e+03
-2.425005000000000109e+03
-2.416094999999999800e+03
-2.436143000000000029e+03
-2.472525000000000091e+03
-2.436514000000000124e+03
-2.453590999999999894e+03
-2.472525000000000091e+03
-2.435771000000000186e+03
-2.467699000000000069e+03
-2.475865999999999985e+03
-2.457304000000000087e+03
-2.434286000000000058e+03
-2.455818999999999960e+03
-2.445052000000000135e+03
-2.454333999999999833e+03
-2.482920000000000073e+03
-2.430574000000000069e+03
-2.463985999999999876e+03
-2.456561000000000149e+03
-2.472896000000000186e+03
-2.464728999999999814e+03
-2.472153999999999996e+03
-2.465471000000000004e+03
-2.474380999999999858e+03
-2.483663000000000011e+03
-2.480693000000000211e+03
-2.479208000000000084e+03
-2.476980000000000018e+03
-2.486260999999999967e+03
-2.506679999999999836e+03
-2.496655999999999949e+03
-2.481063999999999851e+03
-2.495914000000000215e+03
-2.521900999999999840e+03
-2.491458999999999833e+03
-2.525242000000000189e+03
-2.479579000000000178e+03
-2.515219000000000051e+03
-2.527840999999999894e+03
-2.497398999999999887e+03
-2.510393000000000029e+03
-2.508907000000000153e+03
-2.512248999999999796e+03
-2.501110999999999876e+03
-2.497398999999999887e+03
-2.509650000000000091e+03
-2.504452999999999975e+03
-2.523385999999999967e+03
-2.531925000000000182e+03
-2.541949000000000069e+03
-2.520045000000000073e+03
-2.568307999999999993e+03
-2.521159000000000106e+03
-2.548630999999999858e+03
-2.559025999999999840e+03
