-1.741162999999999954e+02
-1.551825000000000045e+02
-1.395900000000000034e+02
-1.718887000000000000e+02
-1.700324999999999989e+02
-1.908224999999999909e+02
-1.900800000000000125e+02
-1.945349999999999966e+02
-1.774575000000000102e+02
-2.101274999999999977e+02
-2.223788000000000125e+02
-2.171812999999999931e+02
-2.290612000000000137e+02
-2.101274999999999977e+02
-2.134687999999999874e+02
-2.097563000000000102e+02
-1.956487999999999943e+02
-2.264625000000000057e+02
-2.305461999999999989e+02
-1.911938000000000102e+02
-2.539350000000000023e+02
-2.439113000000000113e+02
-2.220074999999999932e+02
-2.476237000000000137e+02
-2.736113000000000284e+02
-2.572762000000000171e+02
-2.769524999999999864e+02
-2.710124999999999886e+02
-2.721263000000000147e+02
-2.932875000000000227e+02
-3.029399999999999977e+02
-2.814075000000000273e+02
-2.984850000000000136e+02
-3.129637000000000171e+02
-2.984850000000000136e+02
-2.999700000000000273e+02
-3.155625000000000000e+02
-3.519449999999999932e+02
-3.122212999999999852e+02
-3.478613000000000284e+02
-3.460049999999999955e+02
-3.474900000000000091e+02
-3.344961999999999875e+02
-3.612262999999999806e+02
-3.315262000000000171e+02
-3.719925000000000068e+02
-3.645674999999999955e+02
-3.623399999999999750e+02
-3.742200000000000273e+02
-3.445199999999999818e+02
-3.478613000000000284e+02
-3.768188000000000102e+02
-3.790462999999999738e+02
-3.701363000000000056e+02
-3.864712999999999852e+02
-3.883274999999999864e+02
-3.760763000000000034e+02
-4.020638000000000147e+02
-4.176562999999999874e+02
-4.042912999999999784e+02
-4.213686999999999898e+02
-3.994649999999999750e+02
-4.013213000000000079e+02
-4.206263000000000147e+02
-4.261949999999999932e+02
-4.235962999999999852e+02
-4.451288000000000125e+02
-4.588650000000000091e+02
-4.321349999999999909e+02
-4.688888000000000034e+02
-4.544100000000000250e+02
-4.447574999999999932e+02
-4.480987999999999829e+02
-4.425299999999999727e+02
-4.711161999999999921e+02
-4.685174999999999841e+02
-4.614637000000000171e+02
-4.603500000000000227e+02
-4.863374999999999773e+02
-4.978462999999999852e+02
-4.915350000000000250e+02
-5.008163000000000125e+02
-4.971037999999999784e+02
-4.893075000000000045e+02
-4.900500000000000114e+02
-5.093550000000000182e+02
-5.123250000000000455e+02
-5.457374999999999545e+02
-5.334863000000000284e+02
-5.401688000000000329e+02
-5.609587000000000216e+02
-5.565037999999999556e+02
-5.472224999999999682e+02
-5.665275000000000318e+02
-5.631862999999999602e+02
-5.565037999999999556e+02
-5.802636999999999716e+02
-5.854611999999999625e+02
-5.509349999999999454e+02
-5.854611999999999625e+02
-5.847187999999999874e+02
-5.724674999999999727e+02
-5.802636999999999716e+02
-6.043949999999999818e+02
-5.876888000000000147e+02
-5.888025000000000091e+02
-5.995687000000000353e+02
-5.895449999999999591e+02
-6.073650000000000091e+02
-6.047662000000000262e+02
-5.940000000000000000e+02
-6.147899999999999636e+02
-6.229574999999999818e+02
-6.262988000000000284e+02
-6.196163000000000238e+02
-6.337237999999999829e+02
-6.099637000000000171e+02
-5.980837000000000216e+02
-6.296399999999999864e+02
-6.266699999999999591e+02
-6.340950000000000273e+02
-6.404062999999999874e+02
-6.348374999999999773e+02
-6.211013000000000375e+02
-6.307537999999999556e+02
-6.441187999999999647e+02
-6.225861999999999625e+02
-6.381788000000000238e+02
-6.262988000000000284e+02
-6.415199999999999818e+02
-6.467174999999999727e+02
-6.563700000000000045e+02
-6.441187999999999647e+02
-6.274125000000000227e+02
-6.288975000000000364e+02
-6.255562999999999647e+02
-6.400349999999999682e+02
-6.032812999999999874e+02
-6.426336999999999762e+02
-6.389212999999999738e+02
-6.203587999999999738e+02
-6.281549999999999727e+02
-6.441187999999999647e+02
-6.496875000000000000e+02
-6.326100000000000136e+02
-6.459750000000000227e+02
-6.415199999999999818e+02
-6.470887000000000171e+02
-6.589687999999999874e+02
-6.686213000000000193e+02
-6.519149999999999636e+02
-6.589687999999999874e+02
-6.556275000000000546e+02
-6.660225000000000364e+02
-6.960937999999999874e+02
-6.938663000000000238e+02
-6.812437999999999647e+02
-6.916386999999999716e+02
-6.897825000000000273e+02
-6.864412999999999556e+02
-6.975787000000000262e+02
-7.035186999999999671e+02
-6.775312999999999874e+02
-6.983211999999999762e+02
-7.090874999999999773e+02
-6.905249999999999773e+02
-7.053750000000000000e+02
-6.894112999999999829e+02
-6.775312999999999874e+02
-6.793875000000000455e+02
-7.024049999999999727e+02
-6.801299999999999955e+02
-6.905249999999999773e+02
-6.686213000000000193e+02
-6.615674999999999955e+02
-6.801299999999999955e+02
-6.637949999999999591e+02
-6.831000000000000227e+02
-7.090874999999999773e+02
-6.734474999999999909e+02
-6.808724999999999454e+02
-6.856987000000000307e+02
-6.882975000000000136e+02
-6.953513000000000375e+02
-6.871838000000000193e+02
-6.808724999999999454e+02
-6.864412999999999556e+02
-6.953513000000000375e+02
-7.009199999999999591e+02
-7.046325000000000500e+02
-6.946087999999999738e+02
-7.324763000000000375e+02
-7.131712999999999738e+02
-7.205963000000000420e+02
-7.332187999999999874e+02
-6.934950000000000045e+02
-7.272786999999999580e+02
-7.369312999999999647e+02
-7.235662999999999556e+02
-7.254225000000000136e+02
-7.476974999999999909e+02
-7.272786999999999580e+02
-7.365599999999999454e+02
-7.439850000000000136e+02
-7.257938000000000329e+02
-7.777686999999999671e+02
-7.495538000000000238e+02
-7.462124999999999773e+02
-7.736849999999999454e+02
-7.647749999999999773e+02
-7.621762999999999693e+02
-7.462124999999999773e+02
-7.250512999999999693e+02
-7.153986999999999625e+02
-7.064887999999999693e+02
-7.269075000000000273e+02
-7.380449999999999591e+02
-7.202250000000000227e+02
-7.465837000000000216e+02
-7.261649999999999636e+02
-7.313624999999999545e+02
-7.514099999999999682e+02
-7.350750000000000455e+02
-7.387875000000000227e+02
-7.536375000000000455e+02
-7.243088000000000193e+02
-7.283925000000000409e+02
-7.447274999999999636e+02
-7.425000000000000000e+02
-7.306200000000000045e+02
-7.339611999999999625e+02
-7.231950000000000500e+02
-7.302487999999999602e+02
-7.387875000000000227e+02
-7.335900000000000318e+02
-7.447274999999999636e+02
-7.365599999999999454e+02
-7.376738000000000284e+02
-7.413862000000000307e+02
-7.454700000000000273e+02
-7.350750000000000455e+02
-7.291349999999999909e+02
-7.239375000000000000e+02
-7.094587000000000216e+02
-7.220811999999999671e+02
-7.354461999999999762e+02
-7.295063000000000102e+02
-7.413862000000000307e+02
-7.243088000000000193e+02
-7.261649999999999636e+02
-7.265362999999999829e+02
-7.061174999999999500e+02
-7.250512999999999693e+02
-7.083450000000000273e+02
-7.198537999999999784e+02
-7.191113000000000284e+02
-7.113150000000000546e+02
-7.068600000000000136e+02
-7.224524999999999864e+02
-7.269075000000000273e+02
-7.220811999999999671e+02
-7.165125000000000455e+02
-7.179974999999999454e+02
-7.239375000000000000e+02
-7.168836999999999762e+02
-7.324763000000000375e+02
-7.361888000000000147e+02
-7.343324999999999818e+02
-7.410149999999999864e+02
-7.543799999999999955e+02
-7.254225000000000136e+02
-7.350750000000000455e+02
-7.584637000000000171e+02
-7.402725000000000364e+02
-7.276499999999999773e+02
-7.395299999999999727e+02
-7.280212000000000216e+02
-7.239375000000000000e+02
-7.436137999999999693e+02
-7.335900000000000318e+02
-7.213387000000000171e+02
-7.283925000000000409e+02
-7.428713000000000193e+02
-7.031475000000000364e+02
-7.209674999999999727e+02
-7.413862000000000307e+02
-7.061174999999999500e+02
-7.265362999999999829e+02
-7.139138000000000375e+02
-7.094587000000000216e+02
-7.257938000000000329e+02
-7.347037000000000262e+02
-7.191113000000000284e+02
-7.361888000000000147e+02
-7.276499999999999773e+02
-6.931237999999999602e+02
-7.213387000000000171e+02
-7.365599999999999454e+02
-6.990638000000000147e+02
-7.135425000000000182e+02
-7.068600000000000136e+02
-7.031475000000000364e+02
-6.838424999999999727e+02
-7.105724999999999909e+02
-6.894112999999999829e+02
-7.113150000000000546e+02
-7.172549999999999955e+02
-7.168836999999999762e+02
-7.187400000000000091e+02
-7.135425000000000182e+02
-7.202250000000000227e+02
-7.287636999999999716e+02
-7.283925000000000409e+02
-7.239375000000000000e+02
-7.057463000000000193e+02
-7.332187999999999874e+02
-7.436137999999999693e+02
-7.257938000000000329e+02
-7.488112999999999602e+02
-7.376738000000000284e+02
-7.439850000000000136e+02
-7.554937999999999647e+02
-7.458411999999999580e+02
-7.402725000000000364e+02
-7.566074999999999591e+02
-7.339611999999999625e+02
-7.358174999999999955e+02
-7.584637000000000171e+02
-7.580924999999999727e+02
-7.373025000000000091e+02
-7.554937999999999647e+02
-7.413862000000000307e+02
-7.554937999999999647e+02
-7.447274999999999636e+02
-7.510388000000000375e+02
-7.476974999999999909e+02
-7.428713000000000193e+02
-7.662599999999999909e+02
-7.588350000000000364e+02
-7.614338000000000193e+02
-7.395299999999999727e+02
-7.328474999999999682e+02
-7.636612999999999829e+02
-7.510388000000000375e+02
-7.502962999999999738e+02
-7.343324999999999818e+02
-6.704774999999999636e+02
-6.957224999999999682e+02
-6.756749999999999545e+02
-6.604537000000000262e+02
-6.496875000000000000e+02
-6.563700000000000045e+02
-6.392925000000000182e+02
-6.340950000000000273e+02
-6.285262000000000171e+02
-6.196163000000000238e+02
-6.337237999999999829e+02
-6.199874999999999545e+02
-6.292686999999999671e+02
-6.300112000000000307e+02
-5.958563000000000329e+02
-5.720963000000000420e+02
-6.010538000000000238e+02
-6.021675000000000182e+02
-5.798925000000000409e+02
-5.962274999999999636e+02
-5.962274999999999636e+02
-6.099637000000000171e+02
-6.043949999999999818e+02
-5.940000000000000000e+02
-5.954850000000000136e+02
-5.958563000000000329e+02
-5.984550000000000409e+02
-5.947424999999999500e+02
-5.784075000000000273e+02
-6.192450000000000045e+02
-5.999400000000000546e+02
-5.769225000000000136e+02
-6.092213000000000420e+02
-6.036525000000000318e+02
-5.954850000000000136e+02
-6.110774999999999864e+02
-6.192450000000000045e+02
-5.969700000000000273e+02
-6.296399999999999864e+02
-6.233287000000000262e+02
-6.129338000000000193e+02
-6.229574999999999818e+02
-6.240711999999999762e+02
-6.162749999999999773e+02
-6.136762999999999693e+02
-6.381788000000000238e+02
-6.069937999999999647e+02
-6.229574999999999818e+02
-6.047662000000000262e+02
-6.066224999999999454e+02
-6.259275000000000091e+02
-6.340950000000000273e+02
-6.211013000000000375e+02
-6.359511999999999716e+02
-6.288975000000000364e+02
-6.103350000000000364e+02
-6.392925000000000182e+02
-6.426336999999999762e+02
-6.415199999999999818e+02
-6.214724999999999682e+02
-6.285262000000000171e+02
-6.177599999999999909e+02
-6.344661999999999580e+02
-6.411486999999999625e+02
-6.400349999999999682e+02
-6.437474999999999454e+02
