4.195253000000000299e+01
1.782054000000000116e+01
3.267099999999999937e+01
1.299414999999999942e+01
-9.281250000000000000e+00
-1.856249999999999956e+00
-2.635875000000000057e+01
-5.531624999999999659e+01
-5.642999999999999972e+01
-6.162749999999999773e+01
-6.385499999999999687e+01
-4.752000000000000313e+01
-9.875249999999999773e+01
-1.269675000000000011e+02
-6.051375000000000171e+01
-1.054350000000000023e+02
-1.310512999999999977e+02
-1.110037999999999982e+02
-7.573499999999999943e+01
-1.095187999999999988e+02
-1.169437000000000069e+02
-1.618650000000000091e+02
-1.485000000000000000e+02
-1.444162000000000035e+02
-1.629787000000000035e+02
-1.618650000000000091e+02
-1.507274999999999920e+02
-1.644636999999999887e+02
-1.752299999999999898e+02
-2.041875000000000000e+02
-2.079000000000000057e+02
-2.001037000000000035e+02
-2.090137000000000000e+02
-2.045586999999999875e+02
-2.309174999999999898e+02
-2.238637999999999977e+02
-2.138400000000000034e+02
-2.346299999999999955e+02
-2.253488000000000113e+02
-2.298037999999999954e+02
-2.409413000000000125e+02
-2.283188000000000102e+02
-2.776949999999999932e+02
-2.595038000000000125e+02
-2.799225000000000136e+02
-2.776949999999999932e+02
-2.802937999999999761e+02
-2.988562999999999761e+02
-3.211313000000000102e+02
-2.992275000000000205e+02
-2.687850000000000250e+02
-2.851200000000000045e+02
-3.125924999999999727e+02
-3.062812999999999874e+02
-2.557913000000000068e+02
-2.758387000000000171e+02
-2.944012000000000171e+02
-2.765812000000000239e+02
-2.802937999999999761e+02
-2.698987000000000194e+02
-2.999700000000000273e+02
-2.869762999999999806e+02
-2.895749999999999886e+02
-3.070237000000000194e+02
-3.111075000000000159e+02
-3.025688000000000102e+02
-3.099936999999999898e+02
-3.307837999999999852e+02
-3.133349999999999795e+02
-3.341250000000000000e+02
-3.415500000000000114e+02
-3.163050000000000068e+02
-3.062812999999999874e+02
-3.456338000000000079e+02
-3.645674999999999955e+02
-3.107363000000000284e+02
-3.344961999999999875e+02
-3.315262000000000171e+02
-3.088799999999999955e+02
-3.140774999999999864e+02
-2.866050000000000182e+02
-2.899463000000000079e+02
-3.285561999999999898e+02
-2.992275000000000205e+02
-3.003412000000000148e+02
-3.229875000000000114e+02
-3.356100000000000136e+02
-3.493462999999999852e+02
-3.237300000000000182e+02
-3.233587999999999738e+02
-3.311549999999999727e+02
-3.552862999999999829e+02
-3.211313000000000102e+02
-3.189037000000000148e+02
-3.489750000000000227e+02
-3.415500000000000114e+02
-3.307837999999999852e+02
-3.552862999999999829e+02
-3.638249999999999886e+02
-3.441487000000000194e+02
-3.504599999999999795e+02
-3.742200000000000273e+02
-3.474900000000000091e+02
-3.538011999999999944e+02
-3.757049999999999841e+02
-3.779325000000000045e+02
-3.771899999999999977e+02
-3.727350000000000136e+02
-3.408075000000000045e+02
-3.727350000000000136e+02
-3.586274999999999977e+02
-3.790462999999999738e+02
-4.187699999999999818e+02
-4.039200000000000159e+02
-3.638249999999999886e+02
-3.786750000000000114e+02
-4.042912999999999784e+02
-3.846150000000000091e+02
-3.879562999999999988e+02
-3.957524999999999977e+02
-3.727350000000000136e+02
-3.794175000000000182e+02
-4.102312999999999761e+02
-3.708788000000000125e+02
-3.671662999999999784e+02
-4.265663000000000125e+02
-3.983512999999999806e+02
-4.213686999999999898e+02
-4.102312999999999761e+02
-4.076324999999999932e+02
-4.158000000000000114e+02
-4.183987000000000194e+02
-4.254524999999999864e+02
-4.213686999999999898e+02
-3.823874999999999886e+02
-3.861000000000000227e+02
-3.972375000000000114e+02
-3.827588000000000079e+02
-3.786750000000000114e+02
-3.809024999999999750e+02
-4.009499999999999886e+02
-3.987225000000000250e+02
-3.831299999999999955e+02
-4.016924999999999955e+02
-3.894413000000000125e+02
-3.846150000000000091e+02
-4.080038000000000125e+02
-3.976087999999999738e+02
-4.102312999999999761e+02
-4.273086999999999875e+02
-4.068899999999999864e+02
-3.935249999999999773e+02
-4.343625000000000114e+02
-3.831299999999999955e+02
-3.671662999999999784e+02
-4.091175000000000068e+02
-3.964950000000000045e+02
-3.942674999999999841e+02
-4.057762000000000171e+02
-4.191413000000000011e+02
-4.284225000000000136e+02
-4.265663000000000125e+02
-4.273086999999999875e+02
-4.020638000000000147e+02
-4.299075000000000273e+02
-4.150575000000000045e+02
-4.042912999999999784e+02
-4.276800000000000068e+02
-4.265663000000000125e+02
-4.384463000000000079e+02
-4.284225000000000136e+02
-4.068899999999999864e+02
-4.239674999999999727e+02
-4.261949999999999932e+02
-4.124587000000000216e+02
-4.146861999999999853e+02
-4.165425000000000182e+02
-4.239674999999999727e+02
-4.436437999999999988e+02
-4.514399999999999977e+02
-4.425299999999999727e+02
-4.365899999999999750e+02
-4.536675000000000182e+02
-4.403025000000000091e+02
-4.365899999999999750e+02
-4.466138000000000261e+02
-4.391888000000000147e+02
-4.265663000000000125e+02
-4.506974999999999909e+02
-4.592363000000000284e+02
-3.909261999999999944e+02
-3.987225000000000250e+02
-4.016924999999999955e+02
-3.786750000000000114e+02
-3.935249999999999773e+02
-3.957524999999999977e+02
-3.894413000000000125e+02
-4.050337999999999852e+02
-3.931537000000000148e+02
-3.686512000000000171e+02
-3.846150000000000091e+02
-3.916687999999999761e+02
-3.489750000000000227e+02
-3.898125000000000000e+02
-3.664238000000000284e+02
-3.578849999999999909e+02
-3.534300000000000068e+02
-3.671662999999999784e+02
-3.512024999999999864e+02
-3.738487999999999829e+02
-3.771899999999999977e+02
-3.593700000000000045e+02
-3.779325000000000045e+02
-3.790462999999999738e+02
-3.526875000000000000e+02
-3.426637999999999806e+02
-3.734775000000000205e+02
-3.512024999999999864e+02
-3.601125000000000114e+02
-3.794175000000000182e+02
-3.656811999999999898e+02
-3.333824999999999932e+02
-3.463763000000000147e+02
-3.467475000000000023e+02
-3.582563000000000102e+02
-3.571424999999999841e+02
-3.363525000000000205e+02
-3.430350000000000250e+02
-3.292988000000000284e+02
-3.285561999999999898e+02
-3.597411999999999921e+02
-3.727350000000000136e+02
-3.482325000000000159e+02
-3.359812999999999761e+02
-3.563999999999999773e+02
-3.463763000000000147e+02
-3.445199999999999818e+02
-3.578849999999999909e+02
-3.560287000000000148e+02
-3.374662000000000148e+02
-3.378374999999999773e+02
-3.229875000000000114e+02
-3.278138000000000147e+02
-3.066524999999999750e+02
-2.851200000000000045e+02
-2.561625000000000227e+02
-2.427975000000000136e+02
-2.598750000000000000e+02
-2.353725000000000023e+02
-2.223788000000000125e+02
-2.401987000000000023e+02
-2.450250000000000057e+02
-2.595038000000000125e+02
-2.583899999999999864e+02
-2.450250000000000057e+02
-2.483662999999999954e+02
-2.487375000000000114e+02
-2.632162000000000148e+02
-2.580187000000000239e+02
-2.405699999999999932e+02
-2.528213000000000079e+02
-2.676712999999999738e+02
-2.242350000000000136e+02
-2.324025000000000034e+02
-2.427975000000000136e+02
-2.513362999999999943e+02
-2.424262999999999977e+02
-2.394562999999999988e+02
-2.531924999999999955e+02
-2.557913000000000068e+02
-2.561625000000000227e+02
-2.535637999999999863e+02
-2.491086999999999989e+02
-2.743537999999999784e+02
-2.561625000000000227e+02
-2.554199999999999875e+02
-2.647013000000000034e+02
-2.435399999999999920e+02
-2.557913000000000068e+02
-2.524499999999999886e+02
-2.498513000000000090e+02
-2.546775000000000091e+02
-2.858625000000000114e+02
-2.747250000000000227e+02
-2.632162000000000148e+02
-2.806650000000000205e+02
-2.724975000000000023e+02
-2.724975000000000023e+02
-2.758387000000000171e+02
-2.531924999999999955e+02
-2.799225000000000136e+02
-2.698987000000000194e+02
-2.695274999999999750e+02
-2.732400000000000091e+02
-2.717549999999999955e+02
-2.762099999999999795e+02
-2.721263000000000147e+02
-2.977425000000000068e+02
-2.947724999999999795e+02
-2.877187999999999874e+02
-2.750962999999999852e+02
-2.810362999999999829e+02
-2.669286999999999921e+02
-2.565337999999999852e+02
-2.364863000000000000e+02
-2.327737999999999943e+02
-2.676712999999999738e+02
-2.468813000000000102e+02
-2.086425000000000125e+02
-2.361150000000000091e+02
-2.643299999999999841e+02
-2.517075000000000102e+02
-2.531924999999999955e+02
-2.528213000000000079e+02
-2.453962999999999965e+02
-2.517075000000000102e+02
-2.439113000000000113e+02
-2.476237000000000137e+02
-2.609886999999999944e+02
-2.561625000000000227e+02
-2.517075000000000102e+02
-2.624737999999999829e+02
-2.583899999999999864e+02
-2.557913000000000068e+02
-2.546775000000000091e+02
-2.706413000000000011e+02
-2.673000000000000114e+02
-2.461387000000000000e+02
-2.602461999999999875e+02
-2.732400000000000091e+02
-2.691562999999999874e+02
-2.747250000000000227e+02
-2.580187000000000239e+02
-2.505937999999999874e+02
-2.736113000000000284e+02
-2.676712999999999738e+02
-2.602461999999999875e+02
-2.713838000000000079e+02
-2.732400000000000091e+02
-2.550488000000000000e+02
-2.750962999999999852e+02
-2.673000000000000114e+02
-2.498513000000000090e+02
-2.576474999999999795e+02
-2.505937999999999874e+02
-2.613600000000000136e+02
-2.758387000000000171e+02
-2.498513000000000090e+02
-2.721263000000000147e+02
-2.654438000000000102e+02
-2.780663000000000125e+02
-2.654438000000000102e+02
-2.684137999999999806e+02
-2.717549999999999955e+02
-2.780663000000000125e+02
-2.654438000000000102e+02
-2.598750000000000000e+02
-2.724975000000000023e+02
-2.691562999999999874e+02
-2.639587000000000216e+02
-2.635874999999999773e+02
-2.765812000000000239e+02
-2.635874999999999773e+02
-2.713838000000000079e+02
-2.750962999999999852e+02
-2.698987000000000194e+02
-2.706413000000000011e+02
-2.955149999999999864e+02
-2.702699999999999818e+02
-2.754674999999999727e+02
-2.947724999999999795e+02
-2.680425000000000182e+02
-2.892038000000000011e+02
-2.981136999999999944e+02
-2.799225000000000136e+02
-2.825212000000000216e+02
-3.070237000000000194e+02
-2.825212000000000216e+02
-2.892038000000000011e+02
-2.921738000000000284e+02
-2.773238000000000056e+02
-2.832638000000000034e+02
-2.958863000000000056e+02
-2.721263000000000147e+02
-2.821499999999999773e+02
-3.118500000000000227e+02
-2.906888000000000147e+02
-2.791800000000000068e+02
-2.840063000000000102e+02
-2.817787000000000148e+02
-2.951437000000000239e+02
-2.981136999999999944e+02
-2.903174999999999955e+02
-2.858625000000000114e+02
-2.914311999999999898e+02
-2.828924999999999841e+02
-2.821499999999999773e+02
-3.137062000000000239e+02
-2.869762999999999806e+02
-2.932875000000000227e+02
-3.021974999999999909e+02
-2.951437000000000239e+02
-2.951437000000000239e+02
-3.148199999999999932e+02
-2.914311999999999898e+02
-3.055387999999999806e+02
-3.174187999999999761e+02
-3.018263000000000034e+02
-3.129637000000000171e+02
-2.992275000000000205e+02
-2.955149999999999864e+02
-3.033111999999999853e+02
