2.613679999999999950e+02
2.272119000000000142e+02
2.112477000000000089e+02
2.275832000000000050e+02
1.915707999999999913e+02
1.655826000000000136e+02
1.941697000000000060e+02
1.477620000000000005e+02
1.054381999999999948e+02
1.210311999999999983e+02
1.195461999999999989e+02
1.132347000000000037e+02
7.944992999999999483e+01
6.237189999999999657e+01
3.601234999999999786e+01
4.418010000000000304e+01
3.489856999999999942e+01
2.635954999999999870e+01
1.485045000000000037e+01
1.782054000000000116e+01
-1.188000000000000078e+01
0.000000000000000000e+00
-1.967624999999999957e+01
-3.675374999999999659e+01
-4.974750000000000227e+01
-5.383124999999999716e+01
-5.346000000000000085e+01
-1.043212999999999937e+02
-6.014249999999999829e+01
-5.680125000000000313e+01
-7.016625000000000512e+01
-6.385499999999999687e+01
-7.350749999999999318e+01
-1.017224999999999966e+02
-1.102613000000000056e+02
-1.239975000000000023e+02
-1.340212999999999965e+02
-1.533262000000000000e+02
-1.388474999999999966e+02
-1.741162999999999954e+02
-1.663199999999999932e+02
-1.841399999999999864e+02
-2.056725000000000136e+02
-2.034449999999999932e+02
-2.079000000000000057e+02
-2.476237000000000137e+02
-2.112412999999999954e+02
-1.897087999999999965e+02
-2.524499999999999886e+02
-2.212649999999999864e+02
-2.331450000000000102e+02
-2.565337999999999852e+02
-2.606175000000000068e+02
-2.208937999999999988e+02
-2.468813000000000102e+02
-2.643299999999999841e+02
-2.561625000000000227e+02
-2.832638000000000034e+02
-2.788086999999999875e+02
-3.018263000000000034e+02
-2.866050000000000182e+02
-3.159336999999999875e+02
-3.174187999999999761e+02
-3.133349999999999795e+02
-2.929162999999999784e+02
-3.021974999999999909e+02
-3.196462000000000216e+02
-3.248437999999999874e+02
-3.348675000000000068e+02
-3.385799999999999841e+02
-3.578849999999999909e+02
-3.783036999999999921e+02
-3.764474999999999909e+02
-3.920400000000000205e+02
-3.712500000000000000e+02
-4.002074999999999818e+02
-4.031775000000000091e+02
-3.894413000000000125e+02
-4.239674999999999727e+02
-4.072613000000000056e+02
-3.998362000000000194e+02
-4.154286999999999921e+02
-4.343625000000000114e+02
-4.261949999999999932e+02
-4.365899999999999750e+02
-4.455000000000000000e+02
-4.596075000000000159e+02
-4.555237000000000194e+02
-4.510688000000000102e+02
-4.796549999999999727e+02
-4.803974999999999795e+02
-4.896786999999999921e+02
-4.722300000000000182e+02
-5.104687999999999874e+02
-4.985887000000000171e+02
-4.729725000000000250e+02
-4.948763000000000147e+02
-4.885649999999999977e+02
-4.982174999999999727e+02
-5.063849999999999909e+02
-4.971037999999999784e+02
-4.662900000000000205e+02
-5.449950000000000045e+02
-5.394262999999999693e+02
-5.108399999999999750e+02
-5.286599999999999682e+02
-5.383125000000000000e+02
-5.152949999999999591e+02
-5.134388000000000147e+02
-5.201213000000000193e+02
-5.078700000000000045e+02
-5.089837999999999738e+02
-5.182649999999999864e+02
-5.056424999999999841e+02
-5.171512000000000171e+02
-5.093550000000000182e+02
-5.138099999999999454e+02
-5.323724999999999454e+02
-5.260612999999999602e+02
-5.212350000000000136e+02
-5.435099999999999909e+02
-5.420249999999999773e+02
-5.320013000000000147e+02
-5.472224999999999682e+02
-5.483361999999999625e+02
-5.505638000000000147e+02
-5.208637999999999693e+02
-5.572463000000000193e+02
-5.620724999999999909e+02
-5.386838000000000193e+02
-5.509349999999999454e+02
-5.453663000000000238e+02
-5.576174999999999500e+02
-5.754375000000000000e+02
-5.628150000000000546e+02
-4.985887000000000171e+02
-5.427675000000000409e+02
-5.379412999999999556e+02
-5.386838000000000193e+02
-5.412825000000000273e+02
-5.475937999999999874e+02
-5.371987000000000307e+02
-5.587313000000000329e+02
-5.501924999999999955e+02
-5.802636999999999716e+02
-5.802636999999999716e+02
-5.772938000000000329e+02
-5.836050000000000182e+02
-5.988261999999999716e+02
-6.003112999999999602e+02
-5.995687000000000353e+02
-6.021675000000000182e+02
-5.947424999999999500e+02
-5.754375000000000000e+02
-5.869461999999999762e+02
-5.869461999999999762e+02
-5.962274999999999636e+02
-6.006825000000000045e+02
-5.962274999999999636e+02
-6.010538000000000238e+02
-6.300112000000000307e+02
-6.270412999999999784e+02
-6.062513000000000147e+02
-6.418912000000000262e+02
-6.359511999999999716e+02
-5.479650000000000318e+02
-5.294025000000000318e+02
-5.197500000000000000e+02
-5.112112000000000194e+02
-5.000738000000000056e+02
-5.093550000000000182e+02
-5.290312999999999874e+02
-5.357137000000000171e+02
-5.227200000000000273e+02
-5.156662999999999784e+02
-5.115824999999999818e+02
-4.915350000000000250e+02
-4.703736999999999853e+02
-4.692599999999999909e+02
-4.807687999999999988e+02
-4.881938000000000102e+02
-4.733437999999999874e+02
-4.893075000000000045e+02
-4.833675000000000068e+02
-4.855950000000000273e+02
-5.119538000000000011e+02
-5.034150000000000205e+02
-5.130674999999999955e+02
-5.375700000000000500e+02
-5.164088000000000420e+02
-5.320013000000000147e+02
-5.334863000000000284e+02
-5.227200000000000273e+02
-5.397975000000000136e+02
-5.520488000000000284e+02
-5.327437999999999647e+02
-5.320013000000000147e+02
-5.513062999999999647e+02
-5.683836999999999762e+02
-5.828624999999999545e+02
-5.769225000000000136e+02
-5.342287999999999784e+02
-5.397975000000000136e+02
-5.349713000000000420e+02
-5.260612999999999602e+02
-5.167799999999999727e+02
-5.286599999999999682e+02
-5.446237999999999602e+02
-5.420249999999999773e+02
-5.505638000000000147e+02
-5.123250000000000455e+02
-5.286599999999999682e+02
-5.360850000000000364e+02
-5.260612999999999602e+02
-5.409112999999999829e+02
-5.487074999999999818e+02
-5.561325000000000500e+02
-4.885649999999999977e+02
-5.178936999999999671e+02
-5.093550000000000182e+02
-4.989599999999999795e+02
-5.305162000000000262e+02
-5.160375000000000227e+02
-4.959900000000000091e+02
-5.119538000000000011e+02
-5.249474999999999909e+02
-5.275462999999999738e+02
-5.498211999999999762e+02
-5.112112000000000194e+02
-5.375700000000000500e+02
-5.320013000000000147e+02
-5.186362000000000307e+02
-5.204924999999999500e+02
-5.468513000000000375e+02
-5.401688000000000329e+02
-5.249474999999999909e+02
-5.468513000000000375e+02
-5.253187000000000353e+02
-5.212350000000000136e+02
-5.223487999999999829e+02
-5.238337000000000216e+02
-5.164088000000000420e+02
-5.438812000000000353e+02
-5.286599999999999682e+02
-5.000738000000000056e+02
-5.219774999999999636e+02
-5.093550000000000182e+02
-4.800262000000000171e+02
-4.933913000000000011e+02
-5.030437999999999761e+02
-5.086125000000000114e+02
-5.108399999999999750e+02
-5.126961999999999762e+02
-5.297736999999999625e+02
-5.286599999999999682e+02
-5.190075000000000500e+02
-5.048999999999999773e+02
-5.056424999999999841e+02
-4.911637999999999806e+02
-4.867087000000000216e+02
-4.807687999999999988e+02
-4.774275000000000091e+02
-4.640625000000000000e+02
-4.878224999999999909e+02
-4.971037999999999784e+02
-4.599787999999999784e+02
-4.737149999999999750e+02
-4.956186999999999898e+02
-4.889361999999999853e+02
-5.048999999999999773e+02
-5.067563000000000102e+02
-4.852237999999999829e+02
-4.544100000000000250e+02
-4.610924999999999727e+02
-4.362187999999999874e+02
-4.636913000000000125e+02
-4.636913000000000125e+02
-4.737149999999999750e+02
-4.726012999999999806e+02
-4.878224999999999909e+02
-4.674037000000000148e+02
-4.781700000000000159e+02
-4.681462000000000216e+02
-4.744574999999999818e+02
-4.596075000000000159e+02
-4.726012999999999806e+02
-4.737149999999999750e+02
-4.829961999999999875e+02
-4.666612999999999829e+02
-4.662900000000000205e+02
-4.878224999999999909e+02
-4.729725000000000250e+02
-4.696313000000000102e+02
-4.744574999999999818e+02
-4.900500000000000114e+02
-4.759424999999999955e+02
-4.674037000000000148e+02
-4.893075000000000045e+02
-4.640625000000000000e+02
-4.729725000000000250e+02
-4.703736999999999853e+02
-4.818824999999999932e+02
-4.581225000000000023e+02
-4.726012999999999806e+02
-4.651763000000000261e+02
-4.570088000000000079e+02
-4.629488000000000056e+02
-4.759424999999999955e+02
-4.703736999999999853e+02
-4.844812999999999761e+02
-4.744574999999999818e+02
-4.751999999999999886e+02
-4.941338000000000079e+02
-4.688888000000000034e+02
-4.607212999999999852e+02
-4.755713000000000079e+02
-4.644336999999999875e+02
-4.625774999999999864e+02
-4.763138000000000147e+02
-4.633199999999999932e+02
-4.599787999999999784e+02
-4.703736999999999853e+02
-4.792837999999999852e+02
-4.662900000000000205e+02
-4.581225000000000023e+02
-4.766850000000000023e+02
-4.558949999999999818e+02
-4.603500000000000227e+02
-4.796549999999999727e+02
-4.440149999999999864e+02
-4.573799999999999955e+02
-4.217400000000000091e+02
-4.399311999999999898e+02
-4.410450000000000159e+02
-4.384463000000000079e+02
-4.610924999999999727e+02
-4.403025000000000091e+02
-4.466138000000000261e+02
-4.462425000000000068e+02
-4.711161999999999921e+02
-4.403025000000000091e+02
-4.384463000000000079e+02
-4.722300000000000182e+02
-4.618349999999999795e+02
-4.406738000000000284e+02
-4.577513000000000147e+02
-4.480987999999999829e+02
-4.354762999999999806e+02
-4.447574999999999932e+02
-4.495837000000000216e+02
-4.577513000000000147e+02
-4.388174999999999955e+02
-4.622062999999999988e+02
-4.555237000000000194e+02
-4.469850000000000136e+02
-4.592363000000000284e+02
-4.618349999999999795e+02
-4.425299999999999727e+02
-4.614637000000000171e+02
-4.261949999999999932e+02
-4.057762000000000171e+02
-4.080038000000000125e+02
-3.835013000000000147e+02
-4.113450000000000273e+02
-4.039200000000000159e+02
-3.853575000000000159e+02
-4.002074999999999818e+02
-4.065187999999999988e+02
-3.827588000000000079e+02
-4.087461999999999875e+02
-4.094886999999999944e+02
-3.912975000000000136e+02
-3.961236999999999853e+02
-4.250812999999999988e+02
-4.054049999999999727e+02
-3.961236999999999853e+02
-4.080038000000000125e+02
-3.901836999999999875e+02
-3.983512999999999806e+02
-3.927825000000000273e+02
-3.994649999999999750e+02
-3.998362000000000194e+02
-3.990937999999999874e+02
-3.849863000000000284e+02
-3.924112999999999829e+02
-4.028061999999999898e+02
-4.035488000000000284e+02
-3.831299999999999955e+02
-3.797887999999999806e+02
-3.927825000000000273e+02
-3.924112999999999829e+02
-3.890699999999999932e+02
-3.823874999999999886e+02
-3.790462999999999738e+02
-3.953813000000000102e+02
-3.931537000000000148e+02
-3.664238000000000284e+02
-3.812737000000000194e+02
-3.771899999999999977e+02
-3.853575000000000159e+02
-3.861000000000000227e+02
-3.664238000000000284e+02
-3.794175000000000182e+02
-3.823874999999999886e+02
-3.794175000000000182e+02
-3.768188000000000102e+02
-3.838725000000000023e+02
-3.894413000000000125e+02
-3.727350000000000136e+02
-3.820163000000000011e+02
-3.809024999999999750e+02
-3.857287999999999784e+02
