2.498589000000000055e+02
2.546853000000000122e+02
2.019661999999999864e+02
1.808043000000000120e+02
2.565416000000000167e+02
1.919421000000000106e+02
1.629836999999999989e+02
1.763490999999999929e+02
1.485045000000000073e+02
1.150909999999999940e+02
1.355104000000000042e+02
1.329115999999999929e+02
1.020969000000000051e+02
8.427631999999999834e+01
8.390506000000000597e+01
5.383288999999999902e+01
6.794083000000000538e+01
5.309037000000000006e+01
4.009622999999999848e+01
1.596424000000000021e+01
1.002406000000000041e+01
-2.301749999999999829e+01
-2.784375000000000000e+01
-3.081374999999999886e+01
-5.717249999999999943e+01
-5.160374999999999801e+01
-3.860999999999999943e+01
-9.244124999999999659e+01
-7.425000000000000000e+01
-8.464499999999999602e+01
-1.028362999999999943e+02
-9.281250000000000000e+01
-1.024650000000000034e+02
-1.113750000000000000e+02
-1.299375000000000000e+02
-1.195425000000000040e+02
-1.510988000000000113e+02
-1.681762999999999977e+02
-1.666913000000000125e+02
-1.436738000000000000e+02
-1.603799999999999955e+02
-1.336500000000000057e+02
-1.793137999999999863e+02
-1.748586999999999989e+02
-1.941638000000000090e+02
-1.659487000000000023e+02
-1.674336999999999875e+02
-1.934211999999999989e+02
-1.941638000000000090e+02
-1.885949999999999989e+02
-1.897087999999999965e+02
-2.231211999999999875e+02
-2.208937999999999988e+02
-2.290612000000000137e+02
-2.093849999999999909e+02
-2.175525000000000091e+02
-2.264625000000000057e+02
-2.513362999999999943e+02
-2.427975000000000136e+02
-2.190374999999999943e+02
-2.821499999999999773e+02
-2.862337999999999738e+02
-2.884612000000000194e+02
-2.970000000000000000e+02
-3.103650000000000091e+02
-2.910600000000000023e+02
-3.226161999999999921e+02
-3.092513000000000147e+02
-3.144488000000000056e+02
-3.374662000000000148e+02
-3.237300000000000182e+02
-3.281850000000000023e+02
-3.582563000000000102e+02
-3.538011999999999944e+02
-3.697649999999999864e+02
-3.656811999999999898e+02
-3.872137000000000171e+02
-3.786750000000000114e+02
-3.589986999999999853e+02
-3.582563000000000102e+02
-3.408075000000000045e+02
-3.719925000000000068e+02
-3.912975000000000136e+02
-3.753337000000000216e+02
-3.515738000000000056e+02
-3.500887000000000171e+02
-3.538011999999999944e+02
-3.467475000000000023e+02
-3.601125000000000114e+02
-3.682799999999999727e+02
-3.534300000000000068e+02
-3.916687999999999761e+02
-3.805312999999999874e+02
-3.883274999999999864e+02
-4.046625000000000227e+02
-4.054049999999999727e+02
-4.024350000000000023e+02
-4.094886999999999944e+02
-3.786750000000000114e+02
-3.998362000000000194e+02
-4.035488000000000284e+02
-4.187699999999999818e+02
-4.373324999999999818e+02
-4.291650000000000205e+02
-4.306499999999999773e+02
-4.325063000000000102e+02
-4.455000000000000000e+02
-4.451288000000000125e+02
-4.614637000000000171e+02
-4.685174999999999841e+02
-4.607212999999999852e+02
-4.380749999999999886e+02
-4.703736999999999853e+02
-4.232250000000000227e+02
-4.013213000000000079e+02
-4.224825000000000159e+02
-4.106025000000000205e+02
-3.983512999999999806e+02
-4.480987999999999829e+02
-4.198838000000000079e+02
-4.165425000000000182e+02
-4.414162999999999784e+02
-4.098600000000000136e+02
-4.280511999999999944e+02
-4.284225000000000136e+02
-4.280511999999999944e+02
-4.547812999999999874e+02
-4.458711999999999875e+02
-4.351050000000000182e+02
-4.618349999999999795e+02
-4.588650000000000091e+02
-4.254524999999999864e+02
-4.532962999999999738e+02
-4.818824999999999932e+02
-4.792837999999999852e+02
-4.614637000000000171e+02
-4.933913000000000011e+02
-4.997024999999999864e+02
-4.937624999999999886e+02
-5.126961999999999762e+02
-5.115824999999999818e+02
-4.945049999999999955e+02
-4.948763000000000147e+02
-5.115824999999999818e+02
-4.885649999999999977e+02
-5.041575000000000273e+02
-5.264325000000000045e+02
-5.019300000000000068e+02
-5.208637999999999693e+02
-5.245761999999999716e+02
-5.130674999999999955e+02
-5.357137000000000171e+02
-5.078700000000000045e+02
-5.008163000000000125e+02
-5.279175000000000182e+02
-5.346000000000000227e+02
-5.089837999999999738e+02
-5.190075000000000500e+02
-5.112112000000000194e+02
-5.238337000000000216e+02
-5.279175000000000182e+02
-5.249474999999999909e+02
-5.253187000000000353e+02
-5.197500000000000000e+02
-5.067563000000000102e+02
-5.097262999999999806e+02
-5.253187000000000353e+02
-5.074986999999999853e+02
-4.945049999999999955e+02
-5.323724999999999454e+02
-5.245761999999999716e+02
-5.230911999999999580e+02
-5.394262999999999693e+02
-5.487074999999999818e+02
-5.438812000000000353e+02
-5.576174999999999500e+02
-5.320013000000000147e+02
-5.026725000000000136e+02
-5.000738000000000056e+02
-5.093550000000000182e+02
-5.201213000000000193e+02
-5.305162000000000262e+02
-5.394262999999999693e+02
-5.256900000000000546e+02
-5.583600000000000136e+02
-5.620724999999999909e+02
-5.164088000000000420e+02
-5.360850000000000364e+02
-5.379412999999999556e+02
-5.256900000000000546e+02
-5.513062999999999647e+02
-5.268038000000000238e+02
-5.294025000000000318e+02
-5.605874999999999773e+02
-5.405399999999999636e+02
-5.386838000000000193e+02
-5.405399999999999636e+02
-4.700024999999999977e+02
-4.135724999999999909e+02
-4.325063000000000102e+02
-4.035488000000000284e+02
-4.202549999999999955e+02
-4.432724999999999795e+02
-4.351050000000000182e+02
-4.117162000000000148e+02
-4.302787000000000148e+02
-4.176562999999999874e+02
-4.287937999999999761e+02
-4.380749999999999886e+02
-4.551524999999999750e+02
-4.169137999999999806e+02
-4.291650000000000205e+02
-4.547812999999999874e+02
-4.269375000000000000e+02
-4.221113000000000284e+02
-4.343625000000000114e+02
-3.820163000000000011e+02
-4.180274999999999750e+02
-4.217400000000000091e+02
-4.057762000000000171e+02
-4.276800000000000068e+02
-4.403025000000000091e+02
-4.039200000000000159e+02
-3.838725000000000023e+02
-3.990937999999999874e+02
-3.794175000000000182e+02
-3.801600000000000250e+02
-4.106025000000000205e+02
-3.994649999999999750e+02
-3.675375000000000227e+02
-4.076324999999999932e+02
-3.964950000000000045e+02
-3.745912000000000148e+02
-3.912975000000000136e+02
-3.797887999999999806e+02
-3.693937999999999988e+02
-3.820163000000000011e+02
-3.760763000000000034e+02
-3.660525000000000091e+02
-3.901836999999999875e+02
-3.697649999999999864e+02
-3.627112000000000194e+02
-3.805312999999999874e+02
-3.738487999999999829e+02
-3.898125000000000000e+02
-3.849863000000000284e+02
-3.835013000000000147e+02
-3.801600000000000250e+02
-4.072613000000000056e+02
-3.853575000000000159e+02
-3.697649999999999864e+02
-4.031775000000000091e+02
-3.935249999999999773e+02
-3.872137000000000171e+02
-3.964950000000000045e+02
-4.009499999999999886e+02
-3.931537000000000148e+02
-3.794175000000000182e+02
-3.783036999999999921e+02
-3.972375000000000114e+02
-3.864712999999999852e+02
-3.946388000000000034e+02
-3.682799999999999727e+02
-4.065187999999999988e+02
-3.849863000000000284e+02
-3.805312999999999874e+02
-3.990937999999999874e+02
-3.801600000000000250e+02
-4.028061999999999898e+02
-3.924112999999999829e+02
-3.909261999999999944e+02
-3.950099999999999909e+02
-4.187699999999999818e+02
-3.957524999999999977e+02
-4.154286999999999921e+02
-4.183987000000000194e+02
-4.046625000000000227e+02
-4.031775000000000091e+02
-3.938962000000000216e+02
-4.057762000000000171e+02
-4.065187999999999988e+02
-4.046625000000000227e+02
-4.102312999999999761e+02
-4.016924999999999955e+02
-4.135724999999999909e+02
-4.183987000000000194e+02
-4.165425000000000182e+02
-4.310212000000000216e+02
-4.306499999999999773e+02
-4.310212000000000216e+02
-4.403025000000000091e+02
-4.132013000000000034e+02
-4.061474999999999795e+02
-4.499549999999999841e+02
-4.473562999999999761e+02
-4.221113000000000284e+02
-4.480987999999999829e+02
-4.317638000000000034e+02
-4.150575000000000045e+02
-4.373324999999999818e+02
-4.410450000000000159e+02
-4.243387000000000171e+02
-4.261949999999999932e+02
-4.514399999999999977e+02
-4.421587999999999852e+02
-4.421587999999999852e+02
-4.570088000000000079e+02
-4.317638000000000034e+02
-4.354762999999999806e+02
-4.573799999999999955e+02
-4.495837000000000216e+02
-4.503263000000000034e+02
-4.570088000000000079e+02
-4.488412000000000148e+02
-4.529250000000000114e+02
-4.540387999999999806e+02
-4.700024999999999977e+02
-4.544100000000000250e+02
-4.629488000000000056e+02
-4.495837000000000216e+02
-4.763138000000000147e+02
-4.655475000000000136e+02
-4.718587999999999738e+02
-4.599787999999999784e+02
-4.937624999999999886e+02
-4.662900000000000205e+02
-4.336200000000000045e+02
-4.714875000000000114e+02
-4.414162999999999784e+02
-4.640625000000000000e+02
-4.774275000000000091e+02
-4.529250000000000114e+02
-4.443863000000000056e+02
-4.573799999999999955e+02
-4.532962999999999738e+02
-4.718587999999999738e+02
-4.570088000000000079e+02
-4.406738000000000284e+02
-4.592363000000000284e+02
-4.755713000000000079e+02
-4.703736999999999853e+02
-4.503263000000000034e+02
-4.536675000000000182e+02
-4.466138000000000261e+02
-4.555237000000000194e+02
-4.751999999999999886e+02
-4.573799999999999955e+02
-4.551524999999999750e+02
-4.525536999999999921e+02
-4.644336999999999875e+02
-4.592363000000000284e+02
-4.685174999999999841e+02
-4.670325000000000273e+02
-4.852237999999999829e+02
-4.629488000000000056e+02
-4.599787999999999784e+02
-4.562663000000000011e+02
-4.803974999999999795e+02
-4.610924999999999727e+02
-4.674037000000000148e+02
-4.748288000000000011e+02
-4.733437999999999874e+02
-4.796549999999999727e+02
-4.744574999999999818e+02
-4.636913000000000125e+02
-4.603500000000000227e+02
-4.766850000000000023e+02
-4.581225000000000023e+02
-4.822538000000000125e+02
-4.952475000000000023e+02
-4.956186999999999898e+02
-4.941338000000000079e+02
-4.889361999999999853e+02
-4.889361999999999853e+02
-4.863374999999999773e+02
-5.019300000000000068e+02
-4.751999999999999886e+02
-4.889361999999999853e+02
-4.941338000000000079e+02
-4.855950000000000273e+02
-4.993312999999999988e+02
-4.948763000000000147e+02
-5.078700000000000045e+02
-5.082411999999999921e+02
-5.115824999999999818e+02
-5.011875000000000000e+02
-4.959900000000000091e+02
-5.182649999999999864e+02
-5.134388000000000147e+02
-5.104687999999999874e+02
-5.245761999999999716e+02
-5.037862999999999829e+02
-5.141812999999999647e+02
-5.353424999999999727e+02
-5.141812999999999647e+02
-5.357137000000000171e+02
-5.420249999999999773e+02
-5.316299999999999955e+02
-5.108399999999999750e+02
-5.234624999999999773e+02
-5.119538000000000011e+02
-5.041575000000000273e+02
-5.201213000000000193e+02
-5.230911999999999580e+02
-5.112112000000000194e+02
-5.141812999999999647e+02
-5.149238000000000284e+02
-5.223487999999999829e+02
-5.297736999999999625e+02
-5.249474999999999909e+02
-5.008163000000000125e+02
-5.041575000000000273e+02
