-1.390330999999999904e+03
-1.348380000000000109e+03
-1.320906999999999925e+03
-1.407779999999999973e+03
-1.370654999999999973e+03
-1.381421000000000049e+03
-1.433025000000000091e+03
-1.433025000000000091e+03
-1.404067999999999984e+03
-1.439708000000000084e+03
-1.405923999999999978e+03
-1.448246000000000095e+03
-1.482029999999999973e+03
-1.476833000000000084e+03
-1.519154999999999973e+03
-1.493910000000000082e+03
-1.502449000000000069e+03
-1.524353000000000065e+03
-1.570016000000000076e+03
-1.564076000000000022e+03
-1.575585000000000036e+03
-1.621249000000000024e+03
-1.621249000000000024e+03
-1.619763999999999896e+03
-1.654289999999999964e+03
-1.685474999999999909e+03
-1.647236000000000104e+03
-1.685474999999999909e+03
-1.665798999999999978e+03
-1.684732999999999947e+03
-1.700325000000000045e+03
-1.703665999999999940e+03
-1.711462999999999965e+03
-1.728539999999999964e+03
-1.750073000000000093e+03
-1.736708000000000084e+03
-1.764180000000000064e+03
-1.775317999999999984e+03
-1.768263999999999896e+03
-1.792394999999999982e+03
-1.823579999999999927e+03
-1.810214999999999918e+03
-1.831748000000000047e+03
-1.856621000000000095e+03
-1.825435999999999922e+03
-1.865530999999999949e+03
-1.891519000000000005e+03
-1.845113000000000056e+03
-1.902655999999999949e+03
-1.917877999999999929e+03
-1.909710000000000036e+03
-1.932355999999999995e+03
-1.959458000000000084e+03
-1.949805000000000064e+03
-1.969853000000000065e+03
-1.969853000000000065e+03
-1.950919000000000096e+03
-2.001779999999999973e+03
-1.980618999999999915e+03
-1.977277000000000044e+03
-2.018486000000000104e+03
-2.040390000000000100e+03
-2.034820999999999913e+03
-2.076400999999999840e+03
-2.086795999999999822e+03
-2.070090000000000146e+03
-2.084568999999999960e+03
-2.116867000000000189e+03
-2.107215000000000146e+03
-2.123550000000000182e+03
-2.167728999999999814e+03
-2.128748000000000047e+03
-2.114639999999999873e+03
-2.135059000000000196e+03
-2.101646000000000186e+03
-2.110927000000000135e+03
-2.146568000000000211e+03
-2.113155000000000200e+03
-2.130231999999999971e+03
-2.151021999999999935e+03
-2.151764999999999873e+03
-2.179980000000000018e+03
-2.185920000000000073e+03
-2.175896000000000186e+03
-2.195201000000000022e+03
-2.252001999999999953e+03
-2.205596000000000004e+03
-2.198541999999999916e+03
-2.277248000000000047e+03
-2.229728000000000065e+03
-2.226385999999999967e+03
-2.259798999999999978e+03
-2.262025999999999840e+03
-2.243463999999999942e+03
-2.282815999999999804e+03
-2.286157000000000153e+03
-2.279474999999999909e+03
-2.334791000000000167e+03
-2.326251999999999953e+03
-2.330708000000000084e+03
-2.344815000000000055e+03
-2.369688999999999851e+03
-2.340360000000000127e+03
-2.378228000000000065e+03
-2.360036000000000058e+03
-2.348898999999999887e+03
-2.388623000000000047e+03
-2.363748999999999796e+03
-2.385652999999999793e+03
-2.386023999999999887e+03
-2.417579999999999927e+03
-2.393449000000000069e+03
-2.404958000000000084e+03
-2.409784000000000106e+03
-2.399018000000000029e+03
-2.443195999999999913e+03
-2.417208999999999833e+03
-2.449878999999999905e+03
-2.508164999999999964e+03
-2.461016000000000076e+03
-2.490715999999999894e+03
-2.511135000000000218e+03
-2.517818000000000211e+03
-2.462501000000000204e+03
-2.519302000000000135e+03
-2.530440000000000055e+03
-2.495170999999999822e+03
-2.540092999999999847e+03
-2.546403999999999996e+03
-2.515960999999999785e+03
-2.505938000000000102e+03
-2.526728000000000065e+03
-2.488860000000000127e+03
-2.506309000000000196e+03
-2.511135000000000218e+03
-2.505565999999999804e+03
-2.520788000000000011e+03
-2.537494000000000142e+03
-2.528583999999999833e+03
-2.544547999999999774e+03
-2.511505999999999858e+03
-2.518559999999999945e+03
-2.531554000000000087e+03
-2.516704000000000178e+03
-2.502596000000000004e+03
-2.512619999999999891e+03
-2.536009000000000015e+03
-2.510021000000000186e+03
-2.524871000000000095e+03
-2.562367000000000189e+03
-2.561625000000000000e+03
-2.569050000000000182e+03
-2.582043999999999869e+03
-2.547518000000000029e+03
-2.579815999999999804e+03
-2.610630000000000109e+03
-2.545289999999999964e+03
-2.603204999999999927e+03
-2.606175000000000182e+03
-2.565708999999999833e+03
-2.575360999999999876e+03
-2.618054999999999836e+03
-2.571648999999999887e+03
-2.584271000000000186e+03
-2.577217999999999847e+03
-2.564224000000000160e+03
-2.561996000000000095e+03
-2.594666000000000167e+03
-2.578331000000000131e+03
-2.559396999999999935e+03
-2.585755999999999858e+03
-2.573134000000000015e+03
-2.572019999999999982e+03
-2.600978000000000065e+03
-2.585755999999999858e+03
-2.609144999999999982e+03
-2.607289000000000215e+03
-2.536380000000000109e+03
-2.533039000000000215e+03
-2.554199999999999818e+03
-2.569050000000000182e+03
-2.585385000000000218e+03
-2.606916999999999916e+03
-2.536009000000000015e+03
-2.546775000000000091e+03
-2.553829000000000178e+03
-2.495541999999999916e+03
-2.492201000000000022e+03
-2.520045000000000073e+03
-2.518188999999999851e+03
-2.504824000000000069e+03
-2.532666999999999916e+03
-2.544175999999999931e+03
-2.534152999999999793e+03
-2.561996000000000095e+03
-2.572391000000000076e+03
-2.523757999999999811e+03
-2.594295000000000073e+03
-2.591695999999999913e+03
-2.584643000000000029e+03
-2.602463000000000193e+03
-2.593923999999999978e+03
-2.577217999999999847e+03
-2.577588999999999942e+03
-2.548260000000000218e+03
-2.545661000000000058e+03
-2.573134000000000015e+03
-2.582043999999999869e+03
-2.553829000000000178e+03
-2.570905999999999949e+03
-2.606175000000000182e+03
-2.603204999999999927e+03
-2.582043999999999869e+03
-2.608402999999999793e+03
-2.599864000000000033e+03
-2.606545999999999822e+03
-2.615456000000000131e+03
-2.605432999999999993e+03
-2.628449999999999818e+03
-2.618425999999999931e+03
-2.598378999999999905e+03
-2.623994999999999891e+03
-2.631420000000000073e+03
-2.624737999999999829e+03
-2.634760999999999967e+03
-2.620282000000000153e+03
-2.603947999999999865e+03
-2.555684999999999945e+03
-2.597264999999999873e+03
-2.602463000000000193e+03
-2.607659999999999854e+03
-2.617313000000000102e+03
-2.622880999999999858e+03
-2.617313000000000102e+03
-2.650724999999999909e+03
-2.635132999999999811e+03
-2.634389999999999873e+03
-2.665204000000000178e+03
-2.639588000000000193e+03
-2.654065999999999804e+03
-2.659635000000000218e+03
-2.654438000000000102e+03
-2.648498000000000047e+03
-2.664833000000000084e+03
-2.637731000000000222e+03
-2.659635000000000218e+03
-2.672257999999999811e+03
-2.664460999999999785e+03
-2.670771999999999935e+03
-2.627335999999999785e+03
-2.620282000000000153e+03
-2.662233999999999924e+03
-2.671885999999999967e+03
-2.653695000000000164e+03
-2.642186000000000149e+03
-2.658893000000000029e+03
-2.678197999999999865e+03
-2.664460999999999785e+03
-2.656664999999999964e+03
-2.645155999999999949e+03
-2.638103000000000065e+03
-2.646269999999999982e+03
-2.635875000000000000e+03
-2.629563999999999851e+03
-2.645898999999999887e+03
-2.640329999999999927e+03
-2.645527999999999793e+03
-2.646269999999999982e+03
-2.626965000000000146e+03
-2.659635000000000218e+03
-2.648869000000000142e+03
-2.647384000000000015e+03
-2.629193000000000211e+03
-2.660376999999999953e+03
-2.688221000000000004e+03
-2.659264000000000124e+03
-2.671514999999999873e+03
-2.686735999999999876e+03
-2.661490999999999985e+03
-2.690449000000000069e+03
-2.690449000000000069e+03
-2.697501999999999953e+03
-2.681539000000000215e+03
-2.703070999999999913e+03
-2.695275000000000091e+03
-2.732771000000000186e+03
-2.712724000000000160e+03
-2.739454000000000178e+03
-2.736112999999999829e+03
-2.713094999999999800e+03
-2.732771000000000186e+03
-2.736855000000000018e+03
-2.759130000000000109e+03
-2.753932999999999993e+03
-2.752076000000000022e+03
-2.757273999999999887e+03
-2.742423999999999978e+03
-2.712353000000000065e+03
-2.718291999999999916e+03
-2.717179000000000087e+03
-2.702329000000000178e+03
-2.758387000000000171e+03
-2.711610000000000127e+03
-2.715322999999999865e+03
-2.750219999999999800e+03
-2.709382999999999811e+03
-2.677083999999999833e+03
-2.656664999999999964e+03
-2.652210000000000036e+03
-2.655179999999999836e+03
-2.629563999999999851e+03
-2.580188000000000102e+03
-2.582043999999999869e+03
-2.608402999999999793e+03
-2.580188000000000102e+03
-2.583157000000000153e+03
-2.613228999999999814e+03
-2.599121000000000095e+03
-2.619911000000000058e+03
-2.612114999999999782e+03
-2.590583000000000084e+03
-2.612114999999999782e+03
-2.619168999999999869e+03
-2.619539999999999964e+03
-2.630306000000000040e+03
-2.631048999999999978e+03
-2.636617000000000189e+03
-2.633646999999999935e+03
-2.632534000000000106e+03
-2.642929000000000087e+03
-2.632534000000000106e+03
-2.643300000000000182e+03
-2.638474000000000160e+03
-2.646269999999999982e+03
-2.651467999999999847e+03
-2.651838999999999942e+03
-2.648869000000000142e+03
-2.665574999999999818e+03
-2.649610999999999876e+03
-2.662233999999999924e+03
-2.665945999999999913e+03
-2.655922999999999774e+03
-2.664460999999999785e+03
-2.696018000000000029e+03
-2.667802000000000135e+03
-2.682652999999999793e+03
-2.691563000000000102e+03
-2.651838999999999942e+03
-2.663347000000000207e+03
-2.685251000000000204e+03
-2.701585999999999785e+03
-2.692304999999999836e+03
-2.731286000000000058e+03
-2.711610000000000127e+03
-2.713838000000000193e+03
-2.740568000000000211e+03
-2.740568000000000211e+03
-2.732400000000000091e+03
-2.745021999999999935e+03
-2.786231000000000222e+03
-2.765070000000000164e+03
-2.758387000000000171e+03
-2.769153999999999996e+03
-2.766184000000000196e+03
-2.773237999999999829e+03
-2.791800000000000182e+03
-2.772494999999999891e+03
-2.768411000000000058e+03
-2.781405000000000200e+03
-2.775835999999999785e+03
-2.787715999999999894e+03
-2.797739999999999782e+03
-2.765440999999999804e+03
-2.797739999999999782e+03
-2.792541999999999916e+03
-2.791800000000000182e+03
-2.815559999999999945e+03
-2.831523999999999887e+03
-2.775094000000000051e+03
-2.814074999999999818e+03
-2.824840999999999894e+03
-2.809619999999999891e+03
-2.805164999999999964e+03
-2.835606999999999971e+03
-2.835606999999999971e+03
-2.815559999999999945e+03
-2.859367000000000189e+03
-2.842661000000000058e+03
-2.844889000000000124e+03
-2.864936000000000149e+03
-2.856768999999999778e+03
-2.871248000000000047e+03
-2.865679000000000087e+03
-2.835606999999999971e+03
-2.830409999999999854e+03
-2.828182999999999993e+03
-2.803679999999999836e+03
-2.810362999999999829e+03
-2.811476000000000113e+03
-2.770268000000000029e+03
-2.765813000000000102e+03
-2.768782000000000153e+03
-2.749849000000000160e+03
-2.749478000000000065e+03
-2.791057999999999993e+03
-2.768039999999999964e+03
-2.769525000000000091e+03
-2.785117000000000189e+03
-2.758016000000000076e+03
-2.772494999999999891e+03
-2.776579000000000178e+03
-2.726088999999999942e+03
