-3.442972000000000207e+03
-3.492719999999999800e+03
-3.506085000000000036e+03
-3.480469000000000051e+03
-3.547664999999999964e+03
-3.510168999999999869e+03
-3.557318000000000211e+03
-3.556574999999999818e+03
-3.571795999999999822e+03
-3.558802000000000135e+03
-3.560288000000000011e+03
-3.583675999999999931e+03
-3.579963999999999942e+03
-3.594443000000000211e+03
-3.626369999999999891e+03
-3.622286000000000058e+03
-3.615603999999999814e+03
-3.636764999999999873e+03
-3.636393999999999778e+03
-3.642704999999999927e+03
-3.673518999999999778e+03
-3.621172999999999774e+03
-3.693565999999999804e+03
-3.685769999999999982e+03
-3.727721000000000004e+03
-3.707302000000000135e+03
-3.735518000000000029e+03
-3.747396999999999935e+03
-3.757791999999999916e+03
-3.771528999999999996e+03
-3.703219000000000051e+03
-3.777469000000000051e+03
-3.756679000000000087e+03
-3.770043999999999869e+03
-3.771528999999999996e+03
-3.817934999999999945e+03
-3.780438999999999851e+03
-3.800485999999999876e+03
-3.839838999999999942e+03
-3.826474000000000160e+03
-3.827588000000000193e+03
-3.807168999999999869e+03
-3.879563000000000102e+03
-3.865083999999999833e+03
-3.884389000000000124e+03
-3.889585999999999785e+03
-3.913346000000000004e+03
-3.901094999999999800e+03
-3.910748000000000047e+03
-3.954184000000000196e+03
-3.929681000000000040e+03
-3.935621000000000095e+03
-3.962722999999999956e+03
-3.957896000000000186e+03
-3.991679999999999836e+03
-3.962722999999999956e+03
-3.999847999999999956e+03
-4.001333000000000084e+03
-4.010985000000000127e+03
-4.057762000000000171e+03
-4.032146000000000186e+03
-4.012099000000000160e+03
-4.069271000000000186e+03
-4.022494000000000142e+03
-4.030289999999999964e+03
-4.073355000000000018e+03
-4.066672999999999774e+03
-4.051822999999999865e+03
-4.062960000000000036e+03
-4.118646999999999935e+03
-4.070755999999999858e+03
-4.093402999999999793e+03
-4.094887000000000171e+03
-4.086719999999999800e+03
-4.098229000000000269e+03
-4.120131999999999607e+03
-4.121246000000000095e+03
-4.107139000000000124e+03
-4.175819999999999709e+03
-4.123474000000000160e+03
-4.128671000000000276e+03
-4.145006000000000313e+03
-4.114192000000000007e+03
-4.124587000000000444e+03
-4.122359999999999673e+03
-4.098970999999999549e+03
-4.147604999999999563e+03
-4.122359999999999673e+03
-4.124216000000000349e+03
-4.170251000000000204e+03
-4.172479000000000269e+03
-4.163569000000000415e+03
-4.156144000000000233e+03
-4.202921000000000276e+03
-4.165796000000000276e+03
-4.175448999999999614e+03
-4.178046999999999571e+03
-4.128300000000000182e+03
-4.182131000000000313e+03
-4.188442000000000007e+03
-4.149832999999999629e+03
-4.162826000000000022e+03
-4.235220000000000255e+03
-4.212203000000000429e+03
-4.179904000000000451e+03
-4.249328000000000429e+03
-4.230765000000000327e+03
-4.231136000000000422e+03
-4.249328000000000429e+03
-4.286823999999999614e+03
-4.260094000000000051e+03
-4.266775999999999840e+03
-4.291279000000000451e+03
-4.260094000000000051e+03
-4.312811999999999898e+03
-4.258237000000000080e+03
-4.315409999999999854e+03
-4.305386000000000422e+03
-4.305756999999999607e+03
-4.294990999999999985e+03
-4.309099000000000160e+03
-4.327289999999999964e+03
-4.298703999999999724e+03
-4.349936999999999898e+03
-4.325434000000000196e+03
-4.326546999999999571e+03
-4.328033000000000357e+03
-4.341025999999999840e+03
-4.343996000000000095e+03
-4.358845999999999549e+03
-4.380750000000000000e+03
-4.349564999999999600e+03
-4.376667000000000371e+03
-4.338055999999999585e+03
-4.398198999999999614e+03
-4.411192000000000007e+03
-4.408222999999999956e+03
-4.399313000000000102e+03
-4.396342999999999847e+03
-4.394114999999999782e+03
-4.377037999999999556e+03
-4.384462000000000444e+03
-4.369984000000000378e+03
-4.394114999999999782e+03
-4.387432999999999993e+03
-4.404139000000000124e+03
-4.350679000000000087e+03
-4.367756000000000313e+03
-4.335086000000000240e+03
-4.336570999999999913e+03
-4.344738999999999578e+03
-4.361815999999999804e+03
-4.366270999999999731e+03
-4.349194000000000415e+03
-4.378894000000000233e+03
-4.354020000000000437e+03
-4.353277000000000044e+03
-4.351421000000000276e+03
-4.387432999999999993e+03
-4.370354999999999563e+03
-4.374439000000000306e+03
-4.364043999999999869e+03
-4.396713999999999942e+03
-4.384462000000000444e+03
-4.392630000000000109e+03
-4.388175000000000182e+03
-4.423073000000000320e+03
-4.389659999999999854e+03
-4.419730999999999767e+03
-4.384462000000000444e+03
-4.360331000000000131e+03
-4.384091000000000349e+03
-4.395600000000000364e+03
-4.420103000000000065e+03
-4.433467999999999847e+03
-4.446461000000000240e+03
-4.418988999999999578e+03
-4.461682999999999993e+03
-4.416761000000000422e+03
-4.406365999999999985e+03
-4.446461000000000240e+03
-4.439408000000000357e+03
-4.441635000000000218e+03
-4.433095999999999549e+03
-4.457970000000000255e+03
-4.465765999999999622e+03
-4.477274999999999636e+03
-4.472078000000000429e+03
-4.464280999999999949e+03
-4.460198000000000320e+03
-4.443490999999999985e+03
-4.422701000000000022e+03
-4.439408000000000357e+03
-4.452400999999999840e+03
-4.420474000000000160e+03
-4.437921999999999571e+03
-4.452029999999999745e+03
-4.447574999999999818e+03
-4.455743000000000393e+03
-4.488412999999999556e+03
-4.435323999999999614e+03
-4.483586000000000240e+03
-4.475789999999999964e+03
-4.472448999999999614e+03
-4.489154999999999745e+03
-4.492125000000000000e+03
-4.516256000000000313e+03
-4.455000000000000000e+03
-4.490269000000000233e+03
-4.501777000000000044e+03
-4.501405999999999949e+03
-4.530363999999999578e+03
-4.516998999999999796e+03
-4.518484000000000378e+03
-4.521824999999999818e+03
-4.541872999999999593e+03
-4.485814000000000306e+03
-4.524052999999999884e+03
-4.523680999999999585e+03
-4.555979999999999563e+03
-4.557836000000000240e+03
-4.546698999999999614e+03
-4.493238999999999578e+03
-4.510315999999999804e+03
-4.540015999999999622e+03
-4.515885000000000218e+03
-4.553752000000000407e+03
-4.540015999999999622e+03
-4.534819000000000415e+03
-4.563404999999999745e+03
-4.505860999999999876e+03
-4.552639000000000124e+03
-4.542614999999999782e+03
-4.576770000000000437e+03
-4.515885000000000218e+03
-4.565261000000000422e+03
-4.558949999999999818e+03
-4.584194999999999709e+03
-4.547440999999999804e+03
-4.570458999999999833e+03
-4.570087000000000444e+03
-4.594961000000000240e+03
-4.607212000000000444e+03
-4.549668999999999869e+03
-4.573429000000000087e+03
-4.596817000000000007e+03
-4.539645000000000437e+03
-4.563775999999999840e+03
-4.558949999999999818e+03
-4.559320999999999913e+03
-4.587536000000000058e+03
-4.586051000000000386e+03
-4.531105999999999767e+03
-4.586051000000000386e+03
-4.595703999999999724e+03
-4.578255000000000109e+03
-4.564890000000000327e+03
-4.577140999999999622e+03
-4.551524999999999636e+03
-4.595703999999999724e+03
-4.593104999999999563e+03
-4.564146999999999935e+03
-4.588279000000000451e+03
-4.574913999999999760e+03
-4.556722999999999956e+03
-4.489896999999999935e+03
-4.459454999999999927e+03
-4.504747999999999593e+03
-4.467251000000000204e+03
-4.467251000000000204e+03
-4.482100999999999658e+03
-4.522939000000000306e+03
-4.427155999999999949e+03
-4.473563000000000102e+03
-4.430497999999999593e+03
-4.442377000000000407e+03
-4.477645999999999731e+03
-4.449060000000000400e+03
-4.462425000000000182e+03
-4.475789999999999964e+03
-4.455371000000000095e+03
-4.474305000000000291e+03
-4.470963999999999942e+03
-4.480987000000000080e+03
-4.473563000000000102e+03
-4.472819999999999709e+03
-4.459826000000000022e+03
-4.484699999999999818e+03
-4.464652000000000044e+03
-4.486927999999999884e+03
-4.519969000000000051e+03
-4.482472999999999956e+03
-4.512543999999999869e+03
-4.501777000000000044e+03
-4.499921000000000276e+03
-4.495095000000000255e+03
-4.515885000000000218e+03
-4.494353000000000065e+03
-4.506975000000000364e+03
-4.509573999999999614e+03
-4.512914999999999964e+03
-4.495837000000000444e+03
-4.527765000000000327e+03
-4.499550000000000182e+03
-4.497694000000000415e+03
-4.528878999999999905e+03
-4.515143000000000029e+03
-4.522939000000000306e+03
-4.524052999999999884e+03
-4.495466000000000349e+03
-4.509944999999999709e+03
-4.507717999999999847e+03
-4.516998999999999796e+03
-4.528136000000000422e+03
-4.528506999999999607e+03
-4.524795000000000073e+03
-4.526279999999999745e+03
-4.520340000000000146e+03
-4.540387999999999920e+03
-4.536675000000000182e+03
-4.549296999999999571e+03
-4.563033999999999651e+03
-4.531105999999999767e+03
-4.562662999999999556e+03
-4.555609000000000378e+03
-4.548555000000000291e+03
-4.560435000000000400e+03
-4.573800000000000182e+03
-4.553752000000000407e+03
-4.584938000000000102e+03
-4.568603000000000065e+03
-4.571201000000000022e+03
-4.556722999999999956e+03
-4.587536000000000058e+03
-4.587536000000000058e+03
-4.567488999999999578e+03
-4.623546999999999571e+03
-4.603871000000000095e+03
-4.610182999999999993e+03
-4.648792000000000371e+03
-4.603500000000000000e+03
-4.610182999999999993e+03
-4.622805000000000291e+03
-4.631344000000000051e+03
-4.601271999999999935e+03
-4.683689999999999600e+03
-4.612038999999999760e+03
-4.619835000000000036e+03
-4.682204999999999927e+03
-4.614265999999999622e+03
-4.648050000000000182e+03
-4.651020000000000437e+03
-4.639881999999999607e+03
-4.619835000000000036e+03
-4.687774000000000342e+03
-4.628002000000000407e+03
-4.665869999999999891e+03
-4.670695999999999913e+03
-4.667725999999999658e+03
-4.664756000000000313e+03
-4.690372999999999593e+03
-4.705222999999999956e+03
-4.695198999999999614e+03
-4.731210000000000036e+03
-4.720444000000000415e+03
-4.713019000000000233e+03
-4.744945999999999913e+03
-4.677378999999999905e+03
-4.719329999999999927e+03
-4.739748999999999796e+03
-4.691114999999999782e+03
-4.655475000000000364e+03
-4.669953999999999724e+03
-4.694456000000000131e+03
-4.693713999999999942e+03
-4.676265000000000327e+03
-4.689259000000000015e+03
-4.687774000000000342e+03
-4.692229000000000269e+03
-4.715618000000000393e+03
-4.680349000000000160e+03
-4.685546000000000276e+03
-4.716730999999999767e+03
-4.689259000000000015e+03
-4.714503999999999905e+03
-4.714503999999999905e+03
-4.708935000000000400e+03
-4.683319000000000415e+03
-4.723042000000000371e+03
-4.673667000000000371e+03
-4.706336000000000240e+03
-4.713019000000000233e+03
-4.691485999999999876e+03
-4.703365999999999985e+03
-4.702252000000000407e+03
-4.677378999999999905e+03
-4.665498999999999796e+03
-4.715246000000000095e+03
-4.701510000000000218e+03
-4.728239999999999782e+03
-4.678121000000000095e+03
-4.722300000000000182e+03
-4.743090000000000146e+03
-4.702994999999999891e+03
-4.730095999999999549e+03
-4.703737000000000080e+03
-4.730467999999999847e+03
-4.723413999999999760e+03
-4.724155999999999949e+03
-4.750515000000000327e+03
-4.732694999999999709e+03
-4.710048999999999978e+03
