-1.533262000000000000e+02
-1.436738000000000000e+02
-1.730024999999999977e+02
-1.848824999999999932e+02
-1.692899999999999920e+02
-1.911938000000000102e+02
-2.123549999999999898e+02
-2.227500000000000000e+02
-2.353725000000000023e+02
-2.468813000000000102e+02
-2.531924999999999955e+02
-2.691562999999999874e+02
-2.702699999999999818e+02
-2.498513000000000090e+02
-3.018263000000000034e+02
-2.698987000000000194e+02
-2.754674999999999727e+02
-3.111075000000000159e+02
-3.103650000000000091e+02
-3.007124999999999773e+02
-3.318974999999999795e+02
-3.007124999999999773e+02
-3.252149999999999750e+02
-3.500887000000000171e+02
-3.278138000000000147e+02
-3.415500000000000114e+02
-3.278138000000000147e+02
-3.415500000000000114e+02
-3.404361999999999853e+02
-3.545437999999999761e+02
-3.541725000000000136e+02
-3.634538000000000011e+02
-3.571424999999999841e+02
-3.486037999999999784e+02
-3.749624999999999773e+02
-3.482325000000000159e+02
-3.890699999999999932e+02
-3.861000000000000227e+02
-3.541725000000000136e+02
-3.389513000000000034e+02
-3.085088000000000079e+02
-3.519449999999999932e+02
-3.482325000000000159e+02
-3.241012999999999806e+02
-3.578849999999999909e+02
-3.794175000000000182e+02
-3.578849999999999909e+02
-3.645674999999999955e+02
-3.794175000000000182e+02
-3.549150000000000205e+02
-3.857287999999999784e+02
-3.961236999999999853e+02
-3.749624999999999773e+02
-3.875849999999999795e+02
-4.083750000000000000e+02
-3.831299999999999955e+02
-3.690224999999999795e+02
-3.801600000000000250e+02
-3.783036999999999921e+02
-3.950099999999999909e+02
-3.898125000000000000e+02
-3.976087999999999738e+02
-3.775611999999999853e+02
-3.961236999999999853e+02
-3.961236999999999853e+02
-3.886988000000000056e+02
-4.209975000000000023e+02
-3.872137000000000171e+02
-3.938962000000000216e+02
-4.150575000000000045e+02
-4.172850000000000250e+02
-4.013213000000000079e+02
-4.217400000000000091e+02
-4.143149999999999977e+02
-4.016924999999999955e+02
-4.313924999999999841e+02
-4.332486999999999853e+02
-4.206263000000000147e+02
-4.484700000000000273e+02
-4.384463000000000079e+02
-4.455000000000000000e+02
-4.380749999999999886e+02
-4.191413000000000011e+02
-4.577513000000000147e+02
-4.480987999999999829e+02
-4.187699999999999818e+02
-4.484700000000000273e+02
-4.640625000000000000e+02
-4.432724999999999795e+02
-4.429012000000000171e+02
-4.614637000000000171e+02
-4.688888000000000034e+02
-4.696313000000000102e+02
-4.495837000000000216e+02
-4.473562999999999761e+02
-4.603500000000000227e+02
-4.744574999999999818e+02
-4.703736999999999853e+02
-4.703736999999999853e+02
-4.551524999999999750e+02
-4.636913000000000125e+02
-4.510688000000000102e+02
-4.640625000000000000e+02
-4.551524999999999750e+02
-4.659187999999999761e+02
-4.733437999999999874e+02
-4.711161999999999921e+02
-4.518111999999999853e+02
-4.759424999999999955e+02
-4.740862000000000194e+02
-4.558949999999999818e+02
-4.826250000000000000e+02
-4.904212999999999738e+02
-4.692599999999999909e+02
-4.963613000000000284e+02
-4.577513000000000147e+02
-4.770561999999999898e+02
-4.933913000000000011e+02
-4.588650000000000091e+02
-4.655475000000000136e+02
-4.822538000000000125e+02
-4.622062999999999988e+02
-4.484700000000000273e+02
-4.781700000000000159e+02
-4.644336999999999875e+02
-4.692599999999999909e+02
-4.674037000000000148e+02
-4.993312999999999988e+02
-4.885649999999999977e+02
-4.963613000000000284e+02
-4.915350000000000250e+02
-5.008163000000000125e+02
-4.774275000000000091e+02
-5.112112000000000194e+02
-5.145525000000000091e+02
-4.974750000000000227e+02
-4.766850000000000023e+02
-4.429012000000000171e+02
-4.455000000000000000e+02
-4.039200000000000159e+02
-3.701363000000000056e+02
-4.087461999999999875e+02
-4.094886999999999944e+02
-4.013213000000000079e+02
-3.927825000000000273e+02
-4.042912999999999784e+02
-3.905550000000000068e+02
-3.961236999999999853e+02
-3.797887999999999806e+02
-3.894413000000000125e+02
-4.061474999999999795e+02
-4.042912999999999784e+02
-3.909261999999999944e+02
-4.117162000000000148e+02
-3.972375000000000114e+02
-4.065187999999999988e+02
-4.057762000000000171e+02
-4.295362999999999829e+02
-4.068899999999999864e+02
-3.979800000000000182e+02
-4.232250000000000227e+02
-3.964950000000000045e+02
-3.842436999999999898e+02
-3.961236999999999853e+02
-3.920400000000000205e+02
-3.983512999999999806e+02
-3.883274999999999864e+02
-3.838725000000000023e+02
-3.998362000000000194e+02
-4.094886999999999944e+02
-3.964950000000000045e+02
-4.106025000000000205e+02
-4.169137999999999806e+02
-3.905550000000000068e+02
-4.250812999999999988e+02
-4.128299999999999841e+02
-4.072613000000000056e+02
-3.964950000000000045e+02
-4.221113000000000284e+02
-3.953813000000000102e+02
-4.005788000000000011e+02
-4.106025000000000205e+02
-3.931537000000000148e+02
-3.890699999999999932e+02
-4.035488000000000284e+02
-3.723636999999999944e+02
-3.712500000000000000e+02
-3.990937999999999874e+02
-3.679087999999999852e+02
-3.786750000000000114e+02
-4.094886999999999944e+02
-3.909261999999999944e+02
-3.924112999999999829e+02
-3.894413000000000125e+02
-4.094886999999999944e+02
-3.964950000000000045e+02
-3.875849999999999795e+02
-4.013213000000000079e+02
-3.953813000000000102e+02
-3.783036999999999921e+02
-3.886988000000000056e+02
-3.864712999999999852e+02
-3.909261999999999944e+02
-3.653100000000000023e+02
-3.783036999999999921e+02
-3.842436999999999898e+02
-3.972375000000000114e+02
-3.734775000000000205e+02
-3.990937999999999874e+02
-4.009499999999999886e+02
-4.050337999999999852e+02
-4.098600000000000136e+02
-4.005788000000000011e+02
-4.039200000000000159e+02
-4.183987000000000194e+02
-3.994649999999999750e+02
-3.757049999999999841e+02
-4.091175000000000068e+02
-4.050337999999999852e+02
-3.957524999999999977e+02
-4.035488000000000284e+02
-3.909261999999999944e+02
-3.990937999999999874e+02
-4.109737999999999829e+02
-4.235962999999999852e+02
-4.098600000000000136e+02
-4.150575000000000045e+02
-4.195124999999999886e+02
-4.120874999999999773e+02
-4.128299999999999841e+02
-4.172850000000000250e+02
-4.076324999999999932e+02
-4.005788000000000011e+02
-4.091175000000000068e+02
-4.024350000000000023e+02
-4.113450000000000273e+02
-4.035488000000000284e+02
-4.016924999999999955e+02
-4.139438000000000102e+02
-4.269375000000000000e+02
-4.139438000000000102e+02
-4.076324999999999932e+02
-4.254524999999999864e+02
-4.239674999999999727e+02
-4.243387000000000171e+02
-4.473562999999999761e+02
-4.068899999999999864e+02
-4.224825000000000159e+02
-4.132013000000000034e+02
-4.217400000000000091e+02
-4.161712999999999738e+02
-4.451288000000000125e+02
-4.146861999999999853e+02
-4.425299999999999727e+02
-4.354762999999999806e+02
-4.187699999999999818e+02
-4.291650000000000205e+02
-4.158000000000000114e+02
-4.221113000000000284e+02
-4.291650000000000205e+02
-4.306499999999999773e+02
-4.343625000000000114e+02
-4.365899999999999750e+02
-4.213686999999999898e+02
-4.035488000000000284e+02
-3.901836999999999875e+02
-3.990937999999999874e+02
-4.020638000000000147e+02
-3.916687999999999761e+02
-4.035488000000000284e+02
-3.890699999999999932e+02
-3.924112999999999829e+02
-3.976087999999999738e+02
-3.898125000000000000e+02
-4.176562999999999874e+02
-4.057762000000000171e+02
-3.879562999999999988e+02
-4.117162000000000148e+02
-4.302787000000000148e+02
-3.972375000000000114e+02
-4.024350000000000023e+02
-4.183987000000000194e+02
-4.024350000000000023e+02
-4.365899999999999750e+02
-4.206263000000000147e+02
-4.198838000000000079e+02
-4.276800000000000068e+02
-4.224825000000000159e+02
-4.046625000000000227e+02
-4.380749999999999886e+02
-4.080038000000000125e+02
-4.124587000000000216e+02
-3.816449999999999818e+02
-4.161712999999999738e+02
-4.254524999999999864e+02
-3.745912000000000148e+02
-4.139438000000000102e+02
-4.087461999999999875e+02
-4.083750000000000000e+02
-4.172850000000000250e+02
-4.154286999999999921e+02
-4.031775000000000091e+02
-4.206263000000000147e+02
-4.143149999999999977e+02
-4.024350000000000023e+02
-3.998362000000000194e+02
-4.005788000000000011e+02
-4.031775000000000091e+02
-4.183987000000000194e+02
-4.117162000000000148e+02
-4.083750000000000000e+02
-4.328774999999999977e+02
-4.183987000000000194e+02
-4.161712999999999738e+02
-4.187699999999999818e+02
-4.076324999999999932e+02
-3.983512999999999806e+02
-4.232250000000000227e+02
-4.120874999999999773e+02
-4.117162000000000148e+02
-4.087461999999999875e+02
-4.310212000000000216e+02
-4.176562999999999874e+02
-4.128299999999999841e+02
-4.098600000000000136e+02
-3.964950000000000045e+02
-4.016924999999999955e+02
-4.169137999999999806e+02
-4.221113000000000284e+02
-4.198838000000000079e+02
-4.094886999999999944e+02
-4.158000000000000114e+02
-4.228537999999999784e+02
-4.054049999999999727e+02
-4.209975000000000023e+02
-4.295362999999999829e+02
-4.247099999999999795e+02
-4.009499999999999886e+02
-4.165425000000000182e+02
-4.180274999999999750e+02
-4.172850000000000250e+02
-4.039200000000000159e+02
-4.135724999999999909e+02
-4.158000000000000114e+02
-4.057762000000000171e+02
-4.031775000000000091e+02
-4.020638000000000147e+02
-4.247099999999999795e+02
-4.046625000000000227e+02
-4.072613000000000056e+02
-4.109737999999999829e+02
-4.228537999999999784e+02
-4.135724999999999909e+02
-4.072613000000000056e+02
-4.183987000000000194e+02
-4.158000000000000114e+02
-4.310212000000000216e+02
-4.287937999999999761e+02
-4.039200000000000159e+02
-4.336200000000000045e+02
-4.154286999999999921e+02
-3.894413000000000125e+02
-4.209975000000000023e+02
-4.135724999999999909e+02
-4.135724999999999909e+02
-4.013213000000000079e+02
-4.124587000000000216e+02
-4.087461999999999875e+02
-4.046625000000000227e+02
-4.154286999999999921e+02
-4.035488000000000284e+02
-4.165425000000000182e+02
-4.280511999999999944e+02
-4.198838000000000079e+02
-4.261949999999999932e+02
-4.403025000000000091e+02
-4.250812999999999988e+02
-4.284225000000000136e+02
-4.440149999999999864e+02
-4.302787000000000148e+02
-4.106025000000000205e+02
-4.525536999999999921e+02
-4.336200000000000045e+02
-4.239674999999999727e+02
-4.202549999999999955e+02
-4.198838000000000079e+02
-4.284225000000000136e+02
-4.588650000000000091e+02
-4.124587000000000216e+02
-4.198838000000000079e+02
-4.443863000000000056e+02
-4.265663000000000125e+02
-4.183987000000000194e+02
-4.343625000000000114e+02
-4.284225000000000136e+02
-4.247099999999999795e+02
-4.547812999999999874e+02
-4.261949999999999932e+02
-4.221113000000000284e+02
-4.429012000000000171e+02
-4.273086999999999875e+02
-4.354762999999999806e+02
-4.325063000000000102e+02
-4.354762999999999806e+02
-4.198838000000000079e+02
-4.354762999999999806e+02
-4.525536999999999921e+02
-4.284225000000000136e+02
-4.365899999999999750e+02
-4.310212000000000216e+02
-4.351050000000000182e+02
-4.321349999999999909e+02
