3.972496000000000294e+01
2.561702999999999975e+01
2.004811000000000121e+01
2.932965000000000089e+01
9.652794999999999348e+00
-2.970000000000000195e+00
-1.484999999999999964e+01
-8.910000000000000142e+00
-3.192749999999999844e+01
-3.935249999999999915e+01
-2.561625000000000085e+01
-5.383124999999999716e+01
-4.195125000000000171e+01
-4.937624999999999886e+01
-6.385499999999999687e+01
-8.612999999999999545e+01
-6.274125000000000085e+01
-8.501624999999999943e+01
-9.949500000000000455e+01
-1.239975000000000023e+02
-1.139737999999999971e+02
-8.575875000000000625e+01
-1.351349999999999909e+02
-1.273388000000000062e+02
-1.499850000000000136e+02
-1.195425000000000040e+02
-1.325363000000000113e+02
-1.614937999999999931e+02
-1.704036999999999864e+02
-1.533262000000000000e+02
-1.614937999999999931e+02
-1.663199999999999932e+02
-1.826550000000000011e+02
-1.871100000000000136e+02
-1.867387999999999977e+02
-1.811699999999999875e+02
-2.004749999999999943e+02
-1.655774999999999864e+02
-1.666913000000000125e+02
-1.536974999999999909e+02
-1.889661999999999864e+02
-1.867387999999999977e+02
-1.960200000000000102e+02
-1.859961999999999875e+02
-2.056725000000000136e+02
-2.086425000000000125e+02
-2.067863000000000113e+02
-2.023312999999999988e+02
-2.335163000000000011e+02
-2.331450000000000102e+02
-2.249774999999999920e+02
-2.123549999999999898e+02
-2.375999999999999943e+02
-2.405699999999999932e+02
-2.624737999999999829e+02
-2.453962999999999965e+02
-2.531924999999999955e+02
-2.346299999999999955e+02
-2.216362000000000023e+02
-2.156963000000000079e+02
-2.557913000000000068e+02
-2.457675000000000125e+02
-2.405699999999999932e+02
-2.468813000000000102e+02
-2.595038000000000125e+02
-2.606175000000000068e+02
-2.840063000000000102e+02
-2.877187999999999874e+02
-2.918025000000000091e+02
-2.906888000000000147e+02
-2.643299999999999841e+02
-2.372288000000000068e+02
-2.669286999999999921e+02
-2.958863000000000056e+02
-2.669286999999999921e+02
-2.992275000000000205e+02
-2.828924999999999841e+02
-2.799225000000000136e+02
-2.866050000000000182e+02
-2.925450000000000159e+02
-2.602461999999999875e+02
-2.383425000000000011e+02
-2.383425000000000011e+02
-2.093849999999999909e+02
-2.643299999999999841e+02
-2.814075000000000273e+02
-2.338874999999999886e+02
-2.676712999999999738e+02
-2.635874999999999773e+02
-2.294325000000000045e+02
-2.175525000000000091e+02
-2.442824999999999989e+02
-2.387136999999999887e+02
-2.309174999999999898e+02
-2.327737999999999943e+02
-2.275762000000000000e+02
-2.242350000000000136e+02
-2.227500000000000000e+02
-2.309174999999999898e+02
-2.008463000000000136e+02
-1.960200000000000102e+02
-2.108700000000000045e+02
-2.186662000000000035e+02
-2.216362000000000023e+02
-2.286899999999999977e+02
-2.149538000000000011e+02
-2.104987000000000137e+02
-2.260911999999999864e+02
-2.424262999999999977e+02
-2.290612000000000137e+02
-1.993613000000000000e+02
-2.272050000000000125e+02
-2.294325000000000045e+02
-1.915649999999999977e+02
-2.156963000000000079e+02
-2.394562999999999988e+02
-2.208937999999999988e+02
-2.145825000000000102e+02
-2.216362000000000023e+02
-2.253488000000000113e+02
-2.127263000000000090e+02
-1.963913000000000011e+02
-2.104987000000000137e+02
-2.045586999999999875e+02
-2.112412999999999954e+02
-1.648350000000000080e+02
-2.045586999999999875e+02
-1.971338000000000079e+02
-1.956487999999999943e+02
-2.027024999999999864e+02
-1.893375000000000057e+02
-1.655774999999999864e+02
-1.837687999999999988e+02
-1.874812000000000012e+02
-1.856250000000000000e+02
-1.963913000000000011e+02
-1.793137999999999863e+02
-1.644636999999999887e+02
-1.726313000000000102e+02
-1.833975000000000080e+02
-1.752299999999999898e+02
-1.811699999999999875e+02
-1.897087999999999965e+02
-1.863675000000000068e+02
-1.666913000000000125e+02
-1.926787999999999954e+02
-1.845112000000000023e+02
-1.819124999999999943e+02
-1.967624999999999886e+02
-1.934211999999999989e+02
-1.986187999999999931e+02
-1.956487999999999943e+02
-1.845112000000000023e+02
-1.707750000000000057e+02
-1.655774999999999864e+02
-1.574099999999999966e+02
-1.533262000000000000e+02
-1.626074999999999875e+02
-1.748586999999999989e+02
-1.485000000000000000e+02
-1.696613000000000113e+02
-1.685475000000000136e+02
-1.273388000000000062e+02
-1.596374999999999886e+02
-1.388474999999999966e+02
-1.514699999999999989e+02
-1.737450000000000045e+02
-1.551825000000000045e+02
-1.544399999999999977e+02
-1.652062999999999988e+02
-1.603799999999999955e+02
-1.704036999999999864e+02
-1.626074999999999875e+02
-1.433025000000000091e+02
-1.655774999999999864e+02
-1.596374999999999886e+02
-1.715175000000000125e+02
-1.774575000000000102e+02
-1.741162999999999954e+02
-1.781999999999999886e+02
-1.752299999999999898e+02
-1.778288000000000011e+02
-1.852538000000000125e+02
-1.659487000000000023e+02
-1.811699999999999875e+02
-1.718887000000000000e+02
-1.640925000000000011e+02
-1.737450000000000045e+02
-1.685475000000000136e+02
-1.859961999999999875e+02
-1.908224999999999909e+02
-1.704036999999999864e+02
-1.592663000000000011e+02
-1.704036999999999864e+02
-1.989900000000000091e+02
-1.867387999999999977e+02
-1.785713000000000079e+02
-1.867387999999999977e+02
-1.837687999999999988e+02
-1.796850000000000023e+02
-1.878524999999999920e+02
-1.960200000000000102e+02
-1.956487999999999943e+02
-1.975049999999999955e+02
-1.778288000000000011e+02
-1.975049999999999955e+02
-1.926787999999999954e+02
-1.900800000000000125e+02
-2.186662000000000035e+02
-2.153249999999999886e+02
-1.689187000000000012e+02
-1.377336999999999989e+02
-1.704036999999999864e+02
-1.399612999999999943e+02
-1.522125000000000057e+02
-1.451588000000000136e+02
-1.529550000000000125e+02
-1.525837999999999965e+02
-1.674336999999999875e+02
-1.418174999999999955e+02
-1.251113000000000000e+02
-1.355063000000000102e+02
-1.128599999999999994e+02
-1.258538000000000068e+02
-1.577812999999999874e+02
-1.444162000000000035e+02
-1.410749999999999886e+02
-1.314225000000000136e+02
-1.236263000000000005e+02
-1.251113000000000000e+02
-1.399612999999999943e+02
-1.481288000000000125e+02
-1.407038000000000011e+02
-1.358774999999999977e+02
-1.529550000000000125e+02
-1.314225000000000136e+02
-1.347637000000000000e+02
-1.340212999999999965e+02
-1.366200000000000045e+02
-1.355063000000000102e+02
-1.310512999999999977e+02
-1.046924999999999955e+02
-1.295663000000000125e+02
-1.522125000000000057e+02
-1.355063000000000102e+02
-1.355063000000000102e+02
-1.384763000000000090e+02
-1.499850000000000136e+02
-1.444162000000000035e+02
-1.329074999999999989e+02
-1.381049999999999898e+02
-1.529550000000000125e+02
-1.603799999999999955e+02
-1.581525000000000034e+02
-1.399612999999999943e+02
-1.533262000000000000e+02
-1.466437999999999988e+02
-1.459011999999999887e+02
-1.574099999999999966e+02
-1.477574999999999932e+02
-1.421887999999999863e+02
-1.600088000000000079e+02
-1.481288000000000125e+02
-1.510988000000000113e+02
-1.548112000000000137e+02
-1.303086999999999875e+02
-1.399612999999999943e+02
-1.347637000000000000e+02
-1.317937000000000012e+02
-1.206563000000000017e+02
-1.499850000000000136e+02
-1.473862000000000023e+02
-1.277099999999999937e+02
-1.392187999999999874e+02
-1.444162000000000035e+02
-1.418174999999999955e+02
-1.355063000000000102e+02
-1.358774999999999977e+02
-1.343925000000000125e+02
-1.358774999999999977e+02
-1.329074999999999989e+02
-1.332786999999999864e+02
-1.440449999999999875e+02
-1.251113000000000000e+02
-1.384763000000000090e+02
-1.477574999999999932e+02
-1.336500000000000057e+02
-1.403325000000000102e+02
-1.410749999999999886e+02
-1.184287000000000063e+02
-1.466437999999999988e+02
-1.343925000000000125e+02
-1.373625000000000114e+02
-1.273388000000000062e+02
-1.466437999999999988e+02
-1.147162000000000006e+02
-1.317937000000000012e+02
-1.533262000000000000e+02
-1.481288000000000125e+02
-1.459011999999999887e+02
-1.588950000000000102e+02
-1.499850000000000136e+02
-1.562961999999999989e+02
-1.514699999999999989e+02
-1.410749999999999886e+02
-1.655774999999999864e+02
-1.496137999999999977e+02
-1.310512999999999977e+02
-1.585237999999999943e+02
-1.507274999999999920e+02
-1.299375000000000000e+02
-1.473862000000000023e+02
-1.481288000000000125e+02
-1.425600000000000023e+02
-1.533262000000000000e+02
-1.585237999999999943e+02
-1.548112000000000137e+02
-1.462725000000000080e+02
-1.577812999999999874e+02
-1.507274999999999920e+02
-1.447874999999999943e+02
-1.700324999999999989e+02
-1.429311999999999898e+02
-1.603799999999999955e+02
-1.774575000000000102e+02
-1.707750000000000057e+02
-1.559250000000000114e+02
-1.726313000000000102e+02
-1.640925000000000011e+02
-1.614937999999999931e+02
-1.815412000000000035e+02
-1.410749999999999886e+02
-1.536974999999999909e+02
-1.607512999999999863e+02
-1.663199999999999932e+02
-1.466437999999999988e+02
-1.455300000000000011e+02
-1.343925000000000125e+02
-1.392187999999999874e+02
-1.377336999999999989e+02
-1.355063000000000102e+02
-1.210275000000000034e+02
-1.403325000000000102e+02
-1.362487000000000137e+02
-1.347637000000000000e+02
-1.310512999999999977e+02
-1.213987999999999943e+02
-1.373625000000000114e+02
-1.384763000000000090e+02
-1.477574999999999932e+02
-1.195425000000000040e+02
-1.343925000000000125e+02
-1.473862000000000023e+02
-1.154586999999999932e+02
-1.418174999999999955e+02
-1.317937000000000012e+02
-1.236263000000000005e+02
-1.199137000000000057e+02
-1.295663000000000125e+02
-1.407038000000000011e+02
-1.321649999999999920e+02
-1.332786999999999864e+02
-1.529550000000000125e+02
-1.555537999999999954e+02
-1.314225000000000136e+02
-1.258538000000000068e+02
-1.622363000000000000e+02
-1.347637000000000000e+02
-1.425600000000000023e+02
-1.566674999999999898e+02
-1.666913000000000125e+02
-1.581525000000000034e+02
-1.603799999999999955e+02
-1.485000000000000000e+02
-1.570388000000000090e+02
-1.626074999999999875e+02
-1.562961999999999989e+02
-1.548112000000000137e+02
-1.652062999999999988e+02
-1.481288000000000125e+02
-1.410749999999999886e+02
-1.685475000000000136e+02
-1.473862000000000023e+02
-1.407038000000000011e+02
-1.674336999999999875e+02
-1.418174999999999955e+02
-1.403325000000000102e+02
-1.592663000000000011e+02
-1.562961999999999989e+02
-1.611225000000000023e+02
-1.600088000000000079e+02
-1.637213000000000136e+02
-1.603799999999999955e+02
-1.678050000000000068e+02
-1.444162000000000035e+02
-1.562961999999999989e+02
-1.778288000000000011e+02
-1.544399999999999977e+02
-1.640925000000000011e+02
-1.833975000000000080e+02
-1.815412000000000035e+02
-1.555537999999999954e+02
-1.652062999999999988e+02
-1.685475000000000136e+02
-1.663199999999999932e+02
-1.774575000000000102e+02
-1.741162999999999954e+02
-1.614937999999999931e+02
-1.626074999999999875e+02
-1.640925000000000011e+02
-1.566674999999999898e+02
-1.544399999999999977e+02
