-1.760838999999999942e+03
-1.779401000000000067e+03
-1.772719000000000051e+03
-1.819867999999999938e+03
-1.832118999999999915e+03
-1.794993999999999915e+03
-1.891890000000000100e+03
-1.864788999999999987e+03
-1.849939000000000078e+03
-1.879268000000000029e+03
-1.916020999999999958e+03
-1.908968000000000075e+03
-1.918990999999999985e+03
-1.906368999999999915e+03
-1.901541999999999916e+03
-1.919363000000000056e+03
-1.921219000000000051e+03
-1.929385999999999967e+03
-1.955374000000000024e+03
-1.967253999999999905e+03
-1.972079999999999927e+03
-1.974679000000000087e+03
-2.007348999999999933e+03
-1.988414999999999964e+03
-2.025911000000000058e+03
-2.027395999999999958e+03
-2.022941000000000031e+03
-2.044473999999999933e+03
-1.999923999999999978e+03
-1.956115999999999985e+03
-2.013660000000000082e+03
-2.015516000000000076e+03
-2.013660000000000082e+03
-2.041503999999999905e+03
-2.051527999999999793e+03
-2.081969999999999800e+03
-2.054498000000000047e+03
-2.047073000000000093e+03
-2.013660000000000082e+03
-2.078257999999999811e+03
-2.092735999999999876e+03
-2.067490999999999985e+03
-2.084568999999999960e+03
-2.101275000000000091e+03
-2.114639999999999873e+03
-2.110927000000000135e+03
-2.126148999999999887e+03
-2.089766000000000076e+03
-2.131717999999999847e+03
-2.146938999999999851e+03
-2.136543999999999869e+03
-2.109813999999999851e+03
-2.110184999999999945e+03
-2.124664000000000215e+03
-2.142855000000000018e+03
-2.153621000000000095e+03
-2.104987999999999829e+03
-2.133945000000000164e+03
-2.117239000000000033e+03
-2.137286000000000058e+03
-2.117239000000000033e+03
-2.165130000000000109e+03
-2.158076000000000022e+03
-2.166985999999999876e+03
-2.181094000000000051e+03
-2.197057999999999993e+03
-2.190375000000000000e+03
-2.191860000000000127e+03
-2.210422999999999774e+03
-2.195943999999999960e+03
-2.237523999999999887e+03
-2.200769999999999982e+03
-2.249775000000000091e+03
-2.264253999999999905e+03
-2.238637000000000171e+03
-2.211907000000000153e+03
-2.266481000000000222e+03
-2.204481999999999971e+03
-2.217476000000000113e+03
-2.244949000000000069e+03
-2.247918999999999869e+03
-2.228985000000000127e+03
-2.284672999999999774e+03
-2.273534999999999854e+03
-2.304349000000000160e+03
-2.305833999999999833e+03
-2.295809999999999945e+03
-2.305461999999999989e+03
-2.310289000000000215e+03
-2.355581000000000131e+03
-2.318085000000000036e+03
-2.337760999999999967e+03
-2.300635999999999967e+03
-2.317342999999999847e+03
-2.351126000000000204e+03
-2.341103000000000065e+03
-2.311402999999999793e+03
-2.358922999999999774e+03
-2.358179999999999836e+03
-2.337389999999999873e+03
-2.377114000000000033e+03
-2.335163000000000011e+03
-2.320684000000000196e+03
-2.341474000000000160e+03
-2.348527999999999793e+03
-2.285043999999999869e+03
-2.368945999999999913e+03
-2.291355000000000018e+03
-2.345557999999999993e+03
-2.317713999999999942e+03
-2.348155999999999949e+03
-2.328480000000000018e+03
-2.351869000000000142e+03
-2.377856000000000222e+03
-2.319570000000000164e+03
-2.361893000000000029e+03
-2.357065999999999804e+03
-2.329965000000000146e+03
-2.377485000000000127e+03
-2.350755000000000109e+03
-2.350755000000000109e+03
-2.349269999999999982e+03
-2.355210000000000036e+03
-2.315485999999999876e+03
-2.354838999999999942e+03
-2.360778999999999996e+03
-2.325139000000000124e+03
-2.351126000000000204e+03
-2.351126000000000204e+03
-2.332934999999999945e+03
-2.366347000000000207e+03
-2.360778999999999996e+03
-2.335534000000000106e+03
-2.342215999999999894e+03
-2.342215999999999894e+03
-2.350012000000000171e+03
-2.302864000000000033e+03
-2.346670999999999822e+03
-2.309175000000000182e+03
-2.301378999999999905e+03
-2.347041999999999916e+03
-2.282074000000000069e+03
-2.289498999999999796e+03
-2.294324999999999818e+03
-2.324768000000000029e+03
-2.326994999999999891e+03
-2.337760999999999967e+03
-2.318085000000000036e+03
-2.328108999999999924e+03
-2.363748999999999796e+03
-2.329222000000000207e+03
-2.321425999999999931e+03
-2.370059999999999945e+03
-2.331449999999999818e+03
-2.349641000000000076e+03
-2.361521000000000186e+03
-2.353724999999999909e+03
-2.353724999999999909e+03
-2.373771999999999935e+03
-2.422034999999999854e+03
-2.381568999999999960e+03
-2.391221000000000004e+03
-2.392335000000000036e+03
-2.377485000000000127e+03
-2.388251000000000204e+03
-2.424634000000000015e+03
-2.415724000000000160e+03
-2.433172999999999774e+03
-2.443195999999999913e+03
-2.436143000000000029e+03
-2.442083000000000084e+03
-2.475494999999999891e+03
-2.478094000000000051e+03
-2.467699000000000069e+03
-2.478094000000000051e+03
-2.444309999999999945e+03
-2.508907000000000153e+03
-2.476237999999999829e+03
-2.528583999999999833e+03
-2.450992000000000189e+03
-2.326251999999999953e+03
-2.378599000000000160e+03
-2.362635000000000218e+03
-2.332193000000000211e+03
-2.309916999999999916e+03
-2.292097000000000207e+03
-2.317713999999999942e+03
-2.288014000000000124e+03
-2.276134000000000015e+03
-2.285414999999999964e+03
-2.286900000000000091e+03
-2.274277999999999793e+03
-2.266110000000000127e+03
-2.275391000000000076e+03
-2.273164000000000215e+03
-2.320684000000000196e+03
-2.300264999999999873e+03
-2.293954000000000178e+03
-2.314373000000000047e+03
-2.293583000000000084e+03
-2.277248000000000047e+03
-2.283559000000000196e+03
-2.284300999999999931e+03
-2.293583000000000084e+03
-2.311773999999999887e+03
-2.296923999999999978e+03
-2.328851000000000113e+03
-2.263510999999999967e+03
-2.251630999999999858e+03
-2.277619000000000142e+03
-2.270193999999999960e+03
-2.227128999999999905e+03
-2.260170000000000073e+03
-2.235295999999999822e+03
-2.259056000000000040e+03
-2.271679000000000087e+03
-2.267594999999999800e+03
-2.257199999999999818e+03
-2.236039000000000215e+03
-2.284672999999999774e+03
-2.204110999999999876e+03
-2.252001999999999953e+03
-2.275762000000000171e+03
-2.240123000000000047e+03
-2.265739000000000033e+03
-2.304719999999999800e+03
-2.264625000000000000e+03
-2.296923999999999978e+03
-2.259056000000000040e+03
-2.256829000000000178e+03
-2.263882999999999811e+03
-2.241235999999999876e+03
-2.283559000000000196e+03
-2.255715000000000146e+03
-2.278360999999999876e+03
-2.259427000000000135e+03
-2.253115999999999985e+03
-2.273905999999999949e+03
-2.279103999999999814e+03
-2.277619000000000142e+03
-2.278731999999999971e+03
-2.264625000000000000e+03
-2.253858999999999924e+03
-2.261655000000000200e+03
-2.256458000000000084e+03
-2.274648999999999887e+03
-2.289869999999999891e+03
-2.291355000000000018e+03
-2.259427000000000135e+03
-2.315114999999999782e+03
-2.266853000000000065e+03
-2.283559000000000196e+03
-2.280960000000000036e+03
-2.291355000000000018e+03
-2.299150999999999840e+03
-2.312516000000000076e+03
-2.289498999999999796e+03
-2.241235999999999876e+03
-2.292469000000000051e+03
-2.305833999999999833e+03
-2.298780000000000200e+03
-2.355581000000000131e+03
-2.317342999999999847e+03
-2.296181000000000040e+03
-2.292469000000000051e+03
-2.312144999999999982e+03
-2.282815999999999804e+03
-2.292097000000000207e+03
-2.332563999999999851e+03
-2.296181000000000040e+03
-2.339617000000000189e+03
-2.352610999999999876e+03
-2.300264999999999873e+03
-2.271307999999999993e+03
-2.271679000000000087e+03
-2.247175999999999931e+03
-2.280960000000000036e+03
-2.293583000000000084e+03
-2.261284000000000106e+03
-2.277989999999999782e+03
-2.296923999999999978e+03
-2.282815999999999804e+03
-2.285414999999999964e+03
-2.292840000000000146e+03
-2.309175000000000182e+03
-2.296552000000000135e+03
-2.288755999999999858e+03
-2.281702999999999975e+03
-2.281331000000000131e+03
-2.318085000000000036e+03
-2.295438999999999851e+03
-2.280588999999999942e+03
-2.331820999999999913e+03
-2.300635999999999967e+03
-2.289869999999999891e+03
-2.360407000000000153e+03
-2.312516000000000076e+03
-2.304349000000000160e+03
-2.292469000000000051e+03
-2.302492000000000189e+03
-2.295438999999999851e+03
-2.302121000000000095e+03
-2.314001000000000204e+03
-2.294324999999999818e+03
-2.304349000000000160e+03
-2.284300999999999931e+03
-2.322168999999999869e+03
-2.308432999999999993e+03
-2.339989000000000033e+03
-2.312144999999999982e+03
-2.303606000000000222e+03
-2.320684000000000196e+03
-2.323653999999999996e+03
-2.368945999999999913e+03
-2.324768000000000029e+03
-2.339989000000000033e+03
-2.372659000000000106e+03
-2.334420000000000073e+03
-2.352239999999999782e+03
-2.350755000000000109e+03
-2.361893000000000029e+03
-2.337389999999999873e+03
-2.387880000000000109e+03
-2.366719000000000051e+03
-2.354467999999999847e+03
-2.361150000000000091e+03
-2.380826000000000022e+03
-2.354096000000000004e+03
-2.370802000000000135e+03
-2.398646000000000186e+03
-2.396047999999999774e+03
-2.378228000000000065e+03
-2.383054000000000087e+03
-2.427231999999999971e+03
-2.403844000000000051e+03
-2.427603999999999814e+03
-2.358179999999999836e+03
-2.421291999999999916e+03
-2.432429999999999836e+03
-2.413496000000000095e+03
-2.450250000000000000e+03
-2.440969000000000051e+03
-2.419065000000000055e+03
-2.464728999999999814e+03
-2.443568000000000211e+03
-2.414981000000000222e+03
-2.469554999999999836e+03
-2.449135999999999967e+03
-2.469554999999999836e+03
-2.484034000000000106e+03
-2.462873000000000047e+03
-2.440969000000000051e+03
-2.471039999999999964e+03
-2.504452999999999975e+03
-2.440969000000000051e+03
-2.511505999999999858e+03
-2.499255000000000109e+03
-2.493686000000000149e+03
-2.529697999999999865e+03
-2.541577999999999975e+03
-2.523757999999999811e+03
-2.534523999999999887e+03
-2.557913000000000011e+03
-2.516704000000000178e+03
-2.585014000000000124e+03
-2.556056000000000040e+03
-2.550487999999999829e+03
-2.589469000000000051e+03
-2.584271000000000186e+03
-2.560139999999999873e+03
-2.589097000000000207e+03
-2.573505000000000109e+03
-2.549744999999999891e+03
-2.555313999999999851e+03
-2.564965999999999894e+03
-2.540835000000000036e+03
-2.570534999999999854e+03
-2.579074000000000069e+03
-2.578702999999999975e+03
-2.550858999999999924e+03
-2.563110000000000127e+03
-2.543804999999999836e+03
-2.575360999999999876e+03
-2.569420999999999822e+03
-2.532666999999999916e+03
-2.570534999999999854e+03
-2.594295000000000073e+03
-2.575360999999999876e+03
-2.560139999999999873e+03
-2.580188000000000102e+03
-2.568679000000000087e+03
-2.554199999999999818e+03
-2.580188000000000102e+03
-2.548260000000000218e+03
-2.553458000000000084e+03
-2.604318999999999960e+03
-2.529326000000000022e+03
-2.569791999999999916e+03
-2.577217999999999847e+03
-2.544175999999999931e+03
-2.566079999999999927e+03
-2.571648999999999887e+03
-2.577217999999999847e+03
-2.570534999999999854e+03
-2.599121000000000095e+03
-2.585014000000000124e+03
-2.626222000000000207e+03
-2.624365999999999985e+03
-2.600606000000000222e+03
-2.606175000000000182e+03
-2.585385000000000218e+03
-2.583900000000000091e+03
