-3.520563999999999851e+03
-3.548778999999999996e+03
-3.478240999999999985e+03
-3.529103000000000065e+03
-3.519079000000000178e+03
-3.521306000000000040e+03
-3.562143999999999778e+03
-3.569568999999999960e+03
-3.533929000000000087e+03
-3.599639999999999873e+03
-3.561030000000000200e+03
-3.572909999999999854e+03
-3.589244999999999891e+03
-3.641590999999999894e+03
-3.617088999999999942e+03
-3.647159999999999854e+03
-3.680201000000000022e+03
-3.684284999999999854e+03
-3.689853999999999814e+03
-3.711757999999999811e+03
-3.730690999999999804e+03
-3.712871000000000095e+03
-3.730690999999999804e+03
-3.739230000000000018e+03
-3.727349999999999909e+03
-3.766331000000000131e+03
-3.736260000000000218e+03
-3.757050000000000182e+03
-3.794545999999999822e+03
-3.798259000000000015e+03
-3.789719999999999800e+03
-3.816079000000000178e+03
-3.816820999999999913e+03
-3.794545999999999822e+03
-3.822760999999999967e+03
-3.785635999999999967e+03
-3.841695000000000164e+03
-3.832414000000000215e+03
-3.818306000000000040e+03
-3.800114999999999782e+03
-3.848005999999999858e+03
-3.840581000000000131e+03
-3.867682999999999993e+03
-3.884760000000000218e+03
-3.872880000000000109e+03
-3.894784000000000106e+03
-3.896639999999999873e+03
-3.890699999999999818e+03
-3.837610999999999876e+03
-3.910005000000000109e+03
-3.919286000000000058e+03
-3.917059000000000196e+03
-3.902579999999999927e+03
-3.905920999999999822e+03
-3.948614999999999782e+03
-3.963465000000000146e+03
-3.971632999999999811e+03
-3.972746000000000095e+03
-3.928568000000000211e+03
-3.940818999999999960e+03
-3.997248999999999796e+03
-3.964208000000000084e+03
-3.960865999999999985e+03
-3.985369000000000142e+03
-3.942304000000000087e+03
-3.970518999999999778e+03
-3.974974000000000160e+03
-3.968291000000000167e+03
-3.984255000000000109e+03
-3.982398999999999887e+03
-4.007271999999999935e+03
-3.993536000000000058e+03
-3.990938000000000102e+03
-4.010985000000000127e+03
-4.021380000000000109e+03
-4.011728000000000065e+03
-4.010614000000000033e+03
-4.054050000000000182e+03
-4.034373999999999796e+03
-4.026949000000000069e+03
-4.044025999999999840e+03
-4.006159000000000106e+03
-4.028434000000000196e+03
-4.067414999999999964e+03
-4.035115999999999985e+03
-4.046996000000000095e+03
-4.059619000000000142e+03
-4.042170000000000073e+03
-4.074097999999999956e+03
-4.067043999999999869e+03
-4.063331000000000131e+03
-4.074097999999999956e+03
-4.094516000000000076e+03
-4.111222999999999956e+03
-4.058505000000000109e+03
-4.121246000000000095e+03
-4.091175000000000182e+03
-4.125329999999999927e+03
-4.140180000000000291e+03
-4.131640999999999622e+03
-4.158371000000000095e+03
-4.134981999999999971e+03
-4.127557999999999993e+03
-4.108252000000000407e+03
-4.172106999999999971e+03
-4.153173999999999978e+03
-4.165796000000000276e+03
-4.177676000000000386e+03
-4.130155999999999949e+03
-4.141293999999999869e+03
-4.195868000000000393e+03
-4.192154999999999745e+03
-4.203292000000000371e+03
-4.230765000000000327e+03
-4.169137999999999920e+03
-4.197724000000000160e+03
-4.221854999999999563e+03
-4.221854999999999563e+03
-4.161712000000000444e+03
-4.239675000000000182e+03
-4.223711000000000240e+03
-4.206634000000000015e+03
-4.252296999999999571e+03
-4.219256000000000313e+03
-4.238189999999999600e+03
-4.286823999999999614e+03
-4.251555000000000291e+03
-4.235220000000000255e+03
-4.273087000000000444e+03
-4.248585000000000036e+03
-4.241530999999999949e+03
-4.316524000000000342e+03
-4.283110999999999876e+03
-4.282739999999999782e+03
-4.326176000000000386e+03
-4.341769000000000233e+03
-4.333972999999999956e+03
-4.358845999999999549e+03
-4.309470000000000255e+03
-4.329518000000000029e+03
-4.322463999999999942e+03
-4.336199999999999818e+03
-4.320979000000000269e+03
-4.361444999999999709e+03
-4.369984000000000378e+03
-4.349194000000000415e+03
-4.343253999999999905e+03
-4.371840000000000146e+03
-4.348079999999999927e+03
-4.369612000000000080e+03
-4.377037999999999556e+03
-4.394485999999999876e+03
-4.356247999999999593e+03
-4.397456000000000131e+03
-4.365529000000000451e+03
-4.358104000000000269e+03
-4.383720000000000255e+03
-4.349194000000000415e+03
-4.356247999999999593e+03
-4.375180999999999585e+03
-4.398569999999999709e+03
-4.373695999999999913e+03
-4.417131999999999607e+03
-4.392259000000000015e+03
-4.389288999999999760e+03
-4.433838999999999942e+03
-4.423444000000000415e+03
-4.436809000000000196e+03
-4.432725000000000364e+03
-4.460569000000000415e+03
-4.413420000000000073e+03
-4.501405999999999949e+03
-4.468735999999999876e+03
-4.483957999999999629e+03
-4.499921000000000276e+03
-4.508088999999999942e+03
-4.496579999999999927e+03
-4.512914999999999964e+03
-4.520340000000000146e+03
-4.492125000000000000e+03
-4.547069999999999709e+03
-4.516998999999999796e+03
-4.504376000000000204e+03
-4.538530999999999949e+03
-4.521824999999999818e+03
-4.523680999999999585e+03
-4.560064000000000306e+03
-4.519969000000000051e+03
-4.549296999999999571e+03
-4.559692000000000007e+03
-4.554123999999999796e+03
-4.573057999999999993e+03
-4.577140999999999622e+03
-4.600900999999999840e+03
-4.593104999999999563e+03
-4.587164999999999964e+03
-4.566375000000000000e+03
-4.582338999999999942e+03
-4.600529999999999745e+03
-4.586051000000000386e+03
-4.612780999999999949e+03
-4.607583999999999833e+03
-4.616864999999999782e+03
-4.589764000000000124e+03
-4.625774999999999636e+03
-4.635798999999999978e+03
-4.584938000000000102e+03
-4.653247999999999593e+03
-4.644337000000000444e+03
-4.625404000000000451e+03
-4.652876000000000204e+03
-4.657331000000000131e+03
-4.617606999999999971e+03
-4.618350000000000364e+03
-4.632086000000000240e+03
-4.615751000000000204e+03
-4.632457999999999629e+03
-4.672923999999999978e+03
-4.628002000000000407e+03
-4.667725999999999658e+03
-4.642853000000000065e+03
-4.544100000000000364e+03
-4.491381999999999607e+03
-4.508460000000000036e+03
-4.465395000000000437e+03
-4.360331000000000131e+03
-4.308355999999999767e+03
-4.306871000000000095e+03
-4.342511000000000422e+03
-4.328033000000000357e+03
-4.270859999999999673e+03
-4.303158999999999651e+03
-4.339912999999999556e+03
-4.268631999999999607e+03
-4.306128999999999905e+03
-4.286453000000000429e+03
-4.271603000000000065e+03
-4.289051000000000386e+03
-4.269375000000000000e+03
-4.278284999999999854e+03
-4.282368999999999687e+03
-4.282739999999999782e+03
-4.261578999999999724e+03
-4.238932999999999993e+03
-4.322835000000000036e+03
-4.283110999999999876e+03
-4.257494999999999891e+03
-4.308355999999999767e+03
-4.309099000000000160e+03
-4.304271999999999935e+03
-4.286823999999999614e+03
-4.269746000000000095e+03
-4.272716000000000349e+03
-4.265662999999999556e+03
-4.288680000000000291e+03
-4.295362000000000080e+03
-4.291279000000000451e+03
-4.316152000000000044e+03
-4.264177999999999884e+03
-4.316152000000000044e+03
-4.320235999999999876e+03
-4.296847999999999956e+03
-4.303529999999999745e+03
-4.329145999999999731e+03
-4.283110999999999876e+03
-4.333229999999999563e+03
-4.355505000000000109e+03
-4.303529999999999745e+03
-4.359217999999999847e+03
-4.338427999999999884e+03
-4.313925000000000182e+03
-4.323948999999999614e+03
-4.343996000000000095e+03
-4.329889000000000124e+03
-4.339912999999999556e+03
-4.349936999999999898e+03
-4.310583999999999833e+03
-4.349936999999999898e+03
-4.353649000000000342e+03
-4.328033000000000357e+03
-4.320979000000000269e+03
-4.338055999999999585e+03
-4.319864999999999782e+03
-4.343253999999999905e+03
-4.371097999999999956e+03
-4.329889000000000124e+03
-4.371097999999999956e+03
-4.363301000000000386e+03
-4.359960000000000036e+03
-4.366270999999999731e+03
-4.375923999999999978e+03
-4.379636000000000422e+03
-4.357731999999999971e+03
-4.376295000000000073e+03
-4.381121000000000095e+03
-4.365158000000000357e+03
-4.385204999999999927e+03
-4.380006999999999607e+03
-4.335457999999999629e+03
-4.363671999999999571e+03
-4.346224000000000160e+03
-4.341025999999999840e+03
-4.382234999999999673e+03
-4.390402000000000044e+03
-4.371097999999999956e+03
-4.397456000000000131e+03
-4.388546000000000276e+03
-4.360703000000000429e+03
-4.412305999999999585e+03
-4.396713999999999942e+03
-4.377037999999999556e+03
-4.417131999999999607e+03
-4.405252000000000407e+03
-4.410820999999999913e+03
-4.417131999999999607e+03
-4.421216000000000349e+03
-4.396342999999999847e+03
-4.430126000000000204e+03
-4.410449999999999818e+03
-4.424929000000000087e+03
-4.452771999999999935e+03
-4.428640999999999622e+03
-4.436809000000000196e+03
-4.446090000000000146e+03
-4.449430999999999585e+03
-4.427899000000000342e+03
-4.462425000000000182e+03
-4.443119999999999891e+03
-4.473190999999999804e+03
-4.455743000000000393e+03
-4.439408000000000357e+03
-4.457228000000000065e+03
-4.446461000000000240e+03
-4.457970000000000255e+03
-4.470592999999999847e+03
-4.466509000000000015e+03
-4.483215000000000146e+03
-4.453144000000000233e+03
-4.469479000000000269e+03
-4.474676000000000386e+03
-4.465765999999999622e+03
-4.492125000000000000e+03
-4.475046999999999571e+03
-4.483215000000000146e+03
-4.475418999999999869e+03
-4.505489999999999782e+03
-4.471706000000000131e+03
-4.489154999999999745e+03
-4.510315999999999804e+03
-4.472448999999999614e+03
-4.524052999999999884e+03
-4.515885000000000218e+03
-4.506231999999999971e+03
-4.486927999999999884e+03
-4.513286000000000058e+03
-4.498436999999999898e+03
-4.507345999999999549e+03
-4.537046000000000276e+03
-4.512543999999999869e+03
-4.499550000000000182e+03
-4.544842999999999847e+03
-4.499550000000000182e+03
-4.505860999999999876e+03
-4.538902000000000044e+03
-4.521824999999999818e+03
-4.545585000000000036e+03
-4.550411000000000058e+03
-4.543729000000000269e+03
-4.536304000000000087e+03
-4.560435000000000400e+03
-4.553752000000000407e+03
-4.524795000000000073e+03
-4.573429000000000087e+03
-4.544100000000000364e+03
-4.535932999999999993e+03
-4.574542000000000371e+03
-4.557836000000000240e+03
-4.555237000000000080e+03
-4.580481999999999971e+03
-4.609069000000000415e+03
-4.545956000000000131e+03
-4.573057999999999993e+03
-4.599045000000000073e+03
-4.549296999999999571e+03
-4.587536000000000058e+03
-4.578255000000000109e+03
-4.550039999999999964e+03
-4.598302999999999884e+03
-4.590877000000000407e+03
-4.615380000000000109e+03
-4.607583999999999833e+03
-4.607212000000000444e+03
-4.593104999999999563e+03
-4.626889000000000124e+03
-4.619092999999999847e+03
-4.604984999999999673e+03
-4.635055999999999585e+03
-4.607212000000000444e+03
-4.633199999999999818e+03
-4.640253999999999905e+03
-4.670324999999999818e+03
-4.646936999999999898e+03
-4.686659999999999854e+03
-4.690001000000000204e+03
-4.660301000000000386e+03
-4.712275999999999840e+03
-4.723784999999999854e+03
-4.640625000000000000e+03
-4.677750000000000000e+03
-4.703365999999999985e+03
-4.691114999999999782e+03
-4.698539999999999964e+03
