-3.563628999999999905e+03
-3.566969999999999800e+03
-3.608920999999999822e+03
-3.636393999999999778e+03
-3.644190000000000055e+03
-3.699876999999999953e+03
-3.688739999999999782e+03
-3.660896000000000186e+03
-3.633052000000000135e+03
-3.623771000000000186e+03
-3.640478000000000065e+03
-3.656070000000000164e+03
-3.694309000000000196e+03
-3.691710000000000036e+03
-3.722152999999999793e+03
-3.677974000000000160e+03
-3.706931000000000040e+03
-3.689853999999999814e+03
-3.748510999999999967e+03
-3.721780999999999949e+03
-3.737001999999999953e+03
-3.751110000000000127e+03
-3.726235999999999876e+03
-3.753338000000000193e+03
-3.776355000000000018e+03
-3.768929999999999836e+03
-3.824617000000000189e+03
-3.819048999999999978e+03
-3.776726000000000113e+03
-3.815335999999999785e+03
-3.828701000000000022e+03
-3.792690000000000055e+03
-3.814965000000000146e+03
-3.816079000000000178e+03
-3.839467999999999847e+03
-3.841324000000000069e+03
-3.885873999999999796e+03
-3.824617000000000189e+03
-3.845036000000000058e+03
-3.897010999999999967e+03
-3.896639999999999873e+03
-3.892556000000000040e+03
-3.907034999999999854e+03
-3.915945000000000164e+03
-3.902208999999999833e+03
-3.925597999999999956e+03
-3.917429999999999836e+03
-3.910005000000000109e+03
-3.954184000000000196e+03
-3.956411000000000058e+03
-3.930052000000000135e+03
-3.961608999999999924e+03
-3.947130000000000109e+03
-3.928938999999999851e+03
-3.972003999999999905e+03
-3.990938000000000102e+03
-3.982027999999999793e+03
-3.999105000000000018e+03
-3.999847999999999956e+03
-3.961237999999999829e+03
-4.001704000000000178e+03
-4.003188999999999851e+03
-3.986481999999999971e+03
-4.014697999999999865e+03
-4.027690999999999804e+03
-4.012840999999999894e+03
-4.026206000000000131e+03
-4.063702999999999975e+03
-4.023235999999999876e+03
-4.044768999999999778e+03
-4.043655000000000200e+03
-4.043655000000000200e+03
-4.044396999999999935e+03
-4.069643000000000029e+03
-4.044025999999999840e+03
-4.075583000000000084e+03
-4.117162999999999556e+03
-4.084492000000000189e+03
-4.091916999999999916e+03
-4.115677999999999884e+03
-4.109737000000000080e+03
-4.081521999999999935e+03
-4.116792000000000371e+03
-4.109737000000000080e+03
-4.075210999999999785e+03
-4.124216000000000349e+03
-4.116420000000000073e+03
-4.146490999999999985e+03
-4.151317000000000007e+03
-4.117904999999999745e+03
-4.174335000000000036e+03
-4.150945999999999913e+03
-4.216286000000000058e+03
-4.206262999999999920e+03
-4.200323000000000320e+03
-4.181018000000000029e+03
-4.202550000000000182e+03
-4.185472999999999956e+03
-4.161712000000000444e+03
-4.209975000000000364e+03
-4.183987000000000080e+03
-4.201436999999999898e+03
-4.183987000000000080e+03
-4.212203000000000429e+03
-4.208860999999999876e+03
-4.196980999999999767e+03
-4.212573999999999614e+03
-4.208860999999999876e+03
-4.251184000000000196e+03
-4.224824999999999818e+03
-4.231506999999999607e+03
-4.246356999999999971e+03
-4.243015999999999622e+03
-4.243015999999999622e+03
-4.255268000000000029e+03
-4.276800000000000182e+03
-4.255639000000000124e+03
-4.290908000000000357e+03
-4.266775999999999840e+03
-4.289421999999999571e+03
-4.297961000000000240e+03
-4.300560000000000400e+03
-4.287938000000000102e+03
-4.274201000000000022e+03
-4.308355999999999767e+03
-4.286081000000000131e+03
-4.280140999999999622e+03
-4.316895000000000437e+03
-4.308728000000000065e+03
-4.291649999999999636e+03
-4.316152000000000044e+03
-4.346966000000000349e+03
-4.300560000000000400e+03
-4.346966000000000349e+03
-4.319864999999999782e+03
-4.300189000000000306e+03
-4.338055999999999585e+03
-4.346595000000000255e+03
-4.339912999999999556e+03
-4.375552999999999884e+03
-4.347337000000000444e+03
-4.348823000000000320e+03
-4.383349000000000160e+03
-4.365158000000000357e+03
-4.381121000000000095e+03
-4.404139000000000124e+03
-4.416761000000000422e+03
-4.358845999999999549e+03
-4.415275999999999840e+03
-4.413048999999999978e+03
-4.388175000000000182e+03
-4.416761000000000422e+03
-4.395229000000000269e+03
-4.379265000000000327e+03
-4.423444000000000415e+03
-4.427155999999999949e+03
-4.404510000000000218e+03
-4.424186999999999898e+03
-4.447574999999999818e+03
-4.418618000000000393e+03
-4.427899000000000342e+03
-4.397828000000000429e+03
-4.395600000000000364e+03
-4.374810000000000400e+03
-4.423444000000000415e+03
-4.397828000000000429e+03
-4.393372999999999593e+03
-4.442748999999999796e+03
-4.424929000000000087e+03
-4.417503999999999905e+03
-4.449802999999999884e+03
-4.455371000000000095e+03
-4.441264000000000124e+03
-4.469850000000000364e+03
-4.435323999999999614e+03
-4.411935000000000400e+03
-4.471335000000000036e+03
-4.426042000000000371e+03
-4.440520999999999731e+03
-4.436809000000000196e+03
-4.468364999999999782e+03
-4.412305999999999585e+03
-4.440893000000000029e+03
-4.408594000000000051e+03
-4.413048999999999978e+03
-4.415275999999999840e+03
-4.365529000000000451e+03
-4.341025999999999840e+03
-4.374810000000000400e+03
-4.343625000000000000e+03
-4.330631000000000313e+03
-4.347337000000000444e+03
-4.372582999999999629e+03
-4.320235999999999876e+03
-4.362188000000000102e+03
-4.385948000000000320e+03
-4.385948000000000320e+03
-4.362188000000000102e+03
-4.369984000000000378e+03
-4.388917000000000371e+03
-4.396713999999999942e+03
-4.403395999999999731e+03
-4.408222999999999956e+03
-4.402654000000000451e+03
-4.431239999999999782e+03
-4.386689999999999600e+03
-4.387804000000000087e+03
-4.408222999999999956e+03
-4.386689999999999600e+03
-4.418618000000000393e+03
-4.407109000000000378e+03
-4.374439000000000306e+03
-4.343253999999999905e+03
-4.359960000000000036e+03
-4.348451000000000022e+03
-4.377037999999999556e+03
-4.375552999999999884e+03
-4.349936999999999898e+03
-4.380006999999999607e+03
-4.381121000000000095e+03
-4.385576000000000022e+03
-4.374810000000000400e+03
-4.385204999999999927e+03
-4.378894000000000233e+03
-4.375180999999999585e+03
-4.386689999999999600e+03
-4.392259000000000015e+03
-4.399313000000000102e+03
-4.371097999999999956e+03
-4.436065999999999804e+03
-4.388175000000000182e+03
-4.420845000000000255e+03
-4.414904999999999745e+03
-4.458341000000000349e+03
-4.442748999999999796e+03
-4.455000000000000000e+03
-4.457228000000000065e+03
-4.438664999999999964e+03
-4.444234000000000378e+03
-4.407479999999999563e+03
-4.398198999999999614e+03
-4.404139000000000124e+03
-4.393372999999999593e+03
-4.452771999999999935e+03
-4.406737000000000080e+03
-4.453515000000000327e+03
-4.439036000000000058e+03
-4.444604999999999563e+03
-4.487670000000000073e+03
-4.442377000000000407e+03
-4.457970000000000255e+03
-4.448317000000000007e+03
-4.496579999999999927e+03
-4.446090000000000146e+03
-4.458341000000000349e+03
-4.445719000000000051e+03
-4.447574999999999818e+03
-4.455371000000000095e+03
-4.482472999999999956e+03
-4.489525999999999840e+03
-4.441635000000000218e+03
-4.474676000000000386e+03
-4.449430999999999585e+03
-4.473563000000000102e+03
-4.461311999999999898e+03
-4.501405999999999949e+03
-4.457599000000000160e+03
-4.531478000000000065e+03
-4.476904000000000451e+03
-4.487670000000000073e+03
-4.505118999999999687e+03
-4.505860999999999876e+03
-4.489896999999999935e+03
-4.534819000000000415e+03
-4.519969000000000051e+03
-4.496208999999999833e+03
-4.532591000000000349e+03
-4.516998999999999796e+03
-4.499921000000000276e+03
-4.501777000000000044e+03
-4.525167000000000371e+03
-4.500663999999999760e+03
-4.509573999999999614e+03
-4.513658000000000357e+03
-4.509944999999999709e+03
-4.508088999999999942e+03
-4.518112000000000080e+03
-4.523310000000000400e+03
-4.519969000000000051e+03
-4.508460000000000036e+03
-4.486185000000000400e+03
-4.481359000000000378e+03
-4.505489999999999782e+03
-4.483215000000000146e+03
-4.497323000000000320e+03
-4.498064999999999600e+03
-4.493609999999999673e+03
-4.527021999999999935e+03
-4.499921000000000276e+03
-4.504747999999999593e+03
-4.506975000000000364e+03
-4.499550000000000182e+03
-4.508460000000000036e+03
-4.486927999999999884e+03
-4.523310000000000400e+03
-4.543729000000000269e+03
-4.533333999999999833e+03
-4.538902000000000044e+03
-4.522195999999999913e+03
-4.544100000000000364e+03
-4.550411000000000058e+03
-4.546328000000000429e+03
-4.558207999999999629e+03
-4.567118000000000393e+03
-4.556722999999999956e+03
-4.581595999999999549e+03
-4.554123999999999796e+03
-4.570829999999999927e+03
-4.537788999999999760e+03
-4.602386000000000422e+03
-4.549296999999999571e+03
-4.591990999999999985e+03
-4.567488999999999578e+03
-4.584565999999999804e+03
-4.554865999999999985e+03
-4.576770000000000437e+03
-4.583453000000000429e+03
-4.565261000000000422e+03
-4.575655999999999949e+03
-4.590506000000000313e+03
-4.609439999999999600e+03
-4.606470000000000255e+03
-4.616864999999999782e+03
-4.609811999999999898e+03
-4.591619999999999891e+03
-4.607954999999999927e+03
-4.595703999999999724e+03
-4.590877000000000407e+03
-4.614265999999999622e+03
-4.631715000000000146e+03
-4.613152000000000044e+03
-4.640625000000000000e+03
-4.641368000000000393e+03
-4.640625000000000000e+03
-4.657703000000000429e+03
-4.635798999999999978e+03
-4.669211000000000240e+03
-4.655845999999999549e+03
-4.659559000000000196e+03
-4.659930000000000291e+03
-4.694085000000000036e+03
-4.669582999999999629e+03
-4.674779999999999745e+03
-4.676636000000000422e+03
-4.646194000000000415e+03
-4.651762999999999920e+03
-4.643224000000000160e+03
-4.658815999999999804e+03
-4.638769000000000233e+03
-4.617606999999999971e+03
-4.633570999999999913e+03
-4.632828999999999724e+03
-4.684432999999999993e+03
-4.637654999999999745e+03
-4.646564999999999600e+03
-4.645079999999999927e+03
-4.666612000000000080e+03
-4.630229999999999563e+03
-4.649905999999999949e+03
-4.639140000000000327e+03
-4.631715000000000146e+03
-4.665127000000000407e+03
-4.667354999999999563e+03
-4.657703000000000429e+03
-4.652505000000000109e+03
-4.690001000000000204e+03
-4.689630000000000109e+03
-4.685917000000000371e+03
-4.681091000000000349e+03
-4.659188000000000102e+03
-4.682204999999999927e+03
-4.651762999999999920e+03
-4.666984000000000378e+03
-4.689259000000000015e+03
-4.673295000000000073e+03
-4.668469000000000051e+03
-4.688887999999999920e+03
-4.659559000000000196e+03
-4.658815999999999804e+03
-4.685917000000000371e+03
-4.636170000000000073e+03
-4.666612000000000080e+03
-4.675521999999999935e+03
-4.693342999999999847e+03
-4.653989999999999782e+03
-4.657331000000000131e+03
-4.687774000000000342e+03
-4.639140000000000327e+03
-4.660671999999999571e+03
-4.679234999999999673e+03
-4.682576000000000022e+03
-4.668840000000000146e+03
-4.690743999999999687e+03
-4.657331000000000131e+03
-4.658444999999999709e+03
-4.629859000000000378e+03
-4.633199999999999818e+03
-4.647307999999999993e+03
-4.651390999999999622e+03
-4.628002000000000407e+03
-4.629487000000000080e+03
-4.655104000000000269e+03
