-1.035788000000000011e+02
-1.072913000000000068e+02
-1.087763000000000062e+02
-1.477574999999999932e+02
-1.407038000000000011e+02
-1.303086999999999875e+02
-1.488711999999999875e+02
-1.340212999999999965e+02
-1.362487000000000137e+02
-1.611225000000000023e+02
-1.410749999999999886e+02
-1.536974999999999909e+02
-1.633499999999999943e+02
-1.778288000000000011e+02
-1.748586999999999989e+02
-1.908224999999999909e+02
-2.023312999999999988e+02
-2.260911999999999864e+02
-2.027024999999999864e+02
-1.989900000000000091e+02
-2.104987000000000137e+02
-2.138400000000000034e+02
-2.134687999999999874e+02
-2.242350000000000136e+02
-2.171812999999999931e+02
-2.216362000000000023e+02
-2.156963000000000079e+02
-2.275762000000000000e+02
-2.561625000000000227e+02
-2.468813000000000102e+02
-2.431687000000000012e+02
-2.279474999999999909e+02
-2.513362999999999943e+02
-2.539350000000000023e+02
-2.335163000000000011e+02
-2.220074999999999932e+02
-2.955149999999999864e+02
-2.676712999999999738e+02
-2.758387000000000171e+02
-2.758387000000000171e+02
-2.932875000000000227e+02
-3.033111999999999853e+02
-3.140774999999999864e+02
-3.018263000000000034e+02
-2.955149999999999864e+02
-3.092513000000000147e+02
-3.036825000000000045e+02
-3.144488000000000056e+02
-3.155625000000000000e+02
-2.866050000000000182e+02
-2.799225000000000136e+02
-2.895749999999999886e+02
-2.825212000000000216e+02
-3.040536999999999921e+02
-3.051675000000000182e+02
-3.029399999999999977e+02
-3.170475000000000136e+02
-3.181612999999999829e+02
-3.036825000000000045e+02
-3.166761999999999944e+02
-3.036825000000000045e+02
-3.051675000000000182e+02
-3.073949999999999818e+02
-3.593700000000000045e+02
-3.122212999999999852e+02
-3.151913000000000125e+02
-3.266999999999999886e+02
-3.226161999999999921e+02
-3.322687999999999988e+02
-3.419212999999999738e+02
-3.307837999999999852e+02
-3.426637999999999806e+02
-3.523163000000000125e+02
-3.486037999999999784e+02
-3.738487999999999829e+02
-3.604837999999999738e+02
-3.441487000000000194e+02
-3.530586999999999875e+02
-3.731062999999999761e+02
-3.419212999999999738e+02
-3.500887000000000171e+02
-3.608550000000000182e+02
-3.508312999999999988e+02
-3.337538000000000125e+02
-3.615975000000000250e+02
-3.649388000000000147e+02
-3.538011999999999944e+02
-4.117162000000000148e+02
-3.894413000000000125e+02
-3.597411999999999921e+02
-3.697649999999999864e+02
-3.909261999999999944e+02
-3.838725000000000023e+02
-3.920400000000000205e+02
-4.005788000000000011e+02
-3.983512999999999806e+02
-4.009499999999999886e+02
-4.146861999999999853e+02
-3.994649999999999750e+02
-4.117162000000000148e+02
-4.013213000000000079e+02
-4.061474999999999795e+02
-4.091175000000000068e+02
-4.124587000000000216e+02
-4.094886999999999944e+02
-3.964950000000000045e+02
-4.224825000000000159e+02
-4.321349999999999909e+02
-4.410450000000000159e+02
-4.195124999999999886e+02
-4.206263000000000147e+02
-4.265663000000000125e+02
-4.380749999999999886e+02
-4.328774999999999977e+02
-4.403025000000000091e+02
-4.458711999999999875e+02
-4.410450000000000159e+02
-4.343625000000000114e+02
-4.770561999999999898e+02
-4.488412000000000148e+02
-4.540387999999999806e+02
-4.937624999999999886e+02
-4.417875000000000227e+02
-4.488412000000000148e+02
-4.666612999999999829e+02
-4.729725000000000250e+02
-4.573799999999999955e+02
-4.651763000000000261e+02
-4.674037000000000148e+02
-4.273086999999999875e+02
-4.577513000000000147e+02
-4.596075000000000159e+02
-4.480987999999999829e+02
-4.503263000000000034e+02
-4.674037000000000148e+02
-4.681462000000000216e+02
-4.443863000000000056e+02
-4.692599999999999909e+02
-4.696313000000000102e+02
-4.588650000000000091e+02
-4.614637000000000171e+02
-4.881938000000000102e+02
-4.822538000000000125e+02
-4.967325000000000159e+02
-4.729725000000000250e+02
-4.933913000000000011e+02
-5.030437999999999761e+02
-4.696313000000000102e+02
-4.837388000000000261e+02
-4.685174999999999841e+02
-4.770561999999999898e+02
-4.915350000000000250e+02
-4.974750000000000227e+02
-4.677749999999999773e+02
-5.004449999999999932e+02
-4.937624999999999886e+02
-5.034150000000000205e+02
-5.201213000000000193e+02
-5.063849999999999909e+02
-5.030437999999999761e+02
-4.885649999999999977e+02
-4.945049999999999955e+02
-4.841100000000000136e+02
-5.034150000000000205e+02
-4.956186999999999898e+02
-4.833675000000000068e+02
-4.911637999999999806e+02
-4.837388000000000261e+02
-5.115824999999999818e+02
-5.071274999999999977e+02
-5.019300000000000068e+02
-4.963613000000000284e+02
-4.833675000000000068e+02
-5.093550000000000182e+02
-5.060138000000000034e+02
-5.126961999999999762e+02
-4.974750000000000227e+02
-5.178936999999999671e+02
-5.078700000000000045e+02
-5.056424999999999841e+02
-5.071274999999999977e+02
-5.371987000000000307e+02
-5.453663000000000238e+02
-5.123250000000000455e+02
-5.294025000000000318e+02
-5.234624999999999773e+02
-5.256900000000000546e+02
-5.286599999999999682e+02
-4.997024999999999864e+02
-5.175225000000000364e+02
-5.375700000000000500e+02
-5.260612999999999602e+02
-5.126961999999999762e+02
-5.305162000000000262e+02
-5.479650000000000318e+02
-5.483361999999999625e+02
-5.446237999999999602e+02
-5.271749999999999545e+02
-5.431386999999999716e+02
-5.509349999999999454e+02
-5.572463000000000193e+02
-5.461087999999999738e+02
-5.535338000000000420e+02
-5.423962000000000216e+02
-5.123250000000000455e+02
-5.297736999999999625e+02
-5.100975000000000250e+02
-4.748288000000000011e+02
-4.941338000000000079e+02
-5.197500000000000000e+02
-5.048999999999999773e+02
-4.919062999999999874e+02
-5.004449999999999932e+02
-4.948763000000000147e+02
-5.023013000000000261e+02
-5.149238000000000284e+02
-4.826250000000000000e+02
-4.644336999999999875e+02
-4.581225000000000023e+02
-4.317638000000000034e+02
-4.510688000000000102e+02
-4.451288000000000125e+02
-4.299075000000000273e+02
-4.469850000000000136e+02
-4.566374999999999886e+02
-4.536675000000000182e+02
-4.532962999999999738e+02
-4.462425000000000068e+02
-4.321349999999999909e+02
-4.588650000000000091e+02
-4.447574999999999932e+02
-4.339911999999999921e+02
-4.499549999999999841e+02
-4.440149999999999864e+02
-4.332486999999999853e+02
-4.410450000000000159e+02
-4.347337999999999738e+02
-4.503263000000000034e+02
-4.436437999999999988e+02
-4.484700000000000273e+02
-4.299075000000000273e+02
-4.447574999999999932e+02
-4.499549999999999841e+02
-4.395600000000000023e+02
-4.429012000000000171e+02
-4.399311999999999898e+02
-4.447574999999999932e+02
-4.510688000000000102e+02
-4.874513000000000034e+02
-4.429012000000000171e+02
-4.436437999999999988e+02
-4.803974999999999795e+02
-4.607212999999999852e+02
-4.469850000000000136e+02
-4.711161999999999921e+02
-4.618349999999999795e+02
-4.377038000000000011e+02
-4.161712999999999738e+02
-4.020638000000000147e+02
-4.432724999999999795e+02
-4.325063000000000102e+02
-4.373324999999999818e+02
-4.503263000000000034e+02
-4.343625000000000114e+02
-4.306499999999999773e+02
-4.417875000000000227e+02
-4.722300000000000182e+02
-4.377038000000000011e+02
-4.343625000000000114e+02
-4.488412000000000148e+02
-4.247099999999999795e+02
-4.254524999999999864e+02
-4.492124999999999773e+02
-4.284225000000000136e+02
-4.191413000000000011e+02
-4.429012000000000171e+02
-4.195124999999999886e+02
-4.369612000000000194e+02
-4.547812999999999874e+02
-4.403025000000000091e+02
-4.195124999999999886e+02
-4.440149999999999864e+02
-4.506974999999999909e+02
-4.540387999999999806e+02
-4.399311999999999898e+02
-4.447574999999999932e+02
-4.518111999999999853e+02
-4.547812999999999874e+02
-4.343625000000000114e+02
-4.536675000000000182e+02
-4.755713000000000079e+02
-4.529250000000000114e+02
-4.544100000000000250e+02
-4.566374999999999886e+02
-4.766850000000000023e+02
-4.443863000000000056e+02
-4.417875000000000227e+02
-4.759424999999999955e+02
-4.633199999999999932e+02
-4.670325000000000273e+02
-4.573799999999999955e+02
-4.703736999999999853e+02
-4.896786999999999921e+02
-4.733437999999999874e+02
-4.625774999999999864e+02
-4.759424999999999955e+02
-4.718587999999999738e+02
-4.570088000000000079e+02
-4.844812999999999761e+02
-4.759424999999999955e+02
-4.729725000000000250e+02
-4.811399999999999864e+02
-4.781700000000000159e+02
-4.811399999999999864e+02
-4.885649999999999977e+02
-4.852237999999999829e+02
-4.737149999999999750e+02
-5.078700000000000045e+02
-4.959900000000000091e+02
-4.692599999999999909e+02
-4.859662000000000148e+02
-4.852237999999999829e+02
-4.751999999999999886e+02
-4.829961999999999875e+02
-4.800262000000000171e+02
-4.729725000000000250e+02
-4.870799999999999841e+02
-4.815113000000000056e+02
-4.915350000000000250e+02
-4.907925000000000182e+02
-4.829961999999999875e+02
-4.789125000000000227e+02
-4.874513000000000034e+02
-5.178936999999999671e+02
-4.956186999999999898e+02
-4.997024999999999864e+02
-4.974750000000000227e+02
-4.811399999999999864e+02
-5.082411999999999921e+02
-4.967325000000000159e+02
-4.896786999999999921e+02
-5.052712000000000216e+02
-5.048999999999999773e+02
-4.930199999999999818e+02
-5.089837999999999738e+02
-5.045287000000000148e+02
-4.971037999999999784e+02
-5.004449999999999932e+02
-4.997024999999999864e+02
-4.945049999999999955e+02
-5.015586999999999875e+02
-4.982174999999999727e+02
-5.023013000000000261e+02
-5.208637999999999693e+02
-4.989599999999999795e+02
-4.967325000000000159e+02
-5.227200000000000273e+02
-4.867087000000000216e+02
-4.573799999999999955e+02
-4.622062999999999988e+02
-4.737149999999999750e+02
-4.703736999999999853e+02
-4.792837999999999852e+02
-4.618349999999999795e+02
-4.625774999999999864e+02
-4.982174999999999727e+02
-4.885649999999999977e+02
-4.815113000000000056e+02
-4.829961999999999875e+02
-4.733437999999999874e+02
-4.796549999999999727e+02
-4.844812999999999761e+02
-4.655475000000000136e+02
-4.636913000000000125e+02
-4.933913000000000011e+02
-4.837388000000000261e+02
-4.748288000000000011e+02
-5.097262999999999806e+02
-4.885649999999999977e+02
-4.744574999999999818e+02
-4.755713000000000079e+02
-4.714875000000000114e+02
-4.796549999999999727e+02
-4.889361999999999853e+02
-4.911637999999999806e+02
-4.926487000000000194e+02
-4.829961999999999875e+02
-4.855950000000000273e+02
-4.777988000000000284e+02
-4.900500000000000114e+02
-4.863374999999999773e+02
-4.681462000000000216e+02
-4.640625000000000000e+02
-4.896786999999999921e+02
-4.896786999999999921e+02
-4.974750000000000227e+02
-4.885649999999999977e+02
-4.874513000000000034e+02
-4.900500000000000114e+02
-4.922774999999999750e+02
-4.666612999999999829e+02
-4.933913000000000011e+02
-5.004449999999999932e+02
-4.822538000000000125e+02
-4.904212999999999738e+02
-4.971037999999999784e+02
-4.915350000000000250e+02
-4.870799999999999841e+02
-5.086125000000000114e+02
-4.785412999999999784e+02
-4.919062999999999874e+02
-5.000738000000000056e+02
