5.606045999999999907e+01
5.420414999999999850e+01
5.271911000000000058e+01
3.489856999999999942e+01
4.380883999999999645e+01
2.227568000000000126e+01
5.940180999999999933e+00
7.796488000000000085e+00
-6.311250000000000249e+00
-2.413125000000000142e+01
-7.425000000000000488e-01
-5.940000000000000391e+00
-4.529249999999999687e+01
-5.568750000000000000e+01
-4.752000000000000313e+01
-4.603499999999999659e+01
-6.496875000000000000e+01
-2.784375000000000000e+01
-4.677750000000000341e+01
-8.241750000000000398e+01
-7.165125000000000455e+01
-7.833374999999999488e+01
-6.645374999999999943e+01
-7.387874999999999659e+01
-1.076624999999999943e+02
-7.796250000000000568e+01
-7.684874999999999545e+01
-1.299375000000000000e+02
-1.032074999999999960e+02
-1.195425000000000040e+02
-1.162012000000000000e+02
-1.377336999999999989e+02
-1.395900000000000034e+02
-1.403325000000000102e+02
-1.585237999999999943e+02
-1.440449999999999875e+02
-1.759724999999999966e+02
-1.603799999999999955e+02
-1.785713000000000079e+02
-1.462725000000000080e+02
-1.470149999999999864e+02
-1.626074999999999875e+02
-1.525837999999999965e+02
-1.752299999999999898e+02
-1.696613000000000113e+02
-1.737450000000000045e+02
-2.034449999999999932e+02
-1.893375000000000057e+02
-1.878524999999999920e+02
-2.093849999999999909e+02
-2.027024999999999864e+02
-1.971338000000000079e+02
-1.971338000000000079e+02
-1.930500000000000114e+02
-2.212649999999999864e+02
-2.168100000000000023e+02
-2.104987000000000137e+02
-2.097563000000000102e+02
-2.301750000000000114e+02
-2.401987000000000023e+02
-2.509650000000000034e+02
-2.583899999999999864e+02
-2.387136999999999887e+02
-2.624737999999999829e+02
-2.598750000000000000e+02
-2.513362999999999943e+02
-2.650724999999999909e+02
-2.680425000000000182e+02
-2.895749999999999886e+02
-2.483662999999999954e+02
-2.684137999999999806e+02
-2.728686999999999898e+02
-2.669286999999999921e+02
-2.669286999999999921e+02
-2.877187999999999874e+02
-2.810362999999999829e+02
-2.814075000000000273e+02
-3.207599999999999909e+02
-2.873475000000000250e+02
-3.159336999999999875e+02
-3.177900000000000205e+02
-2.788086999999999875e+02
-2.877187999999999874e+02
-2.825212000000000216e+02
-2.944012000000000171e+02
-2.951437000000000239e+02
-2.936587999999999852e+02
-3.196462000000000216e+02
-3.203888000000000034e+02
-2.955149999999999864e+02
-3.077663000000000011e+02
-3.107363000000000284e+02
-2.453962999999999965e+02
-2.595038000000000125e+02
-2.505937999999999874e+02
-2.487375000000000114e+02
-2.591324999999999932e+02
-2.910600000000000023e+02
-2.465099999999999909e+02
-2.728686999999999898e+02
-2.806650000000000205e+02
-2.944012000000000171e+02
-2.702699999999999818e+02
-2.981136999999999944e+02
-2.906888000000000147e+02
-2.899463000000000079e+02
-3.174187999999999761e+02
-3.185325000000000273e+02
-3.125924999999999727e+02
-3.322687999999999988e+02
-3.278138000000000147e+02
-3.066524999999999750e+02
-3.333824999999999932e+02
-3.374662000000000148e+02
-3.318974999999999795e+02
-3.333824999999999932e+02
-3.266999999999999886e+02
-3.352386999999999944e+02
-3.538011999999999944e+02
-3.244725000000000250e+02
-3.456338000000000079e+02
-3.627112000000000194e+02
-3.512024999999999864e+02
-3.493462999999999852e+02
-3.593700000000000045e+02
-3.768188000000000102e+02
-3.608550000000000182e+02
-3.760763000000000034e+02
-3.883274999999999864e+02
-3.883274999999999864e+02
-4.057762000000000171e+02
-3.716211999999999875e+02
-3.638249999999999886e+02
-3.924112999999999829e+02
-3.968661999999999921e+02
-3.812737000000000194e+02
-3.638249999999999886e+02
-3.690224999999999795e+02
-3.753337000000000216e+02
-3.797887999999999806e+02
-3.671662999999999784e+02
-3.708788000000000125e+02
-3.768188000000000102e+02
-3.957524999999999977e+02
-3.563999999999999773e+02
-3.790462999999999738e+02
-4.317638000000000034e+02
-3.979800000000000182e+02
-3.868424999999999727e+02
-4.117162000000000148e+02
-3.879562999999999988e+02
-4.024350000000000023e+02
-3.942674999999999841e+02
-3.950099999999999909e+02
-4.094886999999999944e+02
-4.250812999999999988e+02
-4.102312999999999761e+02
-4.172850000000000250e+02
-4.202549999999999955e+02
-4.265663000000000125e+02
-4.080038000000000125e+02
-3.972375000000000114e+02
-3.883274999999999864e+02
-3.890699999999999932e+02
-3.927825000000000273e+02
-3.938962000000000216e+02
-4.139438000000000102e+02
-4.102312999999999761e+02
-3.831299999999999955e+02
-3.578849999999999909e+02
-3.812737000000000194e+02
-3.868424999999999727e+02
-3.890699999999999932e+02
-4.020638000000000147e+02
-4.076324999999999932e+02
-4.050337999999999852e+02
-4.139438000000000102e+02
-3.872137000000000171e+02
-3.957524999999999977e+02
-4.102312999999999761e+02
-3.976087999999999738e+02
-4.061474999999999795e+02
-3.872137000000000171e+02
-3.790462999999999738e+02
-3.757049999999999841e+02
-3.578849999999999909e+02
-3.556575000000000273e+02
-3.738487999999999829e+02
-3.627112000000000194e+02
-3.512024999999999864e+02
-3.567712000000000216e+02
-3.768188000000000102e+02
-3.764474999999999909e+02
-3.493462999999999852e+02
-3.705074999999999932e+02
-3.608550000000000182e+02
-3.645674999999999955e+02
-3.809024999999999750e+02
-3.842436999999999898e+02
-3.530586999999999875e+02
-3.857287999999999784e+02
-3.894413000000000125e+02
-3.805312999999999874e+02
-3.927825000000000273e+02
-3.898125000000000000e+02
-3.779325000000000045e+02
-3.938962000000000216e+02
-3.838725000000000023e+02
-4.005788000000000011e+02
-4.035488000000000284e+02
-3.972375000000000114e+02
-3.649388000000000147e+02
-3.831299999999999955e+02
-3.671662999999999784e+02
-3.612262999999999806e+02
-3.705074999999999932e+02
-3.474900000000000091e+02
-3.530586999999999875e+02
-3.708788000000000125e+02
-3.563999999999999773e+02
-3.563999999999999773e+02
-3.779325000000000045e+02
-3.563999999999999773e+02
-3.538011999999999944e+02
-3.909261999999999944e+02
-3.786750000000000114e+02
-3.586274999999999977e+02
-3.820163000000000011e+02
-3.875849999999999795e+02
-3.879562999999999988e+02
-3.894413000000000125e+02
-3.630824999999999818e+02
-3.560287000000000148e+02
-3.745912000000000148e+02
-3.419212999999999738e+02
-3.311549999999999727e+02
-3.318974999999999795e+02
-3.278138000000000147e+02
-3.270713000000000079e+02
-3.497174999999999727e+02
-3.296700000000000159e+02
-3.196462000000000216e+02
-3.463763000000000147e+02
-3.300412999999999784e+02
-3.266999999999999886e+02
-3.304125000000000227e+02
-3.374662000000000148e+02
-3.163050000000000068e+02
-3.434062999999999874e+02
-3.474900000000000091e+02
-3.300412999999999784e+02
-3.419212999999999738e+02
-3.534300000000000068e+02
-3.252149999999999750e+02
-3.181612999999999829e+02
-3.396938000000000102e+02
-3.452624999999999886e+02
-3.478613000000000284e+02
-3.337538000000000125e+02
-3.281850000000000023e+02
-3.563999999999999773e+02
-3.541725000000000136e+02
-3.630824999999999818e+02
-3.489750000000000227e+02
-3.500887000000000171e+02
-3.534300000000000068e+02
-3.493462999999999852e+02
-3.731062999999999761e+02
-3.486037999999999784e+02
-3.601125000000000114e+02
-3.779325000000000045e+02
-3.563999999999999773e+02
-3.378374999999999773e+02
-3.738487999999999829e+02
-3.790462999999999738e+02
-3.679087999999999852e+02
-3.671662999999999784e+02
-3.790462999999999738e+02
-3.816449999999999818e+02
-4.068899999999999864e+02
-3.920400000000000205e+02
-3.838725000000000023e+02
-3.831299999999999955e+02
-3.983512999999999806e+02
-3.797887999999999806e+02
-3.898125000000000000e+02
-3.883274999999999864e+02
-3.920400000000000205e+02
-4.124587000000000216e+02
-4.020638000000000147e+02
-4.065187999999999988e+02
-3.916687999999999761e+02
-4.024350000000000023e+02
-4.102312999999999761e+02
-4.035488000000000284e+02
-3.775611999999999853e+02
-3.916687999999999761e+02
-3.968661999999999921e+02
-3.838725000000000023e+02
-4.046625000000000227e+02
-4.083750000000000000e+02
-4.080038000000000125e+02
-4.213686999999999898e+02
-4.466138000000000261e+02
-4.414162999999999784e+02
-4.143149999999999977e+02
-4.339911999999999921e+02
-4.306499999999999773e+02
-4.354762999999999806e+02
-4.525536999999999921e+02
-4.358475000000000250e+02
-4.462425000000000068e+02
-4.499549999999999841e+02
-4.332486999999999853e+02
-4.551524999999999750e+02
-4.829961999999999875e+02
-4.640625000000000000e+02
-4.685174999999999841e+02
-4.818824999999999932e+02
-4.930199999999999818e+02
-4.774275000000000091e+02
-4.959900000000000091e+02
-4.826250000000000000e+02
-4.822538000000000125e+02
-5.134388000000000147e+02
-4.911637999999999806e+02
-5.023013000000000261e+02
-5.167799999999999727e+02
-5.182649999999999864e+02
-5.167799999999999727e+02
-5.204924999999999500e+02
-5.093550000000000182e+02
-4.997024999999999864e+02
-4.700024999999999977e+02
-4.414162999999999784e+02
-4.503263000000000034e+02
-4.480987999999999829e+02
-4.499549999999999841e+02
-4.532962999999999738e+02
-4.469850000000000136e+02
-4.551524999999999750e+02
-4.429012000000000171e+02
-4.659187999999999761e+02
-4.625774999999999864e+02
-4.466138000000000261e+02
-4.514399999999999977e+02
-4.622062999999999988e+02
-4.458711999999999875e+02
-4.269375000000000000e+02
-4.622062999999999988e+02
-4.354762999999999806e+02
-4.596075000000000159e+02
-4.648050000000000068e+02
-4.521825000000000045e+02
-4.369612000000000194e+02
-4.406738000000000284e+02
-4.269375000000000000e+02
-4.403025000000000091e+02
-4.232250000000000227e+02
-4.254524999999999864e+02
-4.269375000000000000e+02
-4.150575000000000045e+02
-4.280511999999999944e+02
-3.872137000000000171e+02
-3.768188000000000102e+02
-3.634538000000000011e+02
-3.712500000000000000e+02
-3.779325000000000045e+02
-3.656811999999999898e+02
-3.779325000000000045e+02
-4.002074999999999818e+02
-3.820163000000000011e+02
-3.719925000000000068e+02
-4.016924999999999955e+02
-3.872137000000000171e+02
-3.849863000000000284e+02
-3.883274999999999864e+02
-3.898125000000000000e+02
-4.016924999999999955e+02
-3.875849999999999795e+02
-3.731062999999999761e+02
-3.846150000000000091e+02
-3.827588000000000079e+02
-3.864712999999999852e+02
-3.838725000000000023e+02
-3.842436999999999898e+02
-3.898125000000000000e+02
-4.106025000000000205e+02
-3.846150000000000091e+02
-3.916687999999999761e+02
-3.916687999999999761e+02
-4.068899999999999864e+02
-3.953813000000000102e+02
-3.846150000000000091e+02
-4.176562999999999874e+02
-4.102312999999999761e+02
-4.094886999999999944e+02
-3.990937999999999874e+02
-4.109737999999999829e+02
-4.024350000000000023e+02
-4.076324999999999932e+02
-4.117162000000000148e+02
-4.098600000000000136e+02
-4.109737999999999829e+02
-4.143149999999999977e+02
-3.968661999999999921e+02
-4.087461999999999875e+02
-3.861000000000000227e+02
-4.009499999999999886e+02
-3.879562999999999988e+02
-3.816449999999999818e+02
-4.042912999999999784e+02
