-6.136762999999999693e+02
-6.348374999999999773e+02
-6.418912000000000262e+02
-6.437474999999999454e+02
-6.396638000000000375e+02
-6.489450000000000500e+02
-6.352087000000000216e+02
-6.151612999999999829e+02
-6.478311999999999671e+02
-6.578550000000000182e+02
-6.340950000000000273e+02
-6.418912000000000262e+02
-6.381788000000000238e+02
-6.630525000000000091e+02
-6.448613000000000284e+02
-6.660225000000000364e+02
-6.537712000000000216e+02
-6.411486999999999625e+02
-6.626812999999999647e+02
-6.704774999999999636e+02
-6.552563000000000102e+02
-6.463463000000000420e+02
-6.526575000000000273e+02
-6.853274999999999864e+02
-6.805013000000000147e+02
-6.578550000000000182e+02
-6.641662999999999784e+02
-6.719624999999999773e+02
-6.541425000000000409e+02
-6.790162000000000262e+02
-6.611961999999999762e+02
-6.415199999999999818e+02
-6.697350000000000136e+02
-6.741900000000000546e+02
-6.649088000000000420e+02
-6.931237999999999602e+02
-6.723337000000000216e+02
-6.931237999999999602e+02
-6.808724999999999454e+02
-6.704774999999999636e+02
-6.756749999999999545e+02
-7.001775000000000091e+02
-6.838424999999999727e+02
-6.727050000000000409e+02
-6.660225000000000364e+02
-6.671362000000000307e+02
-6.712200000000000273e+02
-6.886688000000000329e+02
-6.775312999999999874e+02
-6.879262999999999693e+02
-6.875549999999999500e+02
-6.797586999999999762e+02
-6.753038000000000238e+02
-6.949800000000000182e+02
-6.934950000000000045e+02
-6.712200000000000273e+02
-6.960937999999999874e+02
-6.812437999999999647e+02
-6.882975000000000136e+02
-6.908962000000000216e+02
-6.901536999999999580e+02
-6.827287999999999784e+02
-6.897825000000000273e+02
-6.931237999999999602e+02
-6.964650000000000318e+02
-6.998062999999999647e+02
-7.109438000000000102e+02
-6.719624999999999773e+02
-6.834713000000000420e+02
-7.016625000000000227e+02
-6.979500000000000455e+02
-7.087161999999999580e+02
-7.139138000000000375e+02
-7.072313000000000329e+02
-7.020338000000000420e+02
-6.968361999999999625e+02
-7.005488000000000284e+02
-7.057463000000000193e+02
-7.339611999999999625e+02
-6.797586999999999762e+02
-7.502962999999999738e+02
-7.302487999999999602e+02
-7.005488000000000284e+02
-7.380449999999999591e+02
-7.135425000000000182e+02
-7.131712999999999738e+02
-7.102011999999999716e+02
-7.194824999999999591e+02
-7.009199999999999591e+02
-7.146562999999999874e+02
-7.354461999999999762e+02
-7.220811999999999671e+02
-7.343324999999999818e+02
-7.373025000000000091e+02
-7.335900000000000318e+02
-7.391588000000000420e+02
-7.510388000000000375e+02
-7.179974999999999454e+02
-7.198537999999999784e+02
-7.566074999999999591e+02
-7.291349999999999909e+02
-7.172549999999999955e+02
-7.324763000000000375e+02
-7.265362999999999829e+02
-7.217100000000000364e+02
-7.313624999999999545e+02
-7.120575000000000045e+02
-7.458411999999999580e+02
-7.502962999999999738e+02
-7.269075000000000273e+02
-7.640325000000000273e+02
-7.707150000000000318e+02
-7.532662000000000262e+02
-7.670025000000000546e+02
-7.476974999999999909e+02
-7.425000000000000000e+02
-7.373025000000000091e+02
-7.502962999999999738e+02
-7.484400000000000546e+02
-7.476974999999999909e+02
-7.558650000000000091e+02
-7.484400000000000546e+02
-7.506675000000000182e+02
-7.733138000000000147e+02
-7.402725000000000364e+02
-7.462124999999999773e+02
-7.584637000000000171e+02
-7.502962999999999738e+02
-7.599487000000000307e+02
-7.670025000000000546e+02
-7.350750000000000455e+02
-7.365599999999999454e+02
-7.569787999999999784e+02
-7.380449999999999591e+02
-7.380449999999999591e+02
-7.428713000000000193e+02
-7.387875000000000227e+02
-7.324763000000000375e+02
-7.584637000000000171e+02
-7.298775000000000546e+02
-7.410149999999999864e+02
-7.335900000000000318e+02
-7.644036999999999580e+02
-7.577213000000000420e+02
-7.566074999999999591e+02
-7.350750000000000455e+02
-7.491825000000000045e+02
-7.818524999999999636e+02
-7.272786999999999580e+02
-7.599487000000000307e+02
-7.811100000000000136e+02
-7.361888000000000147e+02
-7.465837000000000216e+02
-7.788825000000000500e+02
-7.554937999999999647e+02
-7.606912999999999556e+02
-7.833374999999999773e+02
-7.499249999999999545e+02
-7.521525000000000318e+02
-7.840800000000000409e+02
-7.673737999999999602e+02
-7.488112999999999602e+02
-7.573500000000000227e+02
-7.770262000000000171e+02
-7.595774999999999864e+02
-7.725711999999999762e+02
-7.822237999999999829e+02
-7.796250000000000000e+02
-7.900199999999999818e+02
-7.733138000000000147e+02
-7.837087000000000216e+02
-7.989299999999999500e+02
-7.773975000000000364e+02
-7.740562999999999647e+02
-7.837087000000000216e+02
-7.851938000000000102e+02
-7.747988000000000284e+02
-7.773975000000000364e+02
-7.874212999999999738e+02
-7.703437999999999874e+02
-7.855650000000000546e+02
-7.881638000000000375e+02
-7.688587999999999738e+02
-7.900199999999999818e+02
-7.922474999999999454e+02
-7.773975000000000364e+02
-7.941037999999999784e+02
-7.929900000000000091e+02
-7.658886999999999716e+02
-7.989299999999999500e+02
-7.725711999999999762e+02
-7.517812999999999874e+02
-7.543799999999999955e+02
-7.432424999999999500e+02
-7.532662000000000262e+02
-7.629188000000000329e+02
-7.658886999999999716e+02
-7.651462000000000216e+02
-7.606912999999999556e+02
-7.261649999999999636e+02
-7.514099999999999682e+02
-7.718287000000000262e+02
-7.584637000000000171e+02
-7.484400000000000546e+02
-7.566074999999999591e+02
-7.443563000000000329e+02
-7.610625000000000000e+02
-7.640325000000000273e+02
-7.681163000000000238e+02
-7.499249999999999545e+02
-7.688587999999999738e+02
-7.528949999999999818e+02
-7.447274999999999636e+02
-7.554937999999999647e+02
-7.777686999999999671e+02
-7.369312999999999647e+02
-7.540086999999999762e+02
-7.755412999999999784e+02
-7.540086999999999762e+02
-7.569787999999999784e+02
-7.599487000000000307e+02
-7.636612999999999829e+02
-7.536375000000000455e+02
-7.517812999999999874e+02
-7.562363000000000284e+02
-7.491825000000000045e+02
-7.670025000000000546e+02
-7.447274999999999636e+02
-7.614338000000000193e+02
-7.629188000000000329e+02
-7.625475000000000136e+02
-7.644036999999999580e+02
-7.755412999999999784e+02
-7.551224999999999454e+02
-7.606912999999999556e+02
-7.744275000000000091e+02
-7.673737999999999602e+02
-7.677450000000000045e+02
-7.684874999999999545e+02
-7.580924999999999727e+02
-7.762838000000000420e+02
-7.833374999999999773e+02
-7.644036999999999580e+02
-7.733138000000000147e+02
-7.822237999999999829e+02
-7.792537999999999556e+02
-7.747988000000000284e+02
-7.803674999999999500e+02
-7.707150000000000318e+02
-7.892775000000000318e+02
-7.955887000000000171e+02
-7.710861999999999625e+02
-7.577213000000000420e+02
-7.792537999999999556e+02
-7.640325000000000273e+02
-7.892775000000000318e+02
-7.892775000000000318e+02
-7.744275000000000091e+02
-7.777686999999999671e+02
-7.918763000000000147e+02
-7.829661999999999580e+02
-7.718287000000000262e+02
-7.833374999999999773e+02
-7.725711999999999762e+02
-7.796250000000000000e+02
-8.030136999999999716e+02
-7.807387999999999693e+02
-7.733138000000000147e+02
-7.777686999999999671e+02
-7.770262000000000171e+02
-7.710861999999999625e+02
-7.811100000000000136e+02
-7.766549999999999727e+02
-7.469550000000000409e+02
-7.692300000000000182e+02
-7.866788000000000238e+02
-7.714574999999999818e+02
-7.625475000000000136e+02
-7.710861999999999625e+02
-7.703437999999999874e+02
-7.833374999999999773e+02
-7.640325000000000273e+02
-7.710861999999999625e+02
-7.807387999999999693e+02
-7.636612999999999829e+02
-7.714574999999999818e+02
-7.606912999999999556e+02
-7.736849999999999454e+02
-7.688587999999999738e+02
-7.599487000000000307e+02
-7.773975000000000364e+02
-7.803674999999999500e+02
-7.751699999999999591e+02
-7.773975000000000364e+02
-7.788825000000000500e+02
-7.796250000000000000e+02
-7.618049999999999500e+02
-7.803674999999999500e+02
-7.833374999999999773e+02
-7.658886999999999716e+02
-7.781399999999999864e+02
-7.725711999999999762e+02
-7.655175000000000409e+02
-7.707150000000000318e+02
-7.629188000000000329e+02
-7.825950000000000273e+02
-7.577213000000000420e+02
-7.562363000000000284e+02
-7.707150000000000318e+02
-7.618049999999999500e+02
-7.670025000000000546e+02
-7.863075000000000045e+02
-7.759125000000000227e+02
-7.792537999999999556e+02
-7.744275000000000091e+02
-7.502962999999999738e+02
-7.658886999999999716e+02
-7.696013000000000375e+02
-7.399012000000000171e+02
-7.725711999999999762e+02
-7.562363000000000284e+02
-7.621762999999999693e+02
-7.629188000000000329e+02
-7.614338000000000193e+02
-7.614338000000000193e+02
-7.640325000000000273e+02
-7.580924999999999727e+02
-7.502962999999999738e+02
-7.707150000000000318e+02
-7.766549999999999727e+02
-7.584637000000000171e+02
-7.473261999999999716e+02
-7.580924999999999727e+02
-7.517812999999999874e+02
-7.647749999999999773e+02
-7.670025000000000546e+02
-7.670025000000000546e+02
-7.673737999999999602e+02
-7.428713000000000193e+02
-7.506675000000000182e+02
-7.551224999999999454e+02
-7.751699999999999591e+02
-7.369312999999999647e+02
-7.610625000000000000e+02
-7.673737999999999602e+02
-7.566074999999999591e+02
-7.647749999999999773e+02
-7.729424999999999955e+02
-7.777686999999999671e+02
-7.543799999999999955e+02
-7.673737999999999602e+02
-7.629188000000000329e+02
-7.684874999999999545e+02
-7.655175000000000409e+02
-7.543799999999999955e+02
-7.707150000000000318e+02
-7.725711999999999762e+02
-7.610625000000000000e+02
-7.554937999999999647e+02
-7.677450000000000045e+02
-7.580924999999999727e+02
-7.521525000000000318e+02
-7.647749999999999773e+02
-7.621762999999999693e+02
-7.903912000000000262e+02
-7.811100000000000136e+02
-7.818524999999999636e+02
-7.566074999999999591e+02
-7.632899999999999636e+02
-7.696013000000000375e+02
-7.670025000000000546e+02
-7.632899999999999636e+02
-7.703437999999999874e+02
-7.603200000000000500e+02
-7.692300000000000182e+02
-7.651462000000000216e+02
-7.532662000000000262e+02
-7.517812999999999874e+02
-7.588350000000000364e+02
-7.688587999999999738e+02
-7.673737999999999602e+02
-7.777686999999999671e+02
-7.629188000000000329e+02
-7.688587999999999738e+02
-7.599487000000000307e+02
-7.580924999999999727e+02
-7.915049999999999955e+02
-7.640325000000000273e+02
-7.554937999999999647e+02
-7.755412999999999784e+02
-7.755412999999999784e+02
-7.629188000000000329e+02
-7.822237999999999829e+02
-7.681163000000000238e+02
-7.662599999999999909e+02
-7.629188000000000329e+02
-7.595774999999999864e+02
-7.729424999999999955e+02
-7.566074999999999591e+02
-7.610625000000000000e+02
-7.606912999999999556e+02
-7.714574999999999818e+02
-7.740562999999999647e+02
-7.762838000000000420e+02
-7.566074999999999591e+02
-7.577213000000000420e+02
-7.502962999999999738e+02
-7.837087000000000216e+02
-7.755412999999999784e+02
-7.525236999999999625e+02
-7.718287000000000262e+02
-7.684874999999999545e+02
