-2.441710999999999785e+03
-2.413496000000000095e+03
-2.399760000000000218e+03
-2.484775999999999840e+03
-2.437998999999999796e+03
-2.471782000000000153e+03
-2.522271999999999935e+03
-2.477722000000000207e+03
-2.508907000000000153e+03
-2.515590000000000146e+03
-2.474010000000000218e+03
-2.509278999999999996e+03
-2.550487999999999829e+03
-2.497769999999999982e+03
-2.565708999999999833e+03
-2.576846000000000004e+03
-2.508907000000000153e+03
-2.542690999999999804e+03
-2.600235000000000127e+03
-2.533039000000000215e+03
-2.578702999999999975e+03
-2.578702999999999975e+03
-2.566822999999999865e+03
-2.553829000000000178e+03
-2.574989999999999782e+03
-2.605432999999999993e+03
-2.593181000000000040e+03
-2.645527999999999793e+03
-2.579074000000000069e+03
-2.573505000000000109e+03
-2.636989000000000033e+03
-2.591324999999999818e+03
-2.605061000000000149e+03
-2.631420000000000073e+03
-2.608773999999999887e+03
-2.609144999999999982e+03
-2.648126000000000204e+03
-2.623251999999999953e+03
-2.606916999999999916e+03
-2.646641000000000076e+03
-2.670400999999999840e+03
-2.657778999999999996e+03
-2.670771999999999935e+03
-2.678940000000000055e+03
-2.651096000000000004e+03
-2.679682999999999993e+03
-2.685623000000000047e+03
-2.694532000000000153e+03
-2.726088999999999942e+03
-2.684137000000000171e+03
-2.716807999999999993e+03
-2.661119999999999891e+03
-2.700101000000000113e+03
-2.636989000000000033e+03
-2.688592999999999847e+03
-2.701215000000000146e+03
-2.723489999999999782e+03
-2.686364999999999782e+03
-2.713838000000000193e+03
-2.727945000000000164e+03
-2.696018000000000029e+03
-2.759130000000000109e+03
-2.700844000000000051e+03
-2.747621000000000095e+03
-2.737597000000000207e+03
-2.726831000000000131e+03
-2.758387000000000171e+03
-2.756902999999999793e+03
-2.721262000000000171e+03
-2.751333999999999833e+03
-2.776208000000000084e+03
-2.759873000000000047e+03
-2.799967999999999847e+03
-2.793655999999999949e+03
-2.784375000000000000e+03
-2.801824000000000069e+03
-2.812219000000000051e+03
-2.836349999999999909e+03
-2.809248999999999796e+03
-2.821500000000000000e+03
-2.810733999999999924e+03
-2.841547999999999774e+03
-2.831894999999999982e+03
-2.820757999999999811e+03
-2.851570999999999913e+03
-2.847115999999999985e+03
-2.853056000000000040e+03
-2.840063000000000102e+03
-2.888695999999999913e+03
-2.885355000000000018e+03
-2.903545999999999822e+03
-2.903175000000000182e+03
-2.899463000000000193e+03
-2.913199000000000069e+03
-2.889068000000000211e+03
-2.928791000000000167e+03
-2.887954000000000178e+03
-2.957376999999999953e+03
-2.891666000000000167e+03
-2.909485999999999876e+03
-2.905773999999999887e+03
-2.952922999999999774e+03
-2.897978000000000065e+03
-2.954407000000000153e+03
-2.933246000000000095e+03
-2.924708000000000084e+03
-2.973713000000000193e+03
-2.973340999999999894e+03
-2.949952999999999975e+03
-3.017891000000000076e+03
-2.950324000000000069e+03
-2.961460999999999785e+03
-3.013807999999999993e+03
-3.013065000000000055e+03
-2.976682999999999993e+03
-2.997472000000000207e+03
-3.003413000000000011e+03
-3.001184999999999945e+03
-3.043135999999999967e+03
-3.044250000000000000e+03
-3.018262000000000171e+03
-3.014179000000000087e+03
-3.040166000000000167e+03
-3.004155000000000200e+03
-3.039052000000000135e+03
-3.044250000000000000e+03
-3.024574000000000069e+03
-2.993018000000000029e+03
-3.013436000000000149e+03
-2.947353999999999814e+03
-2.975197999999999865e+03
-3.014550000000000182e+03
-2.994130999999999858e+03
-2.983364999999999782e+03
-3.019376000000000204e+03
-3.004155000000000200e+03
-3.001927000000000135e+03
-3.049447999999999865e+03
-2.993018000000000029e+03
-3.003784000000000106e+03
-2.997844000000000051e+03
-2.985963999999999942e+03
-3.061699000000000069e+03
-3.055387000000000171e+03
-3.029028999999999996e+03
-3.014920999999999822e+03
-3.083231000000000222e+03
-3.093626000000000204e+03
-3.052789000000000215e+03
-3.104021000000000186e+03
-3.085458999999999833e+03
-3.063925999999999931e+03
-3.036083000000000084e+03
-3.089541999999999916e+03
-3.048333999999999833e+03
-3.080632999999999811e+03
-3.079889999999999873e+03
-3.055016000000000076e+03
-3.076177000000000135e+03
-3.090655999999999949e+03
-3.096596000000000004e+03
-3.124811000000000149e+03
-3.122583999999999833e+03
-3.066153999999999996e+03
-3.156739000000000033e+03
-3.113673999999999978e+03
-3.114788000000000011e+03
-3.109590000000000146e+03
-3.177900000000000091e+03
-3.156367000000000189e+03
-3.169360999999999876e+03
-3.142260000000000218e+03
-3.134092999999999847e+03
-3.181983999999999924e+03
-3.137434000000000196e+03
-3.155253999999999905e+03
-3.174559000000000196e+03
-3.170103999999999814e+03
-3.185324999999999818e+03
-3.141518000000000029e+03
-3.209827999999999975e+03
-3.157853000000000065e+03
-3.183840000000000146e+03
-3.194235000000000127e+03
-3.149313999999999851e+03
-3.208342999999999847e+03
-3.187923999999999978e+03
-3.181612999999999829e+03
-3.181612999999999829e+03
-3.209456000000000131e+03
-3.226534000000000106e+03
-3.184210999999999785e+03
-3.201659999999999854e+03
-3.180869999999999891e+03
-3.189038000000000011e+03
-3.209085000000000036e+03
-3.186068000000000211e+03
-3.172331000000000131e+03
-3.215768000000000029e+03
-3.199804000000000087e+03
-3.181983999999999924e+03
-3.184583000000000084e+03
-3.186438999999999851e+03
-3.199061000000000149e+03
-3.177900000000000091e+03
-3.200545999999999822e+03
-3.177900000000000091e+03
-3.206114999999999782e+03
-3.198318999999999960e+03
-3.184954000000000178e+03
-3.200545999999999822e+03
-3.183840000000000146e+03
-3.208713999999999942e+03
-3.189409000000000106e+03
-3.219851000000000113e+03
-3.182726000000000113e+03
-3.209827999999999975e+03
-3.181612999999999829e+03
-3.189409000000000106e+03
-3.245096000000000004e+03
-3.168248000000000047e+03
-3.194978000000000065e+03
-3.234329999999999927e+03
-3.189038000000000011e+03
-3.162679000000000087e+03
-3.195719999999999800e+03
-3.187552000000000135e+03
-3.200545999999999822e+03
-3.219851000000000113e+03
-3.192007999999999811e+03
-3.199061000000000149e+03
-3.222079000000000178e+03
-3.208713999999999942e+03
-3.176414999999999964e+03
-3.259945999999999913e+03
-3.208713999999999942e+03
-3.177528999999999996e+03
-3.223193000000000211e+03
-3.216510000000000218e+03
-3.200916999999999916e+03
-3.231731000000000222e+03
-3.236557999999999993e+03
-3.177157000000000153e+03
-3.258090000000000146e+03
-3.224306000000000040e+03
-3.213911000000000058e+03
-3.255119999999999891e+03
-3.209827999999999975e+03
-3.203516000000000076e+03
-3.227646999999999935e+03
-3.239155999999999949e+03
-3.215025000000000091e+03
-3.257347000000000207e+03
-3.249922999999999774e+03
-3.265885999999999967e+03
-3.248809000000000196e+03
-3.293358999999999924e+03
-3.271083999999999833e+03
-3.215768000000000029e+03
-3.254748999999999796e+03
-3.253635000000000218e+03
-3.251407000000000153e+03
-3.294472000000000207e+03
-3.260688999999999851e+03
-3.235443999999999960e+03
-3.289275000000000091e+03
-3.255119999999999891e+03
-3.275909999999999854e+03
-3.262916000000000167e+03
-3.257347000000000207e+03
-3.250664999999999964e+03
-3.272940000000000055e+03
-3.241012000000000171e+03
-3.243981999999999971e+03
-3.271083999999999833e+03
-3.215768000000000029e+03
-3.246952999999999975e+03
-3.259574999999999818e+03
-3.225791000000000167e+03
-3.272197999999999865e+03
-3.271454999999999927e+03
-3.285190999999999804e+03
-3.248809000000000196e+03
-3.273682999999999993e+03
-3.279623000000000047e+03
-3.259204000000000178e+03
-3.328626999999999953e+03
-3.252150000000000091e+03
-3.301525999999999840e+03
-3.307465999999999894e+03
-3.313405999999999949e+03
-3.291873999999999796e+03
-3.279623000000000047e+03
-3.295958000000000084e+03
-3.279251000000000204e+03
-3.329369999999999891e+03
-3.319717999999999847e+03
-3.295958000000000084e+03
-3.280364999999999782e+03
-3.306724000000000160e+03
-3.304496000000000095e+03
-3.303753999999999905e+03
-3.310065000000000055e+03
-3.327885000000000218e+03
-3.324914999999999964e+03
-3.332340000000000146e+03
-3.306353000000000065e+03
-3.334938999999999851e+03
-3.342364000000000033e+03
-3.344590999999999894e+03
-3.357213999999999942e+03
-3.354244000000000142e+03
-3.324172999999999774e+03
-3.335681000000000040e+03
-3.375034000000000106e+03
-3.341992000000000189e+03
-3.385800000000000182e+03
-3.396195000000000164e+03
-3.369094000000000051e+03
-3.412530000000000200e+03
-3.393596000000000004e+03
-3.388398999999999887e+03
-3.383943999999999960e+03
-3.447427000000000135e+03
-3.414385999999999967e+03
-3.419213000000000193e+03
-3.438518000000000029e+03
-3.362411000000000058e+03
-3.403619999999999891e+03
-3.461905999999999949e+03
-3.398050999999999931e+03
-3.454110000000000127e+03
-3.467474999999999909e+03
-3.432206000000000131e+03
-3.448913000000000011e+03
-3.400278999999999996e+03
-3.321574000000000069e+03
-3.324914999999999964e+03
-3.363525000000000091e+03
-3.333824999999999818e+03
-3.349416999999999916e+03
-3.381715999999999894e+03
-3.329740999999999985e+03
-3.324543999999999869e+03
-3.395452999999999975e+03
-3.324172999999999774e+03
-3.356471000000000004e+03
-3.366494999999999891e+03
-3.363896000000000186e+03
-3.363525000000000091e+03
-3.366865999999999985e+03
-3.387284999999999854e+03
-3.346447999999999865e+03
-3.412530000000000200e+03
-3.368351000000000113e+03
-3.349045999999999822e+03
-3.371320999999999913e+03
-3.385429000000000087e+03
-3.355728999999999814e+03
-3.359440999999999804e+03
-3.371693000000000211e+03
-3.327143000000000029e+03
-3.382829999999999927e+03
-3.391739999999999782e+03
-3.375775999999999840e+03
-3.379860000000000127e+03
-3.383201000000000022e+03
-3.365010000000000218e+03
-3.363525000000000091e+03
-3.411045000000000073e+03
-3.338650999999999840e+03
-3.336795000000000073e+03
-3.411788000000000011e+03
-3.351273999999999887e+03
-3.388398999999999887e+03
-3.403248999999999796e+03
-3.400650000000000091e+03
-3.402505999999999858e+03
-3.432206000000000131e+03
-3.365010000000000218e+03
-3.367608999999999924e+03
-3.407704000000000178e+03
-3.398793999999999869e+03
-3.412530000000000200e+03
-3.385429000000000087e+03
-3.397679999999999836e+03
-3.388027999999999793e+03
-3.412159000000000106e+03
-3.395824000000000069e+03
-3.401764000000000124e+03
-3.415500000000000000e+03
-3.415128999999999905e+03
-3.402876999999999953e+03
-3.392481999999999971e+03
-3.427751000000000204e+03
-3.412530000000000200e+03
-3.419583999999999833e+03
-3.406590000000000146e+03
-3.409931000000000040e+03
-3.456338000000000193e+03
-3.408445999999999913e+03
-3.406960999999999785e+03
-3.411416000000000167e+03
-3.433690999999999804e+03
-3.434804999999999836e+03
-3.434804999999999836e+03
-3.443344000000000051e+03
-3.429606999999999971e+03
-3.461164000000000215e+03
-3.443715000000000146e+03
-3.457822999999999865e+03
-3.446684999999999945e+03
