6.534199999999999875e+01
4.195253000000000299e+01
2.450325000000000131e+01
2.004811000000000121e+01
9.281532999999999589e+00
9.652794999999999348e+00
3.341352000000000100e+00
-2.264624999999999844e+01
-2.932874999999999943e+01
-4.677750000000000341e+01
-6.162749999999999773e+01
-6.422624999999999318e+01
-6.793874999999999886e+01
-7.796250000000000568e+01
-8.687250000000000227e+01
-6.979500000000000171e+01
-5.271750000000000114e+01
-8.130374999999999375e+01
-6.719625000000000625e+01
-7.016625000000000512e+01
-9.132750000000000057e+01
-6.385499999999999687e+01
-8.612999999999999545e+01
-9.949500000000000455e+01
-9.355500000000000682e+01
-1.072913000000000068e+02
-1.236263000000000005e+02
-1.087763000000000062e+02
-1.288237000000000023e+02
-1.674336999999999875e+02
-1.518411999999999864e+02
-1.522125000000000057e+02
-2.019600000000000080e+02
-1.692899999999999920e+02
-1.477574999999999932e+02
-1.681762999999999977e+02
-1.622363000000000000e+02
-1.711462999999999965e+02
-1.763437999999999874e+02
-1.655774999999999864e+02
-1.867387999999999977e+02
-2.001037000000000035e+02
-1.744875000000000114e+02
-1.718887000000000000e+02
-2.201511999999999887e+02
-2.012175000000000011e+02
-1.889661999999999864e+02
-2.260911999999999864e+02
-2.379713000000000136e+02
-2.342588000000000079e+02
-2.465099999999999909e+02
-2.491086999999999989e+02
-2.019600000000000080e+02
-2.160674999999999955e+02
-2.309174999999999898e+02
-2.182949999999999875e+02
-2.309174999999999898e+02
-2.290612000000000137e+02
-2.138400000000000034e+02
-2.101274999999999977e+02
-2.342588000000000079e+02
-2.554199999999999875e+02
-2.383425000000000011e+02
-2.721263000000000147e+02
-2.364863000000000000e+02
-2.465099999999999909e+02
-2.234925000000000068e+02
-2.309174999999999898e+02
-2.309174999999999898e+02
-2.439113000000000113e+02
-2.554199999999999875e+02
-2.487375000000000114e+02
-2.832638000000000034e+02
-2.680425000000000182e+02
-2.776949999999999932e+02
-2.706413000000000011e+02
-2.702699999999999818e+02
-2.802937999999999761e+02
-3.222450000000000045e+02
-3.170475000000000136e+02
-3.103650000000000091e+02
-3.010837000000000216e+02
-2.840063000000000102e+02
-3.144488000000000056e+02
-3.422925000000000182e+02
-3.315262000000000171e+02
-3.307837999999999852e+02
-3.671662999999999784e+02
-3.482325000000000159e+02
-3.552862999999999829e+02
-3.615975000000000250e+02
-3.549150000000000205e+02
-3.148199999999999932e+02
-3.118500000000000227e+02
-3.040536999999999921e+02
-3.233587999999999738e+02
-3.382087000000000216e+02
-3.712500000000000000e+02
-3.344961999999999875e+02
-3.586274999999999977e+02
-3.356100000000000136e+02
-3.292988000000000284e+02
-3.538011999999999944e+02
-3.389513000000000034e+02
-3.385799999999999841e+02
-3.586274999999999977e+02
-3.794175000000000182e+02
-3.701363000000000056e+02
-3.530586999999999875e+02
-3.664238000000000284e+02
-3.664238000000000284e+02
-3.757049999999999841e+02
-3.682799999999999727e+02
-3.552862999999999829e+02
-3.812737000000000194e+02
-3.630824999999999818e+02
-3.545437999999999761e+02
-3.842436999999999898e+02
-3.775611999999999853e+02
-3.716211999999999875e+02
-3.768188000000000102e+02
-3.682799999999999727e+02
-3.727350000000000136e+02
-4.054049999999999727e+02
-3.745912000000000148e+02
-3.690224999999999795e+02
-3.708788000000000125e+02
-3.170475000000000136e+02
-2.914311999999999898e+02
-2.925450000000000159e+02
-3.044250000000000114e+02
-2.958863000000000056e+02
-3.111075000000000159e+02
-3.166761999999999944e+02
-2.858625000000000114e+02
-2.669286999999999921e+02
-2.320312999999999874e+02
-2.231211999999999875e+02
-2.134687999999999874e+02
-2.257199999999999989e+02
-2.160674999999999955e+02
-2.142112999999999943e+02
-1.952775000000000034e+02
-1.900800000000000125e+02
-1.908224999999999909e+02
-2.079000000000000057e+02
-1.845112000000000023e+02
-1.889661999999999864e+02
-1.930500000000000114e+02
-1.796850000000000023e+02
-1.800562999999999931e+02
-1.978762999999999863e+02
-2.015886999999999887e+02
-1.893375000000000057e+02
-1.963913000000000011e+02
-1.737450000000000045e+02
-2.123549999999999898e+02
-2.208937999999999988e+02
-1.863675000000000068e+02
-1.956487999999999943e+02
-2.049300000000000068e+02
-1.941638000000000090e+02
-1.800562999999999931e+02
-1.975049999999999955e+02
-1.800562999999999931e+02
-1.845112000000000023e+02
-1.830261999999999887e+02
-1.800562999999999931e+02
-1.908224999999999909e+02
-1.789424999999999955e+02
-1.893375000000000057e+02
-1.774575000000000102e+02
-1.956487999999999943e+02
-2.056725000000000136e+02
-1.911938000000000102e+02
-2.027024999999999864e+02
-1.978762999999999863e+02
-1.975049999999999955e+02
-2.034449999999999932e+02
-1.978762999999999863e+02
-1.882238000000000113e+02
-2.242350000000000136e+02
-2.015886999999999887e+02
-1.893375000000000057e+02
-2.182949999999999875e+02
-2.075286999999999864e+02
-2.012175000000000011e+02
-2.335163000000000011e+02
-2.112412999999999954e+02
-2.116125000000000114e+02
-2.127263000000000090e+02
-2.201511999999999887e+02
-2.346299999999999955e+02
-2.257199999999999989e+02
-2.257199999999999989e+02
-2.353725000000000023e+02
-2.383425000000000011e+02
-2.227500000000000000e+02
-2.156963000000000079e+02
-2.197800000000000011e+02
-2.090137000000000000e+02
-1.915649999999999977e+02
-2.153249999999999886e+02
-2.231211999999999875e+02
-2.156963000000000079e+02
-2.101274999999999977e+02
-2.145825000000000102e+02
-2.130974999999999966e+02
-2.082712999999999965e+02
-1.822838000000000136e+02
-1.859961999999999875e+02
-1.833975000000000080e+02
-1.711462999999999965e+02
-1.800562999999999931e+02
-1.997324999999999875e+02
-1.841399999999999864e+02
-1.852538000000000125e+02
-1.785713000000000079e+02
-1.704036999999999864e+02
-1.793137999999999863e+02
-2.023312999999999988e+02
-1.644636999999999887e+02
-1.536974999999999909e+02
-1.689187000000000012e+02
-1.507274999999999920e+02
-1.737450000000000045e+02
-1.852538000000000125e+02
-1.544399999999999977e+02
-1.459011999999999887e+02
-1.722599999999999909e+02
-1.722599999999999909e+02
-1.666913000000000125e+02
-1.804275000000000091e+02
-1.756013000000000090e+02
-1.711462999999999965e+02
-1.652062999999999988e+02
-1.548112000000000137e+02
-1.752299999999999898e+02
-1.756013000000000090e+02
-1.911938000000000102e+02
-1.600088000000000079e+02
-1.807988000000000000e+02
-1.796850000000000023e+02
-1.525837999999999965e+02
-1.763437999999999874e+02
-1.681762999999999977e+02
-1.481288000000000125e+02
-1.726313000000000102e+02
-1.730024999999999977e+02
-1.640925000000000011e+02
-1.763437999999999874e+02
-1.867387999999999977e+02
-1.845112000000000023e+02
-1.971338000000000079e+02
-1.752299999999999898e+02
-1.885949999999999989e+02
-1.930500000000000114e+02
-1.900800000000000125e+02
-1.700324999999999989e+02
-1.937924999999999898e+02
-1.770862999999999943e+02
-1.321649999999999920e+02
-1.384763000000000090e+02
-1.407038000000000011e+02
-1.388474999999999966e+02
-1.399612999999999943e+02
-1.681762999999999977e+02
-1.384763000000000090e+02
-1.136025000000000063e+02
-1.195425000000000040e+02
-1.013512000000000057e+02
-8.984250000000000114e+01
-1.080337999999999994e+02
-9.466875000000000284e+01
-7.796250000000000568e+01
-9.912375000000000114e+01
-1.020938000000000017e+02
-1.020938000000000017e+02
-1.024650000000000034e+02
-8.167499999999999716e+01
-9.355500000000000682e+01
-9.875249999999999773e+01
-9.021375000000000455e+01
-8.501624999999999943e+01
-8.947124999999999773e+01
-9.875249999999999773e+01
-9.912375000000000114e+01
-7.944750000000000512e+01
-8.909999999999999432e+01
-8.687250000000000227e+01
-5.828625000000000256e+01
-9.429749999999999943e+01
-1.098900000000000006e+02
-1.106324999999999932e+02
-1.032074999999999960e+02
-1.032074999999999960e+02
-1.039500000000000028e+02
-1.195425000000000040e+02
-9.281250000000000000e+01
-9.504000000000000625e+01
-1.225125000000000028e+02
-1.098900000000000006e+02
-1.058062999999999931e+02
-9.132750000000000057e+01
-8.056125000000000114e+01
-9.615375000000000227e+01
-1.054350000000000023e+02
-9.244124999999999659e+01
-1.136025000000000063e+02
-1.154586999999999932e+02
-1.020938000000000017e+02
-9.912375000000000114e+01
-1.006086999999999989e+02
-8.650124999999999886e+01
-1.006086999999999989e+02
-1.046924999999999955e+02
-9.689624999999999488e+01
-1.139737999999999971e+02
-1.013512000000000057e+02
-1.017224999999999966e+02
-8.612999999999999545e+01
-1.032074999999999960e+02
-1.065488000000000000e+02
-1.154586999999999932e+02
-9.318375000000000341e+01
-1.002374999999999972e+02
-1.165725000000000051e+02
-9.912375000000000114e+01
-1.020938000000000017e+02
-1.199137000000000057e+02
-1.020938000000000017e+02
-1.191711999999999989e+02
-1.243687999999999931e+02
-1.110037999999999982e+02
-1.024650000000000034e+02
-1.136025000000000063e+02
-9.392624999999999602e+01
-4.603499999999999659e+01
-7.313625000000000398e+01
-8.835750000000000171e+01
-6.868125000000000568e+01
-8.056125000000000114e+01
-8.538750000000000284e+01
-7.684874999999999545e+01
-7.684874999999999545e+01
-7.573499999999999943e+01
-8.612999999999999545e+01
-1.020938000000000017e+02
-9.244124999999999659e+01
-7.944750000000000512e+01
-8.204625000000000057e+01
-9.578249999999999886e+01
-6.608249999999999602e+01
-9.429749999999999943e+01
-7.165125000000000455e+01
-8.204625000000000057e+01
-1.013512000000000057e+02
-1.024650000000000034e+02
-8.872875000000000512e+01
-1.091474999999999937e+02
-9.244124999999999659e+01
-8.464499999999999602e+01
-1.165725000000000051e+02
-1.143449999999999989e+02
-1.139737999999999971e+02
-9.763875000000000171e+01
-8.872875000000000512e+01
-1.006086999999999989e+02
-8.724375000000000568e+01
-9.095624999999999716e+01
-9.244124999999999659e+01
-9.541124999999999545e+01
-1.013512000000000057e+02
-9.801000000000000512e+01
-9.801000000000000512e+01
-1.028362999999999943e+02
-1.165725000000000051e+02
-1.006086999999999989e+02
-1.173149999999999977e+02
-9.578249999999999886e+01
-1.046924999999999955e+02
-1.017224999999999966e+02
-1.084050000000000011e+02
-9.206999999999999318e+01
-9.763875000000000171e+01
-1.017224999999999966e+02
-1.058062999999999931e+02
-1.065488000000000000e+02
-9.392624999999999602e+01
-1.076624999999999943e+02
-7.573499999999999943e+01
-6.385499999999999687e+01
-8.427375000000000682e+01
-7.202249999999999375e+01
-5.791499999999999915e+01
-6.868125000000000568e+01
-7.128000000000000114e+01
-7.610625000000000284e+01
-7.202249999999999375e+01
-7.499250000000000682e+01
-8.278874999999999318e+01
-8.575875000000000625e+01
-9.132750000000000057e+01
-5.049000000000000199e+01
-7.165125000000000455e+01
-7.462125000000000341e+01
-7.387874999999999659e+01
-8.204625000000000057e+01
-9.244124999999999659e+01
-6.459749999999999659e+01
-7.944750000000000512e+01
-7.016625000000000512e+01
