-2.583528999999999996e+03
-2.556798999999999978e+03
-2.611373000000000047e+03
-2.579074000000000069e+03
-2.584271000000000186e+03
-2.603204999999999927e+03
-2.644784999999999854e+03
-2.560510999999999967e+03
-2.655179999999999836e+03
-2.640329999999999927e+03
-2.644784999999999854e+03
-2.661119999999999891e+03
-2.674856000000000222e+03
-2.672628999999999905e+03
-2.689335000000000036e+03
-2.721634000000000015e+03
-2.714208999999999833e+03
-2.726460000000000036e+03
-2.743909000000000106e+03
-2.713838000000000193e+03
-2.754304000000000087e+03
-2.792541999999999916e+03
-2.754304000000000087e+03
-2.766925999999999931e+03
-2.777693000000000211e+03
-2.825583999999999833e+03
-2.832266000000000076e+03
-2.844518000000000029e+03
-2.802195000000000164e+03
-2.859739000000000033e+03
-2.859367000000000189e+03
-2.844889000000000124e+03
-2.880900000000000091e+03
-2.892038000000000011e+03
-2.912456000000000131e+03
-2.895007999999999811e+03
-2.942155999999999949e+03
-2.896121000000000095e+03
-2.877929999999999836e+03
-2.919510000000000218e+03
-2.864936000000000149e+03
-2.920994999999999891e+03
-2.924335999999999785e+03
-2.932132999999999811e+03
-2.938815000000000055e+03
-2.968885999999999967e+03
-2.957748999999999796e+03
-2.971485000000000127e+03
-2.979652999999999793e+03
-2.976682999999999993e+03
-3.006382999999999811e+03
-3.000813999999999851e+03
-3.031255999999999858e+03
-3.030514000000000124e+03
-3.017148999999999887e+03
-3.026800999999999931e+03
-3.013807999999999993e+03
-3.051304000000000087e+03
-3.079146999999999935e+03
-3.085458999999999833e+03
-3.059471000000000004e+03
-3.102907000000000153e+03
-3.088057999999999993e+03
-3.087315000000000055e+03
-3.088057999999999993e+03
-3.044992000000000189e+03
-3.089541999999999916e+03
-3.073949999999999818e+03
-3.076177000000000135e+03
-3.085829999999999927e+03
-3.079146999999999935e+03
-3.061699000000000069e+03
-3.123697999999999865e+03
-3.078405000000000200e+03
-3.114788000000000011e+03
-3.131494000000000142e+03
-3.157853000000000065e+03
-3.110704000000000178e+03
-3.159708999999999833e+03
-3.164534999999999854e+03
-3.106248999999999796e+03
-3.179755999999999858e+03
-3.153025999999999840e+03
-3.121469999999999800e+03
-3.181240999999999985e+03
-3.151541000000000167e+03
-3.150427000000000135e+03
-3.203144999999999982e+03
-3.185695999999999913e+03
-3.192750000000000000e+03
-3.209827999999999975e+03
-3.185324999999999818e+03
-3.139289999999999964e+03
-3.220594000000000051e+03
-3.187923999999999978e+03
-3.209456000000000131e+03
-3.226163000000000011e+03
-3.252150000000000091e+03
-3.189038000000000011e+03
-3.220965000000000146e+03
-3.246210000000000036e+03
-3.164164000000000215e+03
-3.210199000000000069e+03
-3.232103000000000065e+03
-3.200175000000000182e+03
-3.219480000000000018e+03
-3.283706000000000131e+03
-3.243239999999999782e+03
-3.280735999999999876e+03
-3.267000000000000000e+03
-3.261059999999999945e+03
-3.231360000000000127e+03
-3.291130999999999858e+03
-3.290760000000000218e+03
-3.245467999999999847e+03
-3.322688000000000102e+03
-3.269228000000000065e+03
-3.267000000000000000e+03
-3.288903999999999996e+03
-3.299298999999999978e+03
-3.285190999999999804e+03
-3.279994000000000142e+03
-3.247324000000000069e+03
-3.277394999999999982e+03
-3.270340999999999894e+03
-3.256605000000000018e+03
-3.234701000000000022e+03
-3.218737999999999829e+03
-3.241384000000000015e+03
-3.237300000000000182e+03
-3.274054000000000087e+03
-3.255119999999999891e+03
-3.207971000000000004e+03
-3.257719000000000051e+03
-3.268114000000000033e+03
-3.246952999999999975e+03
-3.294472000000000207e+03
-3.292987999999999829e+03
-3.301155000000000200e+03
-3.291501999999999953e+03
-3.278137000000000171e+03
-3.268856000000000222e+03
-3.296699999999999818e+03
-3.278137000000000171e+03
-3.262545000000000073e+03
-3.268485000000000127e+03
-3.303382999999999811e+03
-3.233588000000000193e+03
-3.308951000000000022e+03
-3.297443000000000211e+03
-3.275909999999999854e+03
-3.317119000000000142e+03
-3.295958000000000084e+03
-3.289646000000000186e+03
-3.291501999999999953e+03
-3.332340000000000146e+03
-3.304496000000000095e+03
-3.317860999999999876e+03
-3.328998999999999796e+03
-3.335681000000000040e+03
-3.296699999999999818e+03
-3.316748000000000047e+03
-3.307094999999999800e+03
-3.283706000000000131e+03
-3.306353000000000065e+03
-3.278880000000000109e+03
-3.235815000000000055e+03
-3.304867000000000189e+03
-3.259574999999999818e+03
-3.257347000000000207e+03
-3.257347000000000207e+03
-3.259204000000000178e+03
-3.286675999999999931e+03
-3.299670000000000073e+03
-3.290760000000000218e+03
-3.297070999999999913e+03
-3.321574000000000069e+03
-3.262545000000000073e+03
-3.362039999999999964e+03
-3.324914999999999964e+03
-3.301155000000000200e+03
-3.320088999999999942e+03
-3.307465999999999894e+03
-3.268485000000000127e+03
-3.304125000000000000e+03
-3.304125000000000000e+03
-3.273682999999999993e+03
-3.342364000000000033e+03
-3.330855000000000018e+03
-3.333824999999999818e+03
-3.325286000000000058e+03
-3.304867000000000189e+03
-3.289275000000000091e+03
-3.328255999999999858e+03
-3.338280000000000200e+03
-3.294101000000000113e+03
-3.294844000000000051e+03
-3.310436000000000149e+03
-3.312664000000000215e+03
-3.339764999999999873e+03
-3.324914999999999964e+03
-3.304867000000000189e+03
-3.278880000000000109e+03
-3.326771000000000186e+03
-3.298184999999999945e+03
-3.324172999999999774e+03
-3.331969000000000051e+03
-3.315634000000000015e+03
-3.275539000000000215e+03
-3.272568999999999960e+03
-3.256605000000000018e+03
-3.241384000000000015e+03
-3.297443000000000211e+03
-3.311550000000000182e+03
-3.277023999999999887e+03
-3.288532000000000153e+03
-3.287047999999999774e+03
-3.273682999999999993e+03
-3.319717999999999847e+03
-3.297813999999999851e+03
-3.270340999999999894e+03
-3.311550000000000182e+03
-3.315634000000000015e+03
-3.279623000000000047e+03
-3.336052000000000135e+03
-3.338650999999999840e+03
-3.287047999999999774e+03
-3.322688000000000102e+03
-3.319346000000000004e+03
-3.320088999999999942e+03
-3.354614999999999782e+03
-3.356842999999999847e+03
-3.326771000000000186e+03
-3.363896000000000186e+03
-3.338650999999999840e+03
-3.317119000000000142e+03
-3.360554999999999836e+03
-3.356099999999999909e+03
-3.365380999999999858e+03
-3.396938000000000102e+03
-3.406219000000000051e+03
-3.377260999999999967e+03
-3.389141000000000076e+03
-3.423295999999999822e+03
-3.341621000000000095e+03
-3.398422999999999774e+03
-3.411416000000000167e+03
-3.390998000000000047e+03
-3.412159000000000106e+03
-3.425152999999999793e+03
-3.421811000000000149e+03
-3.414757999999999811e+03
-3.426637000000000171e+03
-3.411045000000000073e+03
-3.435918999999999869e+03
-3.464505000000000109e+03
-3.443344000000000051e+03
-3.477498999999999796e+03
-3.437775000000000091e+03
-3.461164000000000215e+03
-3.476014000000000124e+03
-3.477869999999999891e+03
-3.450768999999999778e+03
-3.392481999999999971e+03
-3.390998000000000047e+03
-3.347561000000000149e+03
-3.359070000000000164e+03
-3.363896000000000186e+03
-3.315262000000000171e+03
-3.327885000000000218e+03
-3.314519999999999982e+03
-3.285190999999999804e+03
-3.308951000000000022e+03
-3.292987999999999829e+03
-3.296329000000000178e+03
-3.277394999999999982e+03
-3.312664000000000215e+03
-3.263659000000000106e+03
-3.313405999999999949e+03
-3.309693999999999960e+03
-3.269228000000000065e+03
-3.281106999999999971e+03
-3.296329000000000178e+03
-3.304496000000000095e+03
-3.300413000000000011e+03
-3.289275000000000091e+03
-3.301155000000000200e+03
-3.295585999999999785e+03
-3.307838000000000193e+03
-3.283706000000000131e+03
-3.296699999999999818e+03
-3.292244999999999891e+03
-3.305981000000000222e+03
-3.294844000000000051e+03
-3.324543999999999869e+03
-3.292244999999999891e+03
-3.305239000000000033e+03
-3.333083000000000084e+03
-3.309693999999999960e+03
-3.342735000000000127e+03
-3.347561000000000149e+03
-3.337166000000000167e+03
-3.355728999999999814e+03
-3.374663000000000011e+03
-3.361668999999999869e+03
-3.351644999999999982e+03
-3.360184000000000196e+03
-3.341250000000000000e+03
-3.359440999999999804e+03
-3.380974000000000160e+03
-3.375775999999999840e+03
-3.354985999999999876e+03
-3.391739999999999782e+03
-3.403990999999999985e+03
-3.367980000000000018e+03
-3.403990999999999985e+03
-3.401764000000000124e+03
-3.412159000000000106e+03
-3.435547999999999774e+03
-3.413271999999999935e+03
-3.392853999999999814e+03
-3.429235999999999876e+03
-3.436661000000000058e+03
-3.398050999999999931e+03
-3.429978999999999814e+03
-3.431092999999999847e+03
-3.430721000000000004e+03
-3.440001999999999953e+03
-3.442230000000000018e+03
-3.414757999999999811e+03
-3.481583000000000084e+03
-3.465248000000000047e+03
-3.467846000000000004e+03
-3.478983999999999924e+03
-3.499402999999999793e+03
-3.445570999999999913e+03
-3.498289000000000215e+03
-3.490121000000000095e+03
-3.473786000000000058e+03
-3.511282000000000153e+03
-3.486038000000000011e+03
-3.506456000000000131e+03
-3.509054999999999836e+03
-3.507199000000000069e+03
-3.522420000000000073e+03
-3.491606000000000222e+03
-3.532443999999999960e+03
-3.495690000000000055e+03
-3.523905000000000200e+03
-3.575880000000000109e+03
-3.514994999999999891e+03
-3.551376999999999953e+03
-3.545065999999999804e+03
-3.545065999999999804e+03
-3.559916000000000167e+03
-3.569940000000000055e+03
-3.546179999999999836e+03
-3.526875000000000000e+03
-3.551376999999999953e+03
-3.525760999999999967e+03
-3.507570000000000164e+03
-3.569568999999999960e+03
-3.513510000000000218e+03
-3.537269999999999982e+03
-3.569940000000000055e+03
-3.533557999999999993e+03
-3.561771999999999935e+03
-3.559916000000000167e+03
-3.555833000000000084e+03
-3.557318000000000211e+03
-3.558059999999999945e+03
-3.562514999999999873e+03
-3.564371000000000095e+03
-3.638250000000000000e+03
-3.566228000000000065e+03
-3.561400999999999840e+03
-3.564371000000000095e+03
-3.527617000000000189e+03
-3.581449000000000069e+03
-3.568083999999999833e+03
-3.563257999999999811e+03
-3.553233999999999924e+03
-3.584047999999999774e+03
-3.596670000000000073e+03
-3.590358999999999924e+03
-3.613005000000000109e+03
-3.594443000000000211e+03
-3.597413000000000011e+03
-3.597413000000000011e+03
-3.579221000000000004e+03
-3.585532000000000153e+03
-3.589615999999999985e+03
-3.571054000000000087e+03
-3.596670000000000073e+03
-3.614489999999999782e+03
-3.624514000000000124e+03
-3.595184999999999945e+03
-3.647902999999999793e+03
-3.622286000000000058e+03
-3.629710999999999785e+03
-3.658668999999999869e+03
-3.623400000000000091e+03
-3.633423999999999978e+03
-3.637135999999999967e+03
-3.630454000000000178e+03
-3.622286000000000058e+03
-3.637507999999999811e+03
-3.664608999999999924e+03
-3.615974999999999909e+03
-3.685398999999999887e+03
-3.631568000000000211e+03
-3.682429000000000087e+03
