-2.962574999999999818e+03
-3.024574000000000069e+03
-2.984478999999999814e+03
-3.021603999999999814e+03
-3.023460000000000036e+03
-3.030143000000000029e+03
-3.063554999999999836e+03
-3.052416999999999916e+03
-3.051675000000000182e+03
-3.053902999999999793e+03
-3.087315000000000055e+03
-3.064668999999999869e+03
-3.085088000000000193e+03
-3.089170999999999822e+03
-3.091398999999999887e+03
-3.107362999999999829e+03
-3.143373999999999796e+03
-3.086201000000000022e+03
-3.124811000000000149e+03
-3.137804999999999836e+03
-3.085088000000000193e+03
-3.143001999999999953e+03
-3.158965999999999894e+03
-3.152655000000000200e+03
-3.135206000000000131e+03
-3.209456000000000131e+03
-3.174188000000000102e+03
-3.206856999999999971e+03
-3.220594000000000051e+03
-3.268114000000000033e+03
-3.197576000000000022e+03
-3.269228000000000065e+03
-3.292615999999999985e+03
-3.222079000000000178e+03
-3.302639999999999873e+03
-3.275539000000000215e+03
-3.321945000000000164e+03
-3.317119000000000142e+03
-3.329369999999999891e+03
-3.316005000000000109e+03
-3.295585999999999785e+03
-3.314148999999999887e+03
-3.324172999999999774e+03
-3.355356999999999971e+03
-3.305239000000000033e+03
-3.412900999999999840e+03
-3.348304000000000087e+03
-3.364268000000000029e+03
-3.374663000000000011e+03
-3.411788000000000011e+03
-3.397679999999999836e+03
-3.394338999999999942e+03
-3.460791999999999916e+03
-3.393224999999999909e+03
-3.408445999999999913e+03
-3.427751000000000204e+03
-3.443344000000000051e+03
-3.420697999999999865e+03
-3.462277999999999793e+03
-3.449284000000000106e+03
-3.447056000000000040e+03
-3.445199999999999818e+03
-3.468217999999999847e+03
-3.484552000000000135e+03
-3.490121000000000095e+03
-3.492349000000000160e+03
-3.526132999999999811e+03
-3.497916999999999916e+03
-3.525018999999999778e+03
-3.531329999999999927e+03
-3.483809999999999945e+03
-3.477498999999999796e+03
-3.479726000000000113e+03
-3.498659999999999854e+03
-3.527246000000000095e+03
-3.518335999999999785e+03
-3.503485999999999876e+03
-3.542838999999999942e+03
-3.523163000000000011e+03
-3.535784999999999854e+03
-3.514994999999999891e+03
-3.502001000000000204e+03
-3.548407000000000153e+03
-3.520563999999999851e+03
-3.539126000000000204e+03
-3.532072999999999865e+03
-3.538384000000000015e+03
-3.524646999999999935e+03
-3.572166999999999916e+03
-3.578106999999999971e+03
-3.571054000000000087e+03
-3.594443000000000211e+03
-3.587018000000000029e+03
-3.549893000000000029e+03
-3.582563000000000102e+03
-3.607807999999999993e+03
-3.562143999999999778e+03
-3.565114000000000033e+03
-3.610777999999999793e+03
-3.603724000000000160e+03
-3.612634000000000015e+03
-3.597784000000000106e+03
-3.593699999999999818e+03
-3.552490999999999985e+03
-3.562885999999999967e+03
-3.582190999999999804e+03
-3.603353000000000065e+03
-3.611891000000000076e+03
-3.626369999999999891e+03
-3.588873999999999796e+03
-3.628226000000000113e+03
-3.620059000000000196e+03
-3.640478000000000065e+03
-3.613005000000000109e+03
-3.643076000000000022e+03
-3.607065000000000055e+03
-3.649759000000000015e+03
-3.636021999999999935e+03
-3.591844000000000051e+03
-3.651985999999999876e+03
-3.657184000000000196e+03
-3.628597999999999956e+03
-3.628226000000000113e+03
-3.647159999999999854e+03
-3.618945000000000164e+03
-3.681315000000000055e+03
-3.690967999999999847e+03
-3.665351000000000113e+03
-3.682429000000000087e+03
-3.698393000000000029e+03
-3.687998000000000047e+03
-3.682800000000000182e+03
-3.676117000000000189e+03
-3.712871000000000095e+03
-3.692452999999999975e+03
-3.711385999999999967e+03
-3.725864999999999782e+03
-3.748139999999999873e+03
-3.746284000000000106e+03
-3.748510999999999967e+03
-3.734403999999999996e+03
-3.768559000000000196e+03
-3.768188000000000102e+03
-3.754822999999999865e+03
-3.767074000000000069e+03
-3.791947999999999865e+03
-3.781552000000000135e+03
-3.785635999999999967e+03
-3.801599999999999909e+03
-3.776726000000000113e+03
-3.800485999999999876e+03
-3.810510000000000218e+03
-3.761876000000000204e+03
-3.800114999999999782e+03
-3.806797999999999774e+03
-3.794916999999999916e+03
-3.827588000000000193e+03
-3.796402999999999793e+03
-3.800485999999999876e+03
-3.823503999999999905e+03
-3.821646999999999935e+03
-3.705818000000000211e+03
-3.753708999999999833e+03
-3.727721000000000004e+03
-3.712500000000000000e+03
-3.724751000000000204e+03
-3.708045000000000073e+03
-3.712871000000000095e+03
-3.724009000000000015e+03
-3.731434000000000196e+03
-3.683170999999999822e+03
-3.690967999999999847e+03
-3.724751000000000204e+03
-3.692824000000000069e+03
-3.710271999999999935e+03
-3.666094000000000051e+03
-3.724380000000000109e+03
-3.692081000000000131e+03
-3.718440000000000055e+03
-3.702105000000000018e+03
-3.714728000000000065e+03
-3.719925000000000182e+03
-3.727349999999999909e+03
-3.702105000000000018e+03
-3.731434000000000196e+03
-3.748882999999999811e+03
-3.729577999999999975e+03
-3.771900000000000091e+03
-3.738115999999999985e+03
-3.753338000000000193e+03
-3.756307999999999993e+03
-3.780809999999999945e+03
-3.805684000000000196e+03
-3.768929999999999836e+03
-3.767445000000000164e+03
-3.768929999999999836e+03
-3.797144999999999982e+03
-3.742199999999999818e+03
-3.779324999999999818e+03
-3.794175000000000182e+03
-3.773755999999999858e+03
-3.779695999999999913e+03
-3.816820999999999913e+03
-3.811994999999999891e+03
-3.802342999999999847e+03
-3.788235000000000127e+03
-3.799373000000000047e+03
-3.809025000000000091e+03
-3.804940999999999804e+03
-3.820534000000000106e+03
-3.845778999999999996e+03
-3.827215999999999894e+03
-3.836869000000000142e+03
-3.802713999999999942e+03
-3.842809000000000196e+03
-3.808653999999999996e+03
-3.837981999999999971e+03
-3.830557999999999993e+03
-3.845778999999999996e+03
-3.834641000000000076e+03
-3.853204000000000178e+03
-3.790463000000000193e+03
-3.831670999999999822e+03
-3.852090000000000146e+03
-3.861371000000000095e+03
-3.868425000000000182e+03
-3.875849999999999909e+03
-3.901465999999999894e+03
-3.853945999999999913e+03
-3.888101000000000113e+03
-3.895155000000000200e+03
-3.882532000000000153e+03
-3.931538000000000011e+03
-3.923740999999999985e+03
-3.946387000000000171e+03
-3.956411000000000058e+03
-3.969405000000000200e+03
-3.943789000000000215e+03
-3.961237999999999829e+03
-3.963094000000000051e+03
-3.941561000000000149e+03
-3.908519999999999982e+03
-3.885873999999999796e+03
-3.931166000000000167e+03
-3.902208999999999833e+03
-3.912603999999999814e+03
-3.926340000000000146e+03
-3.914460000000000036e+03
-3.920028999999999996e+03
-3.928938999999999851e+03
-3.951956000000000131e+03
-3.950842999999999847e+03
-3.963835999999999785e+03
-3.947501000000000204e+03
-3.975344999999999800e+03
-3.974974000000000160e+03
-3.933393999999999778e+03
-3.989452999999999975e+03
-3.967920000000000073e+03
-3.987596000000000004e+03
-3.989824000000000069e+03
-3.988710000000000036e+03
-4.012469999999999800e+03
-4.028434000000000196e+03
-4.040684999999999945e+03
-4.041056000000000040e+03
-4.020266000000000076e+03
-4.046996000000000095e+03
-4.019894999999999982e+03
-4.029547999999999774e+03
-4.044396999999999935e+03
-4.009500000000000000e+03
-4.081150999999999840e+03
-4.035858999999999924e+03
-4.053307999999999993e+03
-4.027690999999999804e+03
-4.078181000000000040e+03
-4.058876000000000204e+03
-4.090432999999999993e+03
-4.086349000000000160e+03
-4.055164000000000215e+03
-4.076324999999999818e+03
-4.059248000000000047e+03
-4.075210999999999785e+03
-4.114564000000000306e+03
-4.082635999999999967e+03
-4.087833999999999833e+03
-4.126073000000000320e+03
-4.137581000000000131e+03
-4.104168999999999869e+03
-4.125329999999999927e+03
-4.126073000000000320e+03
-4.073726000000000113e+03
-4.129042000000000371e+03
-4.118275999999999840e+03
-4.126444000000000415e+03
-4.100085000000000036e+03
-4.156144000000000233e+03
-4.131640999999999622e+03
-4.190298999999999978e+03
-4.103055000000000291e+03
-4.161341000000000349e+03
-4.135725000000000364e+03
-4.155400999999999840e+03
-4.170993999999999687e+03
-4.169880000000000109e+03
-4.169880000000000109e+03
-4.140180000000000291e+03
-4.161341000000000349e+03
-4.163939999999999600e+03
-4.191042000000000371e+03
-4.158000000000000000e+03
-4.151317000000000007e+03
-4.162826000000000022e+03
-4.169509000000000015e+03
-4.192896999999999935e+03
-4.179161000000000058e+03
-4.175078000000000429e+03
-4.191783999999999651e+03
-4.158000000000000000e+03
-4.225195999999999913e+03
-4.197724000000000160e+03
-4.186586000000000240e+03
-4.222597999999999956e+03
-4.240046000000000276e+03
-4.185100999999999658e+03
-4.197353000000000065e+03
-4.208860999999999876e+03
-4.187699999999999818e+03
-4.206262999999999920e+03
-4.215171999999999571e+03
-4.228908999999999651e+03
-4.185472999999999956e+03
-4.211088999999999942e+03
-4.166167000000000371e+03
-4.192896999999999935e+03
-4.192896999999999935e+03
-4.172479000000000269e+03
-4.152060000000000400e+03
-4.167280999999999949e+03
-4.149832999999999629e+03
-4.120503999999999905e+03
-4.176934000000000196e+03
-4.177305000000000291e+03
-4.149090000000000146e+03
-4.159113999999999578e+03
-4.131640999999999622e+03
-4.104539999999999964e+03
-4.135354000000000269e+03
-4.133497999999999593e+03
-4.144635000000000218e+03
-4.146862000000000080e+03
-4.145748999999999796e+03
-4.157628999999999905e+03
-4.162826000000000022e+03
-4.161341000000000349e+03
-4.146119999999999891e+03
-4.184359000000000378e+03
-4.176190999999999804e+03
-4.163939999999999600e+03
-4.149090000000000146e+03
-4.197724000000000160e+03
-4.158000000000000000e+03
-4.160228000000000065e+03
-4.185100999999999658e+03
-4.140551000000000386e+03
-4.173220999999999549e+03
-4.213688000000000102e+03
-4.142036000000000058e+03
-4.148347999999999956e+03
-4.186586000000000240e+03
-4.165796000000000276e+03
-4.163939999999999600e+03
-4.169137999999999920e+03
-4.157256999999999607e+03
-4.155400999999999840e+03
-4.207747999999999593e+03
-4.156515000000000327e+03
-4.172850000000000364e+03
-4.178046999999999571e+03
-4.169509000000000015e+03
-4.187328999999999724e+03
-4.180645999999999731e+03
-4.171735999999999876e+03
-4.204405999999999949e+03
-4.189185000000000400e+03
-4.192896999999999935e+03
-4.183615999999999985e+03
-4.215914999999999964e+03
-4.191783999999999651e+03
-4.204405999999999949e+03
-4.227795000000000073e+03
-4.189927999999999884e+03
-4.204034999999999854e+03
-4.224453999999999724e+03
-4.198466000000000349e+03
-4.195496000000000095e+03
-4.188070999999999913e+03
-4.166538999999999760e+03
-4.151689000000000306e+03
-4.124958999999999833e+03
-4.103426000000000386e+03
-4.100085000000000036e+03
-4.096001000000000204e+03
-4.094144999999999982e+03
-4.119761000000000422e+03
-4.110850999999999658e+03
-4.133126000000000204e+03
-4.130899000000000342e+03
-4.133497999999999593e+03
-4.143893000000000029e+03
-4.107510000000000218e+03
