-1.128599999999999994e+02
-1.529550000000000125e+02
-1.184287000000000063e+02
-1.451588000000000136e+02
-2.082712999999999965e+02
-1.704036999999999864e+02
-1.793137999999999863e+02
-2.338874999999999886e+02
-1.956487999999999943e+02
-1.867387999999999977e+02
-2.387136999999999887e+02
-2.375999999999999943e+02
-2.465099999999999909e+02
-2.717549999999999955e+02
-2.762099999999999795e+02
-2.557913000000000068e+02
-2.888324999999999818e+02
-2.936587999999999852e+02
-3.215024999999999977e+02
-3.170475000000000136e+02
-3.474900000000000091e+02
-3.619687999999999874e+02
-3.333824999999999932e+02
-3.660525000000000091e+02
-3.734775000000000205e+02
-3.883274999999999864e+02
-3.875849999999999795e+02
-4.228537999999999784e+02
-4.120874999999999773e+02
-4.440149999999999864e+02
-4.622062999999999988e+02
-4.495837000000000216e+02
-4.466138000000000261e+02
-4.670325000000000273e+02
-4.763138000000000147e+02
-4.807687999999999988e+02
-4.971037999999999784e+02
-4.837388000000000261e+02
-4.982174999999999727e+02
-5.175225000000000364e+02
-5.346000000000000227e+02
-5.394262999999999693e+02
-5.509349999999999454e+02
-5.501924999999999955e+02
-5.520488000000000284e+02
-6.099637000000000171e+02
-5.717250000000000227e+02
-5.888025000000000091e+02
-5.995687000000000353e+02
-5.928862000000000307e+02
-6.043949999999999818e+02
-6.162749999999999773e+02
-6.582263000000000375e+02
-6.211013000000000375e+02
-6.730761999999999716e+02
-6.585974999999999682e+02
-6.448613000000000284e+02
-6.329813000000000329e+02
-6.975787000000000262e+02
-6.723337000000000216e+02
-6.790162000000000262e+02
-7.421287999999999556e+02
-6.986924999999999955e+02
-6.849561999999999671e+02
-7.863075000000000045e+02
-7.502962999999999738e+02
-7.718287000000000262e+02
-7.978162999999999556e+02
-7.677450000000000045e+02
-7.840800000000000409e+02
-8.018999999999999773e+02
-7.722000000000000455e+02
-8.141512000000000171e+02
-8.505338000000000420e+02
-8.230612999999999602e+02
-8.683537999999999784e+02
-8.765212000000000216e+02
-8.698387000000000171e+02
-8.898862000000000307e+02
-8.932274999999999636e+02
-9.151313000000000102e+02
-9.125325000000000273e+02
-9.329511999999999716e+02
-9.333224999999999909e+02
-9.578250000000000455e+02
-1.003489000000000033e+03
-9.916087999999999738e+02
-9.886386999999999716e+02
-1.000148000000000025e+03
-1.002375000000000000e+03
-9.994049999999999727e+02
-1.022051000000000045e+03
-1.019823999999999955e+03
-9.938361999999999625e+02
-1.035787000000000035e+03
-1.037271999999999935e+03
-9.878962000000000216e+02
-1.038758000000000038e+03
-1.046182000000000016e+03
-1.001260999999999967e+03
-1.040614000000000033e+03
-1.070314000000000078e+03
-1.034673999999999978e+03
-1.058805000000000064e+03
-1.085535000000000082e+03
-1.072540999999999940e+03
-1.091474999999999909e+03
-1.118948000000000093e+03
-1.099642000000000053e+03
-1.101869999999999891e+03
-1.128599999999999909e+03
-1.100756000000000085e+03
-1.161641000000000076e+03
-1.172406999999999925e+03
-1.144564000000000078e+03
-1.154215999999999894e+03
-1.218814000000000078e+03
-1.183915999999999940e+03
-1.202849999999999909e+03
-1.208789999999999964e+03
-1.219556000000000040e+03
-1.239232999999999947e+03
-1.262250000000000000e+03
-1.239604000000000042e+03
-1.248142000000000053e+03
-1.304201000000000022e+03
-1.258909000000000106e+03
-1.277471000000000004e+03
-1.325733999999999924e+03
-1.300859999999999900e+03
-1.270416999999999916e+03
-1.282297000000000025e+03
-1.279699000000000069e+03
-1.253711000000000013e+03
-1.306429000000000087e+03
-1.319422000000000025e+03
-1.283411000000000058e+03
-1.304201000000000022e+03
-1.303087999999999965e+03
-1.300489000000000033e+03
-1.327961000000000013e+03
-1.316080999999999904e+03
-1.317194999999999936e+03
-1.361744999999999891e+03
-1.356919000000000096e+03
-1.363601000000000113e+03
-1.342068999999999960e+03
-1.344666999999999916e+03
-1.346523999999999887e+03
-1.363972999999999956e+03
-1.348009000000000015e+03
-1.376965999999999894e+03
-1.399240999999999985e+03
-1.378823000000000093e+03
-1.381421000000000049e+03
-1.364714999999999918e+03
-1.369540999999999940e+03
-1.349123000000000047e+03
-1.330559999999999945e+03
-1.307913999999999987e+03
-1.290836000000000013e+03
-1.324619999999999891e+03
-1.310512999999999920e+03
-1.306429000000000087e+03
-1.307541999999999916e+03
-1.314224999999999909e+03
-1.308655999999999949e+03
-1.345410000000000082e+03
-1.331673999999999978e+03
-1.313854000000000042e+03
-1.319422000000000025e+03
-1.309769999999999982e+03
-1.310884000000000015e+03
-1.340212999999999965e+03
-1.337614000000000033e+03
-1.349493999999999915e+03
-1.380679000000000087e+03
-1.385505000000000109e+03
-1.391816000000000031e+03
-1.360259999999999991e+03
-1.382535000000000082e+03
-1.370654999999999973e+03
-1.375853000000000065e+03
-1.384762999999999920e+03
-1.359888999999999896e+03
-1.356919000000000096e+03
-1.325733999999999924e+03
-1.338355999999999995e+03
-1.348380000000000109e+03
-1.345410000000000082e+03
-1.301230999999999995e+03
-1.331673999999999978e+03
-1.358403999999999996e+03
-1.305685999999999922e+03
-1.317194999999999936e+03
-1.350236000000000104e+03
-1.305685999999999922e+03
-1.301230999999999995e+03
-1.311998000000000047e+03
-1.307913999999999987e+03
-1.316824000000000069e+03
-1.349123000000000047e+03
-1.324990999999999985e+03
-1.357661000000000058e+03
-1.373625000000000000e+03
-1.371769000000000005e+03
-1.372883000000000038e+03
-1.393672000000000025e+03
-1.397384999999999991e+03
-1.390702999999999975e+03
-1.386618999999999915e+03
-1.383277000000000044e+03
-1.425971000000000004e+03
-1.406665999999999940e+03
-1.371396999999999935e+03
-1.384019999999999982e+03
-1.371769000000000005e+03
-1.369912000000000035e+03
-1.372883000000000038e+03
-1.395528999999999996e+03
-1.402211000000000013e+03
-1.389588999999999942e+03
-1.427455999999999904e+03
-1.421144999999999982e+03
-1.400355000000000018e+03
-1.415948000000000093e+03
-1.427085000000000036e+03
-1.403325000000000045e+03
-1.436365999999999985e+03
-1.413720000000000027e+03
-1.420402000000000044e+03
-1.451215999999999894e+03
-1.427085000000000036e+03
-1.415576000000000022e+03
-1.443420000000000073e+03
-1.412978000000000065e+03
-1.390330999999999904e+03
-1.420030999999999949e+03
-1.440820999999999913e+03
-1.432653999999999996e+03
-1.420402000000000044e+03
-1.433025000000000091e+03
-1.431169000000000096e+03
-1.451587999999999965e+03
-1.436365999999999985e+03
-1.457898999999999887e+03
-1.447133000000000038e+03
-1.435624000000000024e+03
-1.436738000000000056e+03
-1.449730999999999995e+03
-1.448989000000000033e+03
-1.398127999999999929e+03
-1.420030999999999949e+03
-1.414834000000000060e+03
-1.411492999999999938e+03
-1.432653999999999996e+03
-1.450103000000000065e+03
-1.448617999999999938e+03
-1.465324000000000069e+03
-1.468294000000000096e+03
-1.471263999999999896e+03
-1.474233999999999924e+03
-1.479431000000000040e+03
-1.464952999999999975e+03
-1.483885999999999967e+03
-1.481659000000000106e+03
-1.497993999999999915e+03
-1.511358999999999924e+03
-1.503933999999999969e+03
-1.475347999999999956e+03
-1.489826000000000022e+03
-1.496509000000000015e+03
-1.439336000000000013e+03
-1.450103000000000065e+03
-1.482401000000000067e+03
-1.463838999999999942e+03
-1.468664999999999964e+03
-1.461240000000000009e+03
-1.449359999999999900e+03
-1.480545000000000073e+03
-1.477945999999999913e+03
-1.463838999999999942e+03
-1.478689000000000078e+03
-1.494280999999999949e+03
-1.467550999999999931e+03
-1.492054000000000087e+03
-1.502077999999999975e+03
-1.466066000000000031e+03
-1.495766000000000076e+03
-1.505789999999999964e+03
-1.476833000000000084e+03
-1.510615999999999985e+03
-1.496880000000000109e+03
-1.469778999999999996e+03
-1.469778999999999996e+03
-1.501705999999999904e+03
-1.469406999999999925e+03
-1.486114000000000033e+03
-1.486114000000000033e+03
-1.449359999999999900e+03
-1.489454999999999927e+03
-1.502819999999999936e+03
-1.476833000000000084e+03
-1.487598999999999933e+03
-1.496880000000000109e+03
-1.474233999999999924e+03
-1.451215999999999894e+03
-1.486855999999999995e+03
-1.473863000000000056e+03
-1.456041999999999916e+03
-1.482771999999999935e+03
-1.489454999999999927e+03
-1.482401000000000067e+03
-1.490198000000000093e+03
-1.504305000000000064e+03
-1.503191000000000031e+03
-1.515442999999999984e+03
-1.523609999999999900e+03
-1.483885999999999967e+03
-1.502449000000000069e+03
-1.478689000000000078e+03
-1.466438000000000102e+03
-1.476833000000000084e+03
-1.466808999999999969e+03
-1.458269999999999982e+03
-1.472377999999999929e+03
-1.449730999999999995e+03
-1.437480000000000018e+03
-1.456413999999999987e+03
-1.437480000000000018e+03
-1.430425999999999931e+03
-1.444162000000000035e+03
-1.448246000000000095e+03
-1.437851000000000113e+03
-1.458641000000000076e+03
-1.452701000000000022e+03
-1.434881000000000085e+03
-1.445276000000000067e+03
-1.475719000000000051e+03
-1.449359999999999900e+03
-1.463468000000000075e+03
-1.450845000000000027e+03
-1.470892000000000053e+03
-1.472006000000000085e+03
-1.464580999999999904e+03
-1.455671000000000049e+03
-1.475347999999999956e+03
-1.425599999999999909e+03
-1.386248000000000047e+03
-1.399983999999999924e+03
-1.415204999999999927e+03
-1.394786000000000058e+03
-1.386248000000000047e+03
-1.434509999999999991e+03
-1.427085000000000036e+03
-1.431539999999999964e+03
-1.447875000000000000e+03
-1.440820999999999913e+03
-1.448246000000000095e+03
-1.433767000000000053e+03
-1.434138999999999896e+03
-1.411121000000000095e+03
-1.440820999999999913e+03
-1.448989000000000033e+03
-1.444534000000000106e+03
-1.446019000000000005e+03
-1.439336000000000013e+03
-1.432653999999999996e+03
-1.460868999999999915e+03
-1.441934999999999945e+03
-1.438222999999999956e+03
-1.464210000000000036e+03
-1.474605000000000018e+03
-1.475719000000000051e+03
-1.459384000000000015e+03
-1.434881000000000085e+03
-1.433767000000000053e+03
-1.424857999999999947e+03
-1.421516000000000076e+03
-1.451959000000000060e+03
-1.449359999999999900e+03
-1.441564000000000078e+03
-1.465694999999999936e+03
-1.455671000000000049e+03
-1.460498000000000047e+03
-1.482771999999999935e+03
-1.417432000000000016e+03
-1.391816000000000031e+03
-1.379193999999999960e+03
-1.356919000000000096e+03
-1.353577999999999975e+03
-1.361002999999999929e+03
-1.361002999999999929e+03
-1.364344000000000051e+03
-1.376223999999999933e+03
-1.391816000000000031e+03
-1.370284000000000106e+03
-1.363972999999999956e+03
-1.390330999999999904e+03
-1.372510999999999967e+03
-1.397756000000000085e+03
-1.412978000000000065e+03
-1.410378999999999905e+03
-1.408521999999999935e+03
-1.418916999999999916e+03
-1.423373000000000047e+03
-1.395156999999999925e+03
-1.441934999999999945e+03
-1.423743999999999915e+03
-1.413720000000000027e+03
-1.469406999999999925e+03
-1.450103000000000065e+03
