-6.426336999999999762e+02
-6.597111999999999625e+02
-6.949800000000000182e+02
-7.068600000000000136e+02
-7.016625000000000227e+02
-7.335900000000000318e+02
-7.243088000000000193e+02
-7.725711999999999762e+02
-8.052413000000000238e+02
-7.825950000000000273e+02
-8.022712000000000216e+02
-8.531325000000000500e+02
-8.312287999999999784e+02
-8.304863000000000284e+02
-8.935987999999999829e+02
-8.820900000000000318e+02
-8.872875000000000227e+02
-9.069637000000000171e+02
-9.236699999999999591e+02
-8.947124999999999773e+02
-9.195861999999999625e+02
-9.314661999999999580e+02
-9.103049999999999500e+02
-9.537413000000000238e+02
-9.622799999999999727e+02
-9.563400000000000318e+02
-9.685911999999999580e+02
-1.002004000000000019e+03
-9.886386999999999716e+02
-1.014254999999999995e+03
-1.030219000000000051e+03
-1.026506000000000085e+03
-1.017967999999999961e+03
-1.043212999999999965e+03
-1.038015000000000100e+03
-1.035415999999999940e+03
-1.092218000000000075e+03
-1.087019999999999982e+03
-1.082565000000000055e+03
-1.113378999999999905e+03
-1.122288999999999987e+03
-1.144934999999999945e+03
-1.146790999999999940e+03
-1.163498000000000047e+03
-1.159785000000000082e+03
-1.164982999999999947e+03
-1.171294000000000096e+03
-1.149390000000000100e+03
-1.159413999999999987e+03
-1.167580999999999904e+03
-1.176119999999999891e+03
-1.183545000000000073e+03
-1.230693999999999960e+03
-1.212502999999999929e+03
-1.254453999999999951e+03
-1.237375999999999976e+03
-1.249256000000000085e+03
-1.303087999999999965e+03
-1.269674999999999955e+03
-1.296776000000000067e+03
-1.322020999999999958e+03
-1.299375000000000000e+03
-1.328703999999999951e+03
-1.355063000000000102e+03
-1.357661000000000058e+03
-1.355063000000000102e+03
-1.394786000000000058e+03
-1.348009000000000015e+03
-1.365086000000000013e+03
-1.367684999999999945e+03
-1.357661000000000058e+03
-1.344666999999999916e+03
-1.388846000000000004e+03
-1.358775000000000091e+03
-1.349865000000000009e+03
-1.388104000000000042e+03
-1.407409000000000106e+03
-1.398127999999999929e+03
-1.440078999999999951e+03
-1.441934999999999945e+03
-1.421887999999999920e+03
-1.482401000000000067e+03
-1.485000000000000000e+03
-1.447503999999999905e+03
-1.487598999999999933e+03
-1.505419000000000096e+03
-1.499107999999999947e+03
-1.508388999999999896e+03
-1.540688000000000102e+03
-1.546256000000000085e+03
-1.570387999999999920e+03
-1.577813000000000102e+03
-1.572615000000000009e+03
-1.556651000000000067e+03
-1.553681000000000040e+03
-1.562220000000000027e+03
-1.554423999999999978e+03
-1.606027000000000044e+03
-1.579669000000000096e+03
-1.597489000000000033e+03
-1.593034000000000106e+03
-1.604171000000000049e+03
-1.614194999999999936e+03
-1.656888999999999896e+03
-1.626817999999999984e+03
-1.607512999999999920e+03
-1.608255000000000109e+03
-1.565560999999999922e+03
-1.566304000000000087e+03
-1.577813000000000102e+03
-1.564818999999999960e+03
-1.603799999999999955e+03
-1.626445999999999913e+03
-1.580411000000000058e+03
-1.627559999999999945e+03
-1.615680000000000064e+03
-1.613080999999999904e+03
-1.648721000000000004e+03
-1.652063000000000102e+03
-1.640924999999999955e+03
-1.641666999999999916e+03
-1.669140000000000100e+03
-1.692156999999999925e+03
-1.676565000000000055e+03
-1.704409000000000106e+03
-1.696983999999999924e+03
-1.702923999999999978e+03
-1.724827999999999975e+03
-1.744503999999999905e+03
-1.718144999999999982e+03
-1.714432000000000016e+03
-1.730395999999999958e+03
-1.733365999999999985e+03
-1.753413999999999987e+03
-1.752299999999999955e+03
-1.762694999999999936e+03
-1.767520999999999958e+03
-1.796107999999999947e+03
-1.786454999999999927e+03
-1.761952999999999975e+03
-1.795736000000000104e+03
-1.783855999999999995e+03
-1.801305000000000064e+03
-1.824323000000000093e+03
-1.838058999999999969e+03
-1.804275000000000091e+03
-1.843999000000000024e+03
-1.861076000000000022e+03
-1.864416999999999916e+03
-1.896715999999999894e+03
-1.885208000000000084e+03
-1.905255000000000109e+03
-1.907111000000000104e+03
-1.914164999999999964e+03
-1.898201000000000022e+03
-1.867759000000000015e+03
-1.838430000000000064e+03
-1.890776000000000067e+03
-1.905255000000000109e+03
-1.867016000000000076e+03
-1.886692999999999984e+03
-1.913050999999999931e+03
-1.896715999999999894e+03
-1.921961000000000013e+03
-1.931242999999999938e+03
-1.947577999999999975e+03
-1.963912000000000035e+03
-1.954259999999999991e+03
-1.962056000000000040e+03
-1.981732999999999947e+03
-1.988044000000000096e+03
-1.984702999999999975e+03
-2.016630000000000109e+03
-2.014773999999999887e+03
-2.017000999999999976e+03
-2.014030999999999949e+03
-1.982104000000000042e+03
-2.000665999999999940e+03
-1.986930000000000064e+03
-2.011060999999999922e+03
-2.020713999999999942e+03
-2.034078999999999951e+03
-2.059324000000000069e+03
-2.055239999999999782e+03
-2.013288999999999987e+03
-2.047443999999999960e+03
-2.039276000000000067e+03
-2.030365999999999985e+03
-2.068233999999999924e+03
-2.058581000000000131e+03
-2.026653999999999996e+03
-2.059324000000000069e+03
-2.042617999999999938e+03
-2.008834000000000060e+03
-2.018857999999999947e+03
-1.984330999999999904e+03
-1.994355000000000018e+03
-1.975421000000000049e+03
-1.939780999999999949e+03
-1.947205999999999904e+03
-1.947949000000000069e+03
-1.973565000000000055e+03
-1.956858999999999924e+03
-1.995839999999999918e+03
-1.990643000000000029e+03
-1.972823000000000093e+03
-2.010690000000000055e+03
-1.999551999999999907e+03
-1.987300999999999931e+03
-2.001779999999999973e+03
-1.999551999999999907e+03
-1.985816000000000031e+03
-2.032964999999999918e+03
-2.004008000000000038e+03
-2.038162000000000035e+03
-2.026281999999999925e+03
-2.031480000000000018e+03
-2.023313000000000102e+03
-2.038904999999999973e+03
-2.049300000000000182e+03
-2.035192999999999984e+03
-2.051155999999999949e+03
-2.047073000000000093e+03
-2.026281999999999925e+03
-2.026281999999999925e+03
-2.047073000000000093e+03
-2.035192999999999984e+03
-2.031851000000000113e+03
-2.065635000000000218e+03
-2.041875000000000000e+03
-2.035192999999999984e+03
-2.038904999999999973e+03
-2.022941000000000031e+03
-2.052269999999999982e+03
-2.055239999999999782e+03
-2.069719000000000051e+03
-2.068605000000000018e+03
-2.084940000000000055e+03
-2.065635000000000218e+03
-2.073059999999999945e+03
-2.091251000000000204e+03
-2.102389000000000124e+03
-2.076030000000000200e+03
-2.097934000000000196e+03
-2.102389000000000124e+03
-2.102018000000000029e+03
-2.130231999999999971e+03
-2.141740999999999985e+03
-2.129860999999999876e+03
-2.137657000000000153e+03
-2.152135999999999967e+03
-2.158447999999999865e+03
-2.170327999999999975e+03
-2.155478000000000065e+03
-2.169956000000000131e+03
-2.184434999999999945e+03
-2.173668999999999869e+03
-2.207452999999999975e+03
-2.187034000000000106e+03
-2.212650000000000091e+03
-2.198170999999999822e+03
-2.191117000000000189e+03
-2.215990999999999985e+03
-2.208195000000000164e+03
-2.218590000000000146e+03
-2.210050999999999931e+03
-2.212278999999999996e+03
-2.217847000000000207e+03
-2.183320999999999913e+03
-2.183693000000000211e+03
-2.221931000000000040e+03
-2.195943999999999960e+03
-2.215248999999999796e+03
-2.209679999999999836e+03
-2.211536000000000058e+03
-2.219704000000000178e+03
-2.223045000000000073e+03
-2.220074999999999818e+03
-2.179980000000000018e+03
-2.204853999999999814e+03
-2.187034000000000106e+03
-2.205596000000000004e+03
-2.218960999999999785e+03
-2.204481999999999971e+03
-2.218960999999999785e+03
-2.224159000000000106e+03
-2.222302000000000135e+03
-2.228985000000000127e+03
-2.244949000000000069e+03
-2.239009000000000015e+03
-2.219333000000000084e+03
-2.229356000000000222e+03
-2.240494000000000142e+03
-2.229356000000000222e+03
-2.261655000000000200e+03
-2.254601000000000113e+03
-2.249775000000000091e+03
-2.275391000000000076e+03
-2.257943000000000211e+03
-2.218219000000000051e+03
-2.239380000000000109e+03
-2.243463999999999942e+03
-2.214876999999999953e+03
-2.234925000000000182e+03
-2.205224999999999909e+03
-2.222673999999999978e+03
-2.194458999999999833e+03
-2.206710000000000036e+03
-2.117610000000000127e+03
-2.142112999999999829e+03
-2.156590999999999894e+03
-2.131717999999999847e+03
-2.171070000000000164e+03
-2.201512000000000171e+03
-2.164016000000000076e+03
-2.160304000000000087e+03
-2.177751999999999953e+03
-2.171070000000000164e+03
-2.180351000000000113e+03
-2.209679999999999836e+03
-2.198170999999999822e+03
-2.213393000000000029e+03
-2.222673999999999978e+03
-2.194829999999999927e+03
-2.190375000000000000e+03
-2.185548999999999978e+03
-2.201884000000000015e+03
-2.159932999999999993e+03
-2.217105000000000018e+03
-2.211907000000000153e+03
-2.218590000000000146e+03
-2.243463999999999942e+03
-2.229728000000000065e+03
-2.233811000000000149e+03
-2.199284999999999854e+03
-2.211907000000000153e+03
-2.188889999999999873e+03
-2.201884000000000015e+03
-2.233440000000000055e+03
-2.185177000000000135e+03
-2.220074999999999818e+03
-2.202255000000000109e+03
-2.203369000000000142e+03
-2.193715999999999894e+03
-2.194458999999999833e+03
-2.188889999999999873e+03
-2.201141000000000076e+03
-2.221559999999999945e+03
-2.208565999999999804e+03
-2.216733999999999924e+03
-2.191860000000000127e+03
-2.191489000000000033e+03
-2.217105000000000018e+03
-2.207452999999999975e+03
-2.206338999999999942e+03
-2.236780999999999949e+03
-2.239380000000000109e+03
-2.222302000000000135e+03
-2.250889000000000124e+03
-2.241606999999999971e+03
-2.253487999999999829e+03
-2.271307999999999993e+03
-2.283559000000000196e+03
-2.281331000000000131e+03
-2.264625000000000000e+03
-2.299521999999999935e+03
-2.296923999999999978e+03
-2.270565000000000055e+03
-2.277989999999999782e+03
-2.309916999999999916e+03
-2.292097000000000207e+03
-2.308061000000000149e+03
-2.309545999999999822e+03
-2.233068999999999960e+03
-2.258684999999999945e+03
-2.259056000000000040e+03
-2.249032000000000153e+03
-2.252373999999999796e+03
-2.259427000000000135e+03
-2.262768999999999778e+03
-2.257570999999999913e+03
-2.233068999999999960e+03
-2.240864999999999782e+03
-2.249775000000000091e+03
-2.242349999999999909e+03
-2.247175999999999931e+03
-2.256085999999999785e+03
-2.227500000000000000e+03
-2.246804999999999836e+03
-2.250889000000000124e+03
-2.241606999999999971e+03
-2.220074999999999818e+03
-2.222302000000000135e+03
-2.195943999999999960e+03
-2.200769999999999982e+03
-2.208938000000000102e+03
-2.186291000000000167e+03
-2.192603000000000065e+03
-2.216733999999999924e+03
-2.200027999999999793e+03
-2.171440999999999804e+03
-2.144340000000000146e+03
-2.142855000000000018e+03
-2.139143000000000029e+03
-2.151021999999999935e+03
-2.140626999999999953e+03
-2.141740999999999985e+03
-2.153621000000000095e+03
-2.149909000000000106e+03
-2.139514000000000124e+03
-2.156590999999999894e+03
-2.155478000000000065e+03
