-1.677679000000000087e+03
-1.662828999999999951e+03
-1.684361000000000104e+03
-1.732252999999999929e+03
-1.686588999999999942e+03
-1.737820999999999913e+03
-1.739676999999999907e+03
-1.763066000000000031e+03
-1.772347999999999956e+03
-1.773461000000000013e+03
-1.769749000000000024e+03
-1.734108999999999924e+03
-1.792766000000000076e+03
-1.788682000000000016e+03
-1.761580999999999904e+03
-1.808358999999999924e+03
-1.812442999999999984e+03
-1.832861000000000104e+03
-1.840656999999999925e+03
-1.859220000000000027e+03
-1.856250000000000000e+03
-1.909338999999999942e+03
-1.866644999999999982e+03
-1.901913999999999987e+03
-1.903398999999999887e+03
-1.925673999999999978e+03
-1.931614000000000033e+03
-1.907482999999999947e+03
-1.923075000000000045e+03
-1.917134999999999991e+03
-1.934584000000000060e+03
-1.955374000000000024e+03
-1.952031999999999925e+03
-1.959458000000000084e+03
-1.960942999999999984e+03
-1.962798999999999978e+03
-2.010318999999999960e+03
-1.949805000000000064e+03
-1.963912000000000035e+03
-1.973565000000000055e+03
-1.970595000000000027e+03
-1.973935999999999922e+03
-2.006234999999999900e+03
-2.038904999999999973e+03
-2.043730999999999995e+03
-2.048557999999999993e+03
-2.014030999999999949e+03
-2.094592999999999847e+03
-2.070460999999999785e+03
-2.049300000000000182e+03
-2.080856000000000222e+03
-2.100532000000000153e+03
-2.101646000000000186e+03
-2.061550999999999931e+03
-2.114639999999999873e+03
-2.135429999999999836e+03
-2.083826000000000022e+03
-2.134688000000000102e+03
-2.138028999999999996e+03
-2.132460000000000036e+03
-2.176639000000000124e+03
-2.171440999999999804e+03
-2.173668999999999869e+03
-2.175896000000000186e+03
-2.200769999999999982e+03
-2.221559999999999945e+03
-2.222673999999999978e+03
-2.201884000000000015e+03
-2.220074999999999818e+03
-2.233440000000000055e+03
-2.219333000000000084e+03
-2.220445999999999913e+03
-2.226014999999999873e+03
-2.244206000000000131e+03
-2.209309000000000196e+03
-2.248661000000000058e+03
-2.283188000000000102e+03
-2.222302000000000135e+03
-2.271679000000000087e+03
-2.325139000000000124e+03
-2.242349999999999909e+03
-2.305461999999999989e+03
-2.333306000000000040e+03
-2.272050000000000182e+03
-2.290983999999999924e+03
-2.317713999999999942e+03
-2.303606000000000222e+03
-2.284300999999999931e+03
-2.328480000000000018e+03
-2.332193000000000211e+03
-2.317713999999999942e+03
-2.361521000000000186e+03
-2.358922999999999774e+03
-2.361150000000000091e+03
-2.342215999999999894e+03
-2.378228000000000065e+03
-2.380083999999999833e+03
-2.400873999999999796e+03
-2.381197999999999865e+03
-2.390849999999999909e+03
-2.427603999999999814e+03
-2.412382999999999811e+03
-2.391963999999999942e+03
-2.448393999999999778e+03
-2.417208999999999833e+03
-2.415353000000000065e+03
-2.455447999999999865e+03
-2.431688000000000102e+03
-2.450621000000000095e+03
-2.462873000000000047e+03
-2.442454000000000178e+03
-2.445423999999999978e+03
-2.466956000000000131e+03
-2.475494999999999891e+03
-2.442454000000000178e+03
-2.476980000000000018e+03
-2.495170999999999822e+03
-2.479208000000000084e+03
-2.499626000000000204e+03
-2.508536000000000058e+03
-2.488489000000000033e+03
-2.520416000000000167e+03
-2.559396999999999935e+03
-2.534523999999999887e+03
-2.548630999999999858e+03
-2.554199999999999818e+03
-2.571648999999999887e+03
-2.567565000000000055e+03
-2.554199999999999818e+03
-2.570164000000000215e+03
-2.584271000000000186e+03
-2.585755999999999858e+03
-2.601719999999999800e+03
-2.626965000000000146e+03
-2.628079000000000178e+03
-2.629193000000000211e+03
-2.630306000000000040e+03
-2.668545000000000073e+03
-2.633646999999999935e+03
-2.644784999999999854e+03
-2.636989000000000033e+03
-2.582043999999999869e+03
-2.635132999999999811e+03
-2.591324999999999818e+03
-2.581672999999999774e+03
-2.633275999999999840e+03
-2.611373000000000047e+03
-2.619539999999999964e+03
-2.645898999999999887e+03
-2.644041999999999916e+03
-2.645527999999999793e+03
-2.660005999999999858e+03
-2.659635000000000218e+03
-2.672628999999999905e+03
-2.687849999999999909e+03
-2.696018000000000029e+03
-2.717550000000000182e+03
-2.702329000000000178e+03
-2.702329000000000178e+03
-2.725717999999999847e+03
-2.673000000000000000e+03
-2.632534000000000106e+03
-2.608030999999999949e+03
-2.619911000000000058e+03
-2.652952999999999975e+03
-2.623994999999999891e+03
-2.650724999999999909e+03
-2.663347000000000207e+03
-2.631048999999999978e+03
-2.648498000000000047e+03
-2.680054000000000087e+03
-2.639215999999999894e+03
-2.652581000000000131e+03
-2.667059999999999945e+03
-2.612114999999999782e+03
-2.640329999999999927e+03
-2.689706000000000131e+03
-2.671514999999999873e+03
-2.648126000000000204e+03
-2.709753999999999905e+03
-2.702329000000000178e+03
-2.660376999999999953e+03
-2.724974999999999909e+03
-2.720148999999999887e+03
-2.693418999999999869e+03
-2.725346000000000004e+03
-2.700472000000000207e+03
-2.675969999999999800e+03
-2.715322999999999865e+03
-2.725717999999999847e+03
-2.692675999999999931e+03
-2.741309999999999945e+03
-2.727945000000000164e+03
-2.681909999999999854e+03
-2.732400000000000091e+03
-2.729800999999999931e+03
-2.672257999999999811e+03
-2.743538000000000011e+03
-2.739083000000000084e+03
-2.710867000000000189e+03
-2.778063999999999851e+03
-2.683766000000000076e+03
-2.671885999999999967e+03
-2.711610000000000127e+03
-2.688221000000000004e+03
-2.686735999999999876e+03
-2.711981000000000222e+03
-2.655550999999999931e+03
-2.674114000000000033e+03
-2.692304999999999836e+03
-2.692675999999999931e+03
-2.709382999999999811e+03
-2.709010999999999967e+03
-2.714579999999999927e+03
-2.722376000000000204e+03
-2.688221000000000004e+03
-2.661490999999999985e+03
-2.614342999999999847e+03
-2.649981999999999971e+03
-2.651096000000000004e+03
-2.610259000000000015e+03
-2.625851000000000113e+03
-2.671885999999999967e+03
-2.629934999999999945e+03
-2.651467999999999847e+03
-2.664460999999999785e+03
-2.647384000000000015e+03
-2.688963999999999942e+03
-2.678197999999999865e+03
-2.648498000000000047e+03
-2.632163000000000011e+03
-2.622139000000000124e+03
-2.608402999999999793e+03
-2.621768000000000029e+03
-2.647384000000000015e+03
-2.625108999999999924e+03
-2.655550999999999931e+03
-2.662976000000000113e+03
-2.631420000000000073e+03
-2.673371000000000095e+03
-2.667431000000000040e+03
-2.626965000000000146e+03
-2.653324000000000069e+03
-2.661862999999999829e+03
-2.574248000000000047e+03
-2.609516000000000076e+03
-2.613599999999999909e+03
-2.587983999999999924e+03
-2.605432999999999993e+03
-2.616570000000000164e+03
-2.595038000000000011e+03
-2.615085000000000036e+03
-2.625108999999999924e+03
-2.635503999999999905e+03
-2.641443999999999960e+03
-2.648126000000000204e+03
-2.615827999999999975e+03
-2.674856000000000222e+03
-2.674485000000000127e+03
-2.648498000000000047e+03
-2.662976000000000113e+03
-2.661119999999999891e+03
-2.654065999999999804e+03
-2.677083999999999833e+03
-2.710496000000000095e+03
-2.677826000000000022e+03
-2.670400999999999840e+03
-2.689335000000000036e+03
-2.690820000000000164e+03
-2.687106999999999971e+03
-2.706041000000000167e+03
-2.691934000000000196e+03
-2.693047999999999774e+03
-2.685251000000000204e+03
-2.691563000000000102e+03
-2.697873999999999796e+03
-2.751704999999999927e+03
-2.718664000000000215e+03
-2.730543999999999869e+03
-2.740938999999999851e+03
-2.716436000000000149e+03
-2.745021999999999935e+03
-2.774351000000000113e+03
-2.736112999999999829e+03
-2.730914999999999964e+03
-2.764699000000000069e+03
-2.748364000000000033e+03
-2.747250000000000000e+03
-2.755416999999999916e+03
-2.758016000000000076e+03
-2.754675000000000182e+03
-2.768782000000000153e+03
-2.787344999999999800e+03
-2.765070000000000164e+03
-2.811105000000000018e+03
-2.814445999999999913e+03
-2.786974000000000160e+03
-2.811105000000000018e+03
-2.817416000000000167e+03
-2.788088000000000193e+03
-2.828925000000000182e+03
-2.819643999999999778e+03
-2.809619999999999891e+03
-2.842661000000000058e+03
-2.830039000000000215e+03
-2.824469999999999800e+03
-2.842661000000000058e+03
-2.850458000000000084e+03
-2.836721000000000004e+03
-2.883498999999999796e+03
-2.886469000000000051e+03
-2.893150999999999840e+03
-2.896121000000000095e+03
-2.881271000000000186e+03
-2.896864000000000033e+03
-2.878672999999999774e+03
-2.876815999999999804e+03
-2.886840000000000146e+03
-2.898719999999999800e+03
-2.895378999999999905e+03
-2.875331000000000131e+03
-2.892780000000000200e+03
-2.876074000000000069e+03
-2.865307999999999993e+03
-2.873474999999999909e+03
-2.874217999999999847e+03
-2.853798999999999978e+03
-2.854913000000000011e+03
-2.842661000000000058e+03
-2.853056000000000040e+03
-2.864193999999999960e+03
-2.856396999999999935e+03
-2.861594999999999800e+03
-2.862338000000000193e+03
-2.860481000000000222e+03
-2.858625000000000000e+03
-2.862708999999999833e+03
-2.890923999999999978e+03
-2.879786000000000058e+03
-2.893893999999999778e+03
-2.892409000000000106e+03
-2.880157000000000153e+03
-2.909485999999999876e+03
-2.922108999999999924e+03
-2.896864000000000033e+03
-2.915054999999999836e+03
-2.921365999999999985e+03
-2.900204999999999927e+03
-2.923222000000000207e+03
-2.928048999999999978e+03
-2.915425999999999931e+03
-2.930646999999999935e+03
-2.925079000000000178e+03
-2.859739000000000033e+03
-2.879043999999999869e+03
-2.874217999999999847e+03
-2.859367000000000189e+03
-2.887954000000000178e+03
-2.886840000000000146e+03
-2.879043999999999869e+03
-2.897606000000000222e+03
-2.885355000000000018e+03
-2.892038000000000011e+03
-2.913940999999999804e+03
-2.910971000000000004e+03
-2.904659999999999854e+03
-2.922851000000000113e+03
-2.922108999999999924e+03
-2.902432999999999993e+03
-2.889068000000000211e+03
-2.912085000000000036e+03
-2.916168999999999869e+03
-2.914313000000000102e+03
-2.908373000000000047e+03
-2.906144999999999982e+03
-2.920251999999999953e+03
-2.933617000000000189e+03
-2.940670999999999822e+03
-2.939186000000000149e+03
-2.959605000000000018e+03
-2.951438000000000102e+03
-2.966288000000000011e+03
-2.980394999999999982e+03
-2.959976000000000113e+03
-2.951809000000000196e+03
-2.986706000000000131e+03
-2.978909999999999854e+03
-2.962574999999999818e+03
-2.991903999999999996e+03
-2.988563000000000102e+03
-2.983735999999999876e+03
-3.014920999999999822e+03
-2.985221000000000004e+03
-2.983364999999999782e+03
-2.994501999999999953e+03
-3.001184999999999945e+03
-2.992646000000000186e+03
-3.016034999999999854e+03
-3.010465999999999894e+03
-3.005639999999999873e+03
-3.030885000000000218e+03
-3.029028999999999996e+03
-3.010838000000000193e+03
-3.012322999999999865e+03
-3.016777999999999793e+03
-3.011579999999999927e+03
-3.044250000000000000e+03
-3.031255999999999858e+03
-3.027543999999999869e+03
-3.063554999999999836e+03
-3.053159999999999854e+03
-3.036083000000000084e+03
