-1.461982999999999947e+03
-1.521753999999999905e+03
-1.499107999999999947e+03
-1.473490999999999985e+03
-1.536974999999999909e+03
-1.499849999999999909e+03
-1.532148999999999887e+03
-1.552939000000000078e+03
-1.543286000000000058e+03
-1.550339999999999918e+03
-1.616794000000000096e+03
-1.596003999999999905e+03
-1.599715999999999894e+03
-1.650949000000000069e+03
-1.652805000000000064e+03
-1.616422000000000025e+03
-1.655031999999999925e+03
-1.663200000000000045e+03
-1.653175999999999931e+03
-1.645750999999999976e+03
-1.675079999999999927e+03
-1.647979000000000042e+03
-1.703295000000000073e+03
-1.683990000000000009e+03
-1.673223999999999933e+03
-1.730395999999999958e+03
-1.720000999999999976e+03
-1.695499000000000024e+03
-1.741162000000000035e+03
-1.728911000000000058e+03
-1.692900000000000091e+03
-1.767520999999999958e+03
-1.741534000000000106e+03
-1.720000999999999976e+03
-1.765664999999999964e+03
-1.775317999999999984e+03
-1.750443999999999960e+03
-1.784970000000000027e+03
-1.782000000000000000e+03
-1.810958000000000084e+03
-1.823951000000000022e+03
-1.823951000000000022e+03
-1.795736000000000104e+03
-1.841770999999999958e+03
-1.863304000000000087e+03
-1.826549999999999955e+03
-1.884464999999999918e+03
-1.903027000000000044e+03
-1.839544000000000096e+03
-1.876297000000000025e+03
-1.881494999999999891e+03
-1.888548999999999978e+03
-1.903398999999999887e+03
-1.923075000000000045e+03
-1.921589999999999918e+03
-1.907482999999999947e+03
-1.952031999999999925e+03
-1.952775000000000091e+03
-1.961684999999999945e+03
-1.983588999999999942e+03
-1.981361000000000104e+03
-1.984330999999999904e+03
-1.985444999999999936e+03
-1.999181000000000040e+03
-1.984330999999999904e+03
-2.053012000000000171e+03
-2.019229000000000042e+03
-2.021085000000000036e+03
-2.073802000000000135e+03
-2.059324000000000069e+03
-2.059695000000000164e+03
-2.097190999999999804e+03
-2.063036000000000058e+03
-2.057467999999999847e+03
-2.123920999999999822e+03
-2.123179000000000087e+03
-2.135429999999999836e+03
-2.142855000000000018e+03
-2.128376000000000204e+03
-2.155478000000000065e+03
-2.135429999999999836e+03
-2.181835999999999785e+03
-2.166614999999999782e+03
-2.195572999999999865e+03
-2.191860000000000127e+03
-2.170699000000000069e+03
-2.210422999999999774e+03
-2.195572999999999865e+03
-2.178865999999999985e+03
-2.230469999999999800e+03
-2.221188999999999851e+03
-2.210050999999999931e+03
-2.232697999999999865e+03
-2.267224000000000160e+03
-2.260913000000000011e+03
-2.249775000000000091e+03
-2.277619000000000142e+03
-2.256085999999999785e+03
-2.274277999999999793e+03
-2.321054999999999836e+03
-2.277989999999999782e+03
-2.303978000000000065e+03
-2.312516000000000076e+03
-2.277989999999999782e+03
-2.230099000000000160e+03
-2.277619000000000142e+03
-2.246434000000000196e+03
-2.243463999999999942e+03
-2.296181000000000040e+03
-2.237523999999999887e+03
-2.294324999999999818e+03
-2.268708999999999833e+03
-2.241606999999999971e+03
-2.272420999999999822e+03
-2.301007999999999811e+03
-2.271679000000000087e+03
-2.281331000000000131e+03
-2.341103000000000065e+03
-2.318456000000000131e+03
-2.328108999999999924e+03
-2.354838999999999942e+03
-2.347414000000000215e+03
-2.356695000000000164e+03
-2.364490999999999985e+03
-2.385652999999999793e+03
-2.361893000000000029e+03
-2.387509000000000015e+03
-2.373400999999999840e+03
-2.384539000000000215e+03
-2.385652999999999793e+03
-2.397161000000000058e+03
-2.417579999999999927e+03
-2.423519999999999982e+03
-2.424634000000000015e+03
-2.427231999999999971e+03
-2.453219999999999800e+03
-2.399389000000000124e+03
-2.375257999999999811e+03
-2.397161000000000058e+03
-2.387880000000000109e+03
-2.397161000000000058e+03
-2.406070999999999913e+03
-2.386023999999999887e+03
-2.388623000000000047e+03
-2.422034999999999854e+03
-2.420920999999999822e+03
-2.427231999999999971e+03
-2.429088999999999942e+03
-2.433543999999999869e+03
-2.456932999999999993e+03
-2.458416999999999916e+03
-2.429831000000000131e+03
-2.410155000000000200e+03
-2.414239000000000033e+03
-2.419807999999999993e+03
-2.427603999999999814e+03
-2.445052000000000135e+03
-2.433172999999999774e+03
-2.420920999999999822e+03
-2.430202999999999975e+03
-2.469554999999999836e+03
-2.445423999999999978e+03
-2.450992000000000189e+03
-2.447650999999999840e+03
-2.393077999999999975e+03
-2.371916000000000167e+03
-2.387137000000000171e+03
-2.390849999999999909e+03
-2.379340999999999894e+03
-2.397161000000000058e+03
-2.406070999999999913e+03
-2.417579999999999927e+03
-2.447280000000000200e+03
-2.417579999999999927e+03
-2.440226000000000113e+03
-2.451364000000000033e+03
-2.385652999999999793e+03
-2.442824999999999818e+03
-2.460273999999999887e+03
-2.428346000000000004e+03
-2.435400000000000091e+03
-2.449878999999999905e+03
-2.451364000000000033e+03
-2.458045999999999822e+03
-2.473268000000000029e+03
-2.455076000000000022e+03
-2.474751999999999953e+03
-2.485518999999999778e+03
-2.474010000000000218e+03
-2.468440999999999804e+03
-2.514847000000000207e+03
-2.519302000000000135e+03
-2.488489000000000033e+03
-2.438369999999999891e+03
-2.436885000000000218e+03
-2.414981000000000222e+03
-2.446538000000000011e+03
-2.426860999999999876e+03
-2.412010999999999967e+03
-2.416094999999999800e+03
-2.422034999999999854e+03
-2.420920999999999822e+03
-2.437626999999999953e+03
-2.404958000000000084e+03
-2.446538000000000011e+03
-2.435400000000000091e+03
-2.405699999999999818e+03
-2.410896999999999935e+03
-2.459159999999999854e+03
-2.442454000000000178e+03
-2.414239000000000033e+03
-2.481063999999999851e+03
-2.463985999999999876e+03
-2.443195999999999913e+03
-2.478465000000000146e+03
-2.492201000000000022e+03
-2.466956000000000131e+03
-2.504081000000000131e+03
-2.485889999999999873e+03
-2.452106000000000222e+03
-2.486632999999999811e+03
-2.471782000000000153e+03
-2.451364000000000033e+03
-2.462501000000000204e+03
-2.464728999999999814e+03
-2.470297999999999774e+03
-2.475123999999999796e+03
-2.477351000000000113e+03
-2.474751999999999953e+03
-2.493686000000000149e+03
-2.503338999999999942e+03
-2.482177000000000135e+03
-2.489231000000000222e+03
-2.505195000000000164e+03
-2.475865999999999985e+03
-2.486260999999999967e+03
-2.492201000000000022e+03
-2.484405000000000200e+03
-2.489231000000000222e+03
-2.492201000000000022e+03
-2.487746000000000095e+03
-2.498512000000000171e+03
-2.525985000000000127e+03
-2.492943999999999960e+03
-2.507050999999999931e+03
-2.551972000000000207e+03
-2.528583999999999833e+03
-2.533409999999999854e+03
-2.547146000000000186e+03
-2.513362999999999829e+03
-2.530440000000000055e+03
-2.572019999999999982e+03
-2.529697999999999865e+03
-2.531182999999999993e+03
-2.554199999999999818e+03
-2.526728000000000065e+03
-2.523014999999999873e+03
-2.520788000000000011e+03
-2.524871000000000095e+03
-2.518559999999999945e+03
-2.499255000000000109e+03
-2.504452999999999975e+03
-2.506679999999999836e+03
-2.514105000000000018e+03
-2.511135000000000218e+03
-2.519673999999999978e+03
-2.532295999999999822e+03
-2.522643999999999778e+03
-2.520416000000000167e+03
-2.530068999999999960e+03
-2.514105000000000018e+03
-2.517074999999999818e+03
-2.553458000000000084e+03
-2.526356000000000222e+03
-2.537864999999999782e+03
-2.561625000000000000e+03
-2.549744999999999891e+03
-2.544175999999999931e+03
-2.577960000000000036e+03
-2.555684999999999945e+03
-2.537864999999999782e+03
-2.581300999999999931e+03
-2.577588999999999942e+03
-2.551230000000000018e+03
-2.563110000000000127e+03
-2.599864000000000033e+03
-2.559025999999999840e+03
-2.569050000000000182e+03
-2.570534999999999854e+03
-2.563110000000000127e+03
-2.577588999999999942e+03
-2.581300999999999931e+03
-2.602463000000000193e+03
-2.592068000000000211e+03
-2.602090999999999894e+03
-2.596150999999999840e+03
-2.621025000000000091e+03
-2.624365999999999985e+03
-2.618797999999999774e+03
-2.643300000000000182e+03
-2.629934999999999945e+03
-2.624365999999999985e+03
-2.632163000000000011e+03
-2.651096000000000004e+03
-2.629563999999999851e+03
-2.661862999999999829e+03
-2.671514999999999873e+03
-2.637360000000000127e+03
-2.612485999999999876e+03
-2.658893000000000029e+03
-2.643670999999999822e+03
-2.613971000000000004e+03
-2.638844999999999800e+03
-2.661490999999999985e+03
-2.619168999999999869e+03
-2.639215999999999894e+03
-2.651838999999999942e+03
-2.648498000000000047e+03
-2.653324000000000069e+03
-2.664090000000000146e+03
-2.646641000000000076e+03
-2.681539000000000215e+03
-2.655550999999999931e+03
-2.665945999999999913e+03
-2.689335000000000036e+03
-2.651838999999999942e+03
-2.661862999999999829e+03
-2.717920999999999822e+03
-2.694532000000000153e+03
-2.671514999999999873e+03
-2.696760000000000218e+03
-2.674856000000000222e+03
-2.662605000000000018e+03
-2.684880000000000109e+03
-2.697130999999999858e+03
-2.679311000000000149e+03
-2.700844000000000051e+03
-2.697130999999999858e+03
-2.674114000000000033e+03
-2.706041000000000167e+03
-2.690449000000000069e+03
-2.678568999999999960e+03
-2.709753999999999905e+03
-2.703070999999999913e+03
-2.698244999999999891e+03
-2.721634000000000015e+03
-2.718664000000000215e+03
-2.683023999999999887e+03
-2.694903999999999996e+03
-2.703070999999999913e+03
-2.694532000000000153e+03
-2.690820000000000164e+03
-2.704184999999999945e+03
-2.706413000000000011e+03
-2.709010999999999967e+03
-2.706784000000000106e+03
-2.695275000000000091e+03
-2.717550000000000182e+03
-2.721634000000000015e+03
-2.678568999999999960e+03
-2.713465999999999894e+03
-2.703070999999999913e+03
-2.689335000000000036e+03
-2.714579999999999927e+03
-2.705670000000000073e+03
-2.680425000000000182e+03
-2.730172999999999774e+03
-2.720148999999999887e+03
-2.662605000000000018e+03
-2.666688999999999851e+03
-2.680425000000000182e+03
-2.646269999999999982e+03
-2.673742000000000189e+03
-2.677826000000000022e+03
-2.654438000000000102e+03
-2.657778999999999996e+03
-2.670771999999999935e+03
-2.654065999999999804e+03
-2.674114000000000033e+03
-2.686735999999999876e+03
-2.668545000000000073e+03
-2.694903999999999996e+03
-2.702699999999999818e+03
-2.677454999999999927e+03
-2.702329000000000178e+03
-2.695646000000000186e+03
-2.681166999999999916e+03
-2.696389000000000124e+03
-2.710125000000000000e+03
-2.681539000000000215e+03
-2.721634000000000015e+03
-2.720891000000000076e+03
-2.708268999999999778e+03
-2.714951000000000022e+03
-2.729800999999999931e+03
-2.705298999999999978e+03
-2.725717999999999847e+03
-2.733885000000000218e+03
-2.729429999999999836e+03
-2.720891000000000076e+03
-2.736112999999999829e+03
-2.714951000000000022e+03
-2.730172999999999774e+03
-2.755045999999999822e+03
-2.727945000000000164e+03
-2.722376000000000204e+03
-2.765070000000000164e+03
-2.737597000000000207e+03
-2.719777999999999793e+03
-2.734626999999999953e+03
-2.740568000000000211e+03
-2.748735000000000127e+03
