3.415603999999999729e+01
2.190441999999999823e+01
2.004811000000000121e+01
1.967685000000000173e+01
1.893432999999999922e+01
-7.425000000000000488e-01
3.341352000000000100e+00
-3.341250000000000053e+00
-6.311250000000000249e+00
0.000000000000000000e+00
-5.568750000000000000e+01
-3.823875000000000313e+01
-2.635875000000000057e+01
-3.452624999999999744e+01
-4.603499999999999659e+01
-3.229874999999999829e+01
-5.308874999999999744e+01
-4.974750000000000227e+01
-5.086124999999999829e+01
-7.425000000000000000e+01
-7.128000000000000114e+01
-1.009800000000000040e+02
-8.909999999999999432e+01
-8.724375000000000568e+01
-7.870499999999999829e+01
-8.538750000000000284e+01
-9.912375000000000114e+01
-8.315999999999999659e+01
-8.687250000000000227e+01
-8.241750000000000398e+01
-8.798624999999999829e+01
-7.276500000000000057e+01
-1.147162000000000006e+02
-1.239975000000000023e+02
-1.087763000000000062e+02
-1.444162000000000035e+02
-9.169875000000000398e+01
-1.158299999999999983e+02
-1.366200000000000045e+02
-1.069200000000000017e+02
-1.362487000000000137e+02
-1.258538000000000068e+02
-1.228837999999999937e+02
-1.596374999999999886e+02
-1.329074999999999989e+02
-1.358774999999999977e+02
-1.748586999999999989e+02
-1.618650000000000091e+02
-1.551825000000000045e+02
-1.577812999999999874e+02
-1.756013000000000090e+02
-1.577812999999999874e+02
-1.704036999999999864e+02
-1.622363000000000000e+02
-1.715175000000000125e+02
-1.689187000000000012e+02
-1.715175000000000125e+02
-1.674336999999999875e+02
-1.993613000000000000e+02
-1.945349999999999966e+02
-1.770862999999999943e+02
-1.778288000000000011e+02
-2.097563000000000102e+02
-2.164387999999999863e+02
-1.934211999999999989e+02
-2.212649999999999864e+02
-2.528213000000000079e+02
-2.223788000000000125e+02
-2.494799999999999898e+02
-2.413125000000000000e+02
-2.205225000000000080e+02
-2.442824999999999989e+02
-2.234925000000000068e+02
-2.409413000000000125e+02
-2.517075000000000102e+02
-2.383425000000000011e+02
-2.249774999999999920e+02
-2.595038000000000125e+02
-2.383425000000000011e+02
-2.494799999999999898e+02
-2.669286999999999921e+02
-2.747250000000000227e+02
-2.617312999999999761e+02
-2.732400000000000091e+02
-2.988562999999999761e+02
-2.862337999999999738e+02
-2.932875000000000227e+02
-2.609886999999999944e+02
-2.598750000000000000e+02
-2.713838000000000079e+02
-2.687850000000000250e+02
-2.635874999999999773e+02
-2.910600000000000023e+02
-2.780663000000000125e+02
-2.728686999999999898e+02
-2.921738000000000284e+02
-2.698987000000000194e+02
-2.832638000000000034e+02
-2.446536999999999864e+02
-2.814075000000000273e+02
-2.754674999999999727e+02
-2.702699999999999818e+02
-2.932875000000000227e+02
-2.858625000000000114e+02
-2.695274999999999750e+02
-2.698987000000000194e+02
-2.999700000000000273e+02
-2.892038000000000011e+02
-2.795511999999999944e+02
-2.643299999999999841e+02
-2.453962999999999965e+02
-2.387136999999999887e+02
-2.509650000000000034e+02
-2.524499999999999886e+02
-2.364863000000000000e+02
-2.613600000000000136e+02
-2.643299999999999841e+02
-2.721263000000000147e+02
-2.710124999999999886e+02
-2.628450000000000273e+02
-2.817787000000000148e+02
-2.591324999999999932e+02
-2.732400000000000091e+02
-2.739825000000000159e+02
-2.962574999999999932e+02
-2.940299999999999727e+02
-2.892038000000000011e+02
-2.706413000000000011e+02
-2.862337999999999738e+02
-2.936587999999999852e+02
-2.981136999999999944e+02
-3.211313000000000102e+02
-2.743537999999999784e+02
-2.847486999999999853e+02
-2.836349999999999909e+02
-2.802937999999999761e+02
-2.784375000000000000e+02
-3.151913000000000125e+02
-2.903174999999999955e+02
-2.795511999999999944e+02
-3.044250000000000114e+02
-3.122212999999999852e+02
-3.330113000000000056e+02
-2.977425000000000068e+02
-3.018263000000000034e+02
-2.914311999999999898e+02
-2.918025000000000091e+02
-2.654438000000000102e+02
-2.479950000000000045e+02
-2.494799999999999898e+02
-2.535637999999999863e+02
-2.580187000000000239e+02
-2.290612000000000137e+02
-2.509650000000000034e+02
-2.557913000000000068e+02
-2.684137999999999806e+02
-2.539350000000000023e+02
-2.613600000000000136e+02
-2.587613000000000056e+02
-2.587613000000000056e+02
-2.617312999999999761e+02
-2.446536999999999864e+02
-2.212649999999999864e+02
-2.583899999999999864e+02
-2.654438000000000102e+02
-2.531924999999999955e+02
-2.557913000000000068e+02
-2.698987000000000194e+02
-2.769524999999999864e+02
-2.676712999999999738e+02
-2.739825000000000159e+02
-2.836349999999999909e+02
-2.762099999999999795e+02
-2.880899999999999750e+02
-3.103650000000000091e+02
-2.762099999999999795e+02
-2.531924999999999955e+02
-2.817787000000000148e+02
-2.706413000000000011e+02
-2.576474999999999795e+02
-2.724975000000000023e+02
-2.806650000000000205e+02
-2.680425000000000182e+02
-2.698987000000000194e+02
-2.914311999999999898e+02
-2.962574999999999932e+02
-2.680425000000000182e+02
-2.962574999999999932e+02
-2.895749999999999886e+02
-2.795511999999999944e+02
-2.866050000000000182e+02
-2.962574999999999932e+02
-2.791800000000000068e+02
-2.832638000000000034e+02
-2.877187999999999874e+02
-2.802937999999999761e+02
-2.877187999999999874e+02
-2.944012000000000171e+02
-2.899463000000000079e+02
-2.621025000000000205e+02
-2.702699999999999818e+02
-2.847486999999999853e+02
-2.999700000000000273e+02
-2.780663000000000125e+02
-2.728686999999999898e+02
-2.784375000000000000e+02
-2.754674999999999727e+02
-2.773238000000000056e+02
-2.895749999999999886e+02
-3.007124999999999773e+02
-2.906888000000000147e+02
-2.992275000000000205e+02
-2.973711999999999875e+02
-3.099936999999999898e+02
-2.791800000000000068e+02
-2.970000000000000000e+02
-3.137062000000000239e+02
-2.776949999999999932e+02
-2.791800000000000068e+02
-3.021974999999999909e+02
-2.955149999999999864e+02
-2.910600000000000023e+02
-2.843774999999999977e+02
-3.007124999999999773e+02
-3.096225000000000023e+02
-3.174187999999999761e+02
-2.981136999999999944e+02
-2.966288000000000125e+02
-3.148199999999999932e+02
-2.984850000000000136e+02
-3.122212999999999852e+02
-3.207599999999999909e+02
-3.177900000000000205e+02
-3.233587999999999738e+02
-3.155625000000000000e+02
-2.999700000000000273e+02
-2.977425000000000068e+02
-3.233587999999999738e+02
-3.266999999999999886e+02
-3.151913000000000125e+02
-3.226161999999999921e+02
-3.062812999999999874e+02
-2.970000000000000000e+02
-3.088799999999999955e+02
-3.029399999999999977e+02
-2.988562999999999761e+02
-3.070237000000000194e+02
-3.014549999999999841e+02
-3.062812999999999874e+02
-3.215024999999999977e+02
-3.107363000000000284e+02
-2.977425000000000068e+02
-3.200174999999999841e+02
-3.211313000000000102e+02
-3.274424999999999955e+02
-3.133349999999999795e+02
-3.151913000000000125e+02
-2.817787000000000148e+02
-2.639587000000000216e+02
-2.806650000000000205e+02
-2.669286999999999921e+02
-2.643299999999999841e+02
-2.728686999999999898e+02
-2.687850000000000250e+02
-2.684137999999999806e+02
-2.732400000000000091e+02
-2.706413000000000011e+02
-2.673000000000000114e+02
-2.624737999999999829e+02
-2.862337999999999738e+02
-3.010837000000000216e+02
-2.717549999999999955e+02
-2.851200000000000045e+02
-2.851200000000000045e+02
-2.676712999999999738e+02
-2.728686999999999898e+02
-2.569049999999999727e+02
-2.769524999999999864e+02
-2.958863000000000056e+02
-3.010837000000000216e+02
-2.992275000000000205e+02
-2.866050000000000182e+02
-3.033111999999999853e+02
-2.918025000000000091e+02
-2.843774999999999977e+02
-2.847486999999999853e+02
-2.895749999999999886e+02
-2.773238000000000056e+02
-2.958863000000000056e+02
-2.866050000000000182e+02
-2.906888000000000147e+02
-2.854911999999999921e+02
-2.973711999999999875e+02
-2.880899999999999750e+02
-2.925450000000000159e+02
-3.070237000000000194e+02
-2.736113000000000284e+02
-2.906888000000000147e+02
-2.932875000000000227e+02
-3.003412000000000148e+02
-2.944012000000000171e+02
-2.750962999999999852e+02
-2.995987999999999829e+02
-2.992275000000000205e+02
-2.910600000000000023e+02
-2.750962999999999852e+02
-2.810362999999999829e+02
-2.739825000000000159e+02
-2.758387000000000171e+02
-2.851200000000000045e+02
-2.832638000000000034e+02
-2.836349999999999909e+02
-2.654438000000000102e+02
-2.520788000000000011e+02
-2.520788000000000011e+02
-2.591324999999999932e+02
-2.531924999999999955e+02
-2.583899999999999864e+02
-2.498513000000000090e+02
-2.754674999999999727e+02
-2.580187000000000239e+02
-2.394562999999999988e+02
-2.461387000000000000e+02
-2.673000000000000114e+02
-2.439113000000000113e+02
-2.531924999999999955e+02
-2.583899999999999864e+02
-2.491086999999999989e+02
-2.572762000000000171e+02
-2.569049999999999727e+02
-2.368574999999999875e+02
-2.476237000000000137e+02
-2.687850000000000250e+02
-2.513362999999999943e+02
-2.550488000000000000e+02
-2.461387000000000000e+02
-2.409413000000000125e+02
-2.554199999999999875e+02
-2.572762000000000171e+02
-2.398274999999999864e+02
-2.587613000000000056e+02
-2.487375000000000114e+02
-2.361150000000000091e+02
-2.461387000000000000e+02
-2.457675000000000125e+02
-2.487375000000000114e+02
-2.509650000000000034e+02
-2.450250000000000057e+02
-2.361150000000000091e+02
-2.595038000000000125e+02
-2.509650000000000034e+02
-2.498513000000000090e+02
-2.721263000000000147e+02
-2.606175000000000068e+02
-2.702699999999999818e+02
-2.450250000000000057e+02
-2.572762000000000171e+02
-2.673000000000000114e+02
-2.632162000000000148e+02
-2.557913000000000068e+02
-2.609886999999999944e+02
-2.446536999999999864e+02
-2.528213000000000079e+02
-2.724975000000000023e+02
-2.420550000000000068e+02
-2.647013000000000034e+02
-2.728686999999999898e+02
-2.576474999999999795e+02
-2.502224999999999966e+02
-2.543062999999999931e+02
-2.498513000000000090e+02
-2.654438000000000102e+02
-2.587613000000000056e+02
-2.654438000000000102e+02
-2.732400000000000091e+02
-2.420550000000000068e+02
-2.658149999999999977e+02
-2.505937999999999874e+02
-2.465099999999999909e+02
-2.531924999999999955e+02
-2.487375000000000114e+02
-2.505937999999999874e+02
-2.754674999999999727e+02
-2.784375000000000000e+02
-2.606175000000000068e+02
-2.602461999999999875e+02
-2.405699999999999932e+02
-2.587613000000000056e+02
-2.476237000000000137e+02
-2.309174999999999898e+02
-2.513362999999999943e+02
-2.372288000000000068e+02
-2.453962999999999965e+02
-2.517075000000000102e+02
-2.372288000000000068e+02
-2.565337999999999852e+02
-2.375999999999999943e+02
-2.383425000000000011e+02
-2.602461999999999875e+02
-2.379713000000000136e+02
-2.587613000000000056e+02
-2.539350000000000023e+02
-2.439113000000000113e+02
-2.550488000000000000e+02
-2.561625000000000227e+02
-2.442824999999999989e+02
-2.431687000000000012e+02
-2.383425000000000011e+02
-2.353725000000000023e+02
-2.632162000000000148e+02
-2.479950000000000045e+02
-2.298037999999999954e+02
