3.074044000000000096e+02
2.862425000000000068e+02
2.702783000000000015e+02
2.565416000000000167e+02
2.405773000000000081e+02
2.223855000000000075e+02
2.160740999999999872e+02
1.956546999999999912e+02
2.416911000000000058e+02
2.127326999999999941e+02
1.904569999999999936e+02
1.900858000000000061e+02
1.555585000000000093e+02
1.537022000000000048e+02
1.407079999999999984e+02
1.377379999999999995e+02
1.358816999999999950e+02
1.043243999999999971e+02
1.132347000000000037e+02
1.288276999999999930e+02
1.284564000000000021e+02
9.467163999999999646e+01
7.276721999999999468e+01
4.900650000000000261e+01
7.647983999999999583e+01
5.531794000000000011e+01
6.311442999999999692e+00
1.262288999999999994e+01
4.158127000000000351e+01
2.524577000000000027e+01
1.967685000000000173e+01
-1.856249999999999956e+00
-3.341250000000000053e+00
-1.002374999999999972e+01
-2.004749999999999943e+01
-3.267000000000000171e+01
-3.229874999999999829e+01
-4.677750000000000341e+01
-7.053749999999999432e+01
-6.051375000000000171e+01
-5.568750000000000000e+01
-8.056125000000000114e+01
-6.051375000000000171e+01
-1.072913000000000068e+02
-1.362487000000000137e+02
-8.204625000000000057e+01
-1.269675000000000011e+02
-1.265962999999999994e+02
-1.046924999999999955e+02
-1.529550000000000125e+02
-1.730024999999999977e+02
-1.629787000000000035e+02
-1.882238000000000113e+02
-1.726313000000000102e+02
-1.767150000000000034e+02
-1.993613000000000000e+02
-1.856250000000000000e+02
-2.186662000000000035e+02
-2.156963000000000079e+02
-2.079000000000000057e+02
-2.517075000000000102e+02
-2.557913000000000068e+02
-2.327737999999999943e+02
-2.621025000000000205e+02
-2.446536999999999864e+02
-2.550488000000000000e+02
-2.661861999999999853e+02
-2.821499999999999773e+02
-2.932875000000000227e+02
-2.914311999999999898e+02
-2.717549999999999955e+02
-3.163050000000000068e+02
-3.040536999999999921e+02
-2.840063000000000102e+02
-2.791800000000000068e+02
-2.914311999999999898e+02
-3.021974999999999909e+02
-3.274424999999999955e+02
-3.036825000000000045e+02
-3.122212999999999852e+02
-3.556575000000000273e+02
-3.278138000000000147e+02
-3.322687999999999988e+02
-3.697649999999999864e+02
-3.482325000000000159e+02
-3.333824999999999932e+02
-3.460049999999999955e+02
-3.660525000000000091e+02
-3.753337000000000216e+02
-3.601125000000000114e+02
-3.686512000000000171e+02
-3.912975000000000136e+02
-4.068899999999999864e+02
-3.849863000000000284e+02
-3.731062999999999761e+02
-3.879562999999999988e+02
-3.853575000000000159e+02
-3.912975000000000136e+02
-3.909261999999999944e+02
-4.172850000000000250e+02
-4.124587000000000216e+02
-4.373324999999999818e+02
-4.143149999999999977e+02
-4.358475000000000250e+02
-4.547812999999999874e+02
-4.410450000000000159e+02
-4.391888000000000147e+02
-4.440149999999999864e+02
-4.362187999999999874e+02
-4.540387999999999806e+02
-4.607212999999999852e+02
-4.503263000000000034e+02
-4.618349999999999795e+02
-4.584936999999999898e+02
-4.622062999999999988e+02
-4.369612000000000194e+02
-4.440149999999999864e+02
-4.336200000000000045e+02
-4.499549999999999841e+02
-4.666612999999999829e+02
-4.510688000000000102e+02
-4.633199999999999932e+02
-4.644336999999999875e+02
-4.477275000000000205e+02
-4.399311999999999898e+02
-4.384463000000000079e+02
-4.447574999999999932e+02
-4.217400000000000091e+02
-4.607212999999999852e+02
-4.781700000000000159e+02
-4.714875000000000114e+02
-4.759424999999999955e+02
-4.570088000000000079e+02
-4.570088000000000079e+02
-4.480987999999999829e+02
-4.503263000000000034e+02
-4.343625000000000114e+02
-4.365899999999999750e+02
-4.473562999999999761e+02
-4.484700000000000273e+02
-4.518111999999999853e+02
-4.640625000000000000e+02
-4.365899999999999750e+02
-4.584936999999999898e+02
-4.521825000000000045e+02
-4.425299999999999727e+02
-4.726012999999999806e+02
-4.432724999999999795e+02
-4.558949999999999818e+02
-4.885649999999999977e+02
-4.930199999999999818e+02
-4.818824999999999932e+02
-4.737149999999999750e+02
-4.518111999999999853e+02
-4.291650000000000205e+02
-4.510688000000000102e+02
-4.714875000000000114e+02
-4.525536999999999921e+02
-4.636913000000000125e+02
-4.852237999999999829e+02
-4.789125000000000227e+02
-4.848525000000000205e+02
-4.844812999999999761e+02
-4.907925000000000182e+02
-5.023013000000000261e+02
-4.896786999999999921e+02
-4.948763000000000147e+02
-4.692599999999999909e+02
-4.532962999999999738e+02
-4.529250000000000114e+02
-4.659187999999999761e+02
-4.751999999999999886e+02
-4.429012000000000171e+02
-4.692599999999999909e+02
-4.785412999999999784e+02
-4.755713000000000079e+02
-4.759424999999999955e+02
-4.829961999999999875e+02
-4.766850000000000023e+02
-4.744574999999999818e+02
-4.852237999999999829e+02
-4.815113000000000056e+02
-4.748288000000000011e+02
-4.685174999999999841e+02
-4.770561999999999898e+02
-4.659187999999999761e+02
-4.670325000000000273e+02
-4.659187999999999761e+02
-4.577513000000000147e+02
-4.700024999999999977e+02
-4.718587999999999738e+02
-4.833675000000000068e+02
-4.748288000000000011e+02
-4.855950000000000273e+02
-4.822538000000000125e+02
-4.796549999999999727e+02
-4.714875000000000114e+02
-4.618349999999999795e+02
-4.744574999999999818e+02
-4.863374999999999773e+02
-4.703736999999999853e+02
-4.863374999999999773e+02
-4.852237999999999829e+02
-4.662900000000000205e+02
-4.885649999999999977e+02
-4.893075000000000045e+02
-4.677749999999999773e+02
-4.811399999999999864e+02
-4.967325000000000159e+02
-4.829961999999999875e+02
-4.922774999999999750e+02
-4.926487000000000194e+02
-4.692599999999999909e+02
-5.104687999999999874e+02
-5.078700000000000045e+02
-5.060138000000000034e+02
-5.446237999999999602e+02
-5.249474999999999909e+02
-5.141812999999999647e+02
-5.245761999999999716e+02
-5.238337000000000216e+02
-5.041575000000000273e+02
-5.264325000000000045e+02
-5.401688000000000329e+02
-5.271749999999999545e+02
-5.446237999999999602e+02
-5.572463000000000193e+02
-5.509349999999999454e+02
-5.676412000000000262e+02
-5.694974999999999454e+02
-5.394262999999999693e+02
-5.921436999999999671e+02
-5.991974999999999909e+02
-5.806349999999999909e+02
-5.925149999999999864e+02
-6.066224999999999454e+02
-5.810062000000000353e+02
-5.832337999999999738e+02
-5.869461999999999762e+02
-5.891738000000000284e+02
-6.107061999999999671e+02
-6.029099999999999682e+02
-6.036525000000000318e+02
-5.965987999999999829e+02
-6.010538000000000238e+02
-6.062513000000000147e+02
-5.657849999999999682e+02
-5.594737999999999829e+02
-5.539049999999999727e+02
-5.405399999999999636e+02
-5.056424999999999841e+02
-5.093550000000000182e+02
-5.037862999999999829e+02
-5.108399999999999750e+02
-4.978462999999999852e+02
-5.182649999999999864e+02
-5.245761999999999716e+02
-5.023013000000000261e+02
-5.071274999999999977e+02
-5.294025000000000318e+02
-4.985887000000000171e+02
-5.145525000000000091e+02
-5.327437999999999647e+02
-4.989599999999999795e+02
-5.019300000000000068e+02
-5.197500000000000000e+02
-5.171512000000000171e+02
-5.023013000000000261e+02
-5.216063000000000329e+02
-5.342287999999999784e+02
-5.171512000000000171e+02
-5.349713000000000420e+02
-5.349713000000000420e+02
-5.268038000000000238e+02
-5.435099999999999909e+02
-5.516775000000000091e+02
-5.349713000000000420e+02
-5.531625000000000227e+02
-5.427675000000000409e+02
-5.260612999999999602e+02
-5.431386999999999716e+02
-5.368274999999999864e+02
-5.360850000000000364e+02
-5.390549999999999500e+02
-5.446237999999999602e+02
-5.694974999999999454e+02
-5.505638000000000147e+02
-5.449950000000000045e+02
-4.952475000000000023e+02
-5.160375000000000227e+02
-4.945049999999999955e+02
-5.082411999999999921e+02
-5.037862999999999829e+02
-5.227200000000000273e+02
-5.071274999999999977e+02
-5.115824999999999818e+02
-5.490787000000000262e+02
-5.178936999999999671e+02
-5.260612999999999602e+02
-5.216063000000000329e+02
-5.212350000000000136e+02
-5.397975000000000136e+02
-5.316299999999999955e+02
-5.416536999999999580e+02
-5.371987000000000307e+02
-5.290312999999999874e+02
-5.275462999999999738e+02
-5.420249999999999773e+02
-5.316299999999999955e+02
-5.405399999999999636e+02
-5.338574999999999591e+02
-5.698687999999999647e+02
-5.568750000000000000e+02
-5.654138000000000375e+02
-5.505638000000000147e+02
-5.513062999999999647e+02
-5.553899999999999864e+02
-5.490787000000000262e+02
-5.694974999999999454e+02
-5.672699999999999818e+02
-5.487074999999999818e+02
-5.475937999999999874e+02
-4.904212999999999738e+02
-5.056424999999999841e+02
-4.974750000000000227e+02
-4.751999999999999886e+02
-5.171512000000000171e+02
-5.108399999999999750e+02
-5.067563000000000102e+02
-5.134388000000000147e+02
-5.004449999999999932e+02
-5.357137000000000171e+02
-5.093550000000000182e+02
-5.175225000000000364e+02
-5.093550000000000182e+02
-5.178936999999999671e+02
-4.952475000000000023e+02
-5.245761999999999716e+02
-5.134388000000000147e+02
-4.933913000000000011e+02
-5.204924999999999500e+02
-4.945049999999999955e+02
-4.867087000000000216e+02
-5.301449999999999818e+02
-5.100975000000000250e+02
-4.774275000000000091e+02
-4.588650000000000091e+02
-4.610924999999999727e+02
-4.674037000000000148e+02
-4.473562999999999761e+02
-4.688888000000000034e+02
-4.822538000000000125e+02
-4.755713000000000079e+02
-4.685174999999999841e+02
-4.547812999999999874e+02
-4.811399999999999864e+02
-4.547812999999999874e+02
-4.688888000000000034e+02
-4.833675000000000068e+02
-4.822538000000000125e+02
-4.855950000000000273e+02
-4.644336999999999875e+02
-5.060138000000000034e+02
-4.945049999999999955e+02
-5.060138000000000034e+02
-4.956186999999999898e+02
-4.982174999999999727e+02
-4.967325000000000159e+02
-4.726012999999999806e+02
-4.692599999999999909e+02
-4.480987999999999829e+02
-4.837388000000000261e+02
-4.596075000000000159e+02
-4.443863000000000056e+02
-4.588650000000000091e+02
-4.581225000000000023e+02
-4.592363000000000284e+02
-4.685174999999999841e+02
-4.763138000000000147e+02
-4.640625000000000000e+02
-4.837388000000000261e+02
-4.737149999999999750e+02
-4.644336999999999875e+02
-4.759424999999999955e+02
-4.822538000000000125e+02
-4.573799999999999955e+02
-4.525536999999999921e+02
-4.737149999999999750e+02
-4.562663000000000011e+02
-4.521825000000000045e+02
-4.688888000000000034e+02
-4.766850000000000023e+02
-4.670325000000000273e+02
-4.703736999999999853e+02
-4.636913000000000125e+02
-4.577513000000000147e+02
-4.755713000000000079e+02
-4.785412999999999784e+02
-4.956186999999999898e+02
-4.822538000000000125e+02
-4.726012999999999806e+02
-4.900500000000000114e+02
-4.751999999999999886e+02
-4.904212999999999738e+02
-4.622062999999999988e+02
-4.885649999999999977e+02
-4.703736999999999853e+02
-4.718587999999999738e+02
-4.863374999999999773e+02
-4.774275000000000091e+02
-4.726012999999999806e+02
-4.841100000000000136e+02
