1.967684999999999889e+02
2.079062999999999874e+02
1.778342000000000098e+02
1.748641000000000076e+02
1.867444000000000131e+02
1.863731999999999971e+02
1.581572999999999922e+02
1.544447000000000116e+02
1.644687999999999874e+02
1.358816999999999950e+02
1.110070999999999941e+02
1.165760999999999967e+02
8.427631999999999834e+01
9.912677999999999656e+01
1.217737000000000052e+02
1.058094999999999999e+02
1.106359000000000066e+02
6.905460999999999672e+01
1.017256000000000000e+02
7.202469999999999573e+01
9.875552000000000419e+01
7.796487999999999374e+01
5.346162999999999954e+01
6.831208999999999776e+01
3.675486999999999682e+01
8.836020000000000607e+01
4.900650000000000261e+01
3.452730999999999995e+01
5.791676999999999964e+01
6.014433999999999969e+01
4.195253000000000299e+01
6.051559999999999917e+01
6.794083000000000538e+01
5.568920000000000314e+00
-1.188000000000000078e+01
4.195253000000000299e+01
2.932965000000000089e+01
-8.167500000000000426e+00
2.301820000000000022e+01
-9.281250000000000000e+00
-1.150874999999999915e+01
4.121000999999999692e+01
-7.053749999999999964e+00
-1.670625000000000071e+01
-2.858624999999999972e+01
-4.380749999999999744e+01
-6.868125000000000568e+01
-3.452624999999999744e+01
-5.494500000000000028e+01
-4.529249999999999687e+01
-2.932874999999999943e+01
-6.979500000000000171e+01
-5.420250000000000057e+01
9.281532999999999589e+00
-1.373625000000000007e+01
1.076657999999999937e+01
1.707801999999999865e+01
-1.522124999999999950e+01
-3.007124999999999915e+01
-7.425000000000000488e-01
-1.262250000000000050e+01
-2.710125000000000028e+01
-2.376000000000000156e+01
-3.675374999999999659e+01
-5.457374999999999687e+01
-3.341250000000000142e+01
-1.856250000000000000e+01
-4.937624999999999886e+01
-5.197500000000000142e+01
-4.529249999999999687e+01
-4.046625000000000227e+01
-3.638250000000000028e+01
-4.269375000000000142e+01
-4.269375000000000142e+01
-4.863374999999999915e+01
-5.420250000000000057e+01
-8.575875000000000625e+01
-6.831000000000000227e+01
-6.756749999999999545e+01
-8.241750000000000398e+01
-5.197500000000000142e+01
-7.053749999999999432e+01
-8.724375000000000568e+01
-7.128000000000000114e+01
-9.504000000000000625e+01
-1.128599999999999994e+02
-9.504000000000000625e+01
-9.615375000000000227e+01
-1.447874999999999943e+02
-1.310512999999999977e+02
-9.986624999999999375e+01
-1.136025000000000063e+02
-8.687250000000000227e+01
-1.173149999999999977e+02
-1.184287000000000063e+02
-1.291949999999999932e+02
-1.236263000000000005e+02
-1.228837999999999937e+02
-1.384763000000000090e+02
-1.317937000000000012e+02
-1.195425000000000040e+02
-1.433025000000000091e+02
-1.303086999999999875e+02
-1.291949999999999932e+02
-1.213987999999999943e+02
-1.262249999999999943e+02
-1.403325000000000102e+02
-1.366200000000000045e+02
-1.536974999999999909e+02
-1.607512999999999863e+02
-1.384763000000000090e+02
-1.536974999999999909e+02
-1.770862999999999943e+02
-1.559250000000000114e+02
-1.533262000000000000e+02
-1.744875000000000114e+02
-1.477574999999999932e+02
-1.618650000000000091e+02
-1.748586999999999989e+02
-1.592663000000000011e+02
-1.908224999999999909e+02
-1.785713000000000079e+02
-2.015886999999999887e+02
-1.963913000000000011e+02
-2.034449999999999932e+02
-2.049300000000000068e+02
-1.618650000000000091e+02
-1.737450000000000045e+02
-1.696613000000000113e+02
-1.507274999999999920e+02
-1.392187999999999874e+02
-1.629787000000000035e+02
-1.570388000000000090e+02
-1.715175000000000125e+02
-1.622363000000000000e+02
-1.562961999999999989e+02
-1.956487999999999943e+02
-1.711462999999999965e+02
-1.637213000000000136e+02
-1.433025000000000091e+02
-1.403325000000000102e+02
-1.273388000000000062e+02
-1.269675000000000011e+02
-1.347637000000000000e+02
-1.410749999999999886e+02
-1.678050000000000068e+02
-1.429311999999999898e+02
-1.555537999999999954e+02
-1.536974999999999909e+02
-1.436738000000000000e+02
-1.284524999999999864e+02
-1.284524999999999864e+02
-1.221413000000000011e+02
-1.269675000000000011e+02
-1.369912999999999954e+02
-1.433025000000000091e+02
-1.436738000000000000e+02
-1.462725000000000080e+02
-1.666913000000000125e+02
-1.518411999999999864e+02
-1.559250000000000114e+02
-1.555537999999999954e+02
-1.414463000000000079e+02
-1.381049999999999898e+02
-1.306800000000000068e+02
-1.291949999999999932e+02
-1.407038000000000011e+02
-1.403325000000000102e+02
-1.217699999999999960e+02
-1.540688000000000102e+02
-1.548112000000000137e+02
-1.377336999999999989e+02
-1.533262000000000000e+02
-1.603799999999999955e+02
-1.510988000000000113e+02
-1.574099999999999966e+02
-1.548112000000000137e+02
-1.644636999999999887e+02
-1.622363000000000000e+02
-1.715175000000000125e+02
-1.748586999999999989e+02
-1.666913000000000125e+02
-1.444162000000000035e+02
-1.804275000000000091e+02
-1.885949999999999989e+02
-1.900800000000000125e+02
-1.885949999999999989e+02
-1.715175000000000125e+02
-1.830261999999999887e+02
-1.963913000000000011e+02
-2.030737000000000023e+02
-1.960200000000000102e+02
-2.030737000000000023e+02
-1.871100000000000136e+02
-1.963913000000000011e+02
-1.982475000000000023e+02
-1.971338000000000079e+02
-2.160674999999999955e+02
-2.041875000000000000e+02
-1.923075000000000045e+02
-1.893375000000000057e+02
-1.971338000000000079e+02
-2.223788000000000125e+02
-2.093849999999999909e+02
-2.060437000000000012e+02
-2.283188000000000102e+02
-2.220074999999999932e+02
-2.238637999999999977e+02
-2.208937999999999988e+02
-2.164387999999999863e+02
-1.930500000000000114e+02
-2.145825000000000102e+02
-2.104987000000000137e+02
-2.116125000000000114e+02
-1.997324999999999875e+02
-2.182949999999999875e+02
-2.283188000000000102e+02
-1.960200000000000102e+02
-2.023312999999999988e+02
-2.045586999999999875e+02
-2.123549999999999898e+02
-2.205225000000000080e+02
-1.915649999999999977e+02
-2.027024999999999864e+02
-2.001037000000000035e+02
-1.945349999999999966e+02
-1.971338000000000079e+02
-2.197800000000000011e+02
-1.904512000000000000e+02
-2.179238000000000000e+02
-2.171812999999999931e+02
-2.201511999999999887e+02
-2.160674999999999955e+02
-2.093849999999999909e+02
-2.208937999999999988e+02
-2.067863000000000113e+02
-2.090137000000000000e+02
-2.060437000000000012e+02
-2.190374999999999943e+02
-2.164387999999999863e+02
-2.138400000000000034e+02
-2.364863000000000000e+02
-2.127263000000000090e+02
-2.001037000000000035e+02
-2.116125000000000114e+02
-2.127263000000000090e+02
-1.793137999999999863e+02
-1.982475000000000023e+02
-2.012175000000000011e+02
-2.034449999999999932e+02
-2.034449999999999932e+02
-1.986187999999999931e+02
-1.949062999999999874e+02
-1.796850000000000023e+02
-1.859961999999999875e+02
-2.142112999999999943e+02
-1.878524999999999920e+02
-1.978762999999999863e+02
-1.937924999999999898e+02
-1.997324999999999875e+02
-2.064149999999999920e+02
-2.019600000000000080e+02
-2.182949999999999875e+02
-2.223788000000000125e+02
-2.164387999999999863e+02
-2.123549999999999898e+02
-2.156963000000000079e+02
-2.127263000000000090e+02
-2.327737999999999943e+02
-2.238637999999999977e+02
-2.320312999999999874e+02
-2.201511999999999887e+02
-2.353725000000000023e+02
-2.275762000000000000e+02
-2.242350000000000136e+02
-2.465099999999999909e+02
-2.632162000000000148e+02
-2.190374999999999943e+02
-2.446536999999999864e+02
-2.491086999999999989e+02
-2.524499999999999886e+02
-2.531924999999999955e+02
-2.364863000000000000e+02
-2.524499999999999886e+02
-2.439113000000000113e+02
-2.398274999999999864e+02
-2.346299999999999955e+02
-2.554199999999999875e+02
-2.249774999999999920e+02
-2.064149999999999920e+02
-2.394562999999999988e+02
-2.182949999999999875e+02
-2.234925000000000068e+02
-2.234925000000000068e+02
-2.487375000000000114e+02
-2.357437999999999931e+02
-2.491086999999999989e+02
-2.350012999999999863e+02
-2.383425000000000011e+02
-2.435399999999999920e+02
-2.353725000000000023e+02
-2.357437999999999931e+02
-2.394562999999999988e+02
-2.413125000000000000e+02
-2.220074999999999932e+02
-2.528213000000000079e+02
-2.609886999999999944e+02
-2.416836999999999875e+02
-2.335163000000000011e+02
-2.550488000000000000e+02
-2.468813000000000102e+02
-2.509650000000000034e+02
-2.487375000000000114e+02
-2.305461999999999989e+02
-2.673000000000000114e+02
-2.491086999999999989e+02
-2.294325000000000045e+02
-2.509650000000000034e+02
-2.520788000000000011e+02
-2.468813000000000102e+02
-2.390850000000000080e+02
-2.613600000000000136e+02
-2.602461999999999875e+02
-2.606175000000000068e+02
-2.721263000000000147e+02
-2.569049999999999727e+02
-2.713838000000000079e+02
-2.862337999999999738e+02
-2.435399999999999920e+02
-2.316599999999999966e+02
-2.390850000000000080e+02
-2.171812999999999931e+02
-2.234925000000000068e+02
-2.272050000000000125e+02
-2.138400000000000034e+02
-2.223788000000000125e+02
-2.049300000000000068e+02
-2.071574999999999989e+02
-2.190374999999999943e+02
-2.208937999999999988e+02
-2.079000000000000057e+02
-2.227500000000000000e+02
-2.272050000000000125e+02
-2.197800000000000011e+02
-2.064149999999999920e+02
-2.416836999999999875e+02
-2.379713000000000136e+02
-2.275762000000000000e+02
-2.383425000000000011e+02
-2.145825000000000102e+02
-2.309174999999999898e+02
-2.361150000000000091e+02
-2.316599999999999966e+02
-2.279474999999999909e+02
-2.368574999999999875e+02
-2.465099999999999909e+02
-2.387136999999999887e+02
-2.324025000000000034e+02
-2.253488000000000113e+02
-2.268337999999999965e+02
-2.331450000000000102e+02
-1.997324999999999875e+02
-1.815412000000000035e+02
-2.019600000000000080e+02
-1.885949999999999989e+02
-1.897087999999999965e+02
-2.034449999999999932e+02
-1.915649999999999977e+02
-1.833975000000000080e+02
-1.863675000000000068e+02
-1.908224999999999909e+02
-1.971338000000000079e+02
-1.956487999999999943e+02
-1.937924999999999898e+02
-1.930500000000000114e+02
-1.900800000000000125e+02
-1.956487999999999943e+02
-1.908224999999999909e+02
-2.015886999999999887e+02
-1.975049999999999955e+02
-1.975049999999999955e+02
-1.941638000000000090e+02
-1.744875000000000114e+02
-1.718887000000000000e+02
-1.885949999999999989e+02
-1.952775000000000034e+02
-2.008463000000000136e+02
-1.897087999999999965e+02
-1.949062999999999874e+02
-1.837687999999999988e+02
-1.982475000000000023e+02
-1.975049999999999955e+02
-1.945349999999999966e+02
-1.952775000000000034e+02
-1.856250000000000000e+02
-2.045586999999999875e+02
-1.986187999999999931e+02
-1.960200000000000102e+02
-1.986187999999999931e+02
-2.234925000000000068e+02
-2.082712999999999965e+02
-1.878524999999999920e+02
-2.004749999999999943e+02
-2.023312999999999988e+02
-2.123549999999999898e+02
-2.060437000000000012e+02
-1.897087999999999965e+02
-2.079000000000000057e+02
-2.093849999999999909e+02
-2.001037000000000035e+02
-1.889661999999999864e+02
-2.004749999999999943e+02
