-2.257199999999999989e+02
-1.774575000000000102e+02
-2.015886999999999887e+02
-2.398274999999999864e+02
-2.335163000000000011e+02
-2.160674999999999955e+02
-2.788086999999999875e+02
-3.003412000000000148e+02
-2.465099999999999909e+02
-3.133349999999999795e+02
-3.077663000000000011e+02
-3.062812999999999874e+02
-3.359812999999999761e+02
-3.460049999999999955e+02
-3.311549999999999727e+02
-3.593700000000000045e+02
-3.389513000000000034e+02
-3.307837999999999852e+02
-3.630824999999999818e+02
-3.586274999999999977e+02
-4.039200000000000159e+02
-3.831299999999999955e+02
-4.158000000000000114e+02
-4.202549999999999955e+02
-4.380749999999999886e+02
-4.614637000000000171e+02
-4.711161999999999921e+02
-4.919062999999999874e+02
-4.740862000000000194e+02
-5.152949999999999591e+02
-5.238337000000000216e+02
-5.227200000000000273e+02
-5.676412000000000262e+02
-5.598450000000000273e+02
-5.594737999999999829e+02
-5.539049999999999727e+02
-5.995687000000000353e+02
-5.888025000000000091e+02
-6.118200000000000500e+02
-6.730761999999999716e+02
-6.533999999999999773e+02
-6.333524999999999636e+02
-6.983211999999999762e+02
-6.537712000000000216e+02
-6.437474999999999454e+02
-7.146562999999999874e+02
-6.979500000000000455e+02
-6.626812999999999647e+02
-7.276499999999999773e+02
-7.120575000000000045e+02
-7.001775000000000091e+02
-7.443563000000000329e+02
-7.629188000000000329e+02
-7.428713000000000193e+02
-7.662599999999999909e+02
-7.391588000000000420e+02
-7.027762000000000171e+02
-7.480688000000000102e+02
-7.558650000000000091e+02
-7.302487999999999602e+02
-7.562363000000000284e+02
-7.447274999999999636e+02
-7.469550000000000409e+02
-7.677450000000000045e+02
-7.707150000000000318e+02
-8.015286999999999580e+02
-8.353125000000000000e+02
-8.030136999999999716e+02
-7.933613000000000284e+02
-8.371688000000000329e+02
-8.304863000000000284e+02
-8.167500000000000000e+02
-8.661263000000000147e+02
-8.917424999999999500e+02
-8.405099999999999909e+02
-8.783775000000000546e+02
-9.021375000000000455e+02
-8.468211999999999762e+02
-8.768925000000000409e+02
-9.006525000000000318e+02
-8.965688000000000102e+02
-8.765212000000000216e+02
-9.262686999999999671e+02
-9.570824999999999818e+02
-9.685911999999999580e+02
-9.585674999999999955e+02
-9.819561999999999671e+02
-9.570824999999999818e+02
-8.895149999999999864e+02
-9.452024999999999864e+02
-9.162450000000000045e+02
-9.106762999999999693e+02
-9.273825000000000500e+02
-9.526275000000000546e+02
-9.719325000000000045e+02
-9.463162999999999556e+02
-9.685911999999999580e+02
-9.671063000000000329e+02
-9.418613000000000284e+02
-9.689624999999999773e+02
-1.006087999999999965e+03
-9.741599999999999682e+02
-1.007572999999999979e+03
-1.036529999999999973e+03
-9.916087999999999738e+02
-1.016481999999999971e+03
-1.076625000000000000e+03
-1.019452999999999975e+03
-1.025020999999999958e+03
-1.069570999999999913e+03
-1.056577999999999975e+03
-1.041355999999999995e+03
-1.053979000000000042e+03
-1.050636999999999944e+03
-1.075140000000000100e+03
-1.063631000000000085e+03
-1.081079999999999927e+03
-1.104469000000000051e+03
-1.113378999999999905e+03
-1.114121000000000095e+03
-1.124886999999999944e+03
-1.120432000000000016e+03
-1.124886999999999944e+03
-1.141964999999999918e+03
-1.174634999999999991e+03
-1.150133000000000038e+03
-1.147904999999999973e+03
-1.156073000000000093e+03
-1.143450000000000045e+03
-1.150503999999999905e+03
-1.168694999999999936e+03
-1.128971000000000004e+03
-1.156073000000000093e+03
-1.188742999999999938e+03
-1.166838999999999942e+03
-1.172406999999999925e+03
-1.188371000000000095e+03
-1.163498000000000047e+03
-1.160898999999999887e+03
-1.214358999999999924e+03
-1.211388999999999896e+03
-1.195054000000000087e+03
-1.238118999999999915e+03
-1.247400000000000091e+03
-1.222526000000000067e+03
-1.245914999999999964e+03
-1.259279999999999973e+03
-1.234777000000000044e+03
-1.266704999999999927e+03
-1.277099999999999909e+03
-1.276729000000000042e+03
-1.294920000000000073e+03
-1.278585000000000036e+03
-1.260765000000000100e+03
-1.310141000000000076e+03
-1.294920000000000073e+03
-1.282297000000000025e+03
-1.342068999999999960e+03
-1.330189000000000078e+03
-1.286381000000000085e+03
-1.356919000000000096e+03
-1.353205999999999904e+03
-1.296034000000000106e+03
-1.353949000000000069e+03
-1.365458000000000084e+03
-1.315710000000000036e+03
-1.343182000000000016e+03
-1.340584000000000060e+03
-1.335015000000000100e+03
-1.353577999999999975e+03
-1.367684999999999945e+03
-1.368056000000000040e+03
-1.398499000000000024e+03
-1.400726000000000113e+03
-1.407037000000000035e+03
-1.415204999999999927e+03
-1.405551999999999907e+03
-1.353949000000000069e+03
-1.327589999999999918e+03
-1.373253999999999905e+03
-1.363972999999999956e+03
-1.373625000000000000e+03
-1.408894000000000005e+03
-1.382905999999999949e+03
-1.404809999999999945e+03
-1.407037000000000035e+03
-1.334271999999999935e+03
-1.322392000000000053e+03
-1.352093000000000075e+03
-1.357661000000000058e+03
-1.333529999999999973e+03
-1.365086000000000013e+03
-1.373996000000000095e+03
-1.320164999999999964e+03
-1.357661000000000058e+03
-1.368056000000000040e+03
-1.357289999999999964e+03
-1.378079999999999927e+03
-1.397756000000000085e+03
-1.362858999999999924e+03
-1.391074000000000069e+03
-1.405181000000000040e+03
-1.370284000000000106e+03
-1.404067999999999984e+03
-1.411864000000000033e+03
-1.380307000000000016e+03
-1.389218000000000075e+03
-1.400355000000000018e+03
-1.397756000000000085e+03
-1.431169000000000096e+03
-1.400726000000000113e+03
-1.412978000000000065e+03
-1.419288999999999987e+03
-1.425229000000000042e+03
-1.385875999999999976e+03
-1.396642000000000053e+03
-1.398499000000000024e+03
-1.398127999999999929e+03
-1.436365999999999985e+03
-1.451215999999999894e+03
-1.427085000000000036e+03
-1.441934999999999945e+03
-1.452329999999999927e+03
-1.461982999999999947e+03
-1.468294000000000096e+03
-1.395528999999999996e+03
-1.365828999999999951e+03
-1.362115999999999985e+03
-1.371026000000000067e+03
-1.367684999999999945e+03
-1.366200000000000045e+03
-1.386618999999999915e+03
-1.372140000000000100e+03
-1.400355000000000018e+03
-1.383277000000000044e+03
-1.399240999999999985e+03
-1.386990000000000009e+03
-1.355433999999999969e+03
-1.352463999999999942e+03
-1.391444999999999936e+03
-1.373625000000000000e+03
-1.338728000000000065e+03
-1.358031999999999925e+03
-1.369540999999999940e+03
-1.314224999999999909e+03
-1.336128999999999905e+03
-1.355433999999999969e+03
-1.340954999999999927e+03
-1.354319999999999936e+03
-1.355433999999999969e+03
-1.344666999999999916e+03
-1.363230000000000018e+03
-1.381049999999999955e+03
-1.365828999999999951e+03
-1.373625000000000000e+03
-1.388104000000000042e+03
-1.366200000000000045e+03
-1.381421000000000049e+03
-1.391816000000000031e+03
-1.394414999999999964e+03
-1.401469000000000051e+03
-1.418916999999999916e+03
-1.423000999999999976e+03
-1.429313000000000102e+03
-1.433767000000000053e+03
-1.405551999999999907e+03
-1.418546000000000049e+03
-1.439336000000000013e+03
-1.421516000000000076e+03
-1.386990000000000009e+03
-1.411121000000000095e+03
-1.412978000000000065e+03
-1.392930000000000064e+03
-1.415948000000000093e+03
-1.401839999999999918e+03
-1.410008000000000038e+03
-1.424115000000000009e+03
-1.413720000000000027e+03
-1.405181000000000040e+03
-1.436738000000000056e+03
-1.430425999999999931e+03
-1.408521999999999935e+03
-1.461611000000000104e+03
-1.454557000000000016e+03
-1.431169000000000096e+03
-1.451959000000000060e+03
-1.444534000000000106e+03
-1.407409000000000106e+03
-1.434138999999999896e+03
-1.406665999999999940e+03
-1.402211000000000013e+03
-1.422259000000000015e+03
-1.422259000000000015e+03
-1.388474999999999909e+03
-1.393672000000000025e+03
-1.403695999999999913e+03
-1.408521999999999935e+03
-1.390330999999999904e+03
-1.417060999999999922e+03
-1.418546000000000049e+03
-1.424115000000000009e+03
-1.424486000000000104e+03
-1.405551999999999907e+03
-1.425229000000000042e+03
-1.430425999999999931e+03
-1.411864000000000033e+03
-1.418546000000000049e+03
-1.428941000000000031e+03
-1.423000999999999976e+03
-1.448246000000000095e+03
-1.447503999999999905e+03
-1.443048999999999978e+03
-1.420773999999999887e+03
-1.453073000000000093e+03
-1.424857999999999947e+03
-1.430055000000000064e+03
-1.442676999999999907e+03
-1.430055000000000064e+03
-1.441192999999999984e+03
-1.435252999999999929e+03
-1.406665999999999940e+03
-1.428199000000000069e+03
-1.446390000000000100e+03
-1.411864000000000033e+03
-1.422630000000000109e+03
-1.428199000000000069e+03
-1.403325000000000045e+03
-1.395156999999999925e+03
-1.427827999999999975e+03
-1.421516000000000076e+03
-1.423000999999999976e+03
-1.451215999999999894e+03
-1.429313000000000102e+03
-1.429313000000000102e+03
-1.437851000000000113e+03
-1.438964999999999918e+03
-1.440450000000000045e+03
-1.469406999999999925e+03
-1.443048999999999978e+03
-1.448246000000000095e+03
-1.451215999999999894e+03
-1.467180000000000064e+03
-1.445646999999999935e+03
-1.468664999999999964e+03
-1.461982999999999947e+03
-1.439708000000000084e+03
-1.454929000000000087e+03
-1.466066000000000031e+03
-1.441564000000000078e+03
-1.459755000000000109e+03
-1.451215999999999894e+03
-1.470150000000000091e+03
-1.482401000000000067e+03
-1.455671000000000049e+03
-1.482401000000000067e+03
-1.470892000000000053e+03
-1.463838999999999942e+03
-1.469036000000000058e+03
-1.475719000000000051e+03
-1.493166999999999916e+03
-1.483144000000000005e+03
-1.490940000000000055e+03
-1.493166999999999916e+03
-1.500593000000000075e+03
-1.495766000000000076e+03
-1.507275000000000091e+03
-1.469778999999999996e+03
-1.497993999999999915e+03
-1.488340999999999894e+03
-1.478317999999999984e+03
-1.508017000000000053e+03
-1.499479000000000042e+03
-1.495394999999999982e+03
-1.521010999999999967e+03
-1.519526000000000067e+03
-1.497250999999999976e+03
-1.541430000000000064e+03
-1.520269000000000005e+03
-1.546999000000000024e+03
-1.536232999999999947e+03
-1.534375999999999976e+03
-1.521383000000000038e+03
-1.542172000000000025e+03
-1.519526000000000067e+03
-1.479431000000000040e+03
-1.513586000000000013e+03
-1.484628999999999905e+03
-1.456041999999999916e+03
-1.458269999999999982e+03
-1.469036000000000058e+03
-1.454557000000000016e+03
-1.444904999999999973e+03
-1.457155999999999949e+03
-1.445646999999999935e+03
-1.461240000000000009e+03
-1.434138999999999896e+03
-1.445276000000000067e+03
-1.446019000000000005e+03
-1.461982999999999947e+03
-1.445276000000000067e+03
-1.457155999999999949e+03
-1.486855999999999995e+03
-1.458641000000000076e+03
-1.466808999999999969e+03
-1.461982999999999947e+03
-1.464210000000000036e+03
-1.433025000000000091e+03
-1.450473999999999933e+03
-1.456413999999999987e+03
-1.459012999999999920e+03
-1.482401000000000067e+03
-1.473490999999999985e+03
