-8.427375000000000682e+01
-1.002374999999999972e+02
-1.343925000000000125e+02
-1.143449999999999989e+02
-1.395900000000000034e+02
-2.090137000000000000e+02
-1.837687999999999988e+02
-2.090137000000000000e+02
-2.294325000000000045e+02
-2.168100000000000023e+02
-2.457675000000000125e+02
-2.576474999999999795e+02
-2.791800000000000068e+02
-2.557913000000000068e+02
-2.791800000000000068e+02
-2.929162999999999784e+02
-2.762099999999999795e+02
-2.825212000000000216e+02
-2.921738000000000284e+02
-3.137062000000000239e+02
-3.322687999999999988e+02
-3.036825000000000045e+02
-3.315262000000000171e+02
-3.538011999999999944e+02
-3.612262999999999806e+02
-3.493462999999999852e+02
-3.801600000000000250e+02
-3.835013000000000147e+02
-3.545437999999999761e+02
-4.057762000000000171e+02
-3.905550000000000068e+02
-4.016924999999999955e+02
-4.484700000000000273e+02
-4.165425000000000182e+02
-4.187699999999999818e+02
-4.094886999999999944e+02
-4.622062999999999988e+02
-4.562663000000000011e+02
-4.714875000000000114e+02
-4.714875000000000114e+02
-4.933913000000000011e+02
-5.323724999999999454e+02
-5.100975000000000250e+02
-5.242050000000000409e+02
-5.501924999999999955e+02
-5.509349999999999454e+02
-5.505638000000000147e+02
-5.839763000000000375e+02
-5.605874999999999773e+02
-5.925149999999999864e+02
-6.125625000000000000e+02
-6.066224999999999454e+02
-6.133049999999999500e+02
-6.452324999999999591e+02
-6.611961999999999762e+02
-6.337237999999999829e+02
-6.285262000000000171e+02
-6.782736999999999625e+02
-6.671362000000000307e+02
-6.675075000000000500e+02
-6.771599999999999682e+02
-6.871838000000000193e+02
-7.213387000000000171e+02
-7.116862999999999602e+02
-7.298775000000000546e+02
-7.740562999999999647e+02
-7.428713000000000193e+02
-7.365599999999999454e+02
-7.588350000000000364e+02
-7.365599999999999454e+02
-7.595774999999999864e+02
-7.573500000000000227e+02
-7.432424999999999500e+02
-7.729424999999999955e+02
-7.799963000000000193e+02
-8.249175000000000182e+02
-7.985588000000000193e+02
-8.067263000000000375e+02
-8.282586999999999762e+02
-8.033849999999999909e+02
-7.993012999999999693e+02
-8.048700000000000045e+02
-8.067263000000000375e+02
-8.249175000000000182e+02
-8.546174999999999500e+02
-8.256599999999999682e+02
-8.505338000000000420e+02
-8.546174999999999500e+02
-8.735512999999999693e+02
-8.661263000000000147e+02
-9.021375000000000455e+02
-8.650125000000000455e+02
-8.943411999999999580e+02
-9.106762999999999693e+02
-9.002812999999999874e+02
-9.188437999999999874e+02
-9.307237999999999829e+02
-9.500286999999999580e+02
-9.374062999999999874e+02
-9.581962999999999511e+02
-9.247838000000000420e+02
-9.544837999999999738e+02
-9.801000000000000227e+02
-9.507712000000000216e+02
-9.581962999999999511e+02
-9.823274999999999864e+02
-9.697050000000000409e+02
-9.793574999999999591e+02
-1.010913999999999987e+03
-9.882675000000000409e+02
-9.867825000000000273e+02
-1.033931000000000040e+03
-1.032817999999999984e+03
-1.028733999999999924e+03
-1.043584000000000060e+03
-1.039871000000000095e+03
-1.033931000000000040e+03
-1.046924999999999955e+03
-1.053979000000000042e+03
-1.046182000000000016e+03
-1.074769000000000005e+03
-1.069942999999999984e+03
-1.056205999999999904e+03
-1.098900000000000091e+03
-1.055835000000000036e+03
-1.045068999999999960e+03
-1.125630000000000109e+03
-1.083307000000000016e+03
-1.087019999999999982e+03
-1.107809999999999945e+03
-1.118204999999999927e+03
-1.120060999999999922e+03
-1.140851000000000113e+03
-1.148646999999999935e+03
-1.130827999999999975e+03
-1.144934999999999945e+03
-1.172778999999999996e+03
-1.175749000000000024e+03
-1.141222999999999956e+03
-1.190598999999999933e+03
-1.130827999999999975e+03
-1.182059999999999945e+03
-1.183915999999999940e+03
-1.177605000000000018e+03
-1.192454999999999927e+03
-1.229209000000000060e+03
-1.196910000000000082e+03
-1.228837999999999965e+03
-1.232179000000000087e+03
-1.193940000000000055e+03
-1.240346000000000004e+03
-1.252597999999999956e+03
-1.176863000000000056e+03
-1.212502999999999929e+03
-1.247400000000000091e+03
-1.201365000000000009e+03
-1.247400000000000091e+03
-1.228465999999999894e+03
-1.239604000000000042e+03
-1.257423999999999978e+03
-1.266334000000000060e+03
-1.230323000000000093e+03
-1.265220000000000027e+03
-1.291950000000000045e+03
-1.246656999999999925e+03
-1.229951000000000022e+03
-1.271902000000000044e+03
-1.278955999999999904e+03
-1.294176999999999907e+03
-1.288238000000000056e+03
-1.278585000000000036e+03
-1.296776000000000067e+03
-1.294548999999999978e+03
-1.272273999999999887e+03
-1.266704999999999927e+03
-1.301603000000000065e+03
-1.316080999999999904e+03
-1.285267000000000053e+03
-1.281925999999999931e+03
-1.270788999999999987e+03
-1.271902000000000044e+03
-1.254825000000000045e+03
-1.275243999999999915e+03
-1.279699000000000069e+03
-1.287124000000000024e+03
-1.291950000000000045e+03
-1.312740000000000009e+03
-1.322763999999999896e+03
-1.280069999999999936e+03
-1.308285000000000082e+03
-1.353949000000000069e+03
-1.327219000000000051e+03
-1.335385999999999967e+03
-1.360631000000000085e+03
-1.343924999999999955e+03
-1.373996000000000095e+03
-1.386990000000000009e+03
-1.400355000000000018e+03
-1.385505000000000109e+03
-1.371396999999999935e+03
-1.383277000000000044e+03
-1.392558999999999969e+03
-1.406665999999999940e+03
-1.420773999999999887e+03
-1.394786000000000058e+03
-1.406665999999999940e+03
-1.432281999999999925e+03
-1.411121000000000095e+03
-1.438964999999999918e+03
-1.446019000000000005e+03
-1.430425999999999931e+03
-1.486114000000000033e+03
-1.438594000000000051e+03
-1.453443999999999960e+03
-1.500221000000000004e+03
-1.490568999999999960e+03
-1.500963999999999942e+03
-1.491682000000000016e+03
-1.463468000000000075e+03
-1.471263999999999896e+03
-1.476089999999999918e+03
-1.459755000000000109e+03
-1.451215999999999894e+03
-1.428569999999999936e+03
-1.430797000000000025e+03
-1.429313000000000102e+03
-1.470520999999999958e+03
-1.450473999999999933e+03
-1.389218000000000075e+03
-1.410008000000000038e+03
-1.425971000000000004e+03
-1.375853000000000065e+03
-1.407779999999999973e+03
-1.417804000000000087e+03
-1.401469000000000051e+03
-1.415576000000000022e+03
-1.451587999999999965e+03
-1.433025000000000091e+03
-1.463096000000000004e+03
-1.454557000000000016e+03
-1.447875000000000000e+03
-1.466438000000000102e+03
-1.454185999999999922e+03
-1.474233999999999924e+03
-1.499107999999999947e+03
-1.493910000000000082e+03
-1.447875000000000000e+03
-1.506903999999999996e+03
-1.472006000000000085e+03
-1.439336000000000013e+03
-1.473863000000000056e+03
-1.452701000000000022e+03
-1.423373000000000047e+03
-1.455671000000000049e+03
-1.458641000000000076e+03
-1.461611000000000104e+03
-1.457898999999999887e+03
-1.475347999999999956e+03
-1.472377999999999929e+03
-1.444534000000000106e+03
-1.487970000000000027e+03
-1.512101000000000113e+03
-1.481287000000000035e+03
-1.499849999999999909e+03
-1.486484999999999900e+03
-1.476461000000000013e+03
-1.508017000000000053e+03
-1.466808999999999969e+03
-1.491682000000000016e+03
-1.489084000000000060e+03
-1.446760999999999967e+03
-1.460125999999999976e+03
-1.456413999999999987e+03
-1.443420000000000073e+03
-1.454929000000000087e+03
-1.440078999999999951e+03
-1.421144999999999982e+03
-1.457527000000000044e+03
-1.497623000000000047e+03
-1.455299999999999955e+03
-1.472377999999999929e+03
-1.509131000000000085e+03
-1.481287000000000035e+03
-1.481287000000000035e+03
-1.519154999999999973e+03
-1.493910000000000082e+03
-1.486114000000000033e+03
-1.519526000000000067e+03
-1.520640000000000100e+03
-1.501335000000000036e+03
-1.532519999999999982e+03
-1.489454999999999927e+03
-1.477945999999999913e+03
-1.492796000000000049e+03
-1.506903999999999996e+03
-1.475347999999999956e+03
-1.472377999999999929e+03
-1.466808999999999969e+03
-1.454929000000000087e+03
-1.457898999999999887e+03
-1.470892000000000053e+03
-1.464210000000000036e+03
-1.460868999999999915e+03
-1.468294000000000096e+03
-1.462724999999999909e+03
-1.499479000000000042e+03
-1.482771999999999935e+03
-1.475719000000000051e+03
-1.515070999999999913e+03
-1.493910000000000082e+03
-1.490940000000000055e+03
-1.535118999999999915e+03
-1.507645999999999958e+03
-1.476833000000000084e+03
-1.480915999999999940e+03
-1.495023999999999887e+03
-1.448989000000000033e+03
-1.479059999999999945e+03
-1.493910000000000082e+03
-1.486484999999999900e+03
-1.486114000000000033e+03
-1.511358999999999924e+03
-1.473119999999999891e+03
-1.448989000000000033e+03
-1.454185999999999922e+03
-1.443048999999999978e+03
-1.451215999999999894e+03
-1.444534000000000106e+03
-1.458641000000000076e+03
-1.448617999999999938e+03
-1.433395999999999958e+03
-1.355063000000000102e+03
-1.375109999999999900e+03
-1.389960000000000036e+03
-1.387361000000000104e+03
-1.394044000000000096e+03
-1.393672000000000025e+03
-1.394786000000000058e+03
-1.389588999999999942e+03
-1.383648999999999887e+03
-1.370654999999999973e+03
-1.375480999999999995e+03
-1.378079999999999927e+03
-1.379565000000000055e+03
-1.399613000000000056e+03
-1.411121000000000095e+03
-1.382535000000000082e+03
-1.413348999999999933e+03
-1.410378999999999905e+03
-1.410750000000000000e+03
-1.415576000000000022e+03
-1.419288999999999987e+03
-1.407409000000000106e+03
-1.398499000000000024e+03
-1.422259000000000015e+03
-1.409265000000000100e+03
-1.410750000000000000e+03
-1.417804000000000087e+03
-1.418546000000000049e+03
-1.410378999999999905e+03
-1.429313000000000102e+03
-1.427455999999999904e+03
-1.443420000000000073e+03
-1.422630000000000109e+03
-1.418916999999999916e+03
-1.449359999999999900e+03
-1.441934999999999945e+03
-1.420773999999999887e+03
-1.451959000000000060e+03
-1.466808999999999969e+03
-1.453073000000000093e+03
-1.456041999999999916e+03
-1.486855999999999995e+03
-1.478689000000000078e+03
-1.477945999999999913e+03
-1.504675999999999931e+03
-1.485000000000000000e+03
-1.509131000000000085e+03
-1.509502999999999929e+03
-1.508759999999999991e+03
-1.504675999999999931e+03
-1.507275000000000091e+03
-1.471263999999999896e+03
-1.477575000000000045e+03
-1.505419000000000096e+03
-1.483515000000000100e+03
-1.472749000000000024e+03
-1.504675999999999931e+03
-1.508759999999999991e+03
-1.492054000000000087e+03
-1.523239000000000033e+03
-1.544400000000000091e+03
-1.510988000000000056e+03
-1.536604000000000042e+03
-1.539202999999999975e+03
-1.543286000000000058e+03
-1.544770999999999958e+03
-1.495023999999999887e+03
-1.513214999999999918e+03
-1.551453999999999951e+03
-1.525465999999999894e+03
-1.506161000000000058e+03
-1.539202999999999975e+03
-1.525465999999999894e+03
-1.525095000000000027e+03
-1.550711000000000013e+03
-1.554051999999999907e+03
-1.531405999999999949e+03
-1.556279999999999973e+03
-1.530663999999999987e+03
-1.510988000000000056e+03
-1.521753999999999905e+03
