1.321690000000000111e+02
1.206598999999999933e+02
1.032105999999999995e+02
7.833614000000000033e+01
9.355785000000000196e+01
7.685110000000000241e+01
6.237189999999999657e+01
6.682703999999999667e+01
5.197659000000000162e+01
2.190441999999999823e+01
3.378477999999999781e+01
4.974902000000000157e+01
4.566514999999999702e+01
1.485045000000000037e+01
4.715019000000000204e+01
2.264694000000000074e+01
1.596424000000000021e+01
-5.940000000000000391e+00
-9.281250000000000000e+00
-3.007124999999999915e+01
-1.707750000000000057e+01
-3.526874999999999716e+01
-2.710125000000000028e+01
-2.153249999999999886e+01
-4.269375000000000142e+01
-4.677750000000000341e+01
-3.675374999999999659e+01
-6.608249999999999602e+01
-5.902875000000000227e+01
-5.049000000000000199e+01
-5.902875000000000227e+01
-6.719625000000000625e+01
-9.169875000000000398e+01
-9.912375000000000114e+01
-1.032074999999999960e+02
-9.132750000000000057e+01
-1.028362999999999943e+02
-9.318375000000000341e+01
-8.353125000000000000e+01
-1.017224999999999966e+02
-1.106324999999999932e+02
-1.035788000000000011e+02
-1.332786999999999864e+02
-1.113750000000000000e+02
-1.288237000000000023e+02
-1.303086999999999875e+02
-1.492425000000000068e+02
-1.165725000000000051e+02
-1.407038000000000011e+02
-1.529550000000000125e+02
-1.265962999999999994e+02
-1.566674999999999898e+02
-1.477574999999999932e+02
-1.715175000000000125e+02
-1.685475000000000136e+02
-1.473862000000000023e+02
-1.488711999999999875e+02
-1.644636999999999887e+02
-1.548112000000000137e+02
-1.522125000000000057e+02
-1.826550000000000011e+02
-1.807988000000000000e+02
-1.637213000000000136e+02
-1.696613000000000113e+02
-1.633499999999999943e+02
-1.889661999999999864e+02
-1.852538000000000125e+02
-1.945349999999999966e+02
-1.960200000000000102e+02
-1.830261999999999887e+02
-2.056725000000000136e+02
-1.893375000000000057e+02
-2.053012999999999977e+02
-2.038163000000000125e+02
-2.015886999999999887e+02
-2.253488000000000113e+02
-2.123549999999999898e+02
-2.038163000000000125e+02
-1.971338000000000079e+02
-2.153249999999999886e+02
-2.067863000000000113e+02
-2.142112999999999943e+02
-2.335163000000000011e+02
-2.324025000000000034e+02
-2.294325000000000045e+02
-2.075286999999999864e+02
-2.342588000000000079e+02
-2.234925000000000068e+02
-2.364863000000000000e+02
-2.368574999999999875e+02
-2.164387999999999863e+02
-2.294325000000000045e+02
-1.997324999999999875e+02
-2.324025000000000034e+02
-2.153249999999999886e+02
-1.759724999999999966e+02
-1.930500000000000114e+02
-2.346299999999999955e+02
-2.001037000000000035e+02
-2.053012999999999977e+02
-2.075286999999999864e+02
-2.067863000000000113e+02
-2.190374999999999943e+02
-2.175525000000000091e+02
-2.182949999999999875e+02
-2.220074999999999932e+02
-2.283188000000000102e+02
-2.127263000000000090e+02
-2.231211999999999875e+02
-2.260911999999999864e+02
-2.156963000000000079e+02
-2.260911999999999864e+02
-2.223788000000000125e+02
-2.301750000000000114e+02
-2.557913000000000068e+02
-2.427975000000000136e+02
-2.171812999999999931e+02
-2.082712999999999965e+02
-2.134687999999999874e+02
-1.748586999999999989e+02
-1.793137999999999863e+02
-1.993613000000000000e+02
-1.781999999999999886e+02
-1.807988000000000000e+02
-1.897087999999999965e+02
-2.019600000000000080e+02
-1.830261999999999887e+02
-1.770862999999999943e+02
-1.819124999999999943e+02
-1.882238000000000113e+02
-1.867387999999999977e+02
-1.908224999999999909e+02
-1.885949999999999989e+02
-1.752299999999999898e+02
-1.744875000000000114e+02
-1.626074999999999875e+02
-1.852538000000000125e+02
-1.815412000000000035e+02
-1.741162999999999954e+02
-1.885949999999999989e+02
-1.811699999999999875e+02
-1.885949999999999989e+02
-2.079000000000000057e+02
-1.763437999999999874e+02
-1.982475000000000023e+02
-2.004749999999999943e+02
-1.934211999999999989e+02
-1.796850000000000023e+02
-2.075286999999999864e+02
-1.908224999999999909e+02
-1.429311999999999898e+02
-1.544399999999999977e+02
-1.919362000000000137e+02
-1.626074999999999875e+02
-1.670625000000000000e+02
-1.930500000000000114e+02
-1.767150000000000034e+02
-1.793137999999999863e+02
-1.845112000000000023e+02
-1.756013000000000090e+02
-1.715175000000000125e+02
-1.845112000000000023e+02
-1.941638000000000090e+02
-2.027024999999999864e+02
-2.156963000000000079e+02
-1.967624999999999886e+02
-2.119836999999999989e+02
-2.156963000000000079e+02
-1.897087999999999965e+02
-2.093849999999999909e+02
-2.038163000000000125e+02
-1.867387999999999977e+02
-1.982475000000000023e+02
-1.477574999999999932e+02
-1.347637000000000000e+02
-1.407038000000000011e+02
-1.499850000000000136e+02
-1.403325000000000102e+02
-1.533262000000000000e+02
-1.407038000000000011e+02
-1.622363000000000000e+02
-1.681762999999999977e+02
-1.704036999999999864e+02
-1.503562000000000012e+02
-1.603799999999999955e+02
-1.830261999999999887e+02
-1.778288000000000011e+02
-1.559250000000000114e+02
-1.640925000000000011e+02
-1.700324999999999989e+02
-1.663199999999999932e+02
-1.663199999999999932e+02
-1.666913000000000125e+02
-1.633499999999999943e+02
-1.752299999999999898e+02
-1.473862000000000023e+02
-1.841399999999999864e+02
-1.399612999999999943e+02
-1.459011999999999887e+02
-1.551825000000000045e+02
-1.577812999999999874e+02
-1.451588000000000136e+02
-1.551825000000000045e+02
-1.689187000000000012e+02
-1.741162999999999954e+02
-1.392187999999999874e+02
-1.685475000000000136e+02
-1.629787000000000035e+02
-1.410749999999999886e+02
-1.741162999999999954e+02
-1.748586999999999989e+02
-1.440449999999999875e+02
-1.744875000000000114e+02
-1.744875000000000114e+02
-1.585237999999999943e+02
-1.889661999999999864e+02
-1.733737000000000137e+02
-1.559250000000000114e+02
-1.692899999999999920e+02
-1.663199999999999932e+02
-1.696613000000000113e+02
-1.655774999999999864e+02
-1.577812999999999874e+02
-1.433025000000000091e+02
-1.503562000000000012e+02
-1.878524999999999920e+02
-1.796850000000000023e+02
-1.674336999999999875e+02
-1.800562999999999931e+02
-1.741162999999999954e+02
-1.830261999999999887e+02
-1.856250000000000000e+02
-1.730024999999999977e+02
-1.997324999999999875e+02
-1.744875000000000114e+02
-1.852538000000000125e+02
-2.086425000000000125e+02
-1.763437999999999874e+02
-1.807988000000000000e+02
-2.082712999999999965e+02
-2.104987000000000137e+02
-1.718887000000000000e+02
-1.800562999999999931e+02
-1.774575000000000102e+02
-1.581525000000000034e+02
-1.670625000000000000e+02
-1.900800000000000125e+02
-1.796850000000000023e+02
-1.674336999999999875e+02
-1.856250000000000000e+02
-1.793137999999999863e+02
-1.863675000000000068e+02
-1.763437999999999874e+02
-1.600088000000000079e+02
-1.522125000000000057e+02
-1.414463000000000079e+02
-1.291949999999999932e+02
-1.455300000000000011e+02
-1.499850000000000136e+02
-1.455300000000000011e+02
-1.570388000000000090e+02
-1.507274999999999920e+02
-1.221413000000000011e+02
-1.566674999999999898e+02
-1.477574999999999932e+02
-1.473862000000000023e+02
-1.336500000000000057e+02
-1.551825000000000045e+02
-1.555537999999999954e+02
-1.444162000000000035e+02
-1.451588000000000136e+02
-1.581525000000000034e+02
-1.689187000000000012e+02
-1.600088000000000079e+02
-1.577812999999999874e+02
-1.715175000000000125e+02
-1.485000000000000000e+02
-1.648350000000000080e+02
-1.555537999999999954e+02
-1.700324999999999989e+02
-1.670625000000000000e+02
-1.659487000000000023e+02
-1.403325000000000102e+02
-1.588950000000000102e+02
-1.629787000000000035e+02
-1.384763000000000090e+02
-1.562961999999999989e+02
-1.603799999999999955e+02
-1.507274999999999920e+02
-1.603799999999999955e+02
-1.659487000000000023e+02
-1.596374999999999886e+02
-1.681762999999999977e+02
-1.692899999999999920e+02
-1.574099999999999966e+02
-1.225125000000000028e+02
-1.288237000000000023e+02
-1.091474999999999937e+02
-1.084050000000000011e+02
-1.147162000000000006e+02
-1.251113000000000000e+02
-1.217699999999999960e+02
-1.121175000000000068e+02
-1.058062999999999931e+02
-1.336500000000000057e+02
-1.247399999999999949e+02
-1.165725000000000051e+02
-1.009800000000000040e+02
-1.399612999999999943e+02
-1.254825000000000017e+02
-1.154586999999999932e+02
-1.050638000000000005e+02
-1.202849999999999966e+02
-1.191711999999999989e+02
-9.615375000000000227e+01
-1.050638000000000005e+02
-1.080337999999999994e+02
-1.199137000000000057e+02
-1.217699999999999960e+02
-1.106324999999999932e+02
-1.173149999999999977e+02
-1.217699999999999960e+02
-1.303086999999999875e+02
-1.280812999999999988e+02
-1.351349999999999909e+02
-1.143449999999999989e+02
-1.258538000000000068e+02
-1.321649999999999920e+02
-1.251113000000000000e+02
-1.139737999999999971e+02
-1.128599999999999994e+02
-1.284524999999999864e+02
-1.147162000000000006e+02
-1.429311999999999898e+02
-1.150875000000000057e+02
-1.150875000000000057e+02
-1.336500000000000057e+02
-1.332786999999999864e+02
-1.228837999999999937e+02
-1.284524999999999864e+02
-1.113750000000000000e+02
-1.169437000000000069e+02
-1.124887999999999977e+02
-1.295663000000000125e+02
-1.139737999999999971e+02
-1.143449999999999989e+02
-1.295663000000000125e+02
-1.191711999999999989e+02
-1.288237000000000023e+02
-1.184287000000000063e+02
-1.173149999999999977e+02
-1.202849999999999966e+02
-1.202849999999999966e+02
-1.202849999999999966e+02
-1.310512999999999977e+02
-1.232549999999999955e+02
-1.221413000000000011e+02
-1.273388000000000062e+02
-1.180575000000000045e+02
-1.217699999999999960e+02
-1.202849999999999966e+02
-1.239975000000000023e+02
-1.117463000000000051e+02
-1.180575000000000045e+02
-1.158299999999999983e+02
-1.139737999999999971e+02
-1.139737999999999971e+02
-1.325363000000000113e+02
-1.280812999999999988e+02
-1.065488000000000000e+02
-1.150875000000000057e+02
-1.284524999999999864e+02
-1.236263000000000005e+02
-1.065488000000000000e+02
-1.069200000000000017e+02
-1.228837999999999937e+02
-1.080337999999999994e+02
-1.028362999999999943e+02
-1.295663000000000125e+02
-1.258538000000000068e+02
-1.113750000000000000e+02
-9.652500000000000568e+01
-1.247399999999999949e+02
-1.117463000000000051e+02
-1.187999999999999972e+02
-1.221413000000000011e+02
-1.187999999999999972e+02
-1.317937000000000012e+02
-1.124887999999999977e+02
-1.072913000000000068e+02
-1.303086999999999875e+02
-1.381049999999999898e+02
-1.225125000000000028e+02
-1.110037999999999982e+02
-1.451588000000000136e+02
-1.269675000000000011e+02
-1.225125000000000028e+02
-1.362487000000000137e+02
-1.284524999999999864e+02
-1.187999999999999972e+02
-1.176861999999999995e+02
-1.147162000000000006e+02
-1.117463000000000051e+02
-1.139737999999999971e+02
-1.132313000000000045e+02
-1.154586999999999932e+02
-1.128599999999999994e+02
-1.206563000000000017e+02
-1.113750000000000000e+02
-1.217699999999999960e+02
-1.106324999999999932e+02
-1.232549999999999955e+02
