-1.930500000000000000e+03
-1.930500000000000000e+03
-1.970965999999999894e+03
-1.959458000000000084e+03
-1.965769000000000005e+03
-1.995097999999999956e+03
-1.979875999999999976e+03
-2.005492999999999938e+03
-2.024797000000000025e+03
-2.028138999999999896e+03
-2.059695000000000164e+03
-2.063036000000000058e+03
-2.048929000000000087e+03
-2.064521000000000186e+03
-2.102018000000000029e+03
-2.087909999999999854e+03
-2.069719000000000051e+03
-2.141369999999999891e+03
-2.125777999999999793e+03
-2.099789999999999964e+03
-2.145083000000000084e+03
-2.120951000000000022e+03
-2.122436000000000149e+03
-2.170327999999999975e+03
-2.161416999999999916e+03
-2.151764999999999873e+03
-2.190003999999999905e+03
-2.172554999999999836e+03
-2.195943999999999960e+03
-2.221188999999999851e+03
-2.199284999999999854e+03
-2.223045000000000073e+03
-2.254230000000000018e+03
-2.233811000000000149e+03
-2.283929999999999836e+03
-2.277248000000000047e+03
-2.255344000000000051e+03
-2.258684999999999945e+03
-2.294695999999999913e+03
-2.263510999999999967e+03
-2.245320000000000164e+03
-2.296552000000000135e+03
-2.307318999999999960e+03
-2.299521999999999935e+03
-2.322168999999999869e+03
-2.328480000000000018e+03
-2.301007999999999811e+03
-2.356324000000000069e+03
-2.349641000000000076e+03
-2.329965000000000146e+03
-2.377485000000000127e+03
-2.387509000000000015e+03
-2.377856000000000222e+03
-2.385280999999999949e+03
-2.417579999999999927e+03
-2.403472000000000207e+03
-2.422034999999999854e+03
-2.414610000000000127e+03
-2.421291999999999916e+03
-2.437626999999999953e+03
-2.439483999999999924e+03
-2.450992000000000189e+03
-2.470668999999999869e+03
-2.482177000000000135e+03
-2.472525000000000091e+03
-2.487746000000000095e+03
-2.521900999999999840e+03
-2.494429000000000087e+03
-2.522271999999999935e+03
-2.530068999999999960e+03
-2.511505999999999858e+03
-2.559025999999999840e+03
-2.549001999999999953e+03
-2.554570999999999913e+03
-2.572019999999999982e+03
-2.582043999999999869e+03
-2.563110000000000127e+03
-2.592438999999999851e+03
-2.606916999999999916e+03
-2.574989999999999782e+03
-2.577960000000000036e+03
-2.632534000000000106e+03
-2.604690000000000055e+03
-2.608773999999999887e+03
-2.645155999999999949e+03
-2.620653999999999996e+03
-2.611001000000000204e+03
-2.658893000000000029e+03
-2.657778999999999996e+03
-2.623994999999999891e+03
-2.639958999999999833e+03
-2.614342999999999847e+03
-2.654809000000000196e+03
-2.634389999999999873e+03
-2.620653999999999996e+03
-2.636617000000000189e+03
-2.678940000000000055e+03
-2.632534000000000106e+03
-2.666688999999999851e+03
-2.700101000000000113e+03
-2.711239000000000033e+03
-2.698615999999999985e+03
-2.747250000000000000e+03
-2.753190000000000055e+03
-2.714208999999999833e+03
-2.732400000000000091e+03
-2.747992000000000189e+03
-2.717550000000000182e+03
-2.697130999999999858e+03
-2.667431000000000040e+03
-2.650353999999999814e+03
-2.680795999999999822e+03
-2.700844000000000051e+03
-2.685994000000000142e+03
-2.690820000000000164e+03
-2.706413000000000011e+03
-2.679311000000000149e+03
-2.727945000000000164e+03
-2.729059000000000196e+03
-2.711610000000000127e+03
-2.742795000000000073e+03
-2.755416999999999916e+03
-2.715693999999999960e+03
-2.754675000000000182e+03
-2.760244000000000142e+03
-2.779177000000000135e+03
-2.791800000000000182e+03
-2.805164999999999964e+03
-2.810362999999999829e+03
-2.805907000000000153e+03
-2.815559999999999945e+03
-2.807021000000000186e+03
-2.779920000000000073e+03
-2.831523999999999887e+03
-2.820385999999999967e+03
-2.807393000000000029e+03
-2.839690999999999804e+03
-2.821500000000000000e+03
-2.824840999999999894e+03
-2.843403999999999996e+03
-2.826326000000000022e+03
-2.828554000000000087e+03
-2.858253999999999905e+03
-2.840434000000000196e+03
-2.824840999999999894e+03
-2.870505000000000109e+03
-2.834864999999999782e+03
-2.856768999999999778e+03
-2.858625000000000000e+03
-2.860481000000000222e+03
-2.882014000000000124e+03
-2.891295000000000073e+03
-2.893893999999999778e+03
-2.883869999999999891e+03
-2.878300999999999931e+03
-2.873846000000000004e+03
-2.896864000000000033e+03
-2.906516000000000076e+03
-2.858996000000000095e+03
-2.892780000000000200e+03
-2.906887000000000171e+03
-2.883869999999999891e+03
-2.882014000000000124e+03
-2.938072999999999865e+03
-2.932503999999999905e+03
-2.914684000000000196e+03
-2.948467999999999847e+03
-2.937701000000000022e+03
-2.928791000000000167e+03
-2.954407000000000153e+03
-2.924708000000000084e+03
-2.916539999999999964e+03
-2.930646999999999935e+03
-2.835978999999999814e+03
-2.850085999999999785e+03
-2.870876000000000204e+03
-2.845260000000000218e+03
-2.822614000000000033e+03
-2.876445000000000164e+03
-2.865679000000000087e+03
-2.870134000000000015e+03
-2.892780000000000200e+03
-2.871989999999999782e+03
-2.873103999999999814e+03
-2.920994999999999891e+03
-2.918396000000000186e+03
-2.912456000000000131e+03
-2.936215999999999894e+03
-2.906887000000000171e+03
-2.916911000000000058e+03
-2.920994999999999891e+03
-2.902432999999999993e+03
-2.896121000000000095e+03
-2.934731000000000222e+03
-2.936958999999999833e+03
-2.901690000000000055e+03
-2.934731000000000222e+03
-2.939557999999999993e+03
-2.907630000000000109e+03
-2.929163000000000011e+03
-2.954778999999999996e+03
-2.932132999999999811e+03
-2.960719000000000051e+03
-2.956264000000000124e+03
-2.958490999999999985e+03
-2.971856000000000222e+03
-2.975197999999999865e+03
-2.911713999999999942e+03
-2.930275999999999840e+03
-2.913199000000000069e+03
-2.912456000000000131e+03
-2.900204999999999927e+03
-2.924708000000000084e+03
-2.945869000000000142e+03
-2.914684000000000196e+03
-2.949210000000000036e+03
-2.923222000000000207e+03
-2.940670999999999822e+03
-2.931018999999999778e+03
-2.921365999999999985e+03
-2.954036000000000058e+03
-2.968514999999999873e+03
-2.941041999999999916e+03
-2.938072999999999865e+03
-2.982251000000000204e+03
-2.964431000000000040e+03
-2.935844999999999800e+03
-2.990418999999999869e+03
-2.978909999999999854e+03
-2.954407000000000153e+03
-2.970371000000000095e+03
-2.965545000000000073e+03
-2.967771999999999935e+03
-2.990789999999999964e+03
-2.978909999999999854e+03
-2.970742000000000189e+03
-2.997472000000000207e+03
-2.981880000000000109e+03
-2.979280999999999949e+03
-2.997844000000000051e+03
-2.971114000000000033e+03
-2.977795999999999822e+03
-2.954778999999999996e+03
-2.940670999999999822e+03
-2.965545000000000073e+03
-2.959976000000000113e+03
-2.957748999999999796e+03
-2.971856000000000222e+03
-2.981509000000000015e+03
-2.958862999999999829e+03
-2.964802000000000135e+03
-2.983735999999999876e+03
-2.964059999999999945e+03
-2.971485000000000127e+03
-2.992275000000000091e+03
-3.000070999999999913e+03
-2.988563000000000102e+03
-2.979652999999999793e+03
-3.000070999999999913e+03
-2.998215000000000146e+03
-2.994873999999999796e+03
-2.988190999999999804e+03
-2.975568999999999960e+03
-3.029771000000000186e+03
-3.015664000000000215e+03
-2.963318000000000211e+03
-3.016777999999999793e+03
-2.993389000000000124e+03
-2.978166999999999916e+03
-3.003784000000000106e+03
-3.003784000000000106e+03
-2.981880000000000109e+03
-2.997101000000000113e+03
-2.999699999999999818e+03
-3.003413000000000011e+03
-3.042021999999999935e+03
-3.016034999999999854e+03
-3.008610000000000127e+03
-3.024945000000000164e+03
-3.018262000000000171e+03
-3.018634000000000015e+03
-3.022346000000000004e+03
-3.025688000000000102e+03
-3.008610000000000127e+03
-3.021974999999999909e+03
-3.031255999999999858e+03
-2.965545000000000073e+03
-2.971114000000000033e+03
-2.954036000000000058e+03
-2.913570000000000164e+03
-2.912456000000000131e+03
-2.941414000000000215e+03
-2.906516000000000076e+03
-2.915054999999999836e+03
-2.952179999999999836e+03
-2.909114999999999782e+03
-2.928791000000000167e+03
-2.965173999999999978e+03
-2.910228999999999814e+03
-2.892409000000000106e+03
-2.914684000000000196e+03
-2.873846000000000004e+03
-2.886469000000000051e+03
-2.900947999999999865e+03
-2.883869999999999891e+03
-2.902432999999999993e+03
-2.906887000000000171e+03
-2.901318999999999960e+03
-2.900576000000000022e+03
-2.917653999999999996e+03
-2.923222000000000207e+03
-2.888324999999999818e+03
-2.905030999999999949e+03
-2.908373000000000047e+03
-2.908001000000000204e+03
-2.922108999999999924e+03
-2.931760999999999967e+03
-2.888324999999999818e+03
-2.933989000000000033e+03
-2.944384000000000015e+03
-2.909485999999999876e+03
-2.959233999999999924e+03
-2.946981999999999971e+03
-2.915054999999999836e+03
-2.958119999999999891e+03
-2.955150000000000091e+03
-2.931018999999999778e+03
-2.970371000000000095e+03
-2.986335000000000036e+03
-2.958490999999999985e+03
-2.964431000000000040e+03
-2.964431000000000040e+03
-2.944012000000000171e+03
-2.984106999999999971e+03
-2.992646000000000186e+03
-2.997844000000000051e+03
-2.999329000000000178e+03
-2.991161000000000058e+03
-2.995244999999999891e+03
-3.006382999999999811e+03
-3.012322999999999865e+03
-3.003784000000000106e+03
-3.019748000000000047e+03
-2.998215000000000146e+03
-2.951809000000000196e+03
-2.976682999999999993e+03
-2.981509000000000015e+03
-2.977795999999999822e+03
-2.994130999999999858e+03
-2.999329000000000178e+03
-2.987077999999999975e+03
-3.003041000000000167e+03
-3.003413000000000011e+03
-3.000443000000000211e+03
-3.023831000000000131e+03
-3.026429999999999836e+03
-3.018634000000000015e+03
-3.031255999999999858e+03
-3.047963000000000193e+03
-3.034969000000000051e+03
-3.023460000000000036e+03
-3.043878999999999905e+03
-3.032740999999999985e+03
-3.046106000000000222e+03
-3.057985999999999876e+03
-3.038309999999999945e+03
-3.054273999999999887e+03
-3.084344999999999800e+03
-3.064297999999999774e+03
-3.096224999999999909e+03
-3.087315000000000055e+03
-3.082117000000000189e+03
-3.099938000000000102e+03
-3.087686000000000149e+03
-3.103278999999999996e+03
-3.112559999999999945e+03
-3.105876999999999953e+03
-3.100309000000000196e+03
-3.105505999999999858e+03
-3.063554999999999836e+03
-3.013436000000000149e+03
-3.027543999999999869e+03
-3.056873000000000047e+03
-3.014920999999999822e+03
-3.024574000000000069e+03
-3.061327999999999975e+03
-3.026429999999999836e+03
-3.043878999999999905e+03
-3.057244000000000142e+03
-3.050561000000000149e+03
-3.056130000000000109e+03
-3.079889999999999873e+03
-3.064297999999999774e+03
-3.074320999999999913e+03
-3.082489000000000033e+03
-3.059471000000000004e+03
-3.059471000000000004e+03
-3.070237999999999829e+03
-3.079518999999999778e+03
-3.038681000000000040e+03
-3.077291000000000167e+03
-3.083603000000000065e+03
-3.037195999999999913e+03
-3.076177000000000135e+03
-3.076548999999999978e+03
-3.052416999999999916e+03
-3.091027999999999793e+03
-3.052789000000000215e+03
-3.037195999999999913e+03
-3.074693000000000211e+03
-3.057985999999999876e+03
-3.060585000000000036e+03
