-5.642999999999999545e+02
-5.821200000000000045e+02
-6.147899999999999636e+02
-5.965987999999999829e+02
-5.917725000000000364e+02
-6.374362999999999602e+02
-5.932575000000000500e+02
-5.958563000000000329e+02
-6.088500000000000227e+02
-6.337237999999999829e+02
-5.988261999999999716e+02
-5.802636999999999716e+02
-6.159036999999999580e+02
-6.144188000000000329e+02
-6.055086999999999762e+02
-6.318674999999999500e+02
-6.229574999999999818e+02
-5.858324999999999818e+02
-6.274125000000000227e+02
-6.348374999999999773e+02
-6.129338000000000193e+02
-6.311250000000000000e+02
-6.307537999999999556e+02
-6.296399999999999864e+02
-6.077363000000000284e+02
-6.051375000000000455e+02
-6.344661999999999580e+02
-6.288975000000000364e+02
-6.110774999999999864e+02
-6.207300000000000182e+02
-6.344661999999999580e+02
-5.991974999999999909e+02
-6.077363000000000284e+02
-6.248138000000000147e+02
-6.270412999999999784e+02
-6.366938000000000102e+02
-6.389212999999999738e+02
-6.288975000000000364e+02
-6.574837999999999738e+02
-6.467174999999999727e+02
-6.214724999999999682e+02
-6.519149999999999636e+02
-6.574837999999999738e+02
-6.300112000000000307e+02
-6.526575000000000273e+02
-6.489450000000000500e+02
-6.389212999999999738e+02
-6.326100000000000136e+02
-6.459750000000000227e+02
-6.181312000000000353e+02
-6.177599999999999909e+02
-6.511725000000000136e+02
-6.192450000000000045e+02
-6.392925000000000182e+02
-6.767888000000000375e+02
-6.448613000000000284e+02
-6.504299999999999500e+02
-6.701063000000000329e+02
-6.348374999999999773e+02
-6.485737000000000307e+02
-6.526575000000000273e+02
-6.478311999999999671e+02
-6.741900000000000546e+02
-6.578550000000000182e+02
-6.634238000000000284e+02
-6.515438000000000329e+02
-6.708487999999999829e+02
-6.656512000000000171e+02
-6.604537000000000262e+02
-6.478311999999999671e+02
-6.608250000000000455e+02
-6.745612999999999602e+02
-6.526575000000000273e+02
-6.508012999999999693e+02
-6.552563000000000102e+02
-6.441187999999999647e+02
-6.500588000000000193e+02
-6.682500000000000000e+02
-6.682500000000000000e+02
-6.637949999999999591e+02
-6.541425000000000409e+02
-6.767888000000000375e+02
-6.756749999999999545e+02
-6.652799999999999727e+02
-6.834713000000000420e+02
-6.782736999999999625e+02
-6.801299999999999955e+02
-6.882975000000000136e+02
-6.734474999999999909e+02
-7.005488000000000284e+02
-7.057463000000000193e+02
-6.934950000000000045e+02
-6.563700000000000045e+02
-6.634238000000000284e+02
-6.545136999999999716e+02
-6.344661999999999580e+02
-6.437474999999999454e+02
-6.418912000000000262e+02
-6.311250000000000000e+02
-6.400349999999999682e+02
-6.363224999999999909e+02
-6.537712000000000216e+02
-6.567413000000000238e+02
-6.567413000000000238e+02
-6.500588000000000193e+02
-6.775312999999999874e+02
-6.493162999999999556e+02
-6.660225000000000364e+02
-6.753038000000000238e+02
-6.712200000000000273e+02
-6.649088000000000420e+02
-6.868125000000000000e+02
-6.675075000000000500e+02
-6.630525000000000091e+02
-6.693637999999999693e+02
-6.712200000000000273e+02
-6.663936999999999671e+02
-6.771599999999999682e+02
-6.749325000000000045e+02
-6.723337000000000216e+02
-6.805013000000000147e+02
-6.827287999999999784e+02
-6.853274999999999864e+02
-6.775312999999999874e+02
-6.953513000000000375e+02
-6.882975000000000136e+02
-6.882975000000000136e+02
-6.856987000000000307e+02
-6.916386999999999716e+02
-7.016625000000000227e+02
-6.775312999999999874e+02
-6.782736999999999625e+02
-6.998062999999999647e+02
-6.871838000000000193e+02
-6.972074999999999818e+02
-7.020338000000000420e+02
-7.009199999999999591e+02
-6.663936999999999671e+02
-7.131712999999999738e+02
-7.205963000000000420e+02
-7.076024999999999636e+02
-6.927525000000000546e+02
-6.849561999999999671e+02
-6.541425000000000409e+02
-6.485737000000000307e+02
-6.645375000000000227e+02
-6.723337000000000216e+02
-6.478311999999999671e+02
-6.556275000000000546e+02
-6.671362000000000307e+02
-6.548849999999999909e+02
-6.619388000000000147e+02
-6.634238000000000284e+02
-6.652799999999999727e+02
-6.504299999999999500e+02
-6.430049999999999955e+02
-6.637949999999999591e+02
-6.467174999999999727e+02
-6.504299999999999500e+02
-6.448613000000000284e+02
-6.626812999999999647e+02
-6.582263000000000375e+02
-6.678787999999999556e+02
-6.753038000000000238e+02
-6.578550000000000182e+02
-6.797586999999999762e+02
-6.760462999999999738e+02
-6.686213000000000193e+02
-6.753038000000000238e+02
-6.894112999999999829e+02
-6.567413000000000238e+02
-6.478311999999999671e+02
-6.667649999999999864e+02
-6.689924999999999500e+02
-6.723337000000000216e+02
-6.741900000000000546e+02
-6.741900000000000546e+02
-6.675075000000000500e+02
-6.767888000000000375e+02
-6.834713000000000420e+02
-6.697350000000000136e+02
-6.875549999999999500e+02
-6.871838000000000193e+02
-6.838424999999999727e+02
-6.812437999999999647e+02
-6.749325000000000045e+02
-6.927525000000000546e+02
-7.038899999999999864e+02
-6.834713000000000420e+02
-6.957224999999999682e+02
-6.949800000000000182e+02
-6.875549999999999500e+02
-6.949800000000000182e+02
-6.927525000000000546e+02
-6.808724999999999454e+02
-6.912675000000000409e+02
-6.972074999999999818e+02
-6.953513000000000375e+02
-6.864412999999999556e+02
-6.957224999999999682e+02
-6.990638000000000147e+02
-6.897825000000000273e+02
-6.983211999999999762e+02
-6.834713000000000420e+02
-6.882975000000000136e+02
-6.934950000000000045e+02
-6.875549999999999500e+02
-6.983211999999999762e+02
-7.094587000000000216e+02
-6.842137000000000171e+02
-6.938663000000000238e+02
-7.102011999999999716e+02
-6.901536999999999580e+02
-6.793875000000000455e+02
-7.087161999999999580e+02
-6.920099999999999909e+02
-6.953513000000000375e+02
-7.005488000000000284e+02
-7.098300000000000409e+02
-7.031475000000000364e+02
-6.689924999999999500e+02
-6.378075000000000045e+02
-6.322387999999999693e+02
-6.552563000000000102e+02
-6.392925000000000182e+02
-6.366938000000000102e+02
-6.730761999999999716e+02
-6.793875000000000455e+02
-6.574837999999999738e+02
-6.719624999999999773e+02
-6.894112999999999829e+02
-6.619388000000000147e+02
-6.656512000000000171e+02
-6.708487999999999829e+02
-6.682500000000000000e+02
-6.611961999999999762e+02
-6.738188000000000102e+02
-6.697350000000000136e+02
-6.634238000000000284e+02
-6.660225000000000364e+02
-6.597111999999999625e+02
-6.727050000000000409e+02
-6.871838000000000193e+02
-6.615674999999999955e+02
-6.786449999999999818e+02
-6.853274999999999864e+02
-6.701063000000000329e+02
-6.823574999999999591e+02
-6.801299999999999955e+02
-6.812437999999999647e+02
-6.901536999999999580e+02
-6.856987000000000307e+02
-6.641662999999999784e+02
-6.845850000000000364e+02
-6.972074999999999818e+02
-6.868125000000000000e+02
-7.005488000000000284e+02
-6.994349999999999454e+02
-6.611961999999999762e+02
-6.957224999999999682e+02
-6.942374999999999545e+02
-6.897825000000000273e+02
-6.975787000000000262e+02
-6.920099999999999909e+02
-6.849561999999999671e+02
-6.960937999999999874e+02
-6.983211999999999762e+02
-6.882975000000000136e+02
-6.838424999999999727e+02
-7.057463000000000193e+02
-6.823574999999999591e+02
-6.897825000000000273e+02
-6.905249999999999773e+02
-6.812437999999999647e+02
-6.979500000000000455e+02
-7.146562999999999874e+02
-6.994349999999999454e+02
-7.124288000000000238e+02
-7.116862999999999602e+02
-7.005488000000000284e+02
-7.035186999999999671e+02
-7.183687999999999647e+02
-7.064887999999999693e+02
-7.102011999999999716e+02
-7.050037999999999556e+02
-6.916386999999999716e+02
-7.038899999999999864e+02
-7.035186999999999671e+02
-6.879262999999999693e+02
-6.868125000000000000e+02
-6.953513000000000375e+02
-6.856987000000000307e+02
-6.756749999999999545e+02
-6.938663000000000238e+02
-6.782736999999999625e+02
-6.990638000000000147e+02
-6.931237999999999602e+02
-6.779025000000000318e+02
-6.990638000000000147e+02
-7.057463000000000193e+02
-6.882975000000000136e+02
-6.853274999999999864e+02
-7.139138000000000375e+02
-6.886688000000000329e+02
-6.868125000000000000e+02
-6.942374999999999545e+02
-6.827287999999999784e+02
-6.834713000000000420e+02
-6.994349999999999454e+02
-6.882975000000000136e+02
-7.064887999999999693e+02
-7.027762000000000171e+02
-6.819863000000000284e+02
-6.760462999999999738e+02
-7.057463000000000193e+02
-6.920099999999999909e+02
-6.868125000000000000e+02
-6.953513000000000375e+02
-7.094587000000000216e+02
-6.931237999999999602e+02
-7.053750000000000000e+02
-6.983211999999999762e+02
-6.790162000000000262e+02
-6.927525000000000546e+02
-6.797586999999999762e+02
-6.645375000000000227e+02
-7.090874999999999773e+02
-6.975787000000000262e+02
-6.790162000000000262e+02
-6.975787000000000262e+02
-6.842137000000000171e+02
-6.923813000000000102e+02
-6.990638000000000147e+02
-7.020338000000000420e+02
-6.894112999999999829e+02
-6.912675000000000409e+02
-6.927525000000000546e+02
-6.894112999999999829e+02
-6.979500000000000455e+02
-6.771599999999999682e+02
-6.968361999999999625e+02
-6.983211999999999762e+02
-6.868125000000000000e+02
-6.838424999999999727e+02
-7.165125000000000455e+02
-6.730761999999999716e+02
-6.842137000000000171e+02
-7.035186999999999671e+02
-6.979500000000000455e+02
-6.853274999999999864e+02
-7.165125000000000455e+02
-6.979500000000000455e+02
-7.087161999999999580e+02
-7.239375000000000000e+02
-7.261649999999999636e+02
-7.016625000000000227e+02
-7.105724999999999909e+02
-7.198537999999999784e+02
-7.102011999999999716e+02
-7.016625000000000227e+02
-7.005488000000000284e+02
-7.176263000000000147e+02
-7.053750000000000000e+02
-7.139138000000000375e+02
-7.087161999999999580e+02
-7.376738000000000284e+02
-7.046325000000000500e+02
-7.042612000000000307e+02
-7.191113000000000284e+02
-6.563700000000000045e+02
-6.663936999999999671e+02
-6.730761999999999716e+02
-6.797586999999999762e+02
-6.675075000000000500e+02
-6.600824999999999818e+02
-6.619388000000000147e+02
-6.537712000000000216e+02
-6.619388000000000147e+02
-6.552563000000000102e+02
-6.474600000000000364e+02
-6.693637999999999693e+02
-6.637949999999999591e+02
-6.585974999999999682e+02
-6.704774999999999636e+02
-6.482024999999999864e+02
-6.448613000000000284e+02
-6.389212999999999738e+02
-6.500588000000000193e+02
-6.448613000000000284e+02
-6.615674999999999955e+02
-6.508012999999999693e+02
-6.496875000000000000e+02
-6.504299999999999500e+02
-6.626812999999999647e+02
-6.333524999999999636e+02
-6.426336999999999762e+02
-6.478311999999999671e+02
-6.437474999999999454e+02
-6.344661999999999580e+02
-6.396638000000000375e+02
-6.496875000000000000e+02
-6.515438000000000329e+02
-6.611961999999999762e+02
-6.578550000000000182e+02
-6.519149999999999636e+02
-6.652799999999999727e+02
-6.400349999999999682e+02
-6.441187999999999647e+02
-6.437474999999999454e+02
-6.340950000000000273e+02
-6.366938000000000102e+02
-6.537712000000000216e+02
