-1.829519999999999982e+03
-1.828777000000000044e+03
-1.834346000000000004e+03
-1.862560999999999922e+03
-1.882608999999999924e+03
-1.859962999999999965e+03
-1.876669000000000096e+03
-1.907111000000000104e+03
-1.865160000000000082e+03
-1.901541999999999916e+03
-1.925301999999999907e+03
-1.916393000000000029e+03
-1.934212999999999965e+03
-1.959828999999999951e+03
-1.927901000000000067e+03
-1.940523999999999887e+03
-1.960942999999999984e+03
-1.948691000000000031e+03
-1.995469000000000051e+03
-2.029994999999999891e+03
-1.996583000000000084e+03
-1.977277000000000044e+03
-2.039646999999999935e+03
-2.029624000000000024e+03
-2.021827999999999975e+03
-2.047443999999999960e+03
-2.017000999999999976e+03
-2.043730999999999995e+03
-2.041875000000000000e+03
-2.058210000000000036e+03
-2.051155999999999949e+03
-2.095335000000000036e+03
-2.130231999999999971e+03
-2.103130999999999858e+03
-2.151764999999999873e+03
-2.157333999999999833e+03
-2.156590999999999894e+03
-2.216733999999999924e+03
-2.192974000000000160e+03
-2.163644999999999982e+03
-2.213764000000000124e+03
-2.225643999999999778e+03
-2.209309000000000196e+03
-2.247547999999999774e+03
-2.273164000000000215e+03
-2.238266000000000076e+03
-2.255344000000000051e+03
-2.271679000000000087e+03
-2.266481000000000222e+03
-2.280588999999999942e+03
-2.292097000000000207e+03
-2.286157000000000153e+03
-2.266481000000000222e+03
-2.300264999999999873e+03
-2.308432999999999993e+03
-2.308061000000000149e+03
-2.291726000000000113e+03
-2.298038000000000011e+03
-2.315114999999999782e+03
-2.325139000000000124e+03
-2.346670999999999822e+03
-2.377114000000000033e+03
-2.367833000000000084e+03
-2.350012000000000171e+03
-2.389735999999999876e+03
-2.389735999999999876e+03
-2.339617000000000189e+03
-2.402358999999999924e+03
-2.400501999999999953e+03
-2.381197999999999865e+03
-2.357065999999999804e+03
-2.379711999999999989e+03
-2.402358999999999924e+03
-2.406813999999999851e+03
-2.418693999999999960e+03
-2.433172999999999774e+03
-2.424634000000000015e+03
-2.425748000000000047e+03
-2.460644999999999982e+03
-2.472525000000000091e+03
-2.485889999999999873e+03
-2.473268000000000029e+03
-2.485889999999999873e+03
-2.512248999999999796e+03
-2.456932999999999993e+03
-2.485518999999999778e+03
-2.501853999999999814e+03
-2.495914000000000215e+03
-2.507793999999999869e+03
-2.520416000000000167e+03
-2.497027999999999793e+03
-2.523757999999999811e+03
-2.534894999999999982e+03
-2.506679999999999836e+03
-2.557913000000000011e+03
-2.562739000000000033e+03
-2.564594999999999800e+03
-2.567936000000000149e+03
-2.592068000000000211e+03
-2.560882999999999811e+03
-2.547146000000000186e+03
-2.593552000000000135e+03
-2.585385000000000218e+03
-2.551601000000000113e+03
-2.598007999999999811e+03
-2.595409000000000106e+03
-2.601349000000000160e+03
-2.628079000000000178e+03
-2.647384000000000015e+03
-2.599121000000000095e+03
-2.663347000000000207e+03
-2.656664999999999964e+03
-2.664090000000000146e+03
-2.655922999999999774e+03
-2.683023999999999887e+03
-2.647755000000000109e+03
-2.657036000000000058e+03
-2.668173999999999978e+03
-2.652952999999999975e+03
-2.653695000000000164e+03
-2.647012000000000171e+03
-2.657778999999999996e+03
-2.697130999999999858e+03
-2.705298999999999978e+03
-2.694161000000000058e+03
-2.736483999999999924e+03
-2.752447999999999865e+03
-2.750590999999999894e+03
-2.752447999999999865e+03
-2.720148999999999887e+03
-2.752818999999999960e+03
-2.784746000000000095e+03
-2.795512000000000171e+03
-2.766554999999999836e+03
-2.796255000000000109e+03
-2.838949000000000069e+03
-2.789943999999999960e+03
-2.852313999999999851e+03
-2.843403999999999996e+03
-2.809990999999999985e+03
-2.825213000000000193e+03
-2.847115999999999985e+03
-2.767297999999999774e+03
-2.799967999999999847e+03
-2.785117000000000189e+03
-2.760244000000000142e+03
-2.826697999999999865e+03
-2.821871000000000095e+03
-2.782518999999999778e+03
-2.820757999999999811e+03
-2.808135000000000218e+03
-2.773980000000000018e+03
-2.806278999999999996e+03
-2.842661000000000058e+03
-2.798481999999999971e+03
-2.795141000000000076e+03
-2.837835000000000036e+03
-2.794027999999999793e+03
-2.802195000000000164e+03
-2.808505999999999858e+03
-2.737969000000000051e+03
-2.763585000000000036e+03
-2.795512000000000171e+03
-2.758387000000000171e+03
-2.779548999999999978e+03
-2.846373999999999796e+03
-2.803679999999999836e+03
-2.788458999999999833e+03
-2.820757999999999811e+03
-2.810362999999999829e+03
-2.827068999999999960e+03
-2.819271999999999935e+03
-2.815188999999999851e+03
-2.807021000000000186e+03
-2.809990999999999985e+03
-2.811847000000000207e+03
-2.772494999999999891e+03
-2.799224999999999909e+03
-2.789201000000000022e+03
-2.800338999999999942e+03
-2.827440000000000055e+03
-2.838949000000000069e+03
-2.838206000000000131e+03
-2.868277999999999793e+03
-2.851199999999999818e+03
-2.833009000000000015e+03
-2.868648999999999887e+03
-2.851943000000000211e+03
-2.838949000000000069e+03
-2.807764000000000124e+03
-2.798110999999999876e+03
-2.792541999999999916e+03
-2.814818000000000211e+03
-2.730172999999999774e+03
-2.693047999999999774e+03
-2.734255999999999858e+03
-2.753932999999999993e+03
-2.711610000000000127e+03
-2.754675000000000182e+03
-2.750590999999999894e+03
-2.694161000000000058e+03
-2.707896999999999935e+03
-2.755416999999999916e+03
-2.733885000000000218e+03
-2.744650999999999840e+03
-2.738340000000000146e+03
-2.748735000000000127e+03
-2.750219999999999800e+03
-2.757644999999999982e+03
-2.759130000000000109e+03
-2.771380999999999858e+03
-2.763213999999999942e+03
-2.727945000000000164e+03
-2.765813000000000102e+03
-2.778434999999999945e+03
-2.750219999999999800e+03
-2.771010000000000218e+03
-2.771751999999999953e+03
-2.743538000000000011e+03
-2.759130000000000109e+03
-2.783632999999999811e+03
-2.749478000000000065e+03
-2.752818999999999960e+03
-2.799224999999999909e+03
-2.772494999999999891e+03
-2.752818999999999960e+03
-2.823356000000000222e+03
-2.775465000000000146e+03
-2.787715999999999894e+03
-2.816673999999999978e+03
-2.822985000000000127e+03
-2.816302000000000135e+03
-2.845260000000000218e+03
-2.859739000000000033e+03
-2.834494000000000142e+03
-2.844889000000000124e+03
-2.841175999999999931e+03
-2.877188000000000102e+03
-2.880900000000000091e+03
-2.840434000000000196e+03
-2.847858999999999924e+03
-2.852313999999999851e+03
-2.833009000000000015e+03
-2.821871000000000095e+03
-2.853056000000000040e+03
-2.857882999999999811e+03
-2.827811000000000149e+03
-2.842289999999999964e+03
-2.801824000000000069e+03
-2.827811000000000149e+03
-2.834864999999999782e+03
-2.805907000000000153e+03
-2.815188999999999851e+03
-2.823728000000000065e+03
-2.828925000000000182e+03
-2.813704000000000178e+03
-2.847115999999999985e+03
-2.828925000000000182e+03
-2.791057999999999993e+03
-2.815931000000000040e+03
-2.799596000000000004e+03
-2.801081000000000131e+03
-2.809619999999999891e+03
-2.815559999999999945e+03
-2.811476000000000113e+03
-2.810733999999999924e+03
-2.817416000000000167e+03
-2.812219000000000051e+03
-2.814445999999999913e+03
-2.823356000000000222e+03
-2.815559999999999945e+03
-2.841547999999999774e+03
-2.838949000000000069e+03
-2.848230000000000018e+03
-2.848601000000000113e+03
-2.864193999999999960e+03
-2.870505000000000109e+03
-2.866791999999999916e+03
-2.890923999999999978e+03
-2.857510999999999967e+03
-2.895378999999999905e+03
-2.876815999999999804e+03
-2.873474999999999909e+03
-2.895378999999999905e+03
-2.898349000000000160e+03
-2.877559000000000196e+03
-2.917282000000000153e+03
-2.904289000000000215e+03
-2.886840000000000146e+03
-2.923965000000000146e+03
-2.905402999999999793e+03
-2.924708000000000084e+03
-2.922851000000000113e+03
-2.921737999999999829e+03
-2.936958999999999833e+03
-2.902432999999999993e+03
-2.905030999999999949e+03
-2.917653999999999996e+03
-2.909114999999999782e+03
-2.902061000000000149e+03
-2.936215999999999894e+03
-2.903545999999999822e+03
-2.903916999999999916e+03
-2.918768000000000029e+03
-2.904659999999999854e+03
-2.885355000000000018e+03
-2.904659999999999854e+03
-2.906144999999999982e+03
-2.922851000000000113e+03
-2.907259000000000015e+03
-2.931389999999999873e+03
-2.941784999999999854e+03
-2.909114999999999782e+03
-2.930275999999999840e+03
-2.936588000000000193e+03
-2.943641000000000076e+03
-2.931389999999999873e+03
-2.952550999999999931e+03
-2.937329999999999927e+03
-2.958490999999999985e+03
-2.962945999999999913e+03
-2.906516000000000076e+03
-2.913940999999999804e+03
-2.923594000000000051e+03
-2.909485999999999876e+03
-2.912827999999999975e+03
-2.915425999999999931e+03
-2.928048999999999978e+03
-2.927677000000000135e+03
-2.899463000000000193e+03
-2.928420000000000073e+03
-2.918025000000000091e+03
-2.907630000000000109e+03
-2.905402999999999793e+03
-2.911342999999999847e+03
-2.918396000000000186e+03
-2.916168999999999869e+03
-2.913940999999999804e+03
-2.938443999999999960e+03
-2.934360000000000127e+03
-2.908373000000000047e+03
-2.945498000000000047e+03
-2.923965000000000146e+03
-2.908744000000000142e+03
-2.891295000000000073e+03
-2.870505000000000109e+03
-2.843403999999999996e+03
-2.840434000000000196e+03
-2.831523999999999887e+03
-2.824840999999999894e+03
-2.825954999999999927e+03
-2.823728000000000065e+03
-2.804422999999999774e+03
-2.811847000000000207e+03
-2.824840999999999894e+03
-2.793655999999999949e+03
-2.803309000000000196e+03
-2.817788000000000011e+03
-2.810362999999999829e+03
-2.822614000000000033e+03
-2.827068999999999960e+03
-2.784746000000000095e+03
-2.800338999999999942e+03
-2.828182999999999993e+03
-2.794398999999999887e+03
-2.814445999999999913e+03
-2.825954999999999927e+03
-2.797739999999999782e+03
-2.812219000000000051e+03
-2.833380000000000109e+03
-2.813333000000000084e+03
-2.829295999999999822e+03
-2.850085999999999785e+03
-2.818159000000000106e+03
-2.817045000000000073e+03
-2.811105000000000018e+03
-2.793284999999999854e+03
-2.791800000000000182e+03
-2.815931000000000040e+03
-2.803679999999999836e+03
-2.767668999999999869e+03
-2.802565999999999804e+03
-2.806278999999999996e+03
-2.765813000000000102e+03
-2.782146999999999935e+03
-2.786603000000000065e+03
-2.782889999999999873e+03
-2.783632999999999811e+03
-2.789943999999999960e+03
-2.746135999999999967e+03
-2.707525999999999840e+03
-2.709382999999999811e+03
-2.714579999999999927e+03
-2.708268999999999778e+03
-2.667059999999999945e+03
-2.676713000000000193e+03
-2.687478999999999814e+03
-2.673742000000000189e+03
-2.641072999999999865e+03
-2.693047999999999774e+03
-2.688963999999999942e+03
-2.653695000000000164e+03
-2.687849999999999909e+03
-2.675969999999999800e+03
-2.652581000000000131e+03
-2.682652999999999793e+03
-2.659635000000000218e+03
-2.661490999999999985e+03
-2.690449000000000069e+03
-2.684137000000000171e+03
-2.672257999999999811e+03
-2.677826000000000022e+03
