-1.611968000000000075e+03
-1.620134999999999991e+03
-1.622733999999999924e+03
-1.603429000000000087e+03
-1.628301999999999907e+03
-1.655775000000000091e+03
-1.652805000000000064e+03
-1.645380000000000109e+03
-1.724455999999999904e+03
-1.727797000000000025e+03
-1.661714999999999918e+03
-1.706635999999999967e+03
-1.766036000000000058e+03
-1.748587999999999965e+03
-1.744133000000000038e+03
-1.784228000000000065e+03
-1.776801999999999907e+03
-1.786084000000000060e+03
-1.806874000000000024e+03
-1.822837999999999965e+03
-1.794250999999999976e+03
-1.814298999999999978e+03
-1.869243999999999915e+03
-1.832118999999999915e+03
-1.809101000000000113e+03
-1.887064000000000078e+03
-1.837688000000000102e+03
-1.875183999999999969e+03
-1.894489000000000033e+03
-1.849939000000000078e+03
-1.888548999999999978e+03
-1.899685999999999922e+03
-1.888920000000000073e+03
-1.931614000000000033e+03
-1.922703999999999951e+03
-1.898943999999999960e+03
-1.946093000000000075e+03
-1.949805000000000064e+03
-1.917506000000000085e+03
-1.968367999999999938e+03
-1.963540999999999940e+03
-1.934212999999999965e+03
-1.970223999999999933e+03
-1.995097999999999956e+03
-1.964654999999999973e+03
-1.981361000000000104e+03
-2.027768000000000029e+03
-2.015516000000000076e+03
-2.012916999999999916e+03
-2.024797000000000025e+03
-2.013660000000000082e+03
-2.050041999999999916e+03
-2.048557999999999993e+03
-2.031480000000000018e+03
-2.093478999999999814e+03
-2.091994000000000142e+03
-2.051527999999999793e+03
-2.106101000000000113e+03
-2.123550000000000182e+03
-2.104987999999999829e+03
-2.118724000000000160e+03
-2.140626999999999953e+03
-2.177010000000000218e+03
-2.139514000000000124e+03
-2.177010000000000218e+03
-2.132831000000000131e+03
-2.167728999999999814e+03
-2.193344999999999800e+03
-2.169585000000000036e+03
-2.219704000000000178e+03
-2.227871000000000095e+03
-2.195201000000000022e+03
-2.215248999999999796e+03
-2.250146000000000186e+03
-2.214135000000000218e+03
-2.282074000000000069e+03
-2.260170000000000073e+03
-2.238637000000000171e+03
-2.290240999999999985e+03
-2.334048999999999978e+03
-2.273534999999999854e+03
-2.300635999999999967e+03
-2.338503999999999905e+03
-2.329965000000000146e+03
-2.335534000000000106e+03
-2.338132999999999811e+03
-2.343701000000000022e+03
-2.337389999999999873e+03
-2.346300000000000182e+03
-2.355210000000000036e+03
-2.383054000000000087e+03
-2.382682999999999993e+03
-2.335163000000000011e+03
-2.384909999999999854e+03
-2.427974999999999909e+03
-2.384166999999999916e+03
-2.417951000000000022e+03
-2.428346000000000004e+03
-2.405699999999999818e+03
-2.407927000000000135e+03
-2.443938999999999851e+03
-2.436885000000000218e+03
-2.460273999999999887e+03
-2.479579000000000178e+03
-2.442454000000000178e+03
-2.437255999999999858e+03
-2.473268000000000029e+03
-2.452478000000000065e+03
-2.456932999999999993e+03
-2.479579000000000178e+03
-2.435771000000000186e+03
-2.461387000000000171e+03
-2.490715999999999894e+03
-2.446166000000000167e+03
-2.454333999999999833e+03
-2.501481999999999971e+03
-2.474010000000000218e+03
-2.503338999999999942e+03
-2.499626000000000204e+03
-2.458416999999999916e+03
-2.439483999999999924e+03
-2.463244000000000142e+03
-2.460273999999999887e+03
-2.474010000000000218e+03
-2.499255000000000109e+03
-2.497398999999999887e+03
-2.502596000000000004e+03
-2.553458000000000084e+03
-2.531554000000000087e+03
-2.529697999999999865e+03
-2.573134000000000015e+03
-2.548260000000000218e+03
-2.486632999999999811e+03
-2.510764000000000124e+03
-2.475123999999999796e+03
-2.453219999999999800e+03
-2.498512000000000171e+03
-2.514847000000000207e+03
-2.471039999999999964e+03
-2.504081000000000131e+03
-2.508536000000000058e+03
-2.521530000000000200e+03
-2.552344000000000051e+03
-2.515219000000000051e+03
-2.523014999999999873e+03
-2.544547999999999774e+03
-2.556798999999999978e+03
-2.523757999999999811e+03
-2.547146000000000186e+03
-2.557541000000000167e+03
-2.532295999999999822e+03
-2.549744999999999891e+03
-2.556427000000000135e+03
-2.517818000000000211e+03
-2.560510999999999967e+03
-2.571277999999999793e+03
-2.537494000000000142e+03
-2.566079999999999927e+03
-2.576103999999999814e+03
-2.570534999999999854e+03
-2.579445000000000164e+03
-2.592809999999999945e+03
-2.575360999999999876e+03
-2.593181000000000040e+03
-2.566451000000000022e+03
-2.556056000000000040e+03
-2.575731999999999971e+03
-2.586498999999999796e+03
-2.589097000000000207e+03
-2.608030999999999949e+03
-2.605061000000000149e+03
-2.593552000000000135e+03
-2.616570000000000164e+03
-2.634018999999999778e+03
-2.631791000000000167e+03
-2.626965000000000146e+03
-2.663719000000000051e+03
-2.622510000000000218e+03
-2.631048999999999978e+03
-2.663719000000000051e+03
-2.628079000000000178e+03
-2.634018999999999778e+03
-2.673742000000000189e+03
-2.655550999999999931e+03
-2.635875000000000000e+03
-2.641815000000000055e+03
-2.626965000000000146e+03
-2.639958999999999833e+03
-2.664833000000000084e+03
-2.670030000000000200e+03
-2.647755000000000109e+03
-2.667802000000000135e+03
-2.666318000000000211e+03
-2.671514999999999873e+03
-2.691934000000000196e+03
-2.682652999999999793e+03
-2.691563000000000102e+03
-2.720891000000000076e+03
-2.706041000000000167e+03
-2.691190999999999804e+03
-2.722376000000000204e+03
-2.687478999999999814e+03
-2.684137000000000171e+03
-2.733514000000000124e+03
-2.696018000000000029e+03
-2.714579999999999927e+03
-2.722748000000000047e+03
-2.711610000000000127e+03
-2.727574000000000069e+03
-2.704184999999999945e+03
-2.714951000000000022e+03
-2.716436000000000149e+03
-2.717550000000000182e+03
-2.723489999999999782e+03
-2.714951000000000022e+03
-2.705298999999999978e+03
-2.740938999999999851e+03
-2.720891000000000076e+03
-2.754304000000000087e+03
-2.749478000000000065e+03
-2.732771000000000186e+03
-2.747621000000000095e+03
-2.726460000000000036e+03
-2.740195999999999913e+03
-2.749106000000000222e+03
-2.736483999999999924e+03
-2.748735000000000127e+03
-2.732028999999999996e+03
-2.698987999999999829e+03
-2.709753999999999905e+03
-2.715322999999999865e+03
-2.730543999999999869e+03
-2.734626999999999953e+03
-2.733885000000000218e+03
-2.756530999999999949e+03
-2.723860999999999876e+03
-2.762099999999999909e+03
-2.795512000000000171e+03
-2.752076000000000022e+03
-2.755045999999999822e+03
-2.790686000000000149e+03
-2.754304000000000087e+03
-2.776949999999999818e+03
-2.789572999999999865e+03
-2.769525000000000091e+03
-2.826326000000000022e+03
-2.828925000000000182e+03
-2.815931000000000040e+03
-2.815188999999999851e+03
-2.843775000000000091e+03
-2.800338999999999942e+03
-2.822985000000000127e+03
-2.832637000000000171e+03
-2.806650000000000091e+03
-2.831523999999999887e+03
-2.841547999999999774e+03
-2.851943000000000211e+03
-2.854170000000000073e+03
-2.881643000000000029e+03
-2.857510999999999967e+03
-2.870876000000000204e+03
-2.908001000000000204e+03
-2.888695999999999913e+03
-2.877188000000000102e+03
-2.925449999999999818e+03
-2.922108999999999924e+03
-2.910599999999999909e+03
-2.941784999999999854e+03
-2.934731000000000222e+03
-2.921365999999999985e+03
-2.971114000000000033e+03
-2.957376999999999953e+03
-2.958119999999999891e+03
-2.984478999999999814e+03
-2.967030000000000200e+03
-2.961090000000000146e+03
-2.977795999999999822e+03
-2.950324000000000069e+03
-2.896864000000000033e+03
-2.902804000000000087e+03
-2.873103999999999814e+03
-2.894264999999999873e+03
-2.899833999999999833e+03
-2.933246000000000095e+03
-2.915425999999999931e+03
-2.916911000000000058e+03
-2.932875000000000000e+03
-2.924708000000000084e+03
-2.930275999999999840e+03
-2.941784999999999854e+03
-2.950695000000000164e+03
-2.951438000000000102e+03
-2.942155999999999949e+03
-2.951809000000000196e+03
-2.982623000000000047e+03
-2.974826000000000022e+03
-2.984478999999999814e+03
-2.981137000000000171e+03
-2.982994000000000142e+03
-2.988934000000000196e+03
-3.001184999999999945e+03
-2.997472000000000207e+03
-2.997472000000000207e+03
-3.014920999999999822e+03
-3.004155000000000200e+03
-3.018634000000000015e+03
-3.034969000000000051e+03
-3.009724000000000160e+03
-3.019005000000000109e+03
-3.050561000000000149e+03
-3.028286000000000058e+03
-2.997844000000000051e+03
-3.022346000000000004e+03
-3.019005000000000109e+03
-3.001184999999999945e+03
-3.030143000000000029e+03
-3.025688000000000102e+03
-3.030143000000000029e+03
-3.060213999999999942e+03
-3.021974999999999909e+03
-3.039423999999999978e+03
-3.059471000000000004e+03
-3.049447999999999865e+03
-3.029028999999999996e+03
-3.053159999999999854e+03
-3.060956000000000131e+03
-3.045735000000000127e+03
-3.079518999999999778e+03
-3.092884000000000015e+03
-3.083231000000000222e+03
-3.103278999999999996e+03
-3.093255000000000109e+03
-3.073579000000000178e+03
-3.106248999999999796e+03
-3.095853999999999814e+03
-3.065411000000000058e+03
-3.104764000000000124e+03
-3.099565999999999804e+03
-3.085088000000000193e+03
-3.114788000000000011e+03
-3.129266000000000076e+03
-3.105135000000000218e+03
-3.102536000000000058e+03
-3.096224999999999909e+03
-3.077663000000000011e+03
-3.106990999999999985e+03
-3.122954999999999927e+03
-3.106248999999999796e+03
-3.116643999999999778e+03
-3.131864999999999782e+03
-3.124068999999999960e+03
-3.131123000000000047e+03
-3.157110000000000127e+03
-3.117385999999999967e+03
-3.143373999999999796e+03
-3.148199999999999818e+03
-3.140403999999999996e+03
-3.157481000000000222e+03
-3.172331000000000131e+03
-3.155625000000000000e+03
-3.170103999999999814e+03
-3.173074000000000069e+03
-3.171217999999999847e+03
-3.185324999999999818e+03
-3.096967999999999847e+03
-3.001184999999999945e+03
-2.997101000000000113e+03
-3.010465999999999894e+03
-2.990789999999999964e+03
-2.989675999999999931e+03
-3.016034999999999854e+03
-2.996358999999999924e+03
-3.002670000000000073e+03
-3.005639999999999873e+03
-2.988190999999999804e+03
-2.990789999999999964e+03
-3.002298999999999978e+03
-2.995987999999999829e+03
-2.989304999999999836e+03
-2.999329000000000178e+03
-3.003413000000000011e+03
-2.985963999999999942e+03
-3.001927000000000135e+03
-3.003413000000000011e+03
-3.018634000000000015e+03
-2.990047999999999774e+03
-3.008239000000000033e+03
-2.998585999999999785e+03
-3.006382999999999811e+03
-2.987820000000000164e+03
-2.985221000000000004e+03
-3.018262000000000171e+03
-2.997844000000000051e+03
-2.989675999999999931e+03
-2.994501999999999953e+03
-3.027914999999999964e+03
-2.997101000000000113e+03
-3.005639999999999873e+03
-3.001927000000000135e+03
-3.034226000000000113e+03
-3.019005000000000109e+03
-3.011951000000000022e+03
-3.022717999999999847e+03
-3.033112999999999829e+03
-3.031998999999999796e+03
-3.016405999999999949e+03
-3.037938999999999851e+03
-3.030514000000000124e+03
-3.031626999999999953e+03
-3.037938999999999851e+03
-3.022717999999999847e+03
-3.039052000000000135e+03
