-2.944012000000000171e+02
-2.776949999999999932e+02
-2.925450000000000159e+02
-2.940299999999999727e+02
-3.033111999999999853e+02
-3.278138000000000147e+02
-2.970000000000000000e+02
-3.014549999999999841e+02
-3.092513000000000147e+02
-3.296700000000000159e+02
-3.088799999999999955e+02
-3.452624999999999886e+02
-3.192749999999999773e+02
-3.237300000000000182e+02
-3.166761999999999944e+02
-3.241012999999999806e+02
-3.055387999999999806e+02
-3.274424999999999955e+02
-3.452624999999999886e+02
-3.333824999999999932e+02
-3.634538000000000011e+02
-3.411786999999999921e+02
-3.370950000000000273e+02
-3.311549999999999727e+02
-3.463763000000000147e+02
-3.051675000000000182e+02
-3.304125000000000227e+02
-3.382087000000000216e+02
-3.530586999999999875e+02
-3.266999999999999886e+02
-3.304125000000000227e+02
-3.552862999999999829e+02
-3.456338000000000079e+02
-3.552862999999999829e+02
-3.393224999999999909e+02
-3.326399999999999864e+02
-3.534300000000000068e+02
-3.426637999999999806e+02
-3.189037000000000148e+02
-3.389513000000000034e+02
-3.615975000000000250e+02
-3.192749999999999773e+02
-3.419212999999999738e+02
-3.326399999999999864e+02
-3.341250000000000000e+02
-3.289275000000000091e+02
-3.326399999999999864e+02
-3.478613000000000284e+02
-3.344961999999999875e+02
-3.393224999999999909e+02
-3.374662000000000148e+02
-3.370950000000000273e+02
-3.285561999999999898e+02
-3.541725000000000136e+02
-3.578849999999999909e+02
-3.422925000000000182e+02
-3.474900000000000091e+02
-3.404361999999999853e+02
-3.508312999999999988e+02
-3.682799999999999727e+02
-3.593700000000000045e+02
-3.589986999999999853e+02
-3.794175000000000182e+02
-3.809024999999999750e+02
-3.515738000000000056e+02
-3.660525000000000091e+02
-3.675375000000000227e+02
-3.601125000000000114e+02
-3.567712000000000216e+02
-3.504599999999999795e+02
-3.478613000000000284e+02
-3.656811999999999898e+02
-3.512024999999999864e+02
-3.437774999999999750e+02
-3.760763000000000034e+02
-3.835013000000000147e+02
-3.567712000000000216e+02
-3.701363000000000056e+02
-3.894413000000000125e+02
-3.797887999999999806e+02
-3.645674999999999955e+02
-3.679087999999999852e+02
-3.664238000000000284e+02
-3.734775000000000205e+02
-3.857287999999999784e+02
-3.508312999999999988e+02
-3.589986999999999853e+02
-3.760763000000000034e+02
-3.493462999999999852e+02
-3.504599999999999795e+02
-3.619687999999999874e+02
-3.924112999999999829e+02
-3.849863000000000284e+02
-3.693937999999999988e+02
-4.031775000000000091e+02
-3.894413000000000125e+02
-3.794175000000000182e+02
-3.875849999999999795e+02
-3.827588000000000079e+02
-3.738487999999999829e+02
-3.846150000000000091e+02
-3.530586999999999875e+02
-3.890699999999999932e+02
-3.998362000000000194e+02
-3.716211999999999875e+02
-3.916687999999999761e+02
-3.853575000000000159e+02
-3.809024999999999750e+02
-3.931537000000000148e+02
-3.861000000000000227e+02
-3.794175000000000182e+02
-4.176562999999999874e+02
-3.916687999999999761e+02
-3.972375000000000114e+02
-3.998362000000000194e+02
-3.861000000000000227e+02
-3.901836999999999875e+02
-3.998362000000000194e+02
-3.875849999999999795e+02
-3.708788000000000125e+02
-3.927825000000000273e+02
-3.783036999999999921e+02
-3.797887999999999806e+02
-3.901836999999999875e+02
-3.909261999999999944e+02
-3.924112999999999829e+02
-4.002074999999999818e+02
-3.831299999999999955e+02
-3.742200000000000273e+02
-4.080038000000000125e+02
-3.779325000000000045e+02
-3.864712999999999852e+02
-3.950099999999999909e+02
-4.002074999999999818e+02
-3.805312999999999874e+02
-4.024350000000000023e+02
-3.898125000000000000e+02
-3.961236999999999853e+02
-4.020638000000000147e+02
-4.087461999999999875e+02
-4.020638000000000147e+02
-4.091175000000000068e+02
-4.143149999999999977e+02
-4.083750000000000000e+02
-4.228537999999999784e+02
-4.336200000000000045e+02
-4.102312999999999761e+02
-4.094886999999999944e+02
-4.202549999999999955e+02
-4.191413000000000011e+02
-4.388174999999999955e+02
-4.328774999999999977e+02
-4.287937999999999761e+02
-4.369612000000000194e+02
-4.313924999999999841e+02
-4.250812999999999988e+02
-4.399311999999999898e+02
-4.377038000000000011e+02
-4.080038000000000125e+02
-3.853575000000000159e+02
-4.031775000000000091e+02
-3.927825000000000273e+02
-3.742200000000000273e+02
-4.065187999999999988e+02
-3.879562999999999988e+02
-3.842436999999999898e+02
-4.135724999999999909e+02
-3.708788000000000125e+02
-4.035488000000000284e+02
-4.065187999999999988e+02
-3.901836999999999875e+02
-4.124587000000000216e+02
-3.835013000000000147e+02
-4.054049999999999727e+02
-4.228537999999999784e+02
-4.072613000000000056e+02
-3.857287999999999784e+02
-3.935249999999999773e+02
-3.964950000000000045e+02
-4.083750000000000000e+02
-4.002074999999999818e+02
-3.898125000000000000e+02
-3.801600000000000250e+02
-3.875849999999999795e+02
-4.128299999999999841e+02
-4.016924999999999955e+02
-4.009499999999999886e+02
-4.195124999999999886e+02
-3.983512999999999806e+02
-3.894413000000000125e+02
-4.054049999999999727e+02
-4.124587000000000216e+02
-4.068899999999999864e+02
-4.321349999999999909e+02
-4.120874999999999773e+02
-4.135724999999999909e+02
-4.028061999999999898e+02
-4.206263000000000147e+02
-4.031775000000000091e+02
-4.221113000000000284e+02
-4.195124999999999886e+02
-4.035488000000000284e+02
-4.042912999999999784e+02
-4.280511999999999944e+02
-4.080038000000000125e+02
-4.172850000000000250e+02
-3.994649999999999750e+02
-4.154286999999999921e+02
-4.161712999999999738e+02
-4.098600000000000136e+02
-4.291650000000000205e+02
-4.172850000000000250e+02
-4.165425000000000182e+02
-4.443863000000000056e+02
-4.243387000000000171e+02
-4.094886999999999944e+02
-4.235962999999999852e+02
-4.336200000000000045e+02
-4.039200000000000159e+02
-4.254524999999999864e+02
-4.273086999999999875e+02
-4.321349999999999909e+02
-4.132013000000000034e+02
-4.377038000000000011e+02
-4.198838000000000079e+02
-4.217400000000000091e+02
-4.299075000000000273e+02
-4.273086999999999875e+02
-4.377038000000000011e+02
-4.232250000000000227e+02
-4.384463000000000079e+02
-4.432724999999999795e+02
-4.573799999999999955e+02
-4.403025000000000091e+02
-4.506974999999999909e+02
-4.603500000000000227e+02
-4.258238000000000056e+02
-4.540387999999999806e+02
-4.514399999999999977e+02
-4.365899999999999750e+02
-4.388174999999999955e+02
-4.395600000000000023e+02
-4.336200000000000045e+02
-4.421587999999999852e+02
-4.503263000000000034e+02
-4.477275000000000205e+02
-4.421587999999999852e+02
-4.466138000000000261e+02
-4.666612999999999829e+02
-4.391888000000000147e+02
-4.339911999999999921e+02
-4.573799999999999955e+02
-4.644336999999999875e+02
-4.547812999999999874e+02
-4.499549999999999841e+02
-4.544100000000000250e+02
-4.685174999999999841e+02
-4.584936999999999898e+02
-4.636913000000000125e+02
-4.592363000000000284e+02
-4.722300000000000182e+02
-4.655475000000000136e+02
-4.518111999999999853e+02
-4.655475000000000136e+02
-4.703736999999999853e+02
-4.629488000000000056e+02
-4.707450000000000045e+02
-4.573799999999999955e+02
-4.584936999999999898e+02
-4.618349999999999795e+02
-4.610924999999999727e+02
-4.432724999999999795e+02
-4.532962999999999738e+02
-4.707450000000000045e+02
-4.648050000000000068e+02
-4.592363000000000284e+02
-4.566374999999999886e+02
-4.510688000000000102e+02
-4.239674999999999727e+02
-4.544100000000000250e+02
-4.462425000000000068e+02
-4.618349999999999795e+02
-4.466138000000000261e+02
-4.417875000000000227e+02
-4.629488000000000056e+02
-4.792837999999999852e+02
-4.462425000000000068e+02
-4.544100000000000250e+02
-4.744574999999999818e+02
-4.655475000000000136e+02
-4.592363000000000284e+02
-4.636913000000000125e+02
-4.807687999999999988e+02
-4.878224999999999909e+02
-4.852237999999999829e+02
-4.770561999999999898e+02
-4.811399999999999864e+02
-4.974750000000000227e+02
-4.748288000000000011e+02
-4.692599999999999909e+02
-4.636913000000000125e+02
-4.777988000000000284e+02
-4.997024999999999864e+02
-4.763138000000000147e+02
-4.729725000000000250e+02
-4.893075000000000045e+02
-4.826250000000000000e+02
-4.763138000000000147e+02
-5.041575000000000273e+02
-4.993312999999999988e+02
-4.945049999999999955e+02
-5.093550000000000182e+02
-5.097262999999999806e+02
-4.829961999999999875e+02
-4.982174999999999727e+02
-4.540387999999999806e+02
-4.380749999999999886e+02
-4.477275000000000205e+02
-4.510688000000000102e+02
-4.417875000000000227e+02
-4.336200000000000045e+02
-4.228537999999999784e+02
-4.317638000000000034e+02
-4.343625000000000114e+02
-4.284225000000000136e+02
-4.158000000000000114e+02
-4.506974999999999909e+02
-4.380749999999999886e+02
-4.232250000000000227e+02
-4.269375000000000000e+02
-4.317638000000000034e+02
-4.388174999999999955e+02
-4.466138000000000261e+02
-4.547812999999999874e+02
-4.403025000000000091e+02
-4.377038000000000011e+02
-4.455000000000000000e+02
-4.570088000000000079e+02
-4.414162999999999784e+02
-4.488412000000000148e+02
-4.510688000000000102e+02
-4.518111999999999853e+02
-4.707450000000000045e+02
-4.336200000000000045e+02
-4.584936999999999898e+02
-4.555237000000000194e+02
-4.016924999999999955e+02
-4.306499999999999773e+02
-4.254524999999999864e+02
-4.135724999999999909e+02
-4.180274999999999750e+02
-4.235962999999999852e+02
-4.228537999999999784e+02
-4.094886999999999944e+02
-4.139438000000000102e+02
-4.124587000000000216e+02
-4.243387000000000171e+02
-4.232250000000000227e+02
-4.128299999999999841e+02
-4.224825000000000159e+02
-4.094886999999999944e+02
-4.109737999999999829e+02
-4.135724999999999909e+02
-4.191413000000000011e+02
-4.172850000000000250e+02
-4.080038000000000125e+02
-4.287937999999999761e+02
-4.313924999999999841e+02
-4.158000000000000114e+02
-3.994649999999999750e+02
-4.310212000000000216e+02
-4.243387000000000171e+02
-4.339911999999999921e+02
-4.202549999999999955e+02
-4.254524999999999864e+02
-4.455000000000000000e+02
-3.519449999999999932e+02
-3.430350000000000250e+02
-3.701363000000000056e+02
-3.641963000000000079e+02
-3.445199999999999818e+02
-3.604837999999999738e+02
-3.500887000000000171e+02
-3.634538000000000011e+02
-3.716211999999999875e+02
-3.478613000000000284e+02
-3.504599999999999795e+02
-3.705074999999999932e+02
-3.653100000000000023e+02
-3.667950000000000159e+02
-3.541725000000000136e+02
-3.645674999999999955e+02
-3.489750000000000227e+02
-3.567712000000000216e+02
-3.686512000000000171e+02
-3.686512000000000171e+02
-3.630824999999999818e+02
-3.586274999999999977e+02
-3.731062999999999761e+02
-3.638249999999999886e+02
-3.415500000000000114e+02
-3.318974999999999795e+02
-3.508312999999999988e+02
-3.512024999999999864e+02
-3.504599999999999795e+02
-3.608550000000000182e+02
-3.563999999999999773e+02
-3.356100000000000136e+02
-3.623399999999999750e+02
-3.497174999999999727e+02
-3.281850000000000023e+02
-3.541725000000000136e+02
