-2.498512000000000171e+03
-2.536751000000000204e+03
-2.503338999999999942e+03
-2.511876999999999953e+03
-2.543804999999999836e+03
-2.544175999999999931e+03
-2.537864999999999782e+03
-2.574619000000000142e+03
-2.564224000000000160e+03
-2.530811000000000149e+03
-2.551601000000000113e+03
-2.537123000000000047e+03
-2.536009000000000015e+03
-2.530440000000000055e+03
-2.577588999999999942e+03
-2.534894999999999982e+03
-2.572391000000000076e+03
-2.570534999999999854e+03
-2.572762000000000171e+03
-2.562739000000000033e+03
-2.609144999999999982e+03
-2.560510999999999967e+03
-2.575360999999999876e+03
-2.599121000000000095e+03
-2.585014000000000124e+03
-2.603947999999999865e+03
-2.608402999999999793e+03
-2.569791999999999916e+03
-2.629563999999999851e+03
-2.622880999999999858e+03
-2.606916999999999916e+03
-2.636989000000000033e+03
-2.639588000000000193e+03
-2.657407000000000153e+03
-2.672628999999999905e+03
-2.669659000000000106e+03
-2.639215999999999894e+03
-2.696389000000000124e+03
-2.673000000000000000e+03
-2.678197999999999865e+03
-2.679682999999999993e+03
-2.741309999999999945e+03
-2.701215000000000146e+03
-2.700844000000000051e+03
-2.716436000000000149e+03
-2.721262000000000171e+03
-2.730914999999999964e+03
-2.722748000000000047e+03
-2.709753999999999905e+03
-2.719777999999999793e+03
-2.736483999999999924e+03
-2.744280000000000200e+03
-2.767668999999999869e+03
-2.782518999999999778e+03
-2.762842999999999847e+03
-2.754675000000000182e+03
-2.773608999999999924e+03
-2.759873000000000047e+03
-2.768039999999999964e+03
-2.801452999999999975e+03
-2.735369999999999891e+03
-2.799596000000000004e+03
-2.788088000000000193e+03
-2.783260999999999967e+03
-2.829666999999999916e+03
-2.820757999999999811e+03
-2.789572999999999865e+03
-2.818159000000000106e+03
-2.847487999999999829e+03
-2.820014999999999873e+03
-2.801452999999999975e+03
-2.871989999999999782e+03
-2.807393000000000029e+03
-2.842661000000000058e+03
-2.890552000000000135e+03
-2.839690999999999804e+03
-2.854913000000000011e+03
-2.867534999999999854e+03
-2.890552000000000135e+03
-2.890923999999999978e+03
-2.878300999999999931e+03
-2.870876000000000204e+03
-2.843403999999999996e+03
-2.880157000000000153e+03
-2.893150999999999840e+03
-2.855284000000000106e+03
-2.912085000000000036e+03
-2.879043999999999869e+03
-2.902061000000000149e+03
-2.942527999999999793e+03
-2.906144999999999982e+03
-2.883498999999999796e+03
-2.944012000000000171e+03
-2.904289000000000215e+03
-2.909114999999999782e+03
-2.954036000000000058e+03
-2.922108999999999924e+03
-2.945126000000000204e+03
-2.975940000000000055e+03
-2.938072999999999865e+03
-2.935474000000000160e+03
-2.978909999999999854e+03
-2.956264000000000124e+03
-2.940300000000000182e+03
-2.955893000000000029e+03
-2.958119999999999891e+03
-2.935844999999999800e+03
-2.966659000000000106e+03
-2.973713000000000193e+03
-2.956264000000000124e+03
-2.969628999999999905e+03
-2.965173999999999978e+03
-2.982623000000000047e+03
-2.961090000000000146e+03
-2.977425000000000182e+03
-2.988190999999999804e+03
-3.000070999999999913e+03
-2.999329000000000178e+03
-2.949210000000000036e+03
-2.939186000000000149e+03
-2.969628999999999905e+03
-2.938443999999999960e+03
-2.975197999999999865e+03
-2.967030000000000200e+03
-2.964431000000000040e+03
-2.988190999999999804e+03
-2.998215000000000146e+03
-2.947724999999999909e+03
-2.976311000000000149e+03
-2.989675999999999931e+03
-3.003784000000000106e+03
-2.985221000000000004e+03
-3.034597000000000207e+03
-2.992646000000000186e+03
-2.969628999999999905e+03
-3.027172999999999774e+03
-2.964802000000000135e+03
-2.983735999999999876e+03
-2.904659999999999854e+03
-2.908744000000000142e+03
-2.911713999999999942e+03
-2.919880999999999858e+03
-2.913199000000000069e+03
-2.905773999999999887e+03
-2.948096000000000004e+03
-2.942155999999999949e+03
-2.962204000000000178e+03
-3.001184999999999945e+03
-2.947724999999999909e+03
-2.973713000000000193e+03
-2.948096000000000004e+03
-2.952179999999999836e+03
-2.934731000000000222e+03
-2.951438000000000102e+03
-2.938072999999999865e+03
-2.937701000000000022e+03
-2.931760999999999967e+03
-2.962945999999999913e+03
-2.978539000000000215e+03
-2.952922999999999774e+03
-2.975940000000000055e+03
-2.954778999999999996e+03
-2.989304999999999836e+03
-2.984478999999999814e+03
-2.977795999999999822e+03
-2.991903999999999996e+03
-3.018634000000000015e+03
-3.014179000000000087e+03
-3.031626999999999953e+03
-3.032740999999999985e+03
-3.021603999999999814e+03
-3.042021999999999935e+03
-3.036083000000000084e+03
-3.052416999999999916e+03
-3.076548999999999978e+03
-3.062813000000000102e+03
-3.054644999999999982e+03
-3.118500000000000000e+03
-3.104021000000000186e+03
-3.093998000000000047e+03
-3.108105000000000018e+03
-3.080260999999999967e+03
-3.058356999999999971e+03
-3.088800000000000182e+03
-3.083603000000000065e+03
-3.059842999999999847e+03
-3.085088000000000193e+03
-3.086572999999999865e+03
-3.021974999999999909e+03
-3.108476000000000113e+03
-2.988934000000000196e+03
-2.945498000000000047e+03
-3.019748000000000047e+03
-2.946610999999999876e+03
-2.978166999999999916e+03
-3.020489999999999782e+03
-3.011579999999999927e+03
-2.989304999999999836e+03
-3.046849000000000160e+03
-3.000813999999999851e+03
-3.012693999999999960e+03
-3.068751999999999953e+03
-3.029400000000000091e+03
-3.039795000000000073e+03
-3.080260999999999967e+03
-3.070608999999999924e+03
-3.071351000000000113e+03
-3.078405000000000200e+03
-3.037568000000000211e+03
-3.042393999999999778e+03
-3.048333999999999833e+03
-3.050561000000000149e+03
-2.991903999999999996e+03
-3.023088999999999942e+03
-2.973340999999999894e+03
-2.890181000000000040e+03
-2.877559000000000196e+03
-2.887954000000000178e+03
-2.874960000000000036e+03
-2.870134000000000015e+03
-2.895750000000000000e+03
-2.868648999999999887e+03
-2.899833999999999833e+03
-2.929905000000000200e+03
-2.867905999999999949e+03
-2.928791000000000167e+03
-2.907630000000000109e+03
-2.887954000000000178e+03
-2.926193000000000211e+03
-2.933246000000000095e+03
-2.892780000000000200e+03
-2.919510000000000218e+03
-2.928791000000000167e+03
-2.912827999999999975e+03
-2.904289000000000215e+03
-2.946239999999999782e+03
-2.928420000000000073e+03
-2.905402999999999793e+03
-2.925820999999999913e+03
-2.862708999999999833e+03
-2.860481000000000222e+03
-2.870134000000000015e+03
-2.865679000000000087e+03
-2.877929999999999836e+03
-2.883869999999999891e+03
-2.869762000000000171e+03
-2.857139999999999873e+03
-2.900204999999999927e+03
-2.874217999999999847e+03
-2.885726000000000113e+03
-2.874588999999999942e+03
-2.891295000000000073e+03
-2.885355000000000018e+03
-2.892780000000000200e+03
-2.889438999999999851e+03
-2.904659999999999854e+03
-2.863822999999999865e+03
-2.874960000000000036e+03
-2.896492000000000189e+03
-2.886097000000000207e+03
-2.879786000000000058e+03
-2.889809999999999945e+03
-2.922851000000000113e+03
-2.934731000000000222e+03
-2.926563999999999851e+03
-2.928791000000000167e+03
-2.930275999999999840e+03
-2.944012000000000171e+03
-2.952179999999999836e+03
-2.956264000000000124e+03
-2.915425999999999931e+03
-2.975568999999999960e+03
-2.950695000000000164e+03
-2.948838999999999942e+03
-2.981509000000000015e+03
-2.942527999999999793e+03
-2.952922999999999774e+03
-2.994501999999999953e+03
-2.962945999999999913e+03
-2.962574999999999818e+03
-2.984106999999999971e+03
-2.995615999999999985e+03
-2.969628999999999905e+03
-2.997472000000000207e+03
-2.963318000000000211e+03
-2.964431000000000040e+03
-2.964802000000000135e+03
-2.945869000000000142e+03
-2.983364999999999782e+03
-2.971485000000000127e+03
-2.946610999999999876e+03
-2.926563999999999851e+03
-3.007867000000000189e+03
-2.955521000000000186e+03
-2.968885999999999967e+03
-3.001927000000000135e+03
-2.977425000000000182e+03
-2.978166999999999916e+03
-3.015664000000000215e+03
-2.961833000000000084e+03
-2.968143999999999778e+03
-3.025688000000000102e+03
-3.011579999999999927e+03
-2.993389000000000124e+03
-3.030143000000000029e+03
-3.012693999999999960e+03
-3.008610000000000127e+03
-3.034597000000000207e+03
-3.030143000000000029e+03
-3.019376000000000204e+03
-3.065782000000000153e+03
-3.053530999999999949e+03
-3.012322999999999865e+03
-3.030143000000000029e+03
-3.042021999999999935e+03
-2.999329000000000178e+03
-3.056130000000000109e+03
-3.065782000000000153e+03
-3.003413000000000011e+03
-3.008610000000000127e+03
-3.019748000000000047e+03
-2.986335000000000036e+03
-3.033112999999999829e+03
-3.046478000000000065e+03
-3.011579999999999927e+03
-3.062813000000000102e+03
-3.075063999999999851e+03
-3.019376000000000204e+03
-3.073949999999999818e+03
-3.063554999999999836e+03
-3.088429000000000087e+03
-3.079518999999999778e+03
-3.091027999999999793e+03
-3.059842999999999847e+03
-3.101422999999999774e+03
-3.110704000000000178e+03
-3.132235999999999876e+03
-3.087686000000000149e+03
-3.105876999999999953e+03
-3.106248999999999796e+03
-3.096967999999999847e+03
-3.122213000000000193e+03
-3.106619999999999891e+03
-3.122213000000000193e+03
-3.113302000000000135e+03
-3.086201000000000022e+03
-3.093626000000000204e+03
-3.040538000000000011e+03
-3.048704999999999927e+03
-3.024574000000000069e+03
-3.074320999999999913e+03
-3.063925999999999931e+03
-3.065782000000000153e+03
-3.092512000000000171e+03
-3.083231000000000222e+03
-3.080632999999999811e+03
-3.105505999999999858e+03
-3.096224999999999909e+03
-3.091027999999999793e+03
-3.088800000000000182e+03
-3.082860000000000127e+03
-3.082489000000000033e+03
-3.098452999999999975e+03
-3.093626000000000204e+03
-3.065782000000000153e+03
-3.115530000000000200e+03
-3.096967999999999847e+03
-3.087686000000000149e+03
-3.116643999999999778e+03
-3.085088000000000193e+03
-3.112188999999999851e+03
-3.094739999999999782e+03
-3.085829999999999927e+03
-3.106248999999999796e+03
-3.091027999999999793e+03
-3.109960999999999785e+03
-3.112931000000000040e+03
-3.123326000000000022e+03
-3.095481999999999971e+03
-3.136320000000000164e+03
-3.147085999999999785e+03
-3.117014999999999873e+03
-3.129637000000000171e+03
-3.132235999999999876e+03
-3.159338000000000193e+03
-3.133349999999999909e+03
-3.117757999999999811e+03
-3.170474999999999909e+03
-3.151541000000000167e+03
-3.131123000000000047e+03
-3.155625000000000000e+03
-3.151541000000000167e+03
-3.138918999999999869e+03
-3.144487999999999829e+03
-3.106990999999999985e+03
-3.145972000000000207e+03
-3.155996000000000095e+03
-3.160451000000000022e+03
-3.146715000000000146e+03
-3.158965999999999894e+03
-3.153768999999999778e+03
-3.146715000000000146e+03
-3.142630999999999858e+03
-3.145972000000000207e+03
-3.161936000000000149e+03
-3.155253999999999905e+03
-3.125182999999999993e+03
-3.134092999999999847e+03
-3.163791999999999916e+03
-3.127780999999999949e+03
-3.147085999999999785e+03
-3.151170000000000073e+03
