-8.130374999999999375e+01
-9.244124999999999659e+01
-7.202249999999999375e+01
-8.650124999999999886e+01
-1.310512999999999977e+02
-1.225125000000000028e+02
-8.798624999999999829e+01
-1.102613000000000056e+02
-1.035788000000000011e+02
-1.236263000000000005e+02
-1.355063000000000102e+02
-1.069200000000000017e+02
-1.366200000000000045e+02
-1.744875000000000114e+02
-1.381049999999999898e+02
-1.347637000000000000e+02
-1.607512999999999863e+02
-1.566674999999999898e+02
-1.139737999999999971e+02
-1.763437999999999874e+02
-1.622363000000000000e+02
-1.392187999999999874e+02
-1.733737000000000137e+02
-1.633499999999999943e+02
-1.407038000000000011e+02
-1.837687999999999988e+02
-1.522125000000000057e+02
-1.581525000000000034e+02
-2.134687999999999874e+02
-1.600088000000000079e+02
-1.926787999999999954e+02
-1.811699999999999875e+02
-1.841399999999999864e+02
-1.923075000000000045e+02
-2.227500000000000000e+02
-2.149538000000000011e+02
-1.975049999999999955e+02
-2.272050000000000125e+02
-2.060437000000000012e+02
-2.190374999999999943e+02
-2.272050000000000125e+02
-2.294325000000000045e+02
-1.841399999999999864e+02
-1.889661999999999864e+02
-2.231211999999999875e+02
-1.911938000000000102e+02
-2.075286999999999864e+02
-2.298037999999999954e+02
-2.223788000000000125e+02
-2.264625000000000057e+02
-2.286899999999999977e+02
-2.524499999999999886e+02
-2.338874999999999886e+02
-2.398274999999999864e+02
-2.483662999999999954e+02
-2.687850000000000250e+02
-2.420550000000000068e+02
-2.446536999999999864e+02
-2.632162000000000148e+02
-2.520788000000000011e+02
-2.609886999999999944e+02
-2.609886999999999944e+02
-2.802937999999999761e+02
-2.543062999999999931e+02
-2.658149999999999977e+02
-2.687850000000000250e+02
-2.784375000000000000e+02
-2.918025000000000091e+02
-2.754674999999999727e+02
-2.739825000000000159e+02
-2.873475000000000250e+02
-2.851200000000000045e+02
-2.866050000000000182e+02
-2.825212000000000216e+02
-2.973711999999999875e+02
-2.869762999999999806e+02
-2.877187999999999874e+02
-2.925450000000000159e+02
-3.021974999999999909e+02
-3.085088000000000079e+02
-3.018263000000000034e+02
-2.932875000000000227e+02
-2.932875000000000227e+02
-3.133349999999999795e+02
-3.059100000000000250e+02
-2.947724999999999795e+02
-3.010837000000000216e+02
-2.810362999999999829e+02
-3.007124999999999773e+02
-2.999700000000000273e+02
-2.654438000000000102e+02
-3.137062000000000239e+02
-3.159336999999999875e+02
-2.910600000000000023e+02
-2.988562999999999761e+02
-3.211313000000000102e+02
-3.137062000000000239e+02
-3.155625000000000000e+02
-3.252149999999999750e+02
-3.307837999999999852e+02
-3.274424999999999955e+02
-3.304125000000000227e+02
-3.218736999999999853e+02
-3.233587999999999738e+02
-3.393224999999999909e+02
-3.437774999999999750e+02
-3.396938000000000102e+02
-3.426637999999999806e+02
-3.719925000000000068e+02
-3.634538000000000011e+02
-3.723636999999999944e+02
-3.679087999999999852e+02
-3.775611999999999853e+02
-3.771899999999999977e+02
-3.563999999999999773e+02
-3.615975000000000250e+02
-4.039200000000000159e+02
-3.838725000000000023e+02
-3.790462999999999738e+02
-4.154286999999999921e+02
-3.898125000000000000e+02
-3.875849999999999795e+02
-3.964950000000000045e+02
-3.998362000000000194e+02
-3.812737000000000194e+02
-4.202549999999999955e+02
-3.653100000000000023e+02
-3.422925000000000182e+02
-3.615975000000000250e+02
-3.593700000000000045e+02
-3.586274999999999977e+02
-3.660525000000000091e+02
-3.757049999999999841e+02
-3.578849999999999909e+02
-3.582563000000000102e+02
-3.731062999999999761e+02
-3.615975000000000250e+02
-3.649388000000000147e+02
-3.422925000000000182e+02
-3.634538000000000011e+02
-3.582563000000000102e+02
-3.530586999999999875e+02
-3.593700000000000045e+02
-3.679087999999999852e+02
-3.638249999999999886e+02
-3.593700000000000045e+02
-3.641963000000000079e+02
-3.693937999999999988e+02
-3.723636999999999944e+02
-3.612262999999999806e+02
-3.812737000000000194e+02
-4.013213000000000079e+02
-3.901836999999999875e+02
-4.039200000000000159e+02
-3.994649999999999750e+02
-3.957524999999999977e+02
-3.192749999999999773e+02
-3.148199999999999932e+02
-3.318974999999999795e+02
-3.252149999999999750e+02
-3.374662000000000148e+02
-3.103650000000000091e+02
-2.958863000000000056e+02
-2.984850000000000136e+02
-2.828924999999999841e+02
-3.099936999999999898e+02
-2.569049999999999727e+02
-2.702699999999999818e+02
-2.914311999999999898e+02
-2.750962999999999852e+02
-2.970000000000000000e+02
-2.918025000000000091e+02
-2.966288000000000125e+02
-2.888324999999999818e+02
-2.750962999999999852e+02
-2.684137999999999806e+02
-2.821499999999999773e+02
-2.984850000000000136e+02
-2.854911999999999921e+02
-2.947724999999999795e+02
-2.877187999999999874e+02
-2.840063000000000102e+02
-3.021974999999999909e+02
-2.906888000000000147e+02
-2.832638000000000034e+02
-3.114787999999999784e+02
-3.033111999999999853e+02
-2.713838000000000079e+02
-2.806650000000000205e+02
-3.010837000000000216e+02
-3.007124999999999773e+02
-2.880899999999999750e+02
-2.799225000000000136e+02
-2.869762999999999806e+02
-2.832638000000000034e+02
-2.929162999999999784e+02
-2.888324999999999818e+02
-2.802937999999999761e+02
-2.955149999999999864e+02
-2.825212000000000216e+02
-2.576474999999999795e+02
-2.713838000000000079e+02
-2.587613000000000056e+02
-2.873475000000000250e+02
-2.862337999999999738e+02
-2.717549999999999955e+02
-2.880899999999999750e+02
-2.958863000000000056e+02
-2.557913000000000068e+02
-2.702699999999999818e+02
-2.684137999999999806e+02
-2.684137999999999806e+02
-2.765812000000000239e+02
-2.940299999999999727e+02
-2.884612000000000194e+02
-2.721263000000000147e+02
-2.899463000000000079e+02
-3.051675000000000182e+02
-2.906888000000000147e+02
-3.047962999999999738e+02
-2.906888000000000147e+02
-2.973711999999999875e+02
-3.081374999999999886e+02
-3.062812999999999874e+02
-2.962574999999999932e+02
-2.906888000000000147e+02
-2.962574999999999932e+02
-2.984850000000000136e+02
-2.866050000000000182e+02
-3.081374999999999886e+02
-3.066524999999999750e+02
-2.854911999999999921e+02
-2.951437000000000239e+02
-2.925450000000000159e+02
-2.899463000000000079e+02
-3.007124999999999773e+02
-2.880899999999999750e+02
-2.676712999999999738e+02
-2.750962999999999852e+02
-2.773238000000000056e+02
-2.847486999999999853e+02
-2.583899999999999864e+02
-2.587613000000000056e+02
-3.081374999999999886e+02
-2.665575000000000045e+02
-2.702699999999999818e+02
-2.673000000000000114e+02
-2.899463000000000079e+02
-2.776949999999999932e+02
-2.880899999999999750e+02
-2.840063000000000102e+02
-2.669286999999999921e+02
-2.921738000000000284e+02
-2.814075000000000273e+02
-2.762099999999999795e+02
-2.851200000000000045e+02
-2.880899999999999750e+02
-2.836349999999999909e+02
-2.858625000000000114e+02
-2.947724999999999795e+02
-2.966288000000000125e+02
-2.862337999999999738e+02
-2.758387000000000171e+02
-2.929162999999999784e+02
-3.103650000000000091e+02
-2.854911999999999921e+02
-2.918025000000000091e+02
-3.077663000000000011e+02
-2.884612000000000194e+02
-2.995987999999999829e+02
-3.092513000000000147e+02
-3.010837000000000216e+02
-3.047962999999999738e+02
-3.163050000000000068e+02
-2.487375000000000114e+02
-2.457675000000000125e+02
-2.654438000000000102e+02
-2.453962999999999965e+02
-2.531924999999999955e+02
-2.583899999999999864e+02
-2.531924999999999955e+02
-2.234925000000000068e+02
-2.676712999999999738e+02
-2.635874999999999773e+02
-2.543062999999999931e+02
-2.613600000000000136e+02
-2.539350000000000023e+02
-2.450250000000000057e+02
-2.658149999999999977e+02
-2.517075000000000102e+02
-2.479950000000000045e+02
-2.736113000000000284e+02
-2.598750000000000000e+02
-2.535637999999999863e+02
-2.743537999999999784e+02
-2.591324999999999932e+02
-2.483662999999999954e+02
-2.416836999999999875e+02
-2.550488000000000000e+02
-2.465099999999999909e+02
-2.713838000000000079e+02
-2.450250000000000057e+02
-2.275762000000000000e+02
-2.494799999999999898e+02
-2.535637999999999863e+02
-2.320312999999999874e+02
-2.346299999999999955e+02
-2.405699999999999932e+02
-2.338874999999999886e+02
-2.513362999999999943e+02
-2.554199999999999875e+02
-2.420550000000000068e+02
-2.331450000000000102e+02
-2.509650000000000034e+02
-2.390850000000000080e+02
-2.416836999999999875e+02
-2.557913000000000068e+02
-2.353725000000000023e+02
-2.405699999999999932e+02
-2.572762000000000171e+02
-2.383425000000000011e+02
-2.361150000000000091e+02
-2.505937999999999874e+02
-2.509650000000000034e+02
-2.283188000000000102e+02
-2.487375000000000114e+02
-2.249774999999999920e+02
-2.550488000000000000e+02
-2.505937999999999874e+02
-2.401987000000000023e+02
-2.565337999999999852e+02
-2.491086999999999989e+02
-2.494799999999999898e+02
-2.379713000000000136e+02
-2.591324999999999932e+02
-2.450250000000000057e+02
-2.320312999999999874e+02
-2.442824999999999989e+02
-2.494799999999999898e+02
-2.424262999999999977e+02
-2.375999999999999943e+02
-2.427975000000000136e+02
-2.476237000000000137e+02
-2.479950000000000045e+02
-2.331450000000000102e+02
-2.331450000000000102e+02
-2.379713000000000136e+02
-2.465099999999999909e+02
-2.331450000000000102e+02
-2.346299999999999955e+02
-2.427975000000000136e+02
-2.320312999999999874e+02
-2.134687999999999874e+02
-2.164387999999999863e+02
-2.327737999999999943e+02
-2.442824999999999989e+02
-2.234925000000000068e+02
-2.416836999999999875e+02
-2.398274999999999864e+02
-2.305461999999999989e+02
-2.309174999999999898e+02
-2.431687000000000012e+02
-2.372288000000000068e+02
-2.390850000000000080e+02
-2.301750000000000114e+02
-2.316599999999999966e+02
-2.383425000000000011e+02
-2.416836999999999875e+02
-2.164387999999999863e+02
-2.301750000000000114e+02
-2.279474999999999909e+02
-2.045586999999999875e+02
-2.286899999999999977e+02
-2.405699999999999932e+02
-2.301750000000000114e+02
-2.357437999999999931e+02
-2.442824999999999989e+02
-2.242350000000000136e+02
-2.238637999999999977e+02
-2.175525000000000091e+02
-2.324025000000000034e+02
-2.435399999999999920e+02
-2.569049999999999727e+02
-2.220074999999999932e+02
-2.316599999999999966e+02
-2.416836999999999875e+02
-2.450250000000000057e+02
-2.056725000000000136e+02
-2.383425000000000011e+02
-2.513362999999999943e+02
-2.264625000000000057e+02
-2.442824999999999989e+02
-2.439113000000000113e+02
-2.264625000000000057e+02
-2.517075000000000102e+02
-2.335163000000000011e+02
-2.168100000000000023e+02
-2.546775000000000091e+02
-2.346299999999999955e+02
-2.298037999999999954e+02
-2.413125000000000000e+02
-2.476237000000000137e+02
-2.305461999999999989e+02
-2.372288000000000068e+02
-2.301750000000000114e+02
-2.342588000000000079e+02
-2.338874999999999886e+02
-2.375999999999999943e+02
-2.257199999999999989e+02
-2.472524999999999977e+02
-2.372288000000000068e+02
-2.368574999999999875e+02
