-2.149166000000000167e+03
-2.192974000000000160e+03
-2.213021000000000186e+03
-2.190375000000000000e+03
-2.177380999999999858e+03
-2.195201000000000022e+03
-2.232697999999999865e+03
-2.239751000000000204e+03
-2.270565000000000055e+03
-2.242349999999999909e+03
-2.260541000000000167e+03
-2.259427000000000135e+03
-2.261284000000000106e+03
-2.266481000000000222e+03
-2.267594999999999800e+03
-2.277619000000000142e+03
-2.307690000000000055e+03
-2.315114999999999782e+03
-2.314001000000000204e+03
-2.328108999999999924e+03
-2.344815000000000055e+03
-2.350384000000000015e+03
-2.350384000000000015e+03
-2.385652999999999793e+03
-2.373771999999999935e+03
-2.413125000000000000e+03
-2.413496000000000095e+03
-2.431688000000000102e+03
-2.430202999999999975e+03
-2.427603999999999814e+03
-2.438740999999999985e+03
-2.475865999999999985e+03
-2.480320999999999913e+03
-2.462501000000000204e+03
-2.480693000000000211e+03
-2.484405000000000200e+03
-2.473268000000000029e+03
-2.480693000000000211e+03
-2.499626000000000204e+03
-2.479208000000000084e+03
-2.533409999999999854e+03
-2.524128999999999905e+03
-2.475123999999999796e+03
-2.519673999999999978e+03
-2.564594999999999800e+03
-2.563481000000000222e+03
-2.541206000000000131e+03
-2.560139999999999873e+03
-2.574619000000000142e+03
-2.589097000000000207e+03
-2.600978000000000065e+03
-2.598750000000000000e+03
-2.587240999999999985e+03
-2.633646999999999935e+03
-2.609516000000000076e+03
-2.636617000000000189e+03
-2.654065999999999804e+03
-2.670400999999999840e+03
-2.659264000000000124e+03
-2.681166999999999916e+03
-2.666688999999999851e+03
-2.684509000000000015e+03
-2.755416999999999916e+03
-2.705670000000000073e+03
-2.740195999999999913e+03
-2.791057999999999993e+03
-2.784375000000000000e+03
-2.776208000000000084e+03
-2.794398999999999887e+03
-2.789201000000000022e+03
-2.756159999999999854e+03
-2.775465000000000146e+03
-2.775094000000000051e+03
-2.737969000000000051e+03
-2.759873000000000047e+03
-2.740938999999999851e+03
-2.670400999999999840e+03
-2.669288000000000011e+03
-2.707525999999999840e+03
-2.657036000000000058e+03
-2.692304999999999836e+03
-2.728315999999999804e+03
-2.689335000000000036e+03
-2.724603999999999814e+03
-2.750963000000000193e+03
-2.700472000000000207e+03
-2.721262000000000171e+03
-2.747621000000000095e+03
-2.717550000000000182e+03
-2.745764999999999873e+03
-2.773237999999999829e+03
-2.759130000000000109e+03
-2.783260999999999967e+03
-2.792541999999999916e+03
-2.748364000000000033e+03
-2.799224999999999909e+03
-2.846001999999999953e+03
-2.814445999999999913e+03
-2.815931000000000040e+03
-2.842661000000000058e+03
-2.805536000000000058e+03
-2.776579000000000178e+03
-2.804050999999999931e+03
-2.803679999999999836e+03
-2.783632999999999811e+03
-2.815188999999999851e+03
-2.812960999999999785e+03
-2.781405000000000200e+03
-2.804793999999999869e+03
-2.815188999999999851e+03
-2.804793999999999869e+03
-2.817045000000000073e+03
-2.810733999999999924e+03
-2.801824000000000069e+03
-2.832266000000000076e+03
-2.827068999999999960e+03
-2.827068999999999960e+03
-2.846373999999999796e+03
-2.861965999999999894e+03
-2.853427000000000135e+03
-2.878672999999999774e+03
-2.874588999999999942e+03
-2.861224000000000160e+03
-2.891295000000000073e+03
-2.901318999999999960e+03
-2.902804000000000087e+03
-2.925079000000000178e+03
-2.892038000000000011e+03
-2.910228999999999814e+03
-2.939929000000000087e+03
-2.909856999999999971e+03
-2.916539999999999964e+03
-2.949952999999999975e+03
-2.909856999999999971e+03
-2.933989000000000033e+03
-2.924335999999999785e+03
-2.890923999999999978e+03
-2.875702999999999975e+03
-2.888324999999999818e+03
-2.884612999999999829e+03
-2.890552000000000135e+03
-2.876445000000000164e+03
-2.908001000000000204e+03
-2.897235000000000127e+03
-2.865307999999999993e+03
-2.843403999999999996e+03
-2.846373999999999796e+03
-2.877929999999999836e+03
-2.862708999999999833e+03
-2.857510999999999967e+03
-2.879786000000000058e+03
-2.874960000000000036e+03
-2.876445000000000164e+03
-2.902804000000000087e+03
-2.879414999999999964e+03
-2.871619000000000142e+03
-2.905773999999999887e+03
-2.904289000000000215e+03
-2.909114999999999782e+03
-2.908001000000000204e+03
-2.916911000000000058e+03
-2.920251999999999953e+03
-2.887954000000000178e+03
-2.924708000000000084e+03
-2.933989000000000033e+03
-2.933617000000000189e+03
-2.944755000000000109e+03
-2.936215999999999894e+03
-2.951809000000000196e+03
-2.990047999999999774e+03
-2.938072999999999865e+03
-2.978539000000000215e+03
-2.988563000000000102e+03
-2.977054000000000087e+03
-3.015664000000000215e+03
-3.030885000000000218e+03
-3.031998999999999796e+03
-3.026800999999999931e+03
-3.059099999999999909e+03
-3.036824999999999818e+03
-3.037568000000000211e+03
-3.085088000000000193e+03
-3.056873000000000047e+03
-3.063925999999999931e+03
-3.081746000000000095e+03
-3.087315000000000055e+03
-3.063184000000000196e+03
-3.104021000000000186e+03
-3.088057999999999993e+03
-3.071351000000000113e+03
-3.112931000000000040e+03
-3.101793999999999869e+03
-3.089914000000000215e+03
-3.102536000000000058e+03
-3.099565999999999804e+03
-3.093626000000000204e+03
-3.121840999999999894e+03
-3.118871000000000095e+03
-3.083231000000000222e+03
-3.090655999999999949e+03
-3.101050999999999931e+03
-3.080632999999999811e+03
-3.091398999999999887e+03
-3.088800000000000182e+03
-3.089914000000000215e+03
-3.109219000000000051e+03
-3.111818000000000211e+03
-3.080632999999999811e+03
-3.117757999999999811e+03
-3.140032000000000153e+03
-3.114416000000000167e+03
-3.133349999999999909e+03
-3.099565999999999804e+03
-3.087686000000000149e+03
-3.088057999999999993e+03
-3.104393000000000029e+03
-3.095481999999999971e+03
-3.085458999999999833e+03
-3.106619999999999891e+03
-3.114416000000000167e+03
-3.063184000000000196e+03
-3.078034000000000106e+03
-2.990418999999999869e+03
-2.966288000000000011e+03
-2.977425000000000182e+03
-2.987449000000000069e+03
-2.964059999999999945e+03
-2.954407000000000153e+03
-2.945126000000000204e+03
-2.955150000000000091e+03
-2.984478999999999814e+03
-2.969257999999999811e+03
-2.973713000000000193e+03
-2.967030000000000200e+03
-2.997101000000000113e+03
-3.000070999999999913e+03
-3.001184999999999945e+03
-2.965916000000000167e+03
-3.006753999999999905e+03
-3.010094999999999800e+03
-2.977795999999999822e+03
-2.987449000000000069e+03
-3.006753999999999905e+03
-3.006753999999999905e+03
-2.993389000000000124e+03
-3.010838000000000193e+03
-2.997844000000000051e+03
-3.000070999999999913e+03
-3.007496000000000095e+03
-3.000813999999999851e+03
-3.011951000000000022e+03
-3.004896999999999935e+03
-3.035340000000000146e+03
-3.016405999999999949e+03
-3.002298999999999978e+03
-3.005639999999999873e+03
-3.010465999999999894e+03
-3.008610000000000127e+03
-2.992646000000000186e+03
-3.025688000000000102e+03
-3.031998999999999796e+03
-3.014179000000000087e+03
-3.036083000000000084e+03
-3.046106000000000222e+03
-3.036824999999999818e+03
-3.029771000000000186e+03
-3.042764999999999873e+03
-3.049076000000000022e+03
-3.045364000000000033e+03
-3.037938999999999851e+03
-3.049076000000000022e+03
-3.059471000000000004e+03
-3.089541999999999916e+03
-3.070980000000000018e+03
-3.069494999999999891e+03
-3.089170999999999822e+03
-3.058728999999999814e+03
-3.083974000000000160e+03
-3.082489000000000033e+03
-3.083231000000000222e+03
-3.110704000000000178e+03
-3.124068999999999960e+03
-3.101050999999999931e+03
-3.086572999999999865e+03
-3.082117000000000189e+03
-3.087315000000000055e+03
-3.082860000000000127e+03
-3.091398999999999887e+03
-3.083231000000000222e+03
-3.073208000000000084e+03
-3.109960999999999785e+03
-3.102536000000000058e+03
-3.076177000000000135e+03
-3.105135000000000218e+03
-3.118128999999999905e+03
-3.098081000000000131e+03
-3.124068999999999960e+03
-3.112188999999999851e+03
-3.114416000000000167e+03
-3.145230000000000018e+03
-3.114788000000000011e+03
-3.098452999999999975e+03
-3.121840999999999894e+03
-3.111818000000000211e+03
-3.103278999999999996e+03
-3.110704000000000178e+03
-3.136690999999999804e+03
-3.118500000000000000e+03
-3.119242000000000189e+03
-3.118871000000000095e+03
-3.122583999999999833e+03
-3.099195000000000164e+03
-3.133721000000000004e+03
-3.133721000000000004e+03
-3.150427000000000135e+03
-3.145972000000000207e+03
-3.139661000000000058e+03
-3.163050000000000182e+03
-3.178271000000000186e+03
-3.142630999999999858e+03
-3.153396999999999935e+03
-3.192378999999999905e+03
-3.173815999999999804e+03
-3.162307999999999993e+03
-3.194978000000000065e+03
-3.155253999999999905e+03
-3.179755999999999858e+03
-3.152655000000000200e+03
-3.140775000000000091e+03
-3.136320000000000164e+03
-3.135949000000000069e+03
-3.157481000000000222e+03
-3.142630999999999858e+03
-3.142630999999999858e+03
-3.140403999999999996e+03
-3.144487999999999829e+03
-3.124068999999999960e+03
-3.146344000000000051e+03
-3.165277999999999793e+03
-3.168619000000000142e+03
-3.153768999999999778e+03
-3.148199999999999818e+03
-3.169731999999999971e+03
-3.151913000000000011e+03
-3.158224000000000160e+03
-3.173445000000000164e+03
-3.154882999999999811e+03
-3.148199999999999818e+03
-3.161565000000000055e+03
-3.160451000000000022e+03
-3.166391000000000076e+03
-3.170846000000000004e+03
-3.146344000000000051e+03
-3.166391000000000076e+03
-3.174929999999999836e+03
-3.177900000000000091e+03
-3.176414999999999964e+03
-3.197204999999999927e+03
-3.137063000000000102e+03
-3.137804999999999836e+03
-3.147085999999999785e+03
-3.148943000000000211e+03
-3.168989999999999782e+03
-3.161565000000000055e+03
-3.154510999999999967e+03
-3.160079999999999927e+03
-3.144858999999999924e+03
-3.130009000000000015e+03
-3.147829000000000178e+03
-3.155253999999999905e+03
-3.144858999999999924e+03
-3.151541000000000167e+03
-3.146344000000000051e+03
-3.148199999999999818e+03
-3.170103999999999814e+03
-3.189038000000000011e+03
-3.136690999999999804e+03
-3.133721000000000004e+03
-3.148570999999999913e+03
-3.156367000000000189e+03
-3.140032000000000153e+03
-3.158594999999999800e+03
-3.161936000000000149e+03
-3.157481000000000222e+03
-3.175300999999999931e+03
-3.154139999999999873e+03
-3.148943000000000211e+03
-3.178271000000000186e+03
-3.166762000000000171e+03
-3.168619000000000142e+03
-3.189038000000000011e+03
-3.176043999999999869e+03
-3.155253999999999905e+03
-3.176043999999999869e+03
-3.178271000000000186e+03
-3.165277999999999793e+03
-3.170103999999999814e+03
-3.191264999999999873e+03
-3.170103999999999814e+03
-3.194606000000000222e+03
-3.210940999999999804e+03
-3.189038000000000011e+03
-3.168989999999999782e+03
-3.206114999999999782e+03
-3.182355000000000018e+03
-3.190150999999999840e+03
-3.209085000000000036e+03
-3.196090999999999894e+03
-3.206114999999999782e+03
-3.229875000000000000e+03
-3.207971000000000004e+03
-3.214282000000000153e+03
