-4.692229000000000269e+03
-4.700024999999999636e+03
-4.691856999999999971e+03
-4.715988999999999578e+03
-4.708192000000000007e+03
-4.666240999999999985e+03
-4.713761000000000422e+03
-4.722300000000000182e+03
-4.683689999999999600e+03
-4.699283000000000357e+03
-4.694085000000000036e+03
-4.732694999999999709e+03
-4.700768000000000029e+03
-4.702623999999999796e+03
-4.712646999999999935e+03
-4.721557999999999993e+03
-4.716359999999999673e+03
-4.695198999999999614e+03
-4.734180000000000291e+03
-4.693713999999999942e+03
-4.758682999999999993e+03
-4.749029999999999745e+03
-4.728239999999999782e+03
-4.750886000000000422e+03
-4.733065999999999804e+03
-4.708935000000000400e+03
-4.742719000000000051e+03
-4.780215000000000146e+03
-4.749771999999999935e+03
-4.766479000000000269e+03
-4.771305000000000291e+03
-4.780586000000000240e+03
-4.757198000000000320e+03
-4.749029999999999745e+03
-4.769448999999999614e+03
-4.772418999999999869e+03
-4.776873999999999796e+03
-4.756454999999999927e+03
-4.787640000000000327e+03
-4.755712000000000444e+03
-4.777244999999999891e+03
-4.786525999999999840e+03
-4.773161000000000058e+03
-4.774645999999999731e+03
-4.767592999999999847e+03
-4.793579999999999927e+03
-4.777615999999999985e+03
-4.772046999999999571e+03
-4.775018000000000029e+03
-4.796550000000000182e+03
-4.796550000000000182e+03
-4.785042000000000371e+03
-4.804345999999999549e+03
-4.797663999999999760e+03
-4.797663999999999760e+03
-4.808801000000000386e+03
-4.774274999999999636e+03
-4.834046000000000276e+03
-4.837015999999999622e+03
-4.792837000000000444e+03
-4.803975000000000364e+03
-4.819939000000000306e+03
-4.822908999999999651e+03
-4.841100000000000364e+03
-4.853350999999999658e+03
-4.808430000000000291e+03
-4.858920000000000073e+03
-4.857435000000000400e+03
-4.847039999999999964e+03
-4.843698999999999614e+03
-4.870800000000000182e+03
-4.858920000000000073e+03
-4.858177999999999884e+03
-4.889734000000000378e+03
-4.849639000000000124e+03
-4.902355999999999767e+03
-4.893445999999999913e+03
-4.904583999999999833e+03
-4.907182999999999993e+03
-4.911265999999999622e+03
-4.893074999999999818e+03
-4.927229999999999563e+03
-4.958786000000000058e+03
-4.950989999999999782e+03
-4.964725999999999658e+03
-5.027095999999999549e+03
-4.955073999999999614e+03
-4.997024999999999636e+03
-5.017444000000000415e+03
-5.007420000000000073e+03
-4.984774000000000342e+03
-5.043060000000000400e+03
-5.030065999999999804e+03
-5.033036000000000058e+03
-5.045287999999999556e+03
-5.039347999999999956e+03
-5.073131000000000313e+03
-5.046400999999999840e+03
-5.061622999999999593e+03
-5.049371000000000095e+03
-5.039719000000000051e+03
-5.073502000000000407e+03
-5.008162999999999556e+03
-4.911265999999999622e+03
-4.905326000000000022e+03
-4.937996000000000095e+03
-4.893817000000000007e+03
-4.912009000000000015e+03
-4.912751000000000204e+03
-4.940224000000000160e+03
-4.936881999999999607e+03
-4.936140000000000327e+03
-4.960270999999999731e+03
-4.922033000000000357e+03
-4.927972999999999956e+03
-4.948762999999999920e+03
-4.922033000000000357e+03
-4.910895000000000437e+03
-4.982917000000000371e+03
-4.956930000000000291e+03
-4.973265000000000327e+03
-4.984030999999999949e+03
-4.948020000000000437e+03
-5.027467999999999847e+03
-4.991828000000000429e+03
-5.016329999999999927e+03
-4.969180999999999585e+03
-5.024126000000000204e+03
-5.019671000000000276e+03
-5.010390000000000327e+03
-5.019300000000000182e+03
-4.989970999999999549e+03
-5.069046999999999571e+03
-5.048628999999999905e+03
-5.027838999999999942e+03
-5.034149999999999636e+03
-5.057909999999999854e+03
-5.047886000000000422e+03
-5.037490999999999985e+03
-5.078328999999999724e+03
-5.037862000000000080e+03
-5.072760000000000218e+03
-5.034893000000000029e+03
-5.047515000000000327e+03
-5.044173999999999978e+03
-5.061622999999999593e+03
-5.065706000000000131e+03
-5.069789999999999964e+03
-5.100604000000000269e+03
-5.118795000000000073e+03
-5.095405999999999949e+03
-5.139585000000000036e+03
-5.149238000000000284e+03
-5.107658000000000357e+03
-5.155177999999999884e+03
-5.169655999999999949e+03
-5.134387999999999920e+03
-5.124363999999999578e+03
-5.156292000000000371e+03
-5.154064000000000306e+03
-5.135872999999999593e+03
-5.145154000000000451e+03
-5.153692000000000007e+03
-5.167429000000000087e+03
-5.188590000000000146e+03
-5.167429000000000087e+03
-5.171512999999999920e+03
-5.173368999999999687e+03
-5.158890000000000327e+03
-5.176338999999999942e+03
-5.196756999999999607e+03
-5.161118000000000393e+03
-5.214207000000000335e+03
-5.209380000000000109e+03
-5.191189000000000306e+03
-5.240936999999999898e+03
-5.244277000000000044e+03
-5.237224000000000160e+03
-5.209380000000000109e+03
-5.289198999999999614e+03
-5.236109999999999673e+03
-5.248731999999999971e+03
-5.237595000000000255e+03
-5.220889000000000124e+03
-5.232396999999999935e+03
-5.242421000000000276e+03
-5.171512999999999920e+03
-5.102460000000000036e+03
-5.124734999999999673e+03
-5.097634000000000015e+03
-5.069418999999999869e+03
-5.102088999999999942e+03
-5.097634000000000015e+03
-5.065706000000000131e+03
-5.098005000000000109e+03
-5.098376000000000204e+03
-5.100975000000000364e+03
-5.152949999999999818e+03
-5.155548999999999978e+03
-5.133274000000000342e+03
-5.153692000000000007e+03
-5.165573000000000320e+03
-5.174110999999999876e+03
-5.178194999999999709e+03
-5.174481999999999971e+03
-5.216805000000000291e+03
-5.205296000000000276e+03
-5.174854000000000269e+03
-5.217918999999999869e+03
-5.219774999999999636e+03
-5.244649000000000342e+03
-5.240564999999999600e+03
-5.255414999999999964e+03
-5.253559000000000196e+03
-5.220518000000000029e+03
-5.253559000000000196e+03
-5.238337000000000444e+03
-5.234996000000000095e+03
-5.224229999999999563e+03
-5.252073999999999614e+03
-5.234253999999999905e+03
-5.255414999999999964e+03
-5.242421000000000276e+03
-5.249475000000000364e+03
-5.284372999999999593e+03
-5.258756000000000313e+03
-5.272121000000000095e+03
-5.265067000000000007e+03
-5.219774999999999636e+03
-5.224972999999999956e+03
-5.216805000000000291e+03
-5.201212000000000444e+03
-5.229427999999999884e+03
-5.273234999999999673e+03
-5.206409999999999854e+03
-5.245762999999999920e+03
-5.239079999999999927e+03
-5.234253999999999905e+03
-5.250588999999999942e+03
-5.241679000000000087e+03
-5.229427999999999884e+03
-5.207895000000000437e+03
-5.240936999999999898e+03
-5.226086000000000240e+03
-5.225715000000000146e+03
-5.278432999999999993e+03
-5.271750000000000000e+03
-5.267667000000000371e+03
-5.259498999999999796e+03
-5.308131999999999607e+03
-5.289940999999999804e+03
-5.326694999999999709e+03
-5.310359999999999673e+03
-5.274349000000000160e+03
-5.348599000000000160e+03
-5.335604999999999563e+03
-5.356024000000000342e+03
-5.324467999999999847e+03
-5.371988000000000284e+03
-5.348970000000000255e+03
-5.392034999999999854e+03
-5.386466000000000349e+03
-5.387951000000000022e+03
-5.377555999999999585e+03
-5.410597999999999956e+03
-5.376442000000000007e+03
-5.410969000000000051e+03
-5.449949999999999818e+03
-5.377927999999999884e+03
-5.372729999999999563e+03
-5.424704999999999927e+03
-5.379412999999999556e+03
-5.410969000000000051e+03
-5.438069999999999709e+03
-5.410597999999999956e+03
-5.441411000000000058e+03
-5.440668999999999869e+03
-5.464429000000000087e+03
-5.469626000000000204e+03
-5.502667000000000371e+03
-5.481506000000000313e+03
-5.492644000000000233e+03
-5.529769000000000233e+03
-5.502667000000000371e+03
-5.459603000000000065e+03
-5.449949999999999818e+03
-5.451064000000000306e+03
-5.402801000000000386e+03
-5.452548999999999978e+03
-5.413567000000000007e+03
-5.414680999999999585e+03
-5.439926000000000386e+03
-5.415795000000000073e+03
-5.419506999999999607e+03
-5.465171000000000276e+03
-5.423591000000000349e+03
-5.447350999999999658e+03
-5.439184000000000196e+03
-5.479649999999999636e+03
-5.436213999999999942e+03
-5.480393000000000029e+03
-5.472225000000000364e+03
-5.437698999999999614e+03
-5.427675000000000182e+03
-5.419878999999999905e+03
-5.419506999999999607e+03
-5.412824999999999818e+03
-5.406143000000000029e+03
-5.361220999999999549e+03
-5.366046999999999571e+03
-5.390179000000000087e+03
-5.343771999999999935e+03
-5.354538999999999760e+03
-5.343400999999999840e+03
-5.346743000000000393e+03
-5.386095000000000255e+03
-5.400944999999999709e+03
-5.359364999999999782e+03
-5.390921000000000276e+03
-5.383125000000000000e+03
-5.385724000000000160e+03
-5.404658000000000357e+03
-5.423591000000000349e+03
-5.402430000000000291e+03
-5.397975000000000364e+03
-5.426189999999999600e+03
-5.395376000000000204e+03
-5.458859999999999673e+03
-5.419136000000000422e+03
-5.429902000000000044e+03
-5.281774000000000342e+03
-5.309618000000000393e+03
-5.285114999999999782e+03
-5.300707999999999629e+03
-5.312587000000000444e+03
-5.298850999999999658e+03
-5.279175000000000182e+03
-5.283259000000000015e+03
-5.262469000000000051e+03
-5.302564000000000306e+03
-5.252815999999999804e+03
-5.294768000000000029e+03
-5.294024999999999636e+03
-5.308131999999999607e+03
-5.282515999999999622e+03
-5.302564000000000306e+03
-5.263953999999999724e+03
-5.277319000000000415e+03
-5.277689999999999600e+03
-5.326694999999999709e+03
-5.309246000000000095e+03
-5.311845000000000255e+03
-5.309988999999999578e+03
-5.278432999999999993e+03
-5.321497999999999593e+03
-5.290684000000000196e+03
-5.279175000000000182e+03
-5.288085000000000036e+03
-5.325953000000000429e+03
-5.304792000000000371e+03
-5.309618000000000393e+03
-5.338574999999999818e+03
-5.295510000000000218e+03
-5.302192000000000007e+03
-5.335975999999999658e+03
-5.328551000000000386e+03
-5.315186999999999898e+03
-5.332264000000000124e+03
-5.325210000000000036e+03
-5.314814999999999600e+03
-5.333006000000000313e+03
-5.324838999999999942e+03
-5.320384000000000015e+03
-5.357880000000000109e+03
-5.368645999999999731e+03
-5.350826000000000022e+03
-5.386466000000000349e+03
-5.361220999999999549e+03
-5.351939999999999600e+03
-5.371988000000000284e+03
-5.378670000000000073e+03
-5.344886000000000422e+03
-5.369760000000000218e+03
-5.360479000000000269e+03
-5.351939999999999600e+03
-5.392034999999999854e+03
-5.363819999999999709e+03
-5.336347999999999956e+03
-5.366046999999999571e+03
-5.358251000000000204e+03
-5.353796000000000276e+03
-5.352311999999999898e+03
-5.389064999999999600e+03
-5.352311999999999898e+03
-5.341173999999999978e+03
-5.349341000000000349e+03
-5.344886000000000422e+03
-5.371244999999999891e+03
-5.376442000000000007e+03
-5.367161000000000058e+03
-5.371615999999999985e+03
-5.416167000000000371e+03
-5.377555999999999585e+03
-5.389807999999999993e+03
-5.373844000000000051e+03
-5.395376000000000204e+03
-5.387208999999999833e+03
-5.410969000000000051e+03
-5.418021999999999935e+03
-5.387579999999999927e+03
-5.422478000000000065e+03
-5.398717999999999847e+03
