-4.829961999999999875e+02
-4.785412999999999784e+02
-5.141812999999999647e+02
-4.974750000000000227e+02
-5.097262999999999806e+02
-5.494500000000000455e+02
-5.123250000000000455e+02
-5.190075000000000500e+02
-5.631862999999999602e+02
-5.657849999999999682e+02
-5.642999999999999545e+02
-5.691263000000000147e+02
-5.928862000000000307e+02
-5.980837000000000216e+02
-6.177599999999999909e+02
-6.255562999999999647e+02
-6.326100000000000136e+02
-6.615674999999999955e+02
-6.355800000000000409e+02
-6.634238000000000284e+02
-6.964650000000000318e+02
-6.756749999999999545e+02
-6.972074999999999818e+02
-7.283925000000000409e+02
-6.934950000000000045e+02
-7.391588000000000420e+02
-7.822237999999999829e+02
-7.339611999999999625e+02
-8.093250000000000455e+02
-8.308574999999999591e+02
-7.844511999999999716e+02
-8.304863000000000284e+02
-8.345700000000000500e+02
-8.367975000000000136e+02
-8.509049999999999727e+02
-8.130375000000000227e+02
-8.386536999999999580e+02
-8.713237000000000307e+02
-8.546174999999999500e+02
-8.716950000000000500e+02
-8.787487999999999602e+02
-8.757786999999999580e+02
-8.995388000000000375e+02
-9.281250000000000000e+02
-9.433463000000000420e+02
-9.251549999999999727e+02
-9.593099999999999454e+02
-9.333224999999999909e+02
-9.537413000000000238e+02
-9.678487999999999829e+02
-9.830700000000000500e+02
-9.711900000000000546e+02
-1.003860000000000014e+03
-1.021679999999999950e+03
-1.017967999999999961e+03
-9.923513000000000375e+02
-1.082193999999999960e+03
-1.076253999999999905e+03
-1.039500000000000000e+03
-1.077739000000000033e+03
-1.089248000000000047e+03
-1.068828999999999951e+03
-1.097414999999999964e+03
-1.083679000000000087e+03
-1.113378999999999905e+03
-1.104097999999999956e+03
-1.137138999999999896e+03
-1.130455999999999904e+03
-1.139738000000000056e+03
-1.138624000000000024e+03
-1.160527000000000044e+03
-1.166468000000000075e+03
-1.161269999999999982e+03
-1.232549999999999955e+03
-1.210275000000000091e+03
-1.219184999999999945e+03
-1.218814000000000078e+03
-1.266704999999999927e+03
-1.269674999999999955e+03
-1.248884999999999991e+03
-1.313482999999999947e+03
-1.309027000000000044e+03
-1.276357999999999947e+03
-1.340212999999999965e+03
-1.343554000000000087e+03
-1.331673999999999978e+03
-1.340954999999999927e+03
-1.361002999999999929e+03
-1.345780999999999949e+03
-1.340212999999999965e+03
-1.374739000000000033e+03
-1.366942999999999984e+03
-1.384019999999999982e+03
-1.349123000000000047e+03
-1.376965999999999894e+03
-1.361744999999999891e+03
-1.407409000000000106e+03
-1.395156999999999925e+03
-1.345038999999999987e+03
-1.399240999999999985e+03
-1.419660000000000082e+03
-1.395156999999999925e+03
-1.426713999999999942e+03
-1.414090999999999894e+03
-1.417804000000000087e+03
-1.428941000000000031e+03
-1.389588999999999942e+03
-1.441564000000000078e+03
-1.461611000000000104e+03
-1.439336000000000013e+03
-1.450103000000000065e+03
-1.479059999999999945e+03
-1.446019000000000005e+03
-1.433395999999999958e+03
-1.471263999999999896e+03
-1.476089999999999918e+03
-1.472377999999999929e+03
-1.476089999999999918e+03
-1.495394999999999982e+03
-1.480915999999999940e+03
-1.520640000000000100e+03
-1.523609999999999900e+03
-1.501335000000000036e+03
-1.555165999999999940e+03
-1.549597999999999956e+03
-1.561478000000000065e+03
-1.544770999999999958e+03
-1.504675999999999931e+03
-1.497623000000000047e+03
-1.523239000000000033e+03
-1.542914999999999964e+03
-1.518040999999999940e+03
-1.522867999999999938e+03
-1.538830999999999904e+03
-1.548113000000000056e+03
-1.534375999999999976e+03
-1.565932000000000016e+03
-1.553309999999999945e+03
-1.564076000000000022e+03
-1.544028999999999996e+03
-1.559992999999999938e+03
-1.605285000000000082e+03
-1.568902000000000044e+03
-1.584494999999999891e+03
-1.616422000000000025e+03
-1.623105000000000018e+03
-1.629415999999999940e+03
-1.627931000000000040e+03
-1.621619999999999891e+03
-1.593776000000000067e+03
-1.593034000000000106e+03
-1.600829999999999927e+03
-1.630901000000000067e+03
-1.614194999999999936e+03
-1.639810999999999922e+03
-1.609740000000000009e+03
-1.613080999999999904e+03
-1.643152000000000044e+03
-1.618278999999999996e+03
-1.646865000000000009e+03
-1.659858999999999924e+03
-1.654289999999999964e+03
-1.639440000000000055e+03
-1.695127999999999929e+03
-1.679163999999999987e+03
-1.699583000000000084e+03
-1.697355000000000018e+03
-1.729281999999999925e+03
-1.730025000000000091e+03
-1.726313000000000102e+03
-1.734851000000000113e+03
-1.740790999999999940e+03
-1.727797000000000025e+03
-1.721486000000000104e+03
-1.737820999999999913e+03
-1.735222999999999956e+03
-1.723343000000000075e+03
-1.766778999999999996e+03
-1.771233999999999924e+03
-1.769006000000000085e+03
-1.784228000000000065e+03
-1.792394999999999982e+03
-1.784228000000000065e+03
-1.814298999999999978e+03
-1.839544000000000096e+03
-1.828405999999999949e+03
-1.835830999999999904e+03
-1.849939000000000078e+03
-1.835830999999999904e+03
-1.832490000000000009e+03
-1.851051999999999907e+03
-1.834346000000000004e+03
-1.834346000000000004e+03
-1.845113000000000056e+03
-1.865902000000000044e+03
-1.872955999999999904e+03
-1.885950000000000045e+03
-1.836202999999999975e+03
-1.859962999999999965e+03
-1.875183999999999969e+03
-1.842884999999999991e+03
-1.833974999999999909e+03
-1.869615000000000009e+03
-1.847711000000000013e+03
-1.856992999999999938e+03
-1.884094000000000051e+03
-1.847711000000000013e+03
-1.830262999999999920e+03
-1.854765000000000100e+03
-1.842143000000000029e+03
-1.845483999999999924e+03
-1.859962999999999965e+03
-1.837316000000000031e+03
-1.832490000000000009e+03
-1.845113000000000056e+03
-1.825435999999999922e+03
-1.800933999999999969e+03
-1.819125000000000000e+03
-1.815412000000000035e+03
-1.794993999999999915e+03
-1.825065000000000055e+03
-1.809472999999999956e+03
-1.791652000000000044e+03
-1.818010999999999967e+03
-1.838058999999999969e+03
-1.814670000000000073e+03
-1.841028999999999996e+03
-1.846226000000000113e+03
-1.822465999999999894e+03
-1.864788999999999987e+03
-1.868130000000000109e+03
-1.852165999999999940e+03
-1.869615000000000009e+03
-1.891890000000000100e+03
-1.871099999999999909e+03
-1.878153999999999996e+03
-1.904141000000000076e+03
-1.895230999999999995e+03
-1.910080999999999904e+03
-1.930500000000000000e+03
-1.926415999999999940e+03
-1.930871000000000095e+03
-1.923075000000000045e+03
-1.937554000000000087e+03
-1.947949000000000069e+03
-1.962426999999999907e+03
-1.940894999999999982e+03
-1.936068999999999960e+03
-1.928644000000000005e+03
-1.947205999999999904e+03
-1.930128999999999905e+03
-1.960942999999999984e+03
-1.950175999999999931e+03
-1.966883000000000038e+03
-1.961314000000000078e+03
-1.916393000000000029e+03
-1.921219000000000051e+03
-1.911566000000000031e+03
-1.897459000000000060e+03
-1.907111000000000104e+03
-1.913794000000000096e+03
-1.927901000000000067e+03
-1.921589999999999918e+03
-1.936440000000000055e+03
-1.931614000000000033e+03
-1.905625999999999976e+03
-1.920847999999999956e+03
-1.947577999999999975e+03
-1.915650000000000091e+03
-1.936810999999999922e+03
-1.979875999999999976e+03
-1.951661000000000058e+03
-1.980618999999999915e+03
-1.986558999999999969e+03
-1.975791999999999916e+03
-1.985444999999999936e+03
-1.975421000000000049e+03
-1.967253999999999905e+03
-1.986930000000000064e+03
-1.979505000000000109e+03
-1.974307000000000016e+03
-1.999923999999999978e+03
-1.983218000000000075e+03
-1.975049999999999955e+03
-1.997695999999999913e+03
-1.995469000000000051e+03
-1.995097999999999956e+03
-2.022569999999999936e+03
-2.017743999999999915e+03
-2.014773999999999887e+03
-2.039276000000000067e+03
-2.027395999999999958e+03
-2.022941000000000031e+03
-2.031480000000000018e+03
-2.044103000000000065e+03
-2.014402000000000044e+03
-2.028881000000000085e+03
-2.064150000000000091e+03
-2.050784999999999854e+03
-2.048929000000000087e+03
-2.057096000000000004e+03
-2.071945999999999913e+03
-2.055239999999999782e+03
-2.071204000000000178e+03
-2.037790999999999940e+03
-2.027395999999999958e+03
-2.027395999999999958e+03
-2.048929000000000087e+03
-2.054498000000000047e+03
-2.047815000000000055e+03
-2.041875000000000000e+03
-2.072688999999999851e+03
-2.057096000000000004e+03
-2.066748999999999796e+03
-1.982104000000000042e+03
-1.969109999999999900e+03
-1.951661000000000058e+03
-1.956858999999999924e+03
-1.978391000000000076e+03
-1.975421000000000049e+03
-1.963540999999999940e+03
-1.983960000000000036e+03
-1.979875999999999976e+03
-1.966140000000000100e+03
-1.982104000000000042e+03
-1.967996000000000095e+03
-1.960942999999999984e+03
-1.974307000000000016e+03
-1.960570999999999913e+03
-1.978391000000000076e+03
-2.005492999999999938e+03
-1.990643000000000029e+03
-1.991013999999999896e+03
-1.988414999999999964e+03
-1.996211000000000013e+03
-2.004008000000000038e+03
-2.032964999999999918e+03
-2.019229000000000042e+03
-2.015887999999999920e+03
-2.068605000000000018e+03
-2.061550999999999931e+03
-2.006234999999999900e+03
-1.989528999999999996e+03
-1.980248000000000047e+03
-1.953518000000000029e+03
-1.976535000000000082e+03
-2.017743999999999915e+03
-1.974679000000000087e+03
-1.963912000000000035e+03
-1.976163999999999987e+03
-1.951661000000000058e+03
-1.952403999999999996e+03
-1.978762999999999920e+03
-1.958344000000000051e+03
-1.942009000000000015e+03
-1.962056000000000040e+03
-1.952403999999999996e+03
-1.930871000000000095e+03
-1.931614000000000033e+03
-1.927529999999999973e+03
-1.910080999999999904e+03
-1.935698000000000093e+03
-1.923817999999999984e+03
-1.917134999999999991e+03
-1.947205999999999904e+03
-1.944236000000000104e+03
-1.937182000000000016e+03
-1.949805000000000064e+03
-1.936068999999999960e+03
-1.937182000000000016e+03
-1.923075000000000045e+03
-1.939780999999999949e+03
-1.957972999999999956e+03
-1.926415999999999940e+03
-1.944236000000000104e+03
-1.953145999999999958e+03
-1.962798999999999978e+03
-1.939038999999999987e+03
-1.946463999999999942e+03
-1.976163999999999987e+03
-1.965396999999999935e+03
-1.970223999999999933e+03
-1.986188000000000102e+03
-1.973565000000000055e+03
-1.980990000000000009e+03
-1.990643000000000029e+03
-1.981361000000000104e+03
-1.994726000000000113e+03
-1.996953999999999951e+03
-2.004378999999999905e+03
-2.010690000000000055e+03
-1.998067999999999984e+03
-1.994355000000000018e+03
-2.011432000000000016e+03
-2.028881000000000085e+03
-2.018486000000000104e+03
-2.025169000000000096e+03
-2.037790999999999940e+03
-2.001037000000000035e+03
-1.992869999999999891e+03
-1.988786000000000058e+03
-1.977648999999999887e+03
-1.983218000000000075e+03
-2.009204999999999927e+03
-1.999551999999999907e+03
-2.020343000000000075e+03
-2.024797000000000025e+03
-2.017000999999999976e+03
-2.028138999999999896e+03
-2.034078999999999951e+03
-2.018857999999999947e+03
-2.025539999999999964e+03
