-4.411564000000000306e+03
-4.485070999999999913e+03
-4.459454999999999927e+03
-4.457970000000000255e+03
-4.436809000000000196e+03
-4.476904000000000451e+03
-4.490269000000000233e+03
-4.517740999999999985e+03
-4.520340000000000146e+03
-4.459454999999999927e+03
-4.510688000000000102e+03
-4.491753999999999905e+03
-4.499921000000000276e+03
-4.462425000000000182e+03
-4.516256000000000313e+03
-4.542243999999999687e+03
-4.541130000000000109e+03
-4.587164999999999964e+03
-4.539274000000000342e+03
-4.575284999999999854e+03
-4.564519000000000233e+03
-4.557094000000000051e+03
-4.549296999999999571e+03
-4.601644000000000233e+03
-4.564146999999999935e+03
-4.600900999999999840e+03
-4.619463999999999942e+03
-4.557094000000000051e+03
-4.616493999999999687e+03
-4.599417000000000371e+03
-4.573057999999999993e+03
-4.579368999999999687e+03
-4.612038999999999760e+03
-4.593104999999999563e+03
-4.600529999999999745e+03
-4.632828999999999724e+03
-4.622063000000000102e+03
-4.637283999999999651e+03
-4.604613999999999578e+03
-4.643224000000000160e+03
-4.624661000000000058e+03
-4.630229999999999563e+03
-4.635798999999999978e+03
-4.618720999999999549e+03
-4.653618999999999687e+03
-4.597930999999999585e+03
-4.655475000000000364e+03
-4.685917000000000371e+03
-4.635798999999999978e+03
-4.681091000000000349e+03
-4.648421000000000276e+03
-4.668840000000000146e+03
-4.661414999999999964e+03
-4.701510000000000218e+03
-4.671439000000000306e+03
-4.653618999999999687e+03
-4.692600000000000364e+03
-4.688145000000000437e+03
-4.728981999999999971e+03
-4.733065999999999804e+03
-4.739377000000000407e+03
-4.701510000000000218e+03
-4.744203999999999724e+03
-4.716359999999999673e+03
-4.768706000000000131e+03
-4.762024000000000342e+03
-4.739377000000000407e+03
-4.812514000000000124e+03
-4.775018000000000029e+03
-4.731210000000000036e+03
-4.775018000000000029e+03
-4.847411000000000058e+03
-4.760167000000000371e+03
-4.823650999999999840e+03
-4.815484000000000378e+03
-4.806573999999999614e+03
-4.803975000000000364e+03
-4.820310000000000400e+03
-4.805460000000000036e+03
-4.754970000000000255e+03
-4.798777000000000044e+03
-4.782814000000000306e+03
-4.772789999999999964e+03
-4.797663999999999760e+03
-4.786896999999999935e+03
-4.765735999999999876e+03
-4.790609999999999673e+03
-4.813998999999999796e+03
-4.811399999999999636e+03
-4.754599000000000160e+03
-4.794323000000000320e+03
-4.765735999999999876e+03
-4.781699999999999818e+03
-4.806573999999999614e+03
-4.769819999999999709e+03
-4.769078000000000429e+03
-4.801005000000000109e+03
-4.769819999999999709e+03
-4.823650999999999840e+03
-4.828849000000000160e+03
-4.771305000000000291e+03
-4.789125000000000000e+03
-4.860404999999999745e+03
-4.762024000000000342e+03
-4.851494999999999891e+03
-4.860404999999999745e+03
-4.740862000000000080e+03
-4.789496000000000095e+03
-4.758311999999999898e+03
-4.746430999999999585e+03
-4.736036000000000058e+03
-4.789125000000000000e+03
-4.718958999999999833e+03
-4.725640999999999622e+03
-4.773904000000000451e+03
-4.747545000000000073e+03
-4.744574999999999818e+03
-4.731953000000000429e+03
-4.767220999999999549e+03
-4.743461000000000240e+03
-4.786525999999999840e+03
-4.769448999999999614e+03
-4.743461000000000240e+03
-4.786525999999999840e+03
-4.780215000000000146e+03
-4.766106999999999971e+03
-4.780957999999999629e+03
-4.787269000000000233e+03
-4.790238999999999578e+03
-4.806573999999999614e+03
-4.805831000000000131e+03
-4.794694000000000415e+03
-4.826621000000000095e+03
-4.796550000000000182e+03
-4.821052999999999884e+03
-4.804345999999999549e+03
-4.850381000000000313e+03
-4.821795000000000073e+03
-4.867458999999999833e+03
-4.868201000000000022e+03
-4.853722999999999956e+03
-4.862261000000000422e+03
-4.865230999999999767e+03
-4.811770999999999731e+03
-4.817340000000000146e+03
-4.831076000000000022e+03
-4.796550000000000182e+03
-4.808801000000000386e+03
-4.806573999999999614e+03
-4.794323000000000320e+03
-4.816597999999999956e+03
-4.821795000000000073e+03
-4.817711000000000240e+03
-4.848524999999999636e+03
-4.829962000000000444e+03
-4.844440999999999804e+03
-4.845555000000000291e+03
-4.818824999999999818e+03
-4.860775999999999840e+03
-4.895673999999999978e+03
-4.896417000000000371e+03
-4.900500000000000000e+03
-4.891590000000000146e+03
-4.865974000000000160e+03
-4.891961000000000240e+03
-4.865603000000000065e+03
-4.851865999999999985e+03
-4.849268000000000029e+03
-4.884164999999999964e+03
-4.861890000000000327e+03
-4.871171000000000276e+03
-4.862261000000000422e+03
-4.865603000000000065e+03
-4.834046000000000276e+03
-4.873770000000000437e+03
-4.864488999999999578e+03
-4.832561999999999898e+03
-4.853350999999999658e+03
-4.803231999999999971e+03
-4.826621000000000095e+03
-4.816969000000000051e+03
-4.830333999999999833e+03
-4.810286000000000058e+03
-4.835530999999999949e+03
-4.851865999999999985e+03
-4.775389000000000124e+03
-4.822537999999999556e+03
-4.817340000000000146e+03
-4.796921000000000276e+03
-4.795064999999999600e+03
-4.854094000000000051e+03
-4.825136000000000422e+03
-4.823650999999999840e+03
-4.845555000000000291e+03
-4.846296999999999571e+03
-4.834046000000000276e+03
-4.858920000000000073e+03
-4.835902000000000044e+03
-4.826993000000000393e+03
-4.872284999999999854e+03
-4.844069999999999709e+03
-4.829962000000000444e+03
-4.861146999999999935e+03
-4.835902000000000044e+03
-4.847411000000000058e+03
-4.863375000000000000e+03
-4.849268000000000029e+03
-4.845184000000000196e+03
-4.894560000000000400e+03
-4.828105999999999767e+03
-4.850010000000000218e+03
-4.868944000000000415e+03
-4.867829999999999927e+03
-4.868944000000000415e+03
-4.869314999999999600e+03
-4.888248999999999796e+03
-4.861519000000000233e+03
-4.904583999999999833e+03
-4.852979999999999563e+03
-4.870057999999999993e+03
-4.875255000000000109e+03
-4.906439999999999600e+03
-4.865230999999999767e+03
-4.874884000000000015e+03
-4.913122999999999593e+03
-4.875626000000000204e+03
-4.906811999999999898e+03
-4.875626000000000204e+03
-4.900500000000000000e+03
-4.873770000000000437e+03
-4.939853000000000065e+03
-4.878967999999999847e+03
-4.896045000000000073e+03
-4.935025999999999840e+03
-4.922404000000000451e+03
-4.930199999999999818e+03
-4.937625000000000000e+03
-4.907182999999999993e+03
-4.924260000000000218e+03
-4.949876000000000204e+03
-4.942451000000000022e+03
-4.939853000000000065e+03
-4.939853000000000065e+03
-4.927600999999999658e+03
-4.935769000000000233e+03
-4.987743999999999687e+03
-4.960270999999999731e+03
-4.950247999999999593e+03
-4.982546000000000276e+03
-4.963612000000000080e+03
-4.976605999999999767e+03
-4.979948000000000320e+03
-4.963612000000000080e+03
-4.997395999999999731e+03
-5.020784999999999854e+03
-5.005935000000000400e+03
-4.987372999999999593e+03
-5.033408000000000357e+03
-5.028953000000000429e+03
-5.043430999999999585e+03
-5.040832999999999629e+03
-5.042317000000000007e+03
-5.069789999999999964e+03
-5.057538999999999760e+03
-5.055311999999999898e+03
-5.101717999999999847e+03
-5.094663999999999760e+03
-5.071274999999999636e+03
-5.119908999999999651e+03
-5.073131000000000313e+03
-5.121765000000000327e+03
-5.138100000000000364e+03
-5.087238999999999578e+03
-5.078328999999999724e+03
-5.000365999999999985e+03
-5.030809000000000196e+03
-5.041574999999999818e+03
-5.025981999999999971e+03
-5.044917000000000371e+03
-5.058652000000000044e+03
-5.042317000000000007e+03
-5.060137999999999920e+03
-5.059024000000000342e+03
-5.068305000000000291e+03
-5.066448999999999614e+03
-5.068676000000000386e+03
-5.053454999999999927e+03
-5.080555999999999585e+03
-5.100604000000000269e+03
-5.065335000000000036e+03
-5.076844000000000051e+03
-5.092436999999999898e+03
-5.057538999999999760e+03
-5.041945999999999913e+03
-5.031551000000000386e+03
-5.006677999999999884e+03
-5.050855999999999767e+03
-5.050484999999999673e+03
-5.023755000000000109e+03
-5.040461000000000240e+03
-5.056796000000000276e+03
-5.032293999999999869e+03
-5.059395000000000437e+03
-5.056425000000000182e+03
-5.017073000000000320e+03
-5.074988000000000284e+03
-5.067563000000000102e+03
-5.024126000000000204e+03
-5.048256999999999607e+03
-5.083154999999999745e+03
-5.031551000000000386e+03
-5.086868000000000393e+03
-5.093921000000000276e+03
-5.070904000000000451e+03
-5.075359000000000378e+03
-5.087609999999999673e+03
-5.042689000000000306e+03
-5.096149000000000342e+03
-5.088724000000000160e+03
-5.096520000000000437e+03
-5.104688000000000102e+03
-5.110256000000000313e+03
-5.082412999999999556e+03
-5.088353000000000065e+03
-5.112854999999999563e+03
-5.087980999999999767e+03
-5.120279999999999745e+03
-5.139213999999999942e+03
-5.090579999999999927e+03
-5.124734999999999673e+03
-5.136985999999999876e+03
-5.143296999999999571e+03
-5.100975000000000364e+03
-5.105059000000000196e+03
-5.144783000000000357e+03
-5.132530999999999949e+03
-5.152207999999999629e+03
-5.155548999999999978e+03
-5.121021999999999935e+03
-5.123250000000000000e+03
-5.193045000000000073e+03
-5.123250000000000000e+03
-5.154805999999999585e+03
-5.201212000000000444e+03
-5.125105999999999767e+03
-5.171512999999999920e+03
-5.178938000000000102e+03
-5.149979999999999563e+03
-5.208637999999999920e+03
-5.186363000000000284e+03
-5.144411000000000058e+03
-5.204925000000000182e+03
-5.163716000000000349e+03
-5.192673999999999978e+03
-5.182279000000000451e+03
-5.187847999999999956e+03
-5.172626000000000204e+03
-5.191930999999999585e+03
-5.207152000000000044e+03
-5.196015000000000327e+03
-5.205296000000000276e+03
-5.208637999999999920e+03
-5.167800000000000182e+03
-5.198984999999999673e+03
-5.215319999999999709e+03
-5.198613999999999578e+03
-5.210864999999999782e+03
-5.224229999999999563e+03
-5.214578000000000429e+03
-5.214948999999999614e+03
-5.226457999999999629e+03
-5.186363000000000284e+03
-5.254301000000000386e+03
-5.220518000000000029e+03
-5.222744999999999891e+03
-5.261354999999999563e+03
-5.233140000000000327e+03
-5.269894000000000233e+03
-5.266552999999999884e+03
-5.274349000000000160e+03
-5.247989999999999782e+03
-5.243163999999999760e+03
-5.269150999999999840e+03
-5.283630000000000109e+03
-5.251332000000000335e+03
-5.253930000000000291e+03
-5.256899999999999636e+03
-5.252444999999999709e+03
-5.263582999999999629e+03
-5.251703000000000429e+03
-5.274349000000000160e+03
-5.269894000000000233e+03
-5.274720000000000255e+03
-5.272863999999999578e+03
-5.304048999999999978e+03
-5.270636000000000422e+03
-5.263211000000000240e+03
-5.281774000000000342e+03
-5.285114999999999782e+03
-5.272493000000000393e+03
-5.317413999999999760e+03
-5.301078999999999724e+03
-5.286229000000000269e+03
-5.307019000000000233e+03
-5.297365999999999985e+03
-5.291055000000000291e+03
-5.328180000000000291e+03
-5.282515999999999622e+03
-5.286970999999999549e+03
-5.327065999999999804e+03
-5.311474000000000160e+03
-5.320755000000000109e+03
