-7.610625000000000284e+01
-8.427375000000000682e+01
-9.021375000000000455e+01
-7.016625000000000512e+01
-8.315999999999999659e+01
-9.912375000000000114e+01
-9.206999999999999318e+01
-1.069200000000000017e+02
-1.503562000000000012e+02
-1.388474999999999966e+02
-1.258538000000000068e+02
-1.722599999999999909e+02
-1.897087999999999965e+02
-1.789424999999999955e+02
-1.815412000000000035e+02
-1.670625000000000000e+02
-1.347637000000000000e+02
-1.607512999999999863e+02
-1.525837999999999965e+02
-1.666913000000000125e+02
-1.730024999999999977e+02
-1.804275000000000091e+02
-1.744875000000000114e+02
-1.848824999999999932e+02
-1.856250000000000000e+02
-2.019600000000000080e+02
-1.845112000000000023e+02
-1.945349999999999966e+02
-1.971338000000000079e+02
-2.164387999999999863e+02
-2.019600000000000080e+02
-2.338874999999999886e+02
-2.353725000000000023e+02
-2.312888000000000090e+02
-2.528213000000000079e+02
-2.665575000000000045e+02
-2.539350000000000023e+02
-2.531924999999999955e+02
-2.665575000000000045e+02
-2.932875000000000227e+02
-2.843774999999999977e+02
-2.758387000000000171e+02
-2.958863000000000056e+02
-2.873475000000000250e+02
-2.639587000000000216e+02
-2.806650000000000205e+02
-2.691562999999999874e+02
-2.762099999999999795e+02
-3.081374999999999886e+02
-2.888324999999999818e+02
-2.929162999999999784e+02
-2.828924999999999841e+02
-2.873475000000000250e+02
-2.639587000000000216e+02
-2.736113000000000284e+02
-2.984850000000000136e+02
-2.966288000000000125e+02
-3.047962999999999738e+02
-2.940299999999999727e+02
-3.259574999999999818e+02
-3.010837000000000216e+02
-2.944012000000000171e+02
-3.211313000000000102e+02
-3.237300000000000182e+02
-3.241012999999999806e+02
-3.571424999999999841e+02
-3.389513000000000034e+02
-3.530586999999999875e+02
-3.549150000000000205e+02
-3.634538000000000011e+02
-3.634538000000000011e+02
-3.478613000000000284e+02
-3.627112000000000194e+02
-3.916687999999999761e+02
-3.801600000000000250e+02
-3.912975000000000136e+02
-3.916687999999999761e+02
-3.875849999999999795e+02
-3.924112999999999829e+02
-3.912975000000000136e+02
-3.990937999999999874e+02
-3.931537000000000148e+02
-3.883274999999999864e+02
-3.886988000000000056e+02
-3.872137000000000171e+02
-3.697649999999999864e+02
-4.061474999999999795e+02
-4.109737999999999829e+02
-3.879562999999999988e+02
-4.213686999999999898e+02
-4.336200000000000045e+02
-4.120874999999999773e+02
-4.039200000000000159e+02
-4.169137999999999806e+02
-3.994649999999999750e+02
-4.325063000000000102e+02
-4.273086999999999875e+02
-4.146861999999999853e+02
-4.247099999999999795e+02
-4.310212000000000216e+02
-4.146861999999999853e+02
-4.195124999999999886e+02
-4.688888000000000034e+02
-4.373324999999999818e+02
-4.106025000000000205e+02
-4.677749999999999773e+02
-4.607212999999999852e+02
-4.525536999999999921e+02
-4.659187999999999761e+02
-4.662900000000000205e+02
-4.885649999999999977e+02
-4.926487000000000194e+02
-4.777988000000000284e+02
-4.837388000000000261e+02
-5.026725000000000136e+02
-4.919062999999999874e+02
-4.636913000000000125e+02
-4.796549999999999727e+02
-4.829961999999999875e+02
-4.937624999999999886e+02
-5.078700000000000045e+02
-5.234624999999999773e+02
-4.989599999999999795e+02
-5.249474999999999909e+02
-5.349713000000000420e+02
-5.431386999999999716e+02
-5.572463000000000193e+02
-5.743237000000000307e+02
-5.479650000000000318e+02
-5.048999999999999773e+02
-5.223487999999999829e+02
-5.030437999999999761e+02
-4.915350000000000250e+02
-5.145525000000000091e+02
-5.019300000000000068e+02
-5.011875000000000000e+02
-5.034150000000000205e+02
-5.149238000000000284e+02
-5.423962000000000216e+02
-5.175225000000000364e+02
-5.327437999999999647e+02
-5.082411999999999921e+02
-5.234624999999999773e+02
-5.260612999999999602e+02
-5.212350000000000136e+02
-5.316299999999999955e+02
-5.175225000000000364e+02
-5.048999999999999773e+02
-5.037862999999999829e+02
-4.785412999999999784e+02
-4.751999999999999886e+02
-4.826250000000000000e+02
-4.562663000000000011e+02
-4.922774999999999750e+02
-4.867087000000000216e+02
-4.744574999999999818e+02
-4.792837999999999852e+02
-4.922774999999999750e+02
-4.837388000000000261e+02
-5.112112000000000194e+02
-5.093550000000000182e+02
-5.297736999999999625e+02
-5.338574999999999591e+02
-5.164088000000000420e+02
-5.093550000000000182e+02
-4.930199999999999818e+02
-5.186362000000000307e+02
-5.056424999999999841e+02
-5.216063000000000329e+02
-5.242050000000000409e+02
-5.145525000000000091e+02
-5.152949999999999591e+02
-5.119538000000000011e+02
-5.171512000000000171e+02
-5.230911999999999580e+02
-5.375700000000000500e+02
-5.279175000000000182e+02
-5.312586999999999762e+02
-5.394262999999999693e+02
-5.290312999999999874e+02
-5.112112000000000194e+02
-5.442525000000000546e+02
-5.405399999999999636e+02
-5.464800000000000182e+02
-5.453663000000000238e+02
-5.475937999999999874e+02
-5.642999999999999545e+02
-5.546475000000000364e+02
-5.687549999999999955e+02
-5.457374999999999545e+02
-5.420249999999999773e+02
-5.294025000000000318e+02
-5.379412999999999556e+02
-5.353424999999999727e+02
-5.390549999999999500e+02
-5.175225000000000364e+02
-5.386838000000000193e+02
-5.394262999999999693e+02
-5.338574999999999591e+02
-5.364561999999999671e+02
-5.371987000000000307e+02
-5.435099999999999909e+02
-5.513062999999999647e+02
-5.282888000000000375e+02
-5.216063000000000329e+02
-5.505638000000000147e+02
-5.457374999999999545e+02
-5.401688000000000329e+02
-5.505638000000000147e+02
-5.524199999999999591e+02
-5.535338000000000420e+02
-5.531625000000000227e+02
-5.435099999999999909e+02
-5.572463000000000193e+02
-5.668986999999999625e+02
-5.624437000000000353e+02
-5.602161999999999580e+02
-5.732100000000000364e+02
-5.594737999999999829e+02
-5.598450000000000273e+02
-5.791499999999999773e+02
-5.720963000000000420e+02
-5.817487999999999602e+02
-5.858324999999999818e+02
-5.702400000000000091e+02
-5.780362999999999829e+02
-5.973411999999999580e+02
-6.058799999999999955e+02
-5.884312999999999647e+02
-6.133049999999999500e+02
-6.077363000000000284e+02
-5.991974999999999909e+02
-6.151612999999999829e+02
-6.344661999999999580e+02
-5.995687000000000353e+02
-5.761799999999999500e+02
-5.546475000000000364e+02
-5.416536999999999580e+02
-5.442525000000000546e+02
-5.665275000000000318e+02
-5.349713000000000420e+02
-5.546475000000000364e+02
-5.587313000000000329e+02
-5.531625000000000227e+02
-5.457374999999999545e+02
-5.438812000000000353e+02
-5.479650000000000318e+02
-5.568750000000000000e+02
-5.687549999999999955e+02
-5.401688000000000329e+02
-5.468513000000000375e+02
-5.591024999999999636e+02
-5.527912999999999784e+02
-5.642999999999999545e+02
-5.772938000000000329e+02
-5.702400000000000091e+02
-5.784075000000000273e+02
-5.709824999999999591e+02
-5.557612000000000307e+02
-5.539049999999999727e+02
-5.813775000000000546e+02
-5.761799999999999500e+02
-5.550186999999999671e+02
-5.735811999999999671e+02
-5.717250000000000227e+02
-5.780362999999999829e+02
-5.780362999999999829e+02
-5.928862000000000307e+02
-5.914012000000000171e+02
-5.784075000000000273e+02
-5.921436999999999671e+02
-5.895449999999999591e+02
-5.914012000000000171e+02
-6.092213000000000420e+02
-5.951137999999999693e+02
-6.040236999999999625e+02
-5.947424999999999500e+02
-5.832337999999999738e+02
-6.036525000000000318e+02
-5.943713000000000193e+02
-5.854611999999999625e+02
-5.899162999999999784e+02
-5.724674999999999727e+02
-5.709824999999999591e+02
-5.761799999999999500e+02
-5.401688000000000329e+02
-5.505638000000000147e+02
-5.360850000000000364e+02
-5.371987000000000307e+02
-5.234624999999999773e+02
-5.453663000000000238e+02
-5.286599999999999682e+02
-5.294025000000000318e+02
-5.141812999999999647e+02
-5.264325000000000045e+02
-5.056424999999999841e+02
-5.175225000000000364e+02
-5.108399999999999750e+02
-4.959900000000000091e+02
-5.238337000000000216e+02
-5.282888000000000375e+02
-5.193787999999999556e+02
-5.167799999999999727e+02
-5.334863000000000284e+02
-5.190075000000000500e+02
-5.383125000000000000e+02
-5.312586999999999762e+02
-5.245761999999999716e+02
-5.453663000000000238e+02
-5.297736999999999625e+02
-5.160375000000000227e+02
-5.204924999999999500e+02
-5.152949999999999591e+02
-5.401688000000000329e+02
-5.294025000000000318e+02
-5.357137000000000171e+02
-5.234624999999999773e+02
-5.323724999999999454e+02
-5.342287999999999784e+02
-5.152949999999999591e+02
-5.431386999999999716e+02
-5.375700000000000500e+02
-5.249474999999999909e+02
-5.327437999999999647e+02
-5.368274999999999864e+02
-5.275462999999999738e+02
-5.297736999999999625e+02
-5.320013000000000147e+02
-5.349713000000000420e+02
-5.576174999999999500e+02
-5.464800000000000182e+02
-5.431386999999999716e+02
-5.501924999999999955e+02
-5.694974999999999454e+02
-5.468513000000000375e+02
-5.527912999999999784e+02
-5.642999999999999545e+02
-5.420249999999999773e+02
-5.379412999999999556e+02
-5.568750000000000000e+02
-5.438812000000000353e+02
-5.501924999999999955e+02
-5.698687999999999647e+02
-5.423962000000000216e+02
-5.427675000000000409e+02
-5.535338000000000420e+02
-5.639288000000000238e+02
-5.494500000000000455e+02
-5.650425000000000182e+02
-5.435099999999999909e+02
-5.542762000000000171e+02
-5.709824999999999591e+02
-5.516775000000000091e+02
-5.758088000000000193e+02
-5.665275000000000318e+02
-5.642999999999999545e+02
-5.702400000000000091e+02
-5.646712999999999738e+02
-5.776649999999999636e+02
-5.720963000000000420e+02
-5.902875000000000227e+02
-5.743237000000000307e+02
-5.854611999999999625e+02
-5.802636999999999716e+02
-5.613300000000000409e+02
-5.706113000000000284e+02
-5.951137999999999693e+02
-5.776649999999999636e+02
-5.654138000000000375e+02
-5.843474999999999682e+02
-5.936287999999999556e+02
-6.021675000000000182e+02
-5.769225000000000136e+02
-5.802636999999999716e+02
-6.032812999999999874e+02
-6.095924999999999727e+02
-5.943713000000000193e+02
-6.040236999999999625e+02
-6.029099999999999682e+02
-5.943713000000000193e+02
-6.051375000000000455e+02
-5.954850000000000136e+02
-5.928862000000000307e+02
-6.081074999999999591e+02
-6.136762999999999693e+02
-5.958563000000000329e+02
-6.032812999999999874e+02
-6.173886999999999716e+02
-6.366938000000000102e+02
-6.288975000000000364e+02
-6.359511999999999716e+02
-6.162749999999999773e+02
-6.207300000000000182e+02
-6.233287000000000262e+02
-6.307537999999999556e+02
-6.296399999999999864e+02
-6.448613000000000284e+02
-6.181312000000000353e+02
-6.381788000000000238e+02
-6.329813000000000329e+02
-6.214724999999999682e+02
-6.296399999999999864e+02
-6.318674999999999500e+02
-6.348374999999999773e+02
-6.582263000000000375e+02
-6.541425000000000409e+02
-6.548849999999999909e+02
-6.426336999999999762e+02
-6.496875000000000000e+02
-6.582263000000000375e+02
-6.489450000000000500e+02
-6.623099999999999454e+02
