-2.880899999999999750e+02
-2.944012000000000171e+02
-2.762099999999999795e+02
-3.125924999999999727e+02
-3.003412000000000148e+02
-3.103650000000000091e+02
-3.318974999999999795e+02
-3.352386999999999944e+02
-3.463763000000000147e+02
-3.649388000000000147e+02
-3.560287000000000148e+02
-3.356100000000000136e+02
-3.515738000000000056e+02
-3.578849999999999909e+02
-3.549150000000000205e+02
-3.753337000000000216e+02
-3.879562999999999988e+02
-3.734775000000000205e+02
-3.768188000000000102e+02
-3.634538000000000011e+02
-3.523163000000000125e+02
-3.456338000000000079e+02
-3.938962000000000216e+02
-3.842436999999999898e+02
-3.753337000000000216e+02
-4.094886999999999944e+02
-4.198838000000000079e+02
-3.946388000000000034e+02
-4.217400000000000091e+02
-4.239674999999999727e+02
-4.076324999999999932e+02
-4.577513000000000147e+02
-4.510688000000000102e+02
-4.176562999999999874e+02
-4.429012000000000171e+02
-4.421587999999999852e+02
-4.425299999999999727e+02
-4.692599999999999909e+02
-4.700024999999999977e+02
-4.603500000000000227e+02
-4.803974999999999795e+02
-4.971037999999999784e+02
-5.045287000000000148e+02
-5.112112000000000194e+02
-4.919062999999999874e+02
-4.941338000000000079e+02
-5.134388000000000147e+02
-5.178936999999999671e+02
-4.881938000000000102e+02
-4.952475000000000023e+02
-5.141812999999999647e+02
-4.878224999999999909e+02
-4.837388000000000261e+02
-5.060138000000000034e+02
-4.863374999999999773e+02
-5.171512000000000171e+02
-5.268038000000000238e+02
-5.242050000000000409e+02
-5.256900000000000546e+02
-5.472224999999999682e+02
-5.472224999999999682e+02
-5.227200000000000273e+02
-5.683836999999999762e+02
-5.568750000000000000e+02
-5.539049999999999727e+02
-5.561325000000000500e+02
-5.420249999999999773e+02
-5.371987000000000307e+02
-5.617011999999999716e+02
-5.487074999999999818e+02
-5.821200000000000045e+02
-5.765512999999999693e+02
-5.624437000000000353e+02
-5.999400000000000546e+02
-5.947424999999999500e+02
-5.962274999999999636e+02
-5.746950000000000500e+02
-5.817487999999999602e+02
-6.095924999999999727e+02
-5.980837000000000216e+02
-5.873174999999999955e+02
-5.951137999999999693e+02
-6.014249999999999545e+02
-6.233287000000000262e+02
-5.947424999999999500e+02
-5.810062000000000353e+02
-6.456037999999999784e+02
-6.444900000000000091e+02
-6.337237999999999829e+02
-6.389212999999999738e+02
-6.110774999999999864e+02
-6.496875000000000000e+02
-6.452324999999999591e+02
-6.400349999999999682e+02
-6.701063000000000329e+02
-6.615674999999999955e+02
-6.645375000000000227e+02
-6.998062999999999647e+02
-7.005488000000000284e+02
-6.942374999999999545e+02
-6.834713000000000420e+02
-7.038899999999999864e+02
-6.886688000000000329e+02
-6.953513000000000375e+02
-7.150275000000000318e+02
-7.157699999999999818e+02
-7.150275000000000318e+02
-6.693637999999999693e+02
-6.608250000000000455e+02
-6.890399999999999636e+02
-6.864412999999999556e+02
-6.749325000000000045e+02
-6.797586999999999762e+02
-7.191113000000000284e+02
-7.116862999999999602e+02
-7.139138000000000375e+02
-7.194824999999999591e+02
-7.276499999999999773e+02
-7.280212000000000216e+02
-7.391588000000000420e+02
-7.476974999999999909e+02
-6.849561999999999671e+02
-6.975787000000000262e+02
-6.288975000000000364e+02
-6.496875000000000000e+02
-6.493162999999999556e+02
-6.374362999999999602e+02
-6.159036999999999580e+02
-6.170175000000000409e+02
-6.077363000000000284e+02
-6.006825000000000045e+02
-6.032812999999999874e+02
-6.014249999999999545e+02
-6.066224999999999454e+02
-6.144188000000000329e+02
-6.266699999999999591e+02
-6.043949999999999818e+02
-6.292686999999999671e+02
-6.337237999999999829e+02
-6.344661999999999580e+02
-6.366938000000000102e+02
-6.314963000000000193e+02
-6.437474999999999454e+02
-6.452324999999999591e+02
-6.340950000000000273e+02
-6.337237999999999829e+02
-6.225861999999999625e+02
-6.251849999999999454e+02
-6.288975000000000364e+02
-6.352087000000000216e+02
-6.307537999999999556e+02
-6.136762999999999693e+02
-6.240711999999999762e+02
-6.533999999999999773e+02
-6.274125000000000227e+02
-6.311250000000000000e+02
-6.307537999999999556e+02
-6.422625000000000455e+02
-6.422625000000000455e+02
-6.459750000000000227e+02
-6.433763000000000147e+02
-6.411486999999999625e+02
-6.441187999999999647e+02
-6.366938000000000102e+02
-6.374362999999999602e+02
-6.344661999999999580e+02
-6.058799999999999955e+02
-6.292686999999999671e+02
-6.441187999999999647e+02
-6.314963000000000193e+02
-6.482024999999999864e+02
-6.366938000000000102e+02
-6.433763000000000147e+02
-6.537712000000000216e+02
-6.623099999999999454e+02
-6.548849999999999909e+02
-6.340950000000000273e+02
-6.671362000000000307e+02
-6.504299999999999500e+02
-6.741900000000000546e+02
-6.615674999999999955e+02
-6.500588000000000193e+02
-6.634238000000000284e+02
-6.545136999999999716e+02
-6.103350000000000364e+02
-6.006825000000000045e+02
-6.010538000000000238e+02
-5.954850000000000136e+02
-6.055086999999999762e+02
-6.366938000000000102e+02
-6.032812999999999874e+02
-6.133049999999999500e+02
-5.980837000000000216e+02
-5.839763000000000375e+02
-5.936287999999999556e+02
-5.899162999999999784e+02
-5.761799999999999500e+02
-5.917725000000000364e+02
-6.084787999999999784e+02
-6.003112999999999602e+02
-5.832337999999999738e+02
-6.025388000000000375e+02
-6.088500000000000227e+02
-5.817487999999999602e+02
-6.110774999999999864e+02
-6.095924999999999727e+02
-6.162749999999999773e+02
-6.081074999999999591e+02
-5.806349999999999909e+02
-6.196163000000000238e+02
-6.077363000000000284e+02
-6.036525000000000318e+02
-5.828624999999999545e+02
-5.984550000000000409e+02
-6.099637000000000171e+02
-5.847187999999999874e+02
-5.962274999999999636e+02
-5.824913000000000238e+02
-5.810062000000000353e+02
-5.806349999999999909e+02
-5.420249999999999773e+02
-5.461087999999999738e+02
-5.416536999999999580e+02
-5.342287999999999784e+02
-5.253187000000000353e+02
-5.535338000000000420e+02
-5.383125000000000000e+02
-5.513062999999999647e+02
-5.449950000000000045e+02
-5.438812000000000353e+02
-5.546475000000000364e+02
-5.613300000000000409e+02
-5.353424999999999727e+02
-5.349713000000000420e+02
-5.672699999999999818e+02
-5.438812000000000353e+02
-5.487074999999999818e+02
-5.691263000000000147e+02
-5.706113000000000284e+02
-5.371987000000000307e+02
-5.605874999999999773e+02
-5.568750000000000000e+02
-5.475937999999999874e+02
-5.672699999999999818e+02
-5.405399999999999636e+02
-5.420249999999999773e+02
-5.516775000000000091e+02
-5.416536999999999580e+02
-5.379412999999999556e+02
-5.683836999999999762e+02
-5.464800000000000182e+02
-5.509349999999999454e+02
-5.613300000000000409e+02
-5.431386999999999716e+02
-5.468513000000000375e+02
-5.579887999999999693e+02
-5.279175000000000182e+02
-5.346000000000000227e+02
-5.498211999999999762e+02
-5.368274999999999864e+02
-5.420249999999999773e+02
-5.357137000000000171e+02
-5.364561999999999671e+02
-5.334863000000000284e+02
-5.498211999999999762e+02
-5.672699999999999818e+02
-5.617011999999999716e+02
-5.435099999999999909e+02
-5.862037000000000262e+02
-5.665275000000000318e+02
-5.531625000000000227e+02
-5.698687999999999647e+02
-5.501924999999999955e+02
-5.550186999999999671e+02
-5.583600000000000136e+02
-5.379412999999999556e+02
-5.587313000000000329e+02
-5.524199999999999591e+02
-5.635575000000000045e+02
-5.646712999999999738e+02
-5.624437000000000353e+02
-5.609587000000000216e+02
-5.602161999999999580e+02
-5.702400000000000091e+02
-5.743237000000000307e+02
-5.724674999999999727e+02
-5.691263000000000147e+02
-5.613300000000000409e+02
-5.795212000000000216e+02
-5.780362999999999829e+02
-5.487074999999999818e+02
-5.624437000000000353e+02
-5.791499999999999773e+02
-5.702400000000000091e+02
-5.876888000000000147e+02
-5.765512999999999693e+02
-5.650425000000000182e+02
-5.791499999999999773e+02
-5.758088000000000193e+02
-5.635575000000000045e+02
-5.847187999999999874e+02
-5.836050000000000182e+02
-5.646712999999999738e+02
-5.784075000000000273e+02
-5.739524999999999864e+02
-5.617011999999999716e+02
-5.728387000000000171e+02
-5.787786999999999580e+02
-5.754375000000000000e+02
-5.728387000000000171e+02
-5.902875000000000227e+02
-5.635575000000000045e+02
-5.758088000000000193e+02
-5.873174999999999955e+02
-5.798925000000000409e+02
-5.713537999999999784e+02
-5.724674999999999727e+02
-5.858324999999999818e+02
-5.843474999999999682e+02
-5.680125000000000455e+02
-5.746950000000000500e+02
-5.334863000000000284e+02
-5.230911999999999580e+02
-5.178936999999999671e+02
-5.178936999999999671e+02
-5.349713000000000420e+02
-5.134388000000000147e+02
-5.141812999999999647e+02
-5.204924999999999500e+02
-5.253187000000000353e+02
-5.126961999999999762e+02
-5.104687999999999874e+02
-5.134388000000000147e+02
-5.156662999999999784e+02
-5.238337000000000216e+02
-5.164088000000000420e+02
-5.175225000000000364e+02
-5.286599999999999682e+02
-5.045287000000000148e+02
-5.230911999999999580e+02
-5.342287999999999784e+02
-5.234624999999999773e+02
-5.048999999999999773e+02
-5.093550000000000182e+02
-5.156662999999999784e+02
-5.152949999999999591e+02
-5.134388000000000147e+02
-5.045287000000000148e+02
-5.323724999999999454e+02
-5.145525000000000091e+02
-4.993312999999999988e+02
-5.134388000000000147e+02
-5.409112999999999829e+02
-5.227200000000000273e+02
-5.253187000000000353e+02
-5.342287999999999784e+02
-5.182649999999999864e+02
-5.275462999999999738e+02
-5.394262999999999693e+02
-5.334863000000000284e+02
-5.294025000000000318e+02
-5.104687999999999874e+02
-5.119538000000000011e+02
-5.320013000000000147e+02
-5.320013000000000147e+02
-5.204924999999999500e+02
-5.397975000000000136e+02
-5.368274999999999864e+02
-5.301449999999999818e+02
-5.312586999999999762e+02
-5.294025000000000318e+02
-5.442525000000000546e+02
-5.342287999999999784e+02
-5.282888000000000375e+02
-5.394262999999999693e+02
-5.286599999999999682e+02
-5.435099999999999909e+02
-5.167799999999999727e+02
-5.305162000000000262e+02
-5.327437999999999647e+02
-5.204924999999999500e+02
-5.134388000000000147e+02
-5.316299999999999955e+02
-5.412825000000000273e+02
-5.375700000000000500e+02
-5.483361999999999625e+02
-5.390549999999999500e+02
-5.338574999999999591e+02
-5.431386999999999716e+02
-5.286599999999999682e+02
-5.160375000000000227e+02
-5.546475000000000364e+02
-5.472224999999999682e+02
-5.386838000000000193e+02
-5.427675000000000409e+02
-5.308875000000000455e+02
-5.468513000000000375e+02
-5.542762000000000171e+02
-5.379412999999999556e+02
-5.427675000000000409e+02
-5.513062999999999647e+02
-5.394262999999999693e+02
-5.546475000000000364e+02
-5.472224999999999682e+02
-5.334863000000000284e+02
-5.308875000000000455e+02
-5.527912999999999784e+02
-5.412825000000000273e+02
-5.498211999999999762e+02
-5.394262999999999693e+02
-5.587313000000000329e+02
-5.483361999999999625e+02
