-2.635875000000000057e+01
-3.675374999999999659e+01
-1.447874999999999979e+01
-5.123250000000000171e+01
-4.714874999999999972e+01
-2.041874999999999929e+01
-7.647750000000000625e+01
-6.571125000000000682e+01
-9.504000000000000625e+01
-8.612999999999999545e+01
-9.355500000000000682e+01
-1.006086999999999989e+02
-8.353125000000000000e+01
-9.429749999999999943e+01
-9.801000000000000512e+01
-8.130374999999999375e+01
-1.143449999999999989e+02
-8.761499999999999488e+01
-1.069200000000000017e+02
-1.206563000000000017e+02
-1.347637000000000000e+02
-1.507274999999999920e+02
-1.340212999999999965e+02
-1.421887999999999863e+02
-1.737450000000000045e+02
-1.863675000000000068e+02
-1.533262000000000000e+02
-1.648350000000000080e+02
-1.629787000000000035e+02
-1.525837999999999965e+02
-1.269675000000000011e+02
-1.637213000000000136e+02
-1.648350000000000080e+02
-1.562961999999999989e+02
-1.436738000000000000e+02
-1.748586999999999989e+02
-1.882238000000000113e+02
-1.856250000000000000e+02
-1.811699999999999875e+02
-1.923075000000000045e+02
-1.930500000000000114e+02
-1.885949999999999989e+02
-1.915649999999999977e+02
-2.145825000000000102e+02
-2.130974999999999966e+02
-2.030737000000000023e+02
-2.116125000000000114e+02
-2.015886999999999887e+02
-2.294325000000000045e+02
-2.702699999999999818e+02
-2.093849999999999909e+02
-2.531924999999999955e+02
-2.439113000000000113e+02
-1.859961999999999875e+02
-2.234925000000000068e+02
-2.491086999999999989e+02
-2.168100000000000023e+02
-2.197800000000000011e+02
-2.524499999999999886e+02
-2.279474999999999909e+02
-2.409413000000000125e+02
-2.546775000000000091e+02
-2.268337999999999965e+02
-2.439113000000000113e+02
-2.624737999999999829e+02
-2.401987000000000023e+02
-2.773238000000000056e+02
-2.880899999999999750e+02
-2.479950000000000045e+02
-2.569049999999999727e+02
-2.799225000000000136e+02
-2.762099999999999795e+02
-2.554199999999999875e+02
-2.799225000000000136e+02
-2.992275000000000205e+02
-2.710124999999999886e+02
-2.854911999999999921e+02
-2.958863000000000056e+02
-2.944012000000000171e+02
-2.580187000000000239e+02
-2.179238000000000000e+02
-2.368574999999999875e+02
-2.754674999999999727e+02
-2.420550000000000068e+02
-2.465099999999999909e+02
-2.673000000000000114e+02
-2.543062999999999931e+02
-2.691562999999999874e+02
-2.617312999999999761e+02
-2.602461999999999875e+02
-2.621025000000000205e+02
-2.606175000000000068e+02
-2.673000000000000114e+02
-2.724975000000000023e+02
-2.799225000000000136e+02
-3.096225000000000023e+02
-2.691562999999999874e+02
-2.955149999999999864e+02
-3.226161999999999921e+02
-2.888324999999999818e+02
-3.099936999999999898e+02
-3.081374999999999886e+02
-3.021974999999999909e+02
-3.222450000000000045e+02
-3.059100000000000250e+02
-2.921738000000000284e+02
-3.088799999999999955e+02
-3.155625000000000000e+02
-3.047962999999999738e+02
-3.040536999999999921e+02
-3.029399999999999977e+02
-3.237300000000000182e+02
-3.166761999999999944e+02
-3.107363000000000284e+02
-3.196462000000000216e+02
-3.292988000000000284e+02
-3.129637000000000171e+02
-3.166761999999999944e+02
-3.404361999999999853e+02
-3.274424999999999955e+02
-2.984850000000000136e+02
-3.411786999999999921e+02
-3.307837999999999852e+02
-3.129637000000000171e+02
-3.419212999999999738e+02
-3.315262000000000171e+02
-3.222450000000000045e+02
-3.460049999999999955e+02
-3.378374999999999773e+02
-3.248437999999999874e+02
-3.460049999999999955e+02
-3.471186999999999898e+02
-3.456338000000000079e+02
-3.430350000000000250e+02
-3.486037999999999784e+02
-3.352386999999999944e+02
-3.111075000000000159e+02
-3.382087000000000216e+02
-3.330113000000000056e+02
-3.452624999999999886e+02
-3.448913000000000011e+02
-3.244725000000000250e+02
-3.448913000000000011e+02
-3.508312999999999988e+02
-3.151913000000000125e+02
-3.560287000000000148e+02
-3.638249999999999886e+02
-3.408075000000000045e+02
-3.359812999999999761e+02
-3.719925000000000068e+02
-3.393224999999999909e+02
-3.575138000000000034e+02
-3.898125000000000000e+02
-3.812737000000000194e+02
-3.861000000000000227e+02
-4.106025000000000205e+02
-3.771899999999999977e+02
-3.749624999999999773e+02
-3.823874999999999886e+02
-3.886988000000000056e+02
-3.552862999999999829e+02
-3.552862999999999829e+02
-3.690224999999999795e+02
-3.775611999999999853e+02
-3.794175000000000182e+02
-3.493462999999999852e+02
-3.779325000000000045e+02
-3.697649999999999864e+02
-3.500887000000000171e+02
-3.846150000000000091e+02
-3.890699999999999932e+02
-3.422925000000000182e+02
-3.619687999999999874e+02
-3.738487999999999829e+02
-3.571424999999999841e+02
-3.326399999999999864e+02
-3.422925000000000182e+02
-3.374662000000000148e+02
-3.393224999999999909e+02
-3.441487000000000194e+02
-3.523163000000000125e+02
-3.400649999999999977e+02
-3.649388000000000147e+02
-3.560287000000000148e+02
-3.408075000000000045e+02
-3.757049999999999841e+02
-3.604837999999999738e+02
-3.207599999999999909e+02
-3.341250000000000000e+02
-3.285561999999999898e+02
-3.363525000000000205e+02
-3.463763000000000147e+02
-3.315262000000000171e+02
-3.367237999999999829e+02
-3.630824999999999818e+02
-3.434062999999999874e+02
-3.567712000000000216e+02
-3.619687999999999874e+02
-3.404361999999999853e+02
-3.434062999999999874e+02
-3.649388000000000147e+02
-3.719925000000000068e+02
-3.623399999999999750e+02
-3.567712000000000216e+02
-3.667950000000000159e+02
-3.638249999999999886e+02
-3.523163000000000125e+02
-3.571424999999999841e+02
-3.541725000000000136e+02
-3.809024999999999750e+02
-3.586274999999999977e+02
-3.675375000000000227e+02
-3.734775000000000205e+02
-3.738487999999999829e+02
-3.731062999999999761e+02
-3.827588000000000079e+02
-3.964950000000000045e+02
-3.864712999999999852e+02
-3.749624999999999773e+02
-3.589986999999999853e+02
-3.727350000000000136e+02
-3.764474999999999909e+02
-3.771899999999999977e+02
-3.779325000000000045e+02
-3.248437999999999874e+02
-3.274424999999999955e+02
-3.192749999999999773e+02
-3.281850000000000023e+02
-3.244725000000000250e+02
-2.988562999999999761e+02
-3.174187999999999761e+02
-3.159336999999999875e+02
-3.189037000000000148e+02
-3.211313000000000102e+02
-3.144488000000000056e+02
-3.107363000000000284e+02
-3.252149999999999750e+02
-3.467475000000000023e+02
-3.352386999999999944e+02
-3.266999999999999886e+02
-3.471186999999999898e+02
-3.508312999999999988e+02
-3.207599999999999909e+02
-3.255862000000000194e+02
-3.519449999999999932e+02
-3.393224999999999909e+02
-3.270713000000000079e+02
-3.170475000000000136e+02
-3.556575000000000273e+02
-3.259574999999999818e+02
-3.159336999999999875e+02
-3.430350000000000250e+02
-3.352386999999999944e+02
-3.437774999999999750e+02
-3.330113000000000056e+02
-3.489750000000000227e+02
-3.601125000000000114e+02
-3.612262999999999806e+02
-3.363525000000000205e+02
-3.382087000000000216e+02
-3.664238000000000284e+02
-3.619687999999999874e+02
-3.575138000000000034e+02
-3.575138000000000034e+02
-3.697649999999999864e+02
-3.519449999999999932e+02
-3.430350000000000250e+02
-3.512024999999999864e+02
-3.627112000000000194e+02
-3.467475000000000023e+02
-3.645674999999999955e+02
-3.608550000000000182e+02
-3.675375000000000227e+02
-3.604837999999999738e+02
-3.738487999999999829e+02
-3.931537000000000148e+02
-3.690224999999999795e+02
-3.641963000000000079e+02
-3.842436999999999898e+02
-3.779325000000000045e+02
-3.686512000000000171e+02
-3.823874999999999886e+02
-4.120874999999999773e+02
-3.716211999999999875e+02
-4.009499999999999886e+02
-3.857287999999999784e+02
-3.905550000000000068e+02
-3.831299999999999955e+02
-3.719925000000000068e+02
-3.731062999999999761e+02
-3.608550000000000182e+02
-3.441487000000000194e+02
-3.463763000000000147e+02
-3.667950000000000159e+02
-3.682799999999999727e+02
-3.712500000000000000e+02
-3.575138000000000034e+02
-3.653100000000000023e+02
-3.608550000000000182e+02
-3.701363000000000056e+02
-3.641963000000000079e+02
-3.419212999999999738e+02
-3.593700000000000045e+02
-3.823874999999999886e+02
-3.604837999999999738e+02
-3.538011999999999944e+02
-3.589986999999999853e+02
-3.753337000000000216e+02
-3.805312999999999874e+02
-3.712500000000000000e+02
-3.374662000000000148e+02
-3.163050000000000068e+02
-3.155625000000000000e+02
-3.021974999999999909e+02
-2.854911999999999921e+02
-3.163050000000000068e+02
-3.144488000000000056e+02
-3.047962999999999738e+02
-3.133349999999999795e+02
-3.129637000000000171e+02
-3.103650000000000091e+02
-2.962574999999999932e+02
-2.940299999999999727e+02
-3.155625000000000000e+02
-3.278138000000000147e+02
-3.073949999999999818e+02
-3.103650000000000091e+02
-3.363525000000000205e+02
-3.137062000000000239e+02
-3.185325000000000273e+02
-3.200174999999999841e+02
-3.218736999999999853e+02
-3.096225000000000023e+02
-3.177900000000000205e+02
-3.044250000000000114e+02
-3.055387999999999806e+02
-3.215024999999999977e+02
-3.059100000000000250e+02
-3.326399999999999864e+02
-3.233587999999999738e+02
-3.137062000000000239e+02
-3.107363000000000284e+02
-3.292988000000000284e+02
-3.274424999999999955e+02
-3.359812999999999761e+02
-3.170475000000000136e+02
-3.003412000000000148e+02
-3.148199999999999932e+02
-2.795511999999999944e+02
-2.739825000000000159e+02
-2.724975000000000023e+02
-2.654438000000000102e+02
-2.706413000000000011e+02
-2.580187000000000239e+02
-2.869762999999999806e+02
-2.743537999999999784e+02
-2.795511999999999944e+02
-2.687850000000000250e+02
-2.788086999999999875e+02
-2.832638000000000034e+02
-2.918025000000000091e+02
-2.910600000000000023e+02
-2.825212000000000216e+02
-2.866050000000000182e+02
-2.747250000000000227e+02
-2.910600000000000023e+02
-2.854911999999999921e+02
-2.932875000000000227e+02
-2.880899999999999750e+02
-2.884612000000000194e+02
-2.940299999999999727e+02
-2.847486999999999853e+02
-2.884612000000000194e+02
-3.033111999999999853e+02
-2.840063000000000102e+02
-2.647013000000000034e+02
-2.851200000000000045e+02
-2.806650000000000205e+02
-2.810362999999999829e+02
-2.925450000000000159e+02
-2.869762999999999806e+02
-2.951437000000000239e+02
-2.858625000000000114e+02
-2.799225000000000136e+02
-2.914311999999999898e+02
-2.877187999999999874e+02
-2.940299999999999727e+02
-2.929162999999999784e+02
-2.977425000000000068e+02
-3.081374999999999886e+02
-3.040536999999999921e+02
-3.185325000000000273e+02
-3.081374999999999886e+02
-3.218736999999999853e+02
-2.899463000000000079e+02
-3.088799999999999955e+02
-3.007124999999999773e+02
-3.125924999999999727e+02
-2.962574999999999932e+02
-2.970000000000000000e+02
-3.118500000000000227e+02
-2.992275000000000205e+02
-3.033111999999999853e+02
-3.003412000000000148e+02
-3.007124999999999773e+02
-3.315262000000000171e+02
-3.077663000000000011e+02
-2.932875000000000227e+02
-2.966288000000000125e+02
-3.010837000000000216e+02
-3.085088000000000079e+02
-3.096225000000000023e+02
