-1.331673999999999978e+03
-1.363972999999999956e+03
-1.343924999999999955e+03
-1.361374000000000024e+03
-1.383648999999999887e+03
-1.335385999999999967e+03
-1.404809999999999945e+03
-1.443048999999999978e+03
-1.391816000000000031e+03
-1.453073000000000093e+03
-1.470150000000000091e+03
-1.442676999999999907e+03
-1.475719000000000051e+03
-1.443420000000000073e+03
-1.505419000000000096e+03
-1.515442999999999984e+03
-1.503933999999999969e+03
-1.529921000000000049e+03
-1.542914999999999964e+03
-1.552195999999999913e+03
-1.520640000000000100e+03
-1.566304000000000087e+03
-1.577441000000000031e+03
-1.561105999999999995e+03
-1.595633000000000038e+03
-1.628301999999999907e+03
-1.610854000000000042e+03
-1.649835000000000036e+03
-1.690300999999999931e+03
-1.669883000000000038e+03
-1.686588999999999942e+03
-1.688444999999999936e+03
-1.680277000000000044e+03
-1.676935999999999922e+03
-1.735594000000000051e+03
-1.688816000000000031e+03
-1.718516000000000076e+03
-1.752671000000000049e+03
-1.751185999999999922e+03
-1.769006000000000085e+03
-1.805759999999999991e+03
-1.796479000000000042e+03
-1.746359999999999900e+03
-1.812070999999999913e+03
-1.823951000000000022e+03
-1.794250999999999976e+03
-1.852165999999999940e+03
-1.856250000000000000e+03
-1.842143000000000029e+03
-1.851795000000000073e+03
-1.862560999999999922e+03
-1.861818999999999960e+03
-1.880752999999999929e+03
-1.867387999999999920e+03
-1.845855000000000018e+03
-1.902655999999999949e+03
-1.894489000000000033e+03
-1.900429000000000087e+03
-1.948319999999999936e+03
-1.947577999999999975e+03
-1.970965999999999894e+03
-2.011060999999999922e+03
-1.993613000000000056e+03
-2.005864000000000033e+03
-2.053755000000000109e+03
-2.012174999999999955e+03
-2.041503999999999905e+03
-2.060065999999999804e+03
-2.054126000000000204e+03
-2.048186000000000149e+03
-2.071204000000000178e+03
-2.071204000000000178e+03
-2.080485000000000127e+03
-2.122807999999999993e+03
-2.101646000000000186e+03
-2.120579999999999927e+03
-2.140626999999999953e+03
-2.174782000000000153e+03
-2.129489999999999782e+03
-2.144340000000000146e+03
-2.198170999999999822e+03
-2.161416999999999916e+03
-2.103501999999999953e+03
-2.198541999999999916e+03
-2.144710999999999785e+03
-2.114268999999999778e+03
-2.194829999999999927e+03
-2.189632999999999811e+03
-2.187775999999999840e+03
-2.178865999999999985e+03
-2.209679999999999836e+03
-2.212650000000000091e+03
-2.218219000000000051e+03
-2.221931000000000040e+03
-2.228614000000000033e+03
-2.245690999999999804e+03
-2.224159000000000106e+03
-2.237152999999999793e+03
-2.259798999999999978e+03
-2.266481000000000222e+03
-2.234554000000000087e+03
-2.269079999999999927e+03
-2.276134000000000015e+03
-2.233811000000000149e+03
-2.301378999999999905e+03
-2.275019999999999982e+03
-2.314744000000000142e+03
-2.367090000000000146e+03
-2.327365999999999985e+03
-2.351498000000000047e+03
-2.381197999999999865e+03
-2.366347000000000207e+03
-2.359293999999999869e+03
-2.391963999999999942e+03
-2.400130999999999858e+03
-2.422777999999999793e+03
-2.413125000000000000e+03
-2.423891000000000076e+03
-2.436143000000000029e+03
-2.437998999999999796e+03
-2.430574000000000069e+03
-2.450621000000000095e+03
-2.463244000000000142e+03
-2.463244000000000142e+03
-2.441340000000000146e+03
-2.454333999999999833e+03
-2.462501000000000204e+03
-2.474751999999999953e+03
-2.481063999999999851e+03
-2.501853999999999814e+03
-2.501853999999999814e+03
-2.522643999999999778e+03
-2.481806000000000040e+03
-2.502224999999999909e+03
-2.559396999999999935e+03
-2.512990999999999985e+03
-2.510393000000000029e+03
-2.567565000000000055e+03
-2.553829000000000178e+03
-2.536751000000000204e+03
-2.568307999999999993e+03
-2.481806000000000040e+03
-2.414610000000000127e+03
-2.418322999999999865e+03
-2.408670000000000073e+03
-2.363376999999999953e+03
-2.414981000000000222e+03
-2.425005000000000109e+03
-2.406443000000000211e+03
-2.417208999999999833e+03
-2.412382999999999811e+03
-2.397532000000000153e+03
-2.416836999999999989e+03
-2.415353000000000065e+03
-2.400501999999999953e+03
-2.452849000000000160e+03
-2.402358999999999924e+03
-2.388623000000000047e+03
-2.397903999999999996e+03
-2.392335000000000036e+03
-2.369318000000000211e+03
-2.409041000000000167e+03
-2.365233999999999924e+03
-2.379340999999999894e+03
-2.451364000000000033e+03
-2.439855000000000018e+03
-2.420179000000000087e+03
-2.422034999999999854e+03
-2.455818999999999960e+03
-2.440597000000000207e+03
-2.450250000000000000e+03
-2.453961999999999989e+03
-2.448764999999999873e+03
-2.462501000000000204e+03
-2.464728999999999814e+03
-2.461016000000000076e+03
-2.483663000000000011e+03
-2.490715999999999894e+03
-2.442083000000000084e+03
-2.461759000000000015e+03
-2.485518999999999778e+03
-2.476980000000000018e+03
-2.469554999999999836e+03
-2.397903999999999996e+03
-2.372288000000000011e+03
-2.339246000000000095e+03
-2.359293999999999869e+03
-2.350755000000000109e+03
-2.343701000000000022e+03
-2.375257999999999811e+03
-2.339989000000000033e+03
-2.342215999999999894e+03
-2.376371000000000095e+03
-2.351126000000000204e+03
-2.369688999999999851e+03
-2.388623000000000047e+03
-2.339246000000000095e+03
-2.335905000000000200e+03
-2.391963999999999942e+03
-2.353353999999999814e+03
-2.386766000000000076e+03
-2.358922999999999774e+03
-2.380083999999999833e+03
-2.388251000000000204e+03
-2.398275000000000091e+03
-2.373771999999999935e+03
-2.329222000000000207e+03
-2.338503999999999905e+03
-2.368204000000000178e+03
-2.356324000000000069e+03
-2.341474000000000160e+03
-2.403101000000000113e+03
-2.368204000000000178e+03
-2.370059999999999945e+03
-2.393820000000000164e+03
-2.379711999999999989e+03
-2.386394999999999982e+03
-2.386394999999999982e+03
-2.387509000000000015e+03
-2.400501999999999953e+03
-2.376000000000000000e+03
-2.360778999999999996e+03
-2.366719000000000051e+03
-2.355581000000000131e+03
-2.371173999999999978e+03
-2.386394999999999982e+03
-2.377856000000000222e+03
-2.391963999999999942e+03
-2.391592999999999847e+03
-2.378599000000000160e+03
-2.383795999999999822e+03
-2.378969999999999800e+03
-2.378969999999999800e+03
-2.370802000000000135e+03
-2.390849999999999909e+03
-2.417208999999999833e+03
-2.384166999999999916e+03
-2.406070999999999913e+03
-2.425005000000000109e+03
-2.397532000000000153e+03
-2.413125000000000000e+03
-2.438740999999999985e+03
-2.414981000000000222e+03
-2.404215000000000146e+03
-2.433914999999999964e+03
-2.426860999999999876e+03
-2.421291999999999916e+03
-2.440597000000000207e+03
-2.443195999999999913e+03
-2.448393999999999778e+03
-2.449135999999999967e+03
-2.434657000000000153e+03
-2.455818999999999960e+03
-2.443195999999999913e+03
-2.458045999999999822e+03
-2.422034999999999854e+03
-2.473639000000000124e+03
-2.451364000000000033e+03
-2.454333999999999833e+03
-2.492572999999999865e+03
-2.484405000000000200e+03
-2.468070000000000164e+03
-2.457675000000000182e+03
-2.441340000000000146e+03
-2.431688000000000102e+03
-2.453590999999999894e+03
-2.440226000000000113e+03
-2.428717999999999847e+03
-2.415724000000000160e+03
-2.419436000000000149e+03
-2.402730000000000018e+03
-2.400873999999999796e+03
-2.376000000000000000e+03
-2.377856000000000222e+03
-2.401244999999999891e+03
-2.386766000000000076e+03
-2.333306000000000040e+03
-2.373030000000000200e+03
-2.342215999999999894e+03
-2.335163000000000011e+03
-2.333677000000000135e+03
-2.328108999999999924e+03
-2.290612999999999829e+03
-2.303978000000000065e+03
-2.292097000000000207e+03
-2.298038000000000011e+03
-2.301378999999999905e+03
-2.295809999999999945e+03
-2.292469000000000051e+03
-2.308432999999999993e+03
-2.315485999999999876e+03
-2.306576000000000022e+03
-2.331820999999999913e+03
-2.325880999999999858e+03
-2.326994999999999891e+03
-2.350384000000000015e+03
-2.364862999999999829e+03
-2.347041999999999916e+03
-2.367460999999999785e+03
-2.410155000000000200e+03
-2.343329999999999927e+03
-2.369688999999999851e+03
-2.399018000000000029e+03
-2.371545000000000073e+03
-2.404215000000000146e+03
-2.390849999999999909e+03
-2.390849999999999909e+03
-2.390849999999999909e+03
-2.403472000000000207e+03
-2.399018000000000029e+03
-2.391592999999999847e+03
-2.377856000000000222e+03
-2.370802000000000135e+03
-2.367833000000000084e+03
-2.395304999999999836e+03
-2.380826000000000022e+03
-2.383054000000000087e+03
-2.402730000000000018e+03
-2.389364999999999782e+03
-2.390849999999999909e+03
-2.388994000000000142e+03
-2.389735999999999876e+03
-2.402358999999999924e+03
-2.382682999999999993e+03
-2.372288000000000011e+03
-2.365976000000000113e+03
-2.356324000000000069e+03
-2.352610999999999876e+03
-2.359664999999999964e+03
-2.376371000000000095e+03
-2.359293999999999869e+03
-2.343329999999999927e+03
-2.345186000000000149e+03
-2.311402999999999793e+03
-2.277989999999999782e+03
-2.315114999999999782e+03
-2.298780000000000200e+03
-2.298038000000000011e+03
-2.311030999999999949e+03
-2.330335999999999785e+03
-2.321425999999999931e+03
-2.351126000000000204e+03
-2.331820999999999913e+03
-2.321054999999999836e+03
-2.351126000000000204e+03
-2.342958999999999833e+03
-2.347784999999999854e+03
-2.300635999999999967e+03
-2.294324999999999818e+03
-2.295809999999999945e+03
-2.306576000000000022e+03
-2.311030999999999949e+03
-2.313630000000000109e+03
-2.318827999999999975e+03
-2.317342999999999847e+03
-2.330335999999999785e+03
-2.325880999999999858e+03
-2.334048999999999978e+03
-2.315485999999999876e+03
-2.307690000000000055e+03
-2.306947999999999865e+03
-2.282815999999999804e+03
-2.285414999999999964e+03
-2.295809999999999945e+03
-2.302492000000000189e+03
-2.291726000000000113e+03
-2.283188000000000102e+03
-2.282815999999999804e+03
-2.298409000000000106e+03
-2.311402999999999793e+03
-2.298038000000000011e+03
-2.305461999999999989e+03
-2.303606000000000222e+03
-2.306204999999999927e+03
-2.305461999999999989e+03
-2.315485999999999876e+03
-2.317342999999999847e+03
-2.318456000000000131e+03
-2.316971000000000004e+03
-2.305461999999999989e+03
-2.314373000000000047e+03
-2.327365999999999985e+03
-2.324396000000000186e+03
-2.341103000000000065e+03
-2.354096000000000004e+03
-2.325880999999999858e+03
-2.328851000000000113e+03
-2.355952999999999975e+03
-2.319570000000000164e+03
-2.342958999999999833e+03
-2.352610999999999876e+03
-2.343329999999999927e+03
-2.350755000000000109e+03
-2.345929000000000087e+03
-2.330335999999999785e+03
-2.371173999999999978e+03
-2.355581000000000131e+03
-2.324025000000000091e+03
-2.364490999999999985e+03
-2.349269999999999982e+03
-2.345186000000000149e+03
-2.365976000000000113e+03
-2.365605000000000018e+03
-2.361150000000000091e+03
-2.360036000000000058e+03
-2.372659000000000106e+03
-2.364490999999999985e+03
-2.365605000000000018e+03
-2.363376999999999953e+03
-2.381940000000000055e+03
-2.371173999999999978e+03
-2.359293999999999869e+03
