-4.250812999999999988e+02
-4.443863000000000056e+02
-4.577513000000000147e+02
-4.607212999999999852e+02
-4.781700000000000159e+02
-4.971037999999999784e+02
-5.011875000000000000e+02
-5.212350000000000136e+02
-5.234624999999999773e+02
-5.268038000000000238e+02
-5.646712999999999738e+02
-5.888025000000000091e+02
-5.980837000000000216e+02
-6.326100000000000136e+02
-5.988261999999999716e+02
-6.166462000000000216e+02
-6.675075000000000500e+02
-6.868125000000000000e+02
-6.552563000000000102e+02
-7.109438000000000102e+02
-7.439850000000000136e+02
-7.076024999999999636e+02
-7.395299999999999727e+02
-7.725711999999999762e+02
-7.506675000000000182e+02
-8.011575000000000273e+02
-7.937324999999999591e+02
-7.644036999999999580e+02
-7.985588000000000193e+02
-8.193487999999999829e+02
-8.056124999999999545e+02
-8.620425000000000182e+02
-8.505338000000000420e+02
-8.635275000000000318e+02
-8.408813000000000102e+02
-8.780063000000000102e+02
-8.806050000000000182e+02
-8.872875000000000227e+02
-8.943411999999999580e+02
-9.407474999999999454e+02
-9.440887000000000171e+02
-9.195861999999999625e+02
-9.481725000000000136e+02
-9.763875000000000455e+02
-9.815850000000000364e+02
-9.563400000000000318e+02
-1.013513000000000034e+03
-1.058805000000000064e+03
-1.010542000000000030e+03
-1.055463999999999942e+03
-1.084791999999999916e+03
-1.050266000000000076e+03
-1.065858999999999924e+03
-1.102983999999999924e+03
-1.074396999999999935e+03
-1.133797000000000025e+03
-1.144192999999999984e+03
-1.135281999999999925e+03
-1.172036000000000058e+03
-1.199136999999999944e+03
-1.173520999999999958e+03
-1.181317999999999984e+03
-1.234777000000000044e+03
-1.223640000000000100e+03
-1.235519999999999982e+03
-1.268932000000000016e+03
-1.241830999999999904e+03
-1.306429000000000087e+03
-1.309769999999999982e+03
-1.323877999999999929e+03
-1.331301999999999907e+03
-1.335015000000000100e+03
-1.346152000000000044e+03
-1.350236000000000104e+03
-1.366200000000000045e+03
-1.388846000000000004e+03
-1.389218000000000075e+03
-1.404439000000000078e+03
-1.388846000000000004e+03
-1.382163999999999987e+03
-1.427085000000000036e+03
-1.419288999999999987e+03
-1.470520999999999958e+03
-1.458269999999999982e+03
-1.454185999999999922e+03
-1.470892000000000053e+03
-1.516926999999999907e+03
-1.452701000000000022e+03
-1.488712999999999965e+03
-1.535118999999999915e+03
-1.483885999999999967e+03
-1.513958000000000084e+03
-1.534748000000000047e+03
-1.465324000000000069e+03
-1.502819999999999936e+03
-1.517670000000000073e+03
-1.502077999999999975e+03
-1.518784000000000106e+03
-1.530663999999999987e+03
-1.518040999999999940e+03
-1.529921000000000049e+03
-1.510615999999999985e+03
-1.510244999999999891e+03
-1.505789999999999964e+03
-1.535861000000000104e+03
-1.514328999999999951e+03
-1.546999000000000024e+03
-1.575585000000000036e+03
-1.559992999999999938e+03
-1.553309999999999945e+03
-1.569644999999999982e+03
-1.634242999999999938e+03
-1.559621000000000095e+03
-1.618278999999999996e+03
-1.610111000000000104e+03
-1.584865999999999985e+03
-1.652805000000000064e+03
-1.645750999999999976e+03
-1.632758000000000038e+03
-1.641666999999999916e+03
-1.664314000000000078e+03
-1.637584000000000060e+03
-1.699953999999999951e+03
-1.713690000000000055e+03
-1.688816000000000031e+03
-1.709605999999999995e+03
-1.686960000000000036e+03
-1.717030999999999949e+03
-1.683990000000000009e+03
-1.697726000000000113e+03
-1.690300999999999931e+03
-1.687330999999999904e+03
-1.695499000000000024e+03
-1.716288999999999987e+03
-1.756755000000000109e+03
-1.752671000000000049e+03
-1.752299999999999955e+03
-1.744503999999999905e+03
-1.710348999999999933e+03
-1.746730999999999995e+03
-1.716660000000000082e+03
-1.753785000000000082e+03
-1.756384000000000015e+03
-1.783114000000000033e+03
-1.754898999999999887e+03
-1.762694999999999936e+03
-1.806502999999999929e+03
-1.803903999999999996e+03
-1.775689000000000078e+03
-1.791652000000000044e+03
-1.823209000000000060e+03
-1.813926999999999907e+03
-1.832118999999999915e+03
-1.843627999999999929e+03
-1.827663999999999987e+03
-1.848083000000000084e+03
-1.849195999999999913e+03
-1.856621000000000095e+03
-1.869615000000000009e+03
-1.904512999999999920e+03
-1.863674999999999955e+03
-1.888176999999999907e+03
-1.922703999999999951e+03
-1.901913999999999987e+03
-1.917134999999999991e+03
-1.930871000000000095e+03
-1.876669000000000096e+03
-1.864788999999999987e+03
-1.884464999999999918e+03
-1.856621000000000095e+03
-1.830634000000000015e+03
-1.820239000000000033e+03
-1.796479000000000042e+03
-1.795736000000000104e+03
-1.782371000000000095e+03
-1.774203999999999951e+03
-1.764922000000000025e+03
-1.787940000000000055e+03
-1.773833000000000084e+03
-1.770863000000000056e+03
-1.763066000000000031e+03
-1.788682000000000016e+03
-1.758611000000000104e+03
-1.779029999999999973e+03
-1.773833000000000084e+03
-1.794993999999999915e+03
-1.791280999999999949e+03
-1.790910000000000082e+03
-1.760838999999999942e+03
-1.796107999999999947e+03
-1.786084000000000060e+03
-1.765664999999999964e+03
-1.814298999999999978e+03
-1.809844000000000051e+03
-1.799449000000000069e+03
-1.805388999999999896e+03
-1.829148999999999887e+03
-1.843999000000000024e+03
-1.848453999999999951e+03
-1.845855000000000018e+03
-1.876297000000000025e+03
-1.887434999999999945e+03
-1.856992999999999938e+03
-1.856250000000000000e+03
-1.880752999999999929e+03
-1.861448000000000093e+03
-1.874441000000000031e+03
-1.904884000000000015e+03
-1.884464999999999918e+03
-1.894489000000000033e+03
-1.887806000000000040e+03
-1.908968000000000075e+03
-1.881865999999999985e+03
-1.882980000000000018e+03
-1.899685999999999922e+03
-1.881494999999999891e+03
-1.868130000000000109e+03
-1.899315000000000055e+03
-1.880009999999999991e+03
-1.890776000000000067e+03
-1.916763999999999896e+03
-1.894859999999999900e+03
-1.895230999999999995e+03
-1.936810999999999922e+03
-1.960942999999999984e+03
-1.939780999999999949e+03
-1.951289999999999964e+03
-1.837688000000000102e+03
-1.854021999999999935e+03
-1.863674999999999955e+03
-1.863674999999999955e+03
-1.872585000000000036e+03
-1.887434999999999945e+03
-1.852537000000000035e+03
-1.857734999999999900e+03
-1.919363000000000056e+03
-1.888176999999999907e+03
-1.885950000000000045e+03
-1.959828999999999951e+03
-1.894859999999999900e+03
-1.922703999999999951e+03
-1.932728000000000065e+03
-1.897087999999999965e+03
-1.897087999999999965e+03
-1.937924999999999955e+03
-1.926787000000000035e+03
-1.918249000000000024e+03
-1.931242999999999938e+03
-1.917134999999999991e+03
-1.925673999999999978e+03
-1.928644000000000005e+03
-1.933470000000000027e+03
-1.926787000000000035e+03
-1.956488000000000056e+03
-1.950175999999999931e+03
-1.934584000000000060e+03
-1.987300999999999931e+03
-1.971337999999999965e+03
-1.951289999999999964e+03
-1.998439000000000078e+03
-1.986558999999999969e+03
-1.976535000000000082e+03
-2.012546000000000049e+03
-2.025539999999999964e+03
-2.009576000000000022e+03
-2.027025000000000091e+03
-2.023683999999999969e+03
-2.018486000000000104e+03
-2.055981999999999971e+03
-2.057467999999999847e+03
-2.048557999999999993e+03
-2.072318000000000211e+03
-2.085311000000000149e+03
-2.076771999999999935e+03
-2.110184999999999945e+03
-2.107215000000000146e+03
-2.083083999999999833e+03
-2.118724000000000160e+03
-2.060065999999999804e+03
-2.030738000000000056e+03
-2.081228000000000065e+03
-2.077514999999999873e+03
-2.077885999999999967e+03
-2.112784000000000106e+03
-2.114268999999999778e+03
-2.077885999999999967e+03
-2.103501999999999953e+03
-2.129119000000000142e+03
-2.111670000000000073e+03
-2.115010999999999967e+03
-2.115010999999999967e+03
-2.107585999999999785e+03
-2.107585999999999785e+03
-2.104244999999999891e+03
-2.109813999999999851e+03
-2.125405999999999949e+03
-2.150280000000000200e+03
-2.156219999999999800e+03
-2.188146999999999935e+03
-2.178494999999999891e+03
-2.156961999999999989e+03
-2.153621000000000095e+03
-2.168842999999999847e+03
-2.159190000000000055e+03
-2.161416999999999916e+03
-2.172925999999999931e+03
-2.166614999999999782e+03
-2.179608999999999924e+03
-2.202998000000000047e+03
-2.177751999999999953e+03
-2.128005000000000109e+03
-2.165501000000000204e+03
-2.140626999999999953e+03
-2.146938999999999851e+03
-2.178494999999999891e+03
-2.148423999999999978e+03
-2.155849000000000160e+03
-2.189260999999999967e+03
-2.159190000000000055e+03
-2.161045999999999822e+03
-2.181094000000000051e+03
-2.161789000000000215e+03
-2.165130000000000109e+03
-2.174782000000000153e+03
-2.174782000000000153e+03
-2.176639000000000124e+03
-2.205967999999999847e+03
-2.181465000000000146e+03
-2.187405000000000200e+03
-2.223045000000000073e+03
-2.190746000000000095e+03
-2.227128999999999905e+03
-2.240864999999999782e+03
-2.223788000000000011e+03
-2.229356000000000222e+03
-2.255344000000000051e+03
-2.236409999999999854e+03
-2.246804999999999836e+03
-2.273164000000000215e+03
-2.266481000000000222e+03
-2.259798999999999978e+03
-2.266110000000000127e+03
-2.288755999999999858e+03
-2.257943000000000211e+03
-2.271307999999999993e+03
-2.288014000000000124e+03
-2.267224000000000160e+03
-2.252744999999999891e+03
-2.247918999999999869e+03
-2.237894999999999982e+03
-2.263882999999999811e+03
-2.252001999999999953e+03
-2.246804999999999836e+03
-2.254230000000000018e+03
-2.248661000000000058e+03
-2.257199999999999818e+03
-2.268708999999999833e+03
-2.257570999999999913e+03
-2.259056000000000040e+03
-2.278731999999999971e+03
-2.240864999999999782e+03
-2.246804999999999836e+03
-2.228614000000000033e+03
-2.252744999999999891e+03
-2.263882999999999811e+03
-2.246434000000000196e+03
-2.244577999999999975e+03
-2.249775000000000091e+03
-2.242721000000000004e+03
-2.242349999999999909e+03
-2.230840999999999894e+03
-2.240864999999999782e+03
-2.263139999999999873e+03
-2.260541000000000167e+03
-2.254972000000000207e+03
-2.268708999999999833e+03
-2.277989999999999782e+03
-2.255715000000000146e+03
-2.250518000000000029e+03
-2.263510999999999967e+03
-2.261655000000000200e+03
-2.273534999999999854e+03
-2.270565000000000055e+03
-2.262396999999999935e+03
-2.280960000000000036e+03
-2.222673999999999978e+03
-2.189260999999999967e+03
-2.214135000000000218e+03
-2.194458999999999833e+03
-2.187405000000000200e+03
-2.217847000000000207e+03
-2.211536000000000058e+03
-2.197429000000000087e+03
-2.196315000000000055e+03
-2.193344999999999800e+03
-2.184063999999999851e+03
-2.168099999999999909e+03
-2.143969000000000051e+03
-2.117981000000000222e+03
-2.071945999999999913e+03
-2.052269999999999982e+03
-2.025911000000000058e+03
-2.042246000000000095e+03
-2.037048999999999978e+03
-2.031480000000000018e+03
-2.021827999999999975e+03
-2.032594000000000051e+03
-1.999923999999999978e+03
-2.031480000000000018e+03
-2.024797000000000025e+03
-2.008834000000000060e+03
-2.045587999999999965e+03
