-1.449359999999999900e+03
-1.440078999999999951e+03
-1.492424999999999955e+03
-1.485371000000000095e+03
-1.493910000000000082e+03
-1.552567999999999984e+03
-1.534375999999999976e+03
-1.494280999999999949e+03
-1.534005000000000109e+03
-1.548855000000000018e+03
-1.537346000000000004e+03
-1.549969000000000051e+03
-1.563334000000000060e+03
-1.577813000000000102e+03
-1.581525000000000091e+03
-1.608625999999999976e+03
-1.581153999999999996e+03
-1.587464999999999918e+03
-1.634242999999999938e+03
-1.597489000000000033e+03
-1.627931000000000040e+03
-1.647979000000000042e+03
-1.619763999999999896e+03
-1.647236000000000104e+03
-1.673595000000000027e+03
-1.648349999999999909e+03
-1.674337999999999965e+03
-1.714432000000000016e+03
-1.686960000000000036e+03
-1.738192999999999984e+03
-1.731881000000000085e+03
-1.718516000000000076e+03
-1.712204999999999927e+03
-1.730395999999999958e+03
-1.717773999999999887e+03
-1.734108999999999924e+03
-1.767892000000000053e+03
-1.751557000000000016e+03
-1.751557000000000016e+03
-1.791280999999999949e+03
-1.772719000000000051e+03
-1.771605000000000018e+03
-1.834346000000000004e+03
-1.824693999999999960e+03
-1.806131000000000085e+03
-1.812070999999999913e+03
-1.791280999999999949e+03
-1.796479000000000042e+03
-1.830262999999999920e+03
-1.844740999999999985e+03
-1.857364000000000033e+03
-1.866273999999999887e+03
-1.848083000000000084e+03
-1.846969000000000051e+03
-1.876669000000000096e+03
-1.906740000000000009e+03
-1.876297000000000025e+03
-1.894117999999999938e+03
-1.900429000000000087e+03
-1.892260999999999967e+03
-1.905998000000000047e+03
-1.891519000000000005e+03
-1.880381000000000085e+03
-1.881124000000000024e+03
-1.903398999999999887e+03
-1.917134999999999991e+03
-1.942009000000000015e+03
-1.923075000000000045e+03
-1.944236000000000104e+03
-1.966883000000000038e+03
-1.951289999999999964e+03
-1.960942999999999984e+03
-1.979134000000000015e+03
-1.976535000000000082e+03
-1.960942999999999984e+03
-1.964654999999999973e+03
-1.983218000000000075e+03
-2.009204999999999927e+03
-2.020713999999999942e+03
-2.001779999999999973e+03
-2.000665999999999940e+03
-2.006605999999999995e+03
-1.997695999999999913e+03
-2.017373000000000047e+03
-2.000665999999999940e+03
-2.012916999999999916e+03
-1.996211000000000013e+03
-2.009576000000000022e+03
-2.012546000000000049e+03
-1.999923999999999978e+03
-2.037420000000000073e+03
-2.031851000000000113e+03
-2.013660000000000082e+03
-2.034078999999999951e+03
-2.022941000000000031e+03
-2.016259000000000015e+03
-2.021827999999999975e+03
-2.005121000000000095e+03
-1.992127999999999929e+03
-2.029252999999999929e+03
-2.038904999999999973e+03
-1.996953999999999951e+03
-2.039276000000000067e+03
-2.057096000000000004e+03
-2.030738000000000056e+03
-2.073431000000000040e+03
-2.068605000000000018e+03
-2.056353999999999814e+03
-2.099047999999999774e+03
-2.087166999999999916e+03
-2.054869000000000142e+03
-2.090137000000000171e+03
-2.107585999999999785e+03
-2.058581000000000131e+03
-2.096449000000000069e+03
-2.127262000000000171e+03
-2.079371000000000095e+03
-2.097563000000000102e+03
-2.162159999999999854e+03
-2.119836999999999989e+03
-2.100903999999999996e+03
-2.166244000000000142e+03
-2.117981000000000222e+03
-2.139514000000000124e+03
-2.168471000000000004e+03
-2.133574000000000069e+03
-2.140626999999999953e+03
-2.189632999999999811e+03
-2.168842999999999847e+03
-2.178123999999999796e+03
-2.225643999999999778e+03
-2.190746000000000095e+03
-2.181835999999999785e+03
-2.181465000000000146e+03
-2.164387000000000171e+03
-2.159190000000000055e+03
-2.168099999999999909e+03
-2.184806000000000040e+03
-2.171440999999999804e+03
-2.175525000000000091e+03
-2.173297999999999774e+03
-2.168471000000000004e+03
-2.189632999999999811e+03
-2.207452999999999975e+03
-2.175525000000000091e+03
-2.206710000000000036e+03
-2.217105000000000018e+03
-2.192603000000000065e+03
-2.219704000000000178e+03
-2.233811000000000149e+03
-2.229728000000000065e+03
-2.235295999999999822e+03
-2.241606999999999971e+03
-2.247918999999999869e+03
-2.267224000000000160e+03
-2.283929999999999836e+03
-2.253487999999999829e+03
-2.291726000000000113e+03
-2.309545999999999822e+03
-2.244577999999999975e+03
-2.285043999999999869e+03
-2.304349000000000160e+03
-2.266481000000000222e+03
-2.279103999999999814e+03
-2.296923999999999978e+03
-2.282074000000000069e+03
-2.303978000000000065e+03
-2.300264999999999873e+03
-2.299521999999999935e+03
-2.309545999999999822e+03
-2.312516000000000076e+03
-2.289869999999999891e+03
-2.302492000000000189e+03
-2.289126999999999953e+03
-2.284300999999999931e+03
-2.309175000000000182e+03
-2.309545999999999822e+03
-2.310289000000000215e+03
-2.303235000000000127e+03
-2.316228999999999814e+03
-2.307690000000000055e+03
-2.340360000000000127e+03
-2.335534000000000106e+03
-2.316228999999999814e+03
-2.335163000000000011e+03
-2.361521000000000186e+03
-2.356695000000000164e+03
-2.354467999999999847e+03
-2.373400999999999840e+03
-2.377485000000000127e+03
-2.387137000000000171e+03
-2.374514999999999873e+03
-2.373771999999999935e+03
-2.388251000000000204e+03
-2.393077999999999975e+03
-2.401244999999999891e+03
-2.408298999999999978e+03
-2.432429999999999836e+03
-2.426489999999999782e+03
-2.384909999999999854e+03
-2.396418999999999869e+03
-2.359664999999999964e+03
-2.378228000000000065e+03
-2.427974999999999909e+03
-2.393077999999999975e+03
-2.383425000000000182e+03
-2.442454000000000178e+03
-2.410525999999999840e+03
-2.400130999999999858e+03
-2.440597000000000207e+03
-2.425748000000000047e+03
-2.433172999999999774e+03
-2.457304000000000087e+03
-2.434286000000000058e+03
-2.452849000000000160e+03
-2.450621000000000095e+03
-2.364119999999999891e+03
-2.386023999999999887e+03
-2.360036000000000058e+03
-2.328851000000000113e+03
-2.308804000000000087e+03
-2.331820999999999913e+03
-2.331820999999999913e+03
-2.319199000000000069e+03
-2.341474000000000160e+03
-2.333677000000000135e+03
-2.303606000000000222e+03
-2.329965000000000146e+03
-2.344815000000000055e+03
-2.342215999999999894e+03
-2.358550999999999931e+03
-2.356324000000000069e+03
-2.329594000000000051e+03
-2.356324000000000069e+03
-2.365605000000000018e+03
-2.305833999999999833e+03
-2.325880999999999858e+03
-2.371173999999999978e+03
-2.325880999999999858e+03
-2.345557999999999993e+03
-2.361521000000000186e+03
-2.352981999999999971e+03
-2.328108999999999924e+03
-2.354096000000000004e+03
-2.353724999999999909e+03
-2.355952999999999975e+03
-2.352610999999999876e+03
-2.309916999999999916e+03
-2.357438000000000102e+03
-2.349641000000000076e+03
-2.330335999999999785e+03
-2.351869000000000142e+03
-2.373771999999999935e+03
-2.346670999999999822e+03
-2.340360000000000127e+03
-2.380826000000000022e+03
-2.358179999999999836e+03
-2.342215999999999894e+03
-2.361893000000000029e+03
-2.370431000000000040e+03
-2.363376999999999953e+03
-2.365976000000000113e+03
-2.371173999999999978e+03
-2.368574999999999818e+03
-2.383054000000000087e+03
-2.365233999999999924e+03
-2.341103000000000065e+03
-2.383054000000000087e+03
-2.381940000000000055e+03
-2.380083999999999833e+03
-2.367460999999999785e+03
-2.390106999999999971e+03
-2.397532000000000153e+03
-2.386023999999999887e+03
-2.384166999999999916e+03
-2.371545000000000073e+03
-2.369688999999999851e+03
-2.392335000000000036e+03
-2.388623000000000047e+03
-2.405699999999999818e+03
-2.414610000000000127e+03
-2.397903999999999996e+03
-2.418322999999999865e+03
-2.413867000000000189e+03
-2.426860999999999876e+03
-2.423891000000000076e+03
-2.422777999999999793e+03
-2.414981000000000222e+03
-2.415353000000000065e+03
-2.441710999999999785e+03
-2.422777999999999793e+03
-2.439855000000000018e+03
-2.430574000000000069e+03
-2.427231999999999971e+03
-2.450992000000000189e+03
-2.435028999999999996e+03
-2.425376000000000204e+03
-2.466585000000000036e+03
-2.430574000000000069e+03
-2.426119000000000142e+03
-2.488117000000000189e+03
-2.466213999999999942e+03
-2.447280000000000200e+03
-2.446166000000000167e+03
-2.441710999999999785e+03
-2.436143000000000029e+03
-2.463244000000000142e+03
-2.472525000000000091e+03
-2.455076000000000022e+03
-2.462501000000000204e+03
-2.474010000000000218e+03
-2.442454000000000178e+03
-2.453961999999999989e+03
-2.479949999999999818e+03
-2.466585000000000036e+03
-2.470297999999999774e+03
-2.468070000000000164e+03
-2.416094999999999800e+03
-2.442083000000000084e+03
-2.473268000000000029e+03
-2.429831000000000131e+03
-2.466956000000000131e+03
-2.491458999999999833e+03
-2.456561000000000149e+03
-2.461016000000000076e+03
-2.474380999999999858e+03
-2.480320999999999913e+03
-2.469925999999999931e+03
-2.481434999999999945e+03
-2.506309000000000196e+03
-2.484405000000000200e+03
-2.501481999999999971e+03
-2.475123999999999796e+03
-2.498512000000000171e+03
-2.519302000000000135e+03
-2.492943999999999960e+03
-2.511135000000000218e+03
-2.525985000000000127e+03
-2.502967999999999847e+03
-2.533409999999999854e+03
-2.541206000000000131e+03
-2.515219000000000051e+03
-2.470668999999999869e+03
-2.467327999999999975e+03
-2.484405000000000200e+03
-2.482548999999999978e+03
-2.502224999999999909e+03
-2.490344999999999800e+03
-2.472896000000000186e+03
-2.502967999999999847e+03
-2.497027999999999793e+03
-2.475494999999999891e+03
-2.502224999999999909e+03
-2.511135000000000218e+03
-2.472525000000000091e+03
-2.509650000000000091e+03
-2.512619999999999891e+03
-2.481806000000000040e+03
-2.494429000000000087e+03
-2.497769999999999982e+03
-2.494800000000000182e+03
-2.518931000000000040e+03
-2.502596000000000004e+03
-2.523757999999999811e+03
-2.547518000000000029e+03
-2.519302000000000135e+03
-2.496655999999999949e+03
-2.547889000000000124e+03
-2.536751000000000204e+03
-2.536751000000000204e+03
-2.542320000000000164e+03
-2.550115999999999985e+03
-2.561996000000000095e+03
-2.494800000000000182e+03
-2.478835999999999785e+03
-2.457304000000000087e+03
-2.477351000000000113e+03
-2.449878999999999905e+03
-2.424262000000000171e+03
-2.422405999999999949e+03
-2.435028999999999996e+03
-2.443195999999999913e+03
-2.443938999999999851e+03
-2.446909000000000106e+03
-2.414610000000000127e+03
-2.424262000000000171e+03
-2.414610000000000127e+03
-2.406070999999999913e+03
-2.427603999999999814e+03
-2.453961999999999989e+03
-2.418322999999999865e+03
-2.436143000000000029e+03
-2.449135999999999967e+03
-2.420550000000000182e+03
-2.443568000000000211e+03
-2.442083000000000084e+03
-2.433172999999999774e+03
-2.437626999999999953e+03
-2.419436000000000149e+03
-2.431688000000000102e+03
-2.452478000000000065e+03
-2.454333999999999833e+03
-2.438369999999999891e+03
-2.453219999999999800e+03
-2.469925999999999931e+03
-2.440597000000000207e+03
-2.432429999999999836e+03
-2.471411000000000058e+03
-2.466213999999999942e+03
-2.474010000000000218e+03
-2.490715999999999894e+03
-2.489603000000000065e+03
