-4.265663000000000125e+02
-4.120874999999999773e+02
-4.180274999999999750e+02
-4.317638000000000034e+02
-4.169137999999999806e+02
-4.310212000000000216e+02
-4.332486999999999853e+02
-4.284225000000000136e+02
-4.417875000000000227e+02
-4.388174999999999955e+02
-4.321349999999999909e+02
-4.610924999999999727e+02
-4.477275000000000205e+02
-4.469850000000000136e+02
-4.625774999999999864e+02
-4.629488000000000056e+02
-4.622062999999999988e+02
-4.570088000000000079e+02
-4.688888000000000034e+02
-4.777988000000000284e+02
-4.447574999999999932e+02
-4.900500000000000114e+02
-4.818824999999999932e+02
-4.525536999999999921e+02
-4.867087000000000216e+02
-4.737149999999999750e+02
-4.900500000000000114e+02
-4.874513000000000034e+02
-4.777988000000000284e+02
-4.893075000000000045e+02
-4.941338000000000079e+02
-4.829961999999999875e+02
-4.885649999999999977e+02
-4.900500000000000114e+02
-4.833675000000000068e+02
-5.249474999999999909e+02
-5.223487999999999829e+02
-5.011875000000000000e+02
-5.126961999999999762e+02
-5.152949999999999591e+02
-5.204924999999999500e+02
-5.334863000000000284e+02
-5.067563000000000102e+02
-5.082411999999999921e+02
-4.989599999999999795e+02
-5.141812999999999647e+02
-5.048999999999999773e+02
-5.134388000000000147e+02
-5.290312999999999874e+02
-5.338574999999999591e+02
-5.048999999999999773e+02
-5.026725000000000136e+02
-5.282888000000000375e+02
-5.297736999999999625e+02
-5.227200000000000273e+02
-5.126961999999999762e+02
-5.301449999999999818e+02
-5.256900000000000546e+02
-5.260612999999999602e+02
-5.561325000000000500e+02
-5.342287999999999784e+02
-5.208637999999999693e+02
-5.509349999999999454e+02
-5.650425000000000182e+02
-5.308875000000000455e+02
-5.412825000000000273e+02
-5.442525000000000546e+02
-5.505638000000000147e+02
-5.668986999999999625e+02
-5.587313000000000329e+02
-5.524199999999999591e+02
-5.728387000000000171e+02
-5.758088000000000193e+02
-5.646712999999999738e+02
-5.550186999999999671e+02
-5.691263000000000147e+02
-5.401688000000000329e+02
-5.605874999999999773e+02
-5.498211999999999762e+02
-5.568750000000000000e+02
-5.769225000000000136e+02
-5.561325000000000500e+02
-5.572463000000000193e+02
-5.843474999999999682e+02
-5.824913000000000238e+02
-5.769225000000000136e+02
-5.876888000000000147e+02
-5.921436999999999671e+02
-5.813775000000000546e+02
-5.772938000000000329e+02
-5.965987999999999829e+02
-6.147899999999999636e+02
-5.936287999999999556e+02
-5.962274999999999636e+02
-5.977124999999999773e+02
-6.062513000000000147e+02
-6.062513000000000147e+02
-5.906588000000000420e+02
-5.969700000000000273e+02
-5.902875000000000227e+02
-5.761799999999999500e+02
-5.914012000000000171e+02
-6.017962999999999738e+02
-5.995687000000000353e+02
-5.965987999999999829e+02
-6.062513000000000147e+02
-5.969700000000000273e+02
-6.006825000000000045e+02
-6.181312000000000353e+02
-6.081074999999999591e+02
-6.133049999999999500e+02
-6.240711999999999762e+02
-6.110774999999999864e+02
-5.876888000000000147e+02
-6.162749999999999773e+02
-6.274125000000000227e+02
-5.980837000000000216e+02
-6.170175000000000409e+02
-6.133049999999999500e+02
-6.159036999999999580e+02
-6.125625000000000000e+02
-6.192450000000000045e+02
-6.233287000000000262e+02
-6.344661999999999580e+02
-6.185025000000000546e+02
-6.129338000000000193e+02
-6.270412999999999784e+02
-6.322387999999999693e+02
-6.121912999999999556e+02
-6.188737999999999602e+02
-6.292686999999999671e+02
-6.277838000000000420e+02
-6.107061999999999671e+02
-6.162749999999999773e+02
-6.047662000000000262e+02
-5.743237000000000307e+02
-6.110774999999999864e+02
-6.103350000000000364e+02
-6.322387999999999693e+02
-6.151612999999999829e+02
-6.244424999999999955e+02
-6.452324999999999591e+02
-6.430049999999999955e+02
-6.392925000000000182e+02
-6.533999999999999773e+02
-6.541425000000000409e+02
-6.478311999999999671e+02
-6.526575000000000273e+02
-6.537712000000000216e+02
-6.444900000000000091e+02
-6.363224999999999909e+02
-6.493162999999999556e+02
-6.675075000000000500e+02
-6.545136999999999716e+02
-6.708487999999999829e+02
-6.660225000000000364e+02
-6.608250000000000455e+02
-6.756749999999999545e+02
-6.779025000000000318e+02
-6.597111999999999625e+02
-6.734474999999999909e+02
-6.786449999999999818e+02
-6.786449999999999818e+02
-6.704774999999999636e+02
-6.767888000000000375e+02
-6.890399999999999636e+02
-6.923813000000000102e+02
-6.771599999999999682e+02
-6.957224999999999682e+02
-6.693637999999999693e+02
-6.296399999999999864e+02
-6.482024999999999864e+02
-6.322387999999999693e+02
-6.326100000000000136e+02
-6.129338000000000193e+02
-6.136762999999999693e+02
-6.092213000000000420e+02
-6.296399999999999864e+02
-6.103350000000000364e+02
-6.225861999999999625e+02
-6.262988000000000284e+02
-6.552563000000000102e+02
-6.225861999999999625e+02
-6.151612999999999829e+02
-6.407775000000000318e+02
-6.352087000000000216e+02
-6.166462000000000216e+02
-6.181312000000000353e+02
-6.307537999999999556e+02
-6.185025000000000546e+02
-6.266699999999999591e+02
-6.448613000000000284e+02
-6.229574999999999818e+02
-6.400349999999999682e+02
-6.452324999999999591e+02
-6.522862999999999829e+02
-6.444900000000000091e+02
-6.281549999999999727e+02
-6.623099999999999454e+02
-6.378075000000000045e+02
-6.407775000000000318e+02
-6.578550000000000182e+02
-6.511725000000000136e+02
-6.381788000000000238e+02
-6.548849999999999909e+02
-6.741900000000000546e+02
-6.701063000000000329e+02
-6.589687999999999874e+02
-6.589687999999999874e+02
-6.704774999999999636e+02
-6.678787999999999556e+02
-6.355800000000000409e+02
-6.444900000000000091e+02
-6.474600000000000364e+02
-6.656512000000000171e+02
-6.459750000000000227e+02
-6.533999999999999773e+02
-6.333524999999999636e+02
-5.940000000000000000e+02
-5.798925000000000409e+02
-5.928862000000000307e+02
-6.069937999999999647e+02
-5.962274999999999636e+02
-6.274125000000000227e+02
-5.839763000000000375e+02
-5.832337999999999738e+02
-6.069937999999999647e+02
-5.910299999999999727e+02
-5.858324999999999818e+02
-6.066224999999999454e+02
-5.977124999999999773e+02
-5.798925000000000409e+02
-5.902875000000000227e+02
-6.151612999999999829e+02
-6.114487000000000307e+02
-6.077363000000000284e+02
-6.159036999999999580e+02
-6.166462000000000216e+02
-5.943713000000000193e+02
-6.166462000000000216e+02
-6.099637000000000171e+02
-6.140475000000000136e+02
-6.262988000000000284e+02
-6.188737999999999602e+02
-6.244424999999999955e+02
-6.214724999999999682e+02
-6.508012999999999693e+02
-6.470887000000000171e+02
-6.285262000000000171e+02
-6.277838000000000420e+02
-6.307537999999999556e+02
-6.329813000000000329e+02
-6.418912000000000262e+02
-6.255562999999999647e+02
-6.426336999999999762e+02
-6.426336999999999762e+02
-6.366938000000000102e+02
-6.589687999999999874e+02
-6.604537000000000262e+02
-6.411486999999999625e+02
-6.522862999999999829e+02
-6.712200000000000273e+02
-6.719624999999999773e+02
-6.637949999999999591e+02
-6.626812999999999647e+02
-6.894112999999999829e+02
-6.597111999999999625e+02
-6.611961999999999762e+02
-6.834713000000000420e+02
-6.649088000000000420e+02
-6.730761999999999716e+02
-6.723337000000000216e+02
-6.753038000000000238e+02
-5.587313000000000329e+02
-5.839763000000000375e+02
-5.850900000000000318e+02
-5.657849999999999682e+02
-5.921436999999999671e+02
-5.958563000000000329e+02
-5.702400000000000091e+02
-5.665275000000000318e+02
-5.862037000000000262e+02
-5.572463000000000193e+02
-5.758088000000000193e+02
-5.791499999999999773e+02
-5.598450000000000273e+02
-5.891738000000000284e+02
-5.617011999999999716e+02
-5.609587000000000216e+02
-5.969700000000000273e+02
-5.769225000000000136e+02
-5.806349999999999909e+02
-5.795212000000000216e+02
-5.951137999999999693e+02
-5.991974999999999909e+02
-5.694974999999999454e+02
-5.906588000000000420e+02
-5.947424999999999500e+02
-5.962274999999999636e+02
-5.936287999999999556e+02
-5.928862000000000307e+02
-5.810062000000000353e+02
-5.947424999999999500e+02
-5.906588000000000420e+02
-5.717250000000000227e+02
-5.895449999999999591e+02
-5.676412000000000262e+02
-5.542762000000000171e+02
-5.572463000000000193e+02
-5.360850000000000364e+02
-5.605874999999999773e+02
-5.668986999999999625e+02
-5.587313000000000329e+02
-5.750662999999999556e+02
-5.609587000000000216e+02
-5.594737999999999829e+02
-5.702400000000000091e+02
-5.617011999999999716e+02
-5.531625000000000227e+02
-5.308875000000000455e+02
-5.565037999999999556e+02
-5.813775000000000546e+02
-5.524199999999999591e+02
-5.635575000000000045e+02
-5.568750000000000000e+02
-5.487074999999999818e+02
-5.531625000000000227e+02
-5.583600000000000136e+02
-5.772938000000000329e+02
-5.698687999999999647e+02
-5.516775000000000091e+02
-5.791499999999999773e+02
-5.613300000000000409e+02
-5.516775000000000091e+02
-5.598450000000000273e+02
-5.724674999999999727e+02
-5.676412000000000262e+02
-5.650425000000000182e+02
-5.598450000000000273e+02
-5.694974999999999454e+02
-5.746950000000000500e+02
-5.672699999999999818e+02
-5.654138000000000375e+02
-5.765512999999999693e+02
-5.650425000000000182e+02
-5.973411999999999580e+02
-5.802636999999999716e+02
-5.605874999999999773e+02
-5.668986999999999625e+02
-5.862037000000000262e+02
-5.798925000000000409e+02
-5.713537999999999784e+02
-6.066224999999999454e+02
-5.772938000000000329e+02
-5.754375000000000000e+02
-5.813775000000000546e+02
-5.772938000000000329e+02
-5.869461999999999762e+02
-5.609587000000000216e+02
-5.720963000000000420e+02
-5.810062000000000353e+02
-5.646712999999999738e+02
-5.743237000000000307e+02
-5.980837000000000216e+02
-5.821200000000000045e+02
-5.843474999999999682e+02
-5.683836999999999762e+02
-5.895449999999999591e+02
-5.457374999999999545e+02
-5.327437999999999647e+02
-5.412825000000000273e+02
-5.501924999999999955e+02
-5.546475000000000364e+02
-5.394262999999999693e+02
-5.494500000000000455e+02
-5.587313000000000329e+02
-5.531625000000000227e+02
-5.531625000000000227e+02
-5.379412999999999556e+02
-5.501924999999999955e+02
-5.442525000000000546e+02
-5.457374999999999545e+02
-5.553899999999999864e+02
-5.594737999999999829e+02
-5.617011999999999716e+02
-5.449950000000000045e+02
-5.520488000000000284e+02
-5.639288000000000238e+02
-5.583600000000000136e+02
-5.431386999999999716e+02
-5.602161999999999580e+02
-5.683836999999999762e+02
-5.472224999999999682e+02
-5.635575000000000045e+02
-5.698687999999999647e+02
-5.642999999999999545e+02
-5.706113000000000284e+02
-5.746950000000000500e+02
-5.732100000000000364e+02
-5.787786999999999580e+02
-5.810062000000000353e+02
-5.654138000000000375e+02
-5.735811999999999671e+02
-5.765512999999999693e+02
-5.568750000000000000e+02
-5.620724999999999909e+02
-5.724674999999999727e+02
-5.628150000000000546e+02
-5.702400000000000091e+02
-5.720963000000000420e+02
-5.539049999999999727e+02
-5.899162999999999784e+02
