-8.612999999999999545e+02
-8.839461999999999762e+02
-9.132749999999999773e+02
-9.110475000000000136e+02
-9.195861999999999625e+02
-9.801000000000000227e+02
-1.000889999999999986e+03
-9.210712999999999511e+02
-9.756449999999999818e+02
-1.046924999999999955e+03
-9.953212999999999511e+02
-9.960638000000000147e+02
-1.068086000000000013e+03
-1.055835000000000036e+03
-1.028363000000000056e+03
-1.061031999999999925e+03
-1.088134000000000015e+03
-1.063259999999999991e+03
-1.115234999999999900e+03
-1.122660000000000082e+03
-1.114492999999999938e+03
-1.156443999999999960e+03
-1.161641000000000076e+03
-1.180945999999999913e+03
-1.192084000000000060e+03
-1.211759999999999991e+03
-1.231435999999999922e+03
-1.205449000000000069e+03
-1.268190000000000055e+03
-1.261135999999999967e+03
-1.289351000000000113e+03
-1.300859999999999900e+03
-1.306057000000000016e+03
-1.340212999999999965e+03
-1.324990999999999985e+03
-1.316452999999999975e+03
-1.345038999999999987e+03
-1.353577999999999975e+03
-1.317566000000000031e+03
-1.360631000000000085e+03
-1.411121000000000095e+03
-1.385505000000000109e+03
-1.387361000000000104e+03
-1.411492999999999938e+03
-1.422630000000000109e+03
-1.439336000000000013e+03
-1.430797000000000025e+03
-1.408151000000000067e+03
-1.451587999999999965e+03
-1.497993999999999915e+03
-1.495394999999999982e+03
-1.517298999999999978e+03
-1.559621000000000095e+03
-1.527323000000000093e+03
-1.541800999999999931e+03
-1.543286000000000058e+03
-1.544400000000000091e+03
-1.554051999999999907e+03
-1.564076000000000022e+03
-1.555909000000000106e+03
-1.577441000000000031e+03
-1.608255000000000109e+03
-1.595633000000000038e+03
-1.623476000000000113e+03
-1.643152000000000044e+03
-1.646865000000000009e+03
-1.668026000000000067e+03
-1.644266000000000076e+03
-1.682875999999999976e+03
-1.683990000000000009e+03
-1.685104000000000042e+03
-1.703295000000000073e+03
-1.720373000000000047e+03
-1.753785000000000082e+03
-1.709978000000000065e+03
-1.709234999999999900e+03
-1.717773999999999887e+03
-1.717773999999999887e+03
-1.707378999999999905e+03
-1.730767000000000053e+03
-1.711090999999999894e+03
-1.735964999999999918e+03
-1.733738000000000056e+03
-1.748587999999999965e+03
-1.753413999999999987e+03
-1.798335000000000036e+03
-1.794250999999999976e+03
-1.796107999999999947e+03
-1.827291999999999916e+03
-1.839172000000000025e+03
-1.790166999999999916e+03
-1.816896999999999935e+03
-1.871843000000000075e+03
-1.828405999999999949e+03
-1.850309999999999945e+03
-1.872585000000000036e+03
-1.845855000000000018e+03
-1.871843000000000075e+03
-1.889290999999999940e+03
-1.849567999999999984e+03
-1.873699000000000069e+03
-1.914906999999999925e+03
-1.879268000000000029e+03
-1.929015000000000100e+03
-1.905998000000000047e+03
-1.931242999999999938e+03
-1.955002999999999929e+03
-1.923075000000000045e+03
-1.944236000000000104e+03
-1.955374000000000024e+03
-1.960942999999999984e+03
-1.968739000000000033e+03
-1.974679000000000087e+03
-2.020713999999999942e+03
-2.003635999999999967e+03
-1.965769000000000005e+03
-2.031851000000000113e+03
-2.018486000000000104e+03
-2.030738000000000056e+03
-2.053384000000000015e+03
-2.045587999999999965e+03
-2.025539999999999964e+03
-2.053755000000000109e+03
-2.058210000000000036e+03
-2.045587999999999965e+03
-2.065264000000000124e+03
-2.053755000000000109e+03
-2.061922999999999774e+03
-2.080485000000000127e+03
-2.100903999999999996e+03
-2.107585999999999785e+03
-2.118724000000000160e+03
-2.134688000000000102e+03
-2.133202999999999975e+03
-2.146568000000000211e+03
-2.145824999999999818e+03
-2.153621000000000095e+03
-2.222302000000000135e+03
-2.198914000000000215e+03
-2.208195000000000164e+03
-2.265367000000000189e+03
-2.248661000000000058e+03
-2.280217999999999847e+03
-2.293954000000000178e+03
-2.286900000000000091e+03
-2.275391000000000076e+03
-2.241978999999999814e+03
-2.242721000000000004e+03
-2.228242000000000189e+03
-2.158818999999999960e+03
-2.151021999999999935e+03
-2.148795000000000073e+03
-2.124664000000000215e+03
-2.133202999999999975e+03
-2.132831000000000131e+03
-2.109443000000000211e+03
-2.141740999999999985e+03
-2.132460000000000036e+03
-2.124664000000000215e+03
-2.140255999999999858e+03
-2.119836999999999989e+03
-2.167356999999999971e+03
-2.123179000000000087e+03
-2.156590999999999894e+03
-2.185920000000000073e+03
-2.153992000000000189e+03
-2.160675000000000182e+03
-2.188146999999999935e+03
-2.185920000000000073e+03
-2.183693000000000211e+03
-2.231954999999999927e+03
-2.220818000000000211e+03
-2.211536000000000058e+03
-2.219333000000000084e+03
-2.233068999999999960e+03
-2.197429000000000087e+03
-2.215619999999999891e+03
-2.251260000000000218e+03
-2.240123000000000047e+03
-2.247175999999999931e+03
-2.251630999999999858e+03
-2.269079999999999927e+03
-2.276134000000000015e+03
-2.279474999999999909e+03
-2.285786000000000058e+03
-2.306576000000000022e+03
-2.233811000000000149e+03
-2.190003999999999905e+03
-2.231954999999999927e+03
-2.174782000000000153e+03
-2.140998999999999796e+03
-2.179608999999999924e+03
-2.174411000000000058e+03
-2.114639999999999873e+03
-2.140626999999999953e+03
-2.143226000000000113e+03
-2.114268999999999778e+03
-2.145083000000000084e+03
-2.172554999999999836e+03
-2.150650999999999840e+03
-2.134315999999999804e+03
-2.182579000000000178e+03
-2.187775999999999840e+03
-2.168471000000000004e+03
-2.191860000000000127e+03
-2.192974000000000160e+03
-2.204853999999999814e+03
-2.190746000000000095e+03
-2.208195000000000164e+03
-2.215248999999999796e+03
-2.210793999999999869e+03
-2.222673999999999978e+03
-2.254972000000000207e+03
-2.243835000000000036e+03
-2.229356000000000222e+03
-2.248289999999999964e+03
-2.250518000000000029e+03
-2.238266000000000076e+03
-2.188146999999999935e+03
-2.236780999999999949e+03
-2.253487999999999829e+03
-2.243835000000000036e+03
-2.240864999999999782e+03
-2.222302000000000135e+03
-2.205224999999999909e+03
-2.234182999999999993e+03
-2.219704000000000178e+03
-2.228242000000000189e+03
-2.267594999999999800e+03
-2.272791999999999916e+03
-2.252001999999999953e+03
-2.256085999999999785e+03
-2.280588999999999942e+03
-2.265367000000000189e+03
-2.259798999999999978e+03
-2.260170000000000073e+03
-2.292840000000000146e+03
-2.280960000000000036e+03
-2.297295000000000073e+03
-2.298038000000000011e+03
-2.321425999999999931e+03
-2.312144999999999982e+03
-2.312144999999999982e+03
-2.315485999999999876e+03
-2.322539999999999964e+03
-2.346670999999999822e+03
-2.351126000000000204e+03
-2.358550999999999931e+03
-2.376371000000000095e+03
-2.368204000000000178e+03
-2.358550999999999931e+03
-2.356324000000000069e+03
-2.393077999999999975e+03
-2.392706000000000131e+03
-2.391963999999999942e+03
-2.407927000000000135e+03
-2.402358999999999924e+03
-2.430574000000000069e+03
-2.427603999999999814e+03
-2.398275000000000091e+03
-2.357065999999999804e+03
-2.364119999999999891e+03
-2.355210000000000036e+03
-2.344443999999999960e+03
-2.378228000000000065e+03
-2.345557999999999993e+03
-2.342215999999999894e+03
-2.362635000000000218e+03
-2.394190999999999804e+03
-2.367090000000000146e+03
-2.364862999999999829e+03
-2.409041000000000167e+03
-2.409041000000000167e+03
-2.382682999999999993e+03
-2.398275000000000091e+03
-2.390849999999999909e+03
-2.399389000000000124e+03
-2.415353000000000065e+03
-2.425376000000000204e+03
-2.430945000000000164e+03
-2.445052000000000135e+03
-2.419065000000000055e+03
-2.429831000000000131e+03
-2.478835999999999785e+03
-2.462501000000000204e+03
-2.460273999999999887e+03
-2.484775999999999840e+03
-2.471039999999999964e+03
-2.473268000000000029e+03
-2.478465000000000146e+03
-2.476980000000000018e+03
-2.464728999999999814e+03
-2.484034000000000106e+03
-2.442454000000000178e+03
-2.419436000000000149e+03
-2.453219999999999800e+03
-2.400501999999999953e+03
-2.409413000000000011e+03
-2.423519999999999982e+03
-2.426119000000000142e+03
-2.437998999999999796e+03
-2.445423999999999978e+03
-2.440969000000000051e+03
-2.441340000000000146e+03
-2.436514000000000124e+03
-2.438740999999999985e+03
-2.390849999999999909e+03
-2.425748000000000047e+03
-2.420179000000000087e+03
-2.409413000000000011e+03
-2.410155000000000200e+03
-2.430574000000000069e+03
-2.466585000000000036e+03
-2.468440999999999804e+03
-2.471411000000000058e+03
-2.479579000000000178e+03
-2.480693000000000211e+03
-2.482548999999999978e+03
-2.465471000000000004e+03
-2.502967999999999847e+03
-2.507422999999999774e+03
-2.498512000000000171e+03
-2.499626000000000204e+03
-2.538235999999999876e+03
-2.525985000000000127e+03
-2.516333000000000084e+03
-2.533780999999999949e+03
-2.527840999999999894e+03
-2.510764000000000124e+03
-2.503338999999999942e+03
-2.500369000000000142e+03
-2.500369000000000142e+03
-2.489974000000000160e+03
-2.455076000000000022e+03
-2.463614999999999782e+03
-2.497027999999999793e+03
-2.467699000000000069e+03
-2.505938000000000102e+03
-2.510764000000000124e+03
-2.489231000000000222e+03
-2.480320999999999913e+03
-2.459159999999999854e+03
-2.495541999999999916e+03
-2.466585000000000036e+03
-2.440969000000000051e+03
-2.421664000000000215e+03
-2.433543999999999869e+03
-2.446166000000000167e+03
-2.378599000000000160e+03
-2.373030000000000200e+03
-2.378969999999999800e+03
-2.385280999999999949e+03
-2.379711999999999989e+03
-2.384166999999999916e+03
-2.378228000000000065e+03
-2.397903999999999996e+03
-2.393820000000000164e+03
-2.392335000000000036e+03
-2.396047999999999774e+03
-2.415724000000000160e+03
-2.377485000000000127e+03
-2.352239999999999782e+03
-2.370431000000000040e+03
-2.394934000000000196e+03
-2.384166999999999916e+03
-2.367460999999999785e+03
-2.371916000000000167e+03
-2.365976000000000113e+03
-2.324768000000000029e+03
-2.343701000000000022e+03
-2.348898999999999887e+03
-2.341103000000000065e+03
-2.342215999999999894e+03
-2.333677000000000135e+03
-2.348898999999999887e+03
-2.342215999999999894e+03
-2.355210000000000036e+03
-2.351126000000000204e+03
-2.351498000000000047e+03
-2.294695999999999913e+03
-2.307318999999999960e+03
-2.297295000000000073e+03
-2.280588999999999942e+03
-2.301750000000000000e+03
-2.293583000000000084e+03
-2.287643000000000029e+03
-2.316599999999999909e+03
-2.312516000000000076e+03
-2.284672999999999774e+03
-2.306204999999999927e+03
-2.306576000000000022e+03
-2.294324999999999818e+03
-2.305461999999999989e+03
-2.315114999999999782e+03
-2.306947999999999865e+03
-2.305833999999999833e+03
-2.316599999999999909e+03
-2.309916999999999916e+03
-2.312144999999999982e+03
-2.334048999999999978e+03
-2.305461999999999989e+03
-2.323282000000000153e+03
-2.345186000000000149e+03
-2.303606000000000222e+03
-2.283559000000000196e+03
-2.321054999999999836e+03
-2.312887000000000171e+03
-2.311402999999999793e+03
-2.293954000000000178e+03
-2.272050000000000182e+03
-2.266853000000000065e+03
-2.264253999999999905e+03
