2.301820000000000022e+01
6.311442999999999692e+00
-7.053749999999999964e+00
-7.424999999999999822e+00
-6.534000000000000341e+01
-8.204625000000000057e+01
-5.605875000000000341e+01
-6.422624999999999318e+01
-7.907625000000000171e+01
-8.130374999999999375e+01
-8.427375000000000682e+01
-1.132313000000000045e+02
-1.176861999999999995e+02
-1.002374999999999972e+02
-1.162012000000000000e+02
-1.351349999999999909e+02
-1.195425000000000040e+02
-1.444162000000000035e+02
-1.815412000000000035e+02
-1.329074999999999989e+02
-1.871100000000000136e+02
-1.574099999999999966e+02
-1.666913000000000125e+02
-2.182949999999999875e+02
-1.956487999999999943e+02
-1.700324999999999989e+02
-2.001037000000000035e+02
-2.145825000000000102e+02
-2.097563000000000102e+02
-2.053012999999999977e+02
-2.175525000000000091e+02
-2.012175000000000011e+02
-1.904512000000000000e+02
-2.060437000000000012e+02
-2.130974999999999966e+02
-2.164387999999999863e+02
-2.145825000000000102e+02
-1.997324999999999875e+02
-2.246062000000000012e+02
-2.298037999999999954e+02
-1.963913000000000011e+02
-2.272050000000000125e+02
-2.602461999999999875e+02
-2.635874999999999773e+02
-2.357437999999999931e+02
-2.606175000000000068e+02
-2.502224999999999966e+02
-2.569049999999999727e+02
-2.769524999999999864e+02
-2.847486999999999853e+02
-2.821499999999999773e+02
-2.517075000000000102e+02
-2.910600000000000023e+02
-2.840063000000000102e+02
-2.955149999999999864e+02
-2.847486999999999853e+02
-2.955149999999999864e+02
-3.133349999999999795e+02
-3.029399999999999977e+02
-3.200174999999999841e+02
-3.259574999999999818e+02
-3.326399999999999864e+02
-3.489750000000000227e+02
-3.615975000000000250e+02
-3.448913000000000011e+02
-3.552862999999999829e+02
-3.886988000000000056e+02
-3.571424999999999841e+02
-3.630824999999999818e+02
-3.775611999999999853e+02
-3.601125000000000114e+02
-3.768188000000000102e+02
-3.790462999999999738e+02
-3.571424999999999841e+02
-3.835013000000000147e+02
-3.820163000000000011e+02
-3.797887999999999806e+02
-3.968661999999999921e+02
-3.875849999999999795e+02
-3.938962000000000216e+02
-3.849863000000000284e+02
-3.998362000000000194e+02
-4.013213000000000079e+02
-4.013213000000000079e+02
-4.146861999999999853e+02
-3.957524999999999977e+02
-4.176562999999999874e+02
-4.080038000000000125e+02
-3.786750000000000114e+02
-4.113450000000000273e+02
-4.287937999999999761e+02
-4.202549999999999955e+02
-4.269375000000000000e+02
-4.336200000000000045e+02
-4.239674999999999727e+02
-4.169137999999999806e+02
-4.373324999999999818e+02
-4.451288000000000125e+02
-4.443863000000000056e+02
-4.466138000000000261e+02
-4.573799999999999955e+02
-4.577513000000000147e+02
-4.558949999999999818e+02
-4.625774999999999864e+02
-4.659187999999999761e+02
-4.822538000000000125e+02
-4.518111999999999853e+02
-4.558949999999999818e+02
-4.748288000000000011e+02
-4.592363000000000284e+02
-4.777988000000000284e+02
-4.803974999999999795e+02
-4.781700000000000159e+02
-4.885649999999999977e+02
-4.740862000000000194e+02
-4.926487000000000194e+02
-4.674037000000000148e+02
-5.119538000000000011e+02
-4.993312999999999988e+02
-4.744574999999999818e+02
-5.242050000000000409e+02
-5.138099999999999454e+02
-4.863374999999999773e+02
-5.067563000000000102e+02
-5.208637999999999693e+02
-5.000738000000000056e+02
-5.082411999999999921e+02
-5.275462999999999738e+02
-5.134388000000000147e+02
-5.327437999999999647e+02
-5.331150000000000091e+02
-5.175225000000000364e+02
-4.885649999999999977e+02
-4.751999999999999886e+02
-4.625774999999999864e+02
-4.785412999999999784e+02
-4.577513000000000147e+02
-4.685174999999999841e+02
-4.733437999999999874e+02
-5.026725000000000136e+02
-4.837388000000000261e+02
-4.744574999999999818e+02
-5.067563000000000102e+02
-4.844812999999999761e+02
-4.948763000000000147e+02
-5.197500000000000000e+02
-5.178936999999999671e+02
-5.182649999999999864e+02
-5.186362000000000307e+02
-5.175225000000000364e+02
-5.182649999999999864e+02
-5.171512000000000171e+02
-5.037862999999999829e+02
-5.238337000000000216e+02
-5.386838000000000193e+02
-5.275462999999999738e+02
-5.509349999999999454e+02
-5.602161999999999580e+02
-5.698687999999999647e+02
-5.694974999999999454e+02
-5.609587000000000216e+02
-5.642999999999999545e+02
-5.472224999999999682e+02
-5.498211999999999762e+02
-5.535338000000000420e+02
-5.557612000000000307e+02
-5.535338000000000420e+02
-5.591024999999999636e+02
-5.668986999999999625e+02
-5.620724999999999909e+02
-5.717250000000000227e+02
-5.609587000000000216e+02
-5.724674999999999727e+02
-5.865750000000000455e+02
-5.579887999999999693e+02
-5.758088000000000193e+02
-5.895449999999999591e+02
-6.103350000000000364e+02
-6.029099999999999682e+02
-5.943713000000000193e+02
-5.980837000000000216e+02
-6.125625000000000000e+02
-5.739524999999999864e+02
-5.609587000000000216e+02
-5.346000000000000227e+02
-5.037862999999999829e+02
-5.167799999999999727e+02
-5.275462999999999738e+02
-5.030437999999999761e+02
-4.874513000000000034e+02
-4.688888000000000034e+02
-4.800262000000000171e+02
-4.874513000000000034e+02
-4.755713000000000079e+02
-4.414162999999999784e+02
-4.395600000000000023e+02
-4.477275000000000205e+02
-4.391888000000000147e+02
-4.484700000000000273e+02
-4.603500000000000227e+02
-4.473562999999999761e+02
-4.414162999999999784e+02
-4.558949999999999818e+02
-4.640625000000000000e+02
-4.562663000000000011e+02
-4.202549999999999955e+02
-3.905550000000000068e+02
-3.920400000000000205e+02
-4.232250000000000227e+02
-4.150575000000000045e+02
-3.864712999999999852e+02
-4.031775000000000091e+02
-4.254524999999999864e+02
-4.306499999999999773e+02
-4.113450000000000273e+02
-4.117162000000000148e+02
-4.232250000000000227e+02
-4.477275000000000205e+02
-4.302787000000000148e+02
-4.120874999999999773e+02
-4.213686999999999898e+02
-4.154286999999999921e+02
-4.087461999999999875e+02
-4.250812999999999988e+02
-4.254524999999999864e+02
-3.990937999999999874e+02
-4.224825000000000159e+02
-4.250812999999999988e+02
-4.158000000000000114e+02
-3.957524999999999977e+02
-4.002074999999999818e+02
-3.838725000000000023e+02
-3.898125000000000000e+02
-3.987225000000000250e+02
-3.864712999999999852e+02
-3.987225000000000250e+02
-4.228537999999999784e+02
-3.846150000000000091e+02
-3.964950000000000045e+02
-4.224825000000000159e+02
-3.916687999999999761e+02
-3.768188000000000102e+02
-3.946388000000000034e+02
-4.046625000000000227e+02
-3.990937999999999874e+02
-4.187699999999999818e+02
-3.768188000000000102e+02
-4.180274999999999750e+02
-4.124587000000000216e+02
-4.039200000000000159e+02
-4.031775000000000091e+02
-4.510688000000000102e+02
-4.128299999999999841e+02
-4.020638000000000147e+02
-4.209975000000000023e+02
-4.120874999999999773e+02
-4.117162000000000148e+02
-4.068899999999999864e+02
-4.150575000000000045e+02
-3.920400000000000205e+02
-3.976087999999999738e+02
-3.979800000000000182e+02
-3.853575000000000159e+02
-3.920400000000000205e+02
-4.020638000000000147e+02
-3.861000000000000227e+02
-3.838725000000000023e+02
-4.117162000000000148e+02
-3.987225000000000250e+02
-3.849863000000000284e+02
-3.842436999999999898e+02
-3.835013000000000147e+02
-4.009499999999999886e+02
-3.705074999999999932e+02
-3.805312999999999874e+02
-3.697649999999999864e+02
-3.912975000000000136e+02
-3.864712999999999852e+02
-4.042912999999999784e+02
-3.968661999999999921e+02
-3.857287999999999784e+02
-3.916687999999999761e+02
-3.797887999999999806e+02
-3.879562999999999988e+02
-3.853575000000000159e+02
-3.942674999999999841e+02
-4.117162000000000148e+02
-4.035488000000000284e+02
-4.061474999999999795e+02
-4.269375000000000000e+02
-4.250812999999999988e+02
-4.143149999999999977e+02
-4.284225000000000136e+02
-4.299075000000000273e+02
-4.132013000000000034e+02
-3.541725000000000136e+02
-3.786750000000000114e+02
-3.604837999999999738e+02
-3.563999999999999773e+02
-3.838725000000000023e+02
-3.742200000000000273e+02
-3.742200000000000273e+02
-3.738487999999999829e+02
-3.861000000000000227e+02
-3.586274999999999977e+02
-3.582563000000000102e+02
-3.604837999999999738e+02
-3.556575000000000273e+02
-3.634538000000000011e+02
-3.783036999999999921e+02
-3.575138000000000034e+02
-3.771899999999999977e+02
-3.961236999999999853e+02
-3.886988000000000056e+02
-3.898125000000000000e+02
-3.853575000000000159e+02
-3.697649999999999864e+02
-3.775611999999999853e+02
-3.838725000000000023e+02
-3.586274999999999977e+02
-3.768188000000000102e+02
-3.927825000000000273e+02
-3.634538000000000011e+02
-3.783036999999999921e+02
-3.809024999999999750e+02
-3.853575000000000159e+02
-3.783036999999999921e+02
-3.645674999999999955e+02
-3.645674999999999955e+02
-3.749624999999999773e+02
-3.827588000000000079e+02
-3.809024999999999750e+02
-3.686512000000000171e+02
-3.879562999999999988e+02
-3.749624999999999773e+02
-3.679087999999999852e+02
-3.920400000000000205e+02
-3.705074999999999932e+02
-3.664238000000000284e+02
-3.879562999999999988e+02
-3.775611999999999853e+02
-3.493462999999999852e+02
-3.589986999999999853e+02
-3.552862999999999829e+02
-3.545437999999999761e+02
-3.619687999999999874e+02
-3.738487999999999829e+02
-3.538011999999999944e+02
-3.664238000000000284e+02
-3.660525000000000091e+02
-3.794175000000000182e+02
-3.460049999999999955e+02
-3.478613000000000284e+02
-3.385799999999999841e+02
-3.237300000000000182e+02
-3.333824999999999932e+02
-3.211313000000000102e+02
-3.452624999999999886e+02
-3.341250000000000000e+02
-3.385799999999999841e+02
-3.508312999999999988e+02
-3.356100000000000136e+02
-3.382087000000000216e+02
-3.393224999999999909e+02
-3.348675000000000068e+02
-3.370950000000000273e+02
-3.478613000000000284e+02
-3.396938000000000102e+02
-3.285561999999999898e+02
-3.489750000000000227e+02
-3.374662000000000148e+02
-3.322687999999999988e+02
-3.560287000000000148e+02
-3.370950000000000273e+02
-3.538011999999999944e+02
-3.500887000000000171e+02
-3.601125000000000114e+02
-3.575138000000000034e+02
-3.463763000000000147e+02
-3.467475000000000023e+02
-3.486037999999999784e+02
-3.519449999999999932e+02
-3.374662000000000148e+02
-3.575138000000000034e+02
-3.571424999999999841e+02
-3.556575000000000273e+02
-3.560287000000000148e+02
-3.712500000000000000e+02
-3.660525000000000091e+02
-3.578849999999999909e+02
-3.645674999999999955e+02
-3.589986999999999853e+02
-3.534300000000000068e+02
-3.734775000000000205e+02
-3.656811999999999898e+02
-3.693937999999999988e+02
-3.823874999999999886e+02
-3.575138000000000034e+02
-3.794175000000000182e+02
-3.775611999999999853e+02
-3.649388000000000147e+02
-3.827588000000000079e+02
-3.797887999999999806e+02
-3.768188000000000102e+02
-3.857287999999999784e+02
-3.716211999999999875e+02
-3.463763000000000147e+02
-3.382087000000000216e+02
-3.667950000000000159e+02
-3.393224999999999909e+02
-3.560287000000000148e+02
-3.634538000000000011e+02
