-2.004749999999999943e+01
-4.826249999999999929e+00
-1.188000000000000078e+01
-2.227499999999999858e+01
-2.376000000000000156e+01
-4.083749999999999858e+01
-3.341250000000000142e+01
-4.454999999999999716e+01
-6.014249999999999829e+01
-7.647750000000000625e+01
-7.128000000000000114e+01
-4.380749999999999744e+01
-4.195125000000000171e+01
-4.046625000000000227e+01
-5.568750000000000000e+01
-4.046625000000000227e+01
-6.125625000000000142e+01
-4.603499999999999659e+01
-8.315999999999999659e+01
-9.281250000000000000e+01
-6.905249999999999488e+01
-1.091474999999999937e+02
-9.801000000000000512e+01
-8.909999999999999432e+01
-9.726749999999999829e+01
-1.095187999999999988e+02
-1.280812999999999988e+02
-1.187999999999999972e+02
-1.054350000000000023e+02
-1.451588000000000136e+02
-1.421887999999999863e+02
-1.314225000000000136e+02
-1.358774999999999977e+02
-1.767150000000000034e+02
-1.692899999999999920e+02
-1.503562000000000012e+02
-1.674336999999999875e+02
-1.544399999999999977e+02
-1.637213000000000136e+02
-1.741162999999999954e+02
-1.934211999999999989e+02
-1.845112000000000023e+02
-1.893375000000000057e+02
-2.041875000000000000e+02
-1.978762999999999863e+02
-1.989900000000000091e+02
-1.975049999999999955e+02
-2.019600000000000080e+02
-1.949062999999999874e+02
-1.945349999999999966e+02
-2.093849999999999909e+02
-2.268337999999999965e+02
-2.134687999999999874e+02
-2.216362000000000023e+02
-2.409413000000000125e+02
-2.182949999999999875e+02
-1.978762999999999863e+02
-2.272050000000000125e+02
-2.580187000000000239e+02
-2.346299999999999955e+02
-2.446536999999999864e+02
-2.502224999999999966e+02
-2.691562999999999874e+02
-2.728686999999999898e+02
-2.535637999999999863e+02
-2.461387000000000000e+02
-2.487375000000000114e+02
-2.457675000000000125e+02
-2.390850000000000080e+02
-2.517075000000000102e+02
-2.643299999999999841e+02
-2.717549999999999955e+02
-2.743537999999999784e+02
-2.743537999999999784e+02
-2.717549999999999955e+02
-2.613600000000000136e+02
-2.940299999999999727e+02
-2.687850000000000250e+02
-2.598750000000000000e+02
-3.051675000000000182e+02
-2.880899999999999750e+02
-2.598750000000000000e+02
-2.929162999999999784e+02
-3.189037000000000148e+02
-2.981136999999999944e+02
-3.107363000000000284e+02
-2.947724999999999795e+02
-2.981136999999999944e+02
-3.259574999999999818e+02
-3.185325000000000273e+02
-3.226161999999999921e+02
-3.326399999999999864e+02
-3.233587999999999738e+02
-3.307837999999999852e+02
-3.408075000000000045e+02
-3.151913000000000125e+02
-3.203888000000000034e+02
-3.589986999999999853e+02
-3.189037000000000148e+02
-3.307837999999999852e+02
-3.489750000000000227e+02
-3.066524999999999750e+02
-2.832638000000000034e+02
-2.981136999999999944e+02
-2.747250000000000227e+02
-3.033111999999999853e+02
-2.925450000000000159e+02
-2.966288000000000125e+02
-2.962574999999999932e+02
-3.047962999999999738e+02
-2.866050000000000182e+02
-2.765812000000000239e+02
-3.062812999999999874e+02
-3.099936999999999898e+02
-3.033111999999999853e+02
-3.055387999999999806e+02
-3.341250000000000000e+02
-2.992275000000000205e+02
-3.174187999999999761e+02
-3.111075000000000159e+02
-3.215024999999999977e+02
-3.177900000000000205e+02
-3.137062000000000239e+02
-3.255862000000000194e+02
-3.315262000000000171e+02
-3.174187999999999761e+02
-3.170475000000000136e+02
-3.177900000000000205e+02
-3.393224999999999909e+02
-3.281850000000000023e+02
-3.203888000000000034e+02
-3.111075000000000159e+02
-3.315262000000000171e+02
-3.460049999999999955e+02
-3.374662000000000148e+02
-3.163050000000000068e+02
-3.408075000000000045e+02
-3.344961999999999875e+02
-3.151913000000000125e+02
-3.222450000000000045e+02
-3.396938000000000102e+02
-3.263288000000000011e+02
-3.523163000000000125e+02
-3.478613000000000284e+02
-3.560287000000000148e+02
-3.422925000000000182e+02
-3.664238000000000284e+02
-3.731062999999999761e+02
-3.508312999999999988e+02
-3.448913000000000011e+02
-3.734775000000000205e+02
-3.820163000000000011e+02
-3.541725000000000136e+02
-3.159336999999999875e+02
-3.460049999999999955e+02
-3.285561999999999898e+02
-3.215024999999999977e+02
-3.504599999999999795e+02
-3.244725000000000250e+02
-3.315262000000000171e+02
-3.326399999999999864e+02
-3.456338000000000079e+02
-3.344961999999999875e+02
-3.679087999999999852e+02
-3.556575000000000273e+02
-3.348675000000000068e+02
-3.608550000000000182e+02
-3.693937999999999988e+02
-3.363525000000000205e+02
-3.460049999999999955e+02
-3.634538000000000011e+02
-3.393224999999999909e+02
-3.534300000000000068e+02
-3.363525000000000205e+02
-3.697649999999999864e+02
-3.875849999999999795e+02
-3.601125000000000114e+02
-3.797887999999999806e+02
-3.857287999999999784e+02
-3.898125000000000000e+02
-3.315262000000000171e+02
-3.575138000000000034e+02
-3.534300000000000068e+02
-3.445199999999999818e+02
-3.304125000000000227e+02
-3.281850000000000023e+02
-3.538011999999999944e+02
-3.229875000000000114e+02
-3.211313000000000102e+02
-3.248437999999999874e+02
-3.311549999999999727e+02
-3.408075000000000045e+02
-3.393224999999999909e+02
-3.088799999999999955e+02
-3.593700000000000045e+02
-3.578849999999999909e+02
-3.463763000000000147e+02
-3.452624999999999886e+02
-3.333824999999999932e+02
-3.578849999999999909e+02
-3.419212999999999738e+02
-3.237300000000000182e+02
-3.196462000000000216e+02
-3.586274999999999977e+02
-3.474900000000000091e+02
-3.463763000000000147e+02
-3.437774999999999750e+02
-3.289275000000000091e+02
-3.563999999999999773e+02
-3.545437999999999761e+02
-3.400649999999999977e+02
-3.445199999999999818e+02
-3.541725000000000136e+02
-3.378374999999999773e+02
-3.497174999999999727e+02
-3.348675000000000068e+02
-3.489750000000000227e+02
-3.545437999999999761e+02
-3.426637999999999806e+02
-3.623399999999999750e+02
-3.560287000000000148e+02
-3.623399999999999750e+02
-3.641963000000000079e+02
-3.593700000000000045e+02
-3.634538000000000011e+02
-3.641963000000000079e+02
-3.619687999999999874e+02
-3.667950000000000159e+02
-3.693937999999999988e+02
-3.292988000000000284e+02
-3.786750000000000114e+02
-3.589986999999999853e+02
-3.589986999999999853e+02
-3.500887000000000171e+02
-3.582563000000000102e+02
-3.690224999999999795e+02
-3.719925000000000068e+02
-3.604837999999999738e+02
-3.690224999999999795e+02
-3.790462999999999738e+02
-3.589986999999999853e+02
-3.445199999999999818e+02
-3.452624999999999886e+02
-3.270713000000000079e+02
-3.415500000000000114e+02
-3.396938000000000102e+02
-3.318974999999999795e+02
-3.181612999999999829e+02
-3.356100000000000136e+02
-3.304125000000000227e+02
-3.497174999999999727e+02
-3.400649999999999977e+02
-3.259574999999999818e+02
-3.378374999999999773e+02
-3.430350000000000250e+02
-3.411786999999999921e+02
-3.307837999999999852e+02
-3.467475000000000023e+02
-3.452624999999999886e+02
-3.578849999999999909e+02
-3.474900000000000091e+02
-3.259574999999999818e+02
-3.396938000000000102e+02
-3.456338000000000079e+02
-3.200174999999999841e+02
-3.333824999999999932e+02
-3.552862999999999829e+02
-3.393224999999999909e+02
-3.333824999999999932e+02
-3.549150000000000205e+02
-3.571424999999999841e+02
-3.534300000000000068e+02
-3.757049999999999841e+02
-3.589986999999999853e+02
-3.523163000000000125e+02
-3.649388000000000147e+02
-3.497174999999999727e+02
-3.593700000000000045e+02
-3.749624999999999773e+02
-3.701363000000000056e+02
-3.601125000000000114e+02
-3.723636999999999944e+02
-3.849863000000000284e+02
-3.716211999999999875e+02
-3.686512000000000171e+02
-3.608550000000000182e+02
-3.159336999999999875e+02
-2.910600000000000023e+02
-3.025688000000000102e+02
-3.111075000000000159e+02
-3.044250000000000114e+02
-3.081374999999999886e+02
-2.992275000000000205e+02
-3.018263000000000034e+02
-3.070237000000000194e+02
-2.962574999999999932e+02
-3.077663000000000011e+02
-3.070237000000000194e+02
-2.944012000000000171e+02
-3.029399999999999977e+02
-3.292988000000000284e+02
-2.988562999999999761e+02
-3.070237000000000194e+02
-3.333824999999999932e+02
-3.014549999999999841e+02
-3.207599999999999909e+02
-3.281850000000000023e+02
-3.203888000000000034e+02
-3.155625000000000000e+02
-3.159336999999999875e+02
-3.344961999999999875e+02
-3.396938000000000102e+02
-3.292988000000000284e+02
-3.278138000000000147e+02
-3.281850000000000023e+02
-3.437774999999999750e+02
-3.151913000000000125e+02
-3.359812999999999761e+02
-3.215024999999999977e+02
-3.274424999999999955e+02
-3.426637999999999806e+02
-3.422925000000000182e+02
-3.177900000000000205e+02
-3.170475000000000136e+02
-3.203888000000000034e+02
-3.114787999999999784e+02
-3.330113000000000056e+02
-3.311549999999999727e+02
-3.244725000000000250e+02
-3.296700000000000159e+02
-3.255862000000000194e+02
-3.278138000000000147e+02
-3.415500000000000114e+02
-3.300412999999999784e+02
-3.393224999999999909e+02
-3.415500000000000114e+02
-3.296700000000000159e+02
-3.203888000000000034e+02
-3.415500000000000114e+02
-3.452624999999999886e+02
-3.229875000000000114e+02
-2.932875000000000227e+02
-3.081374999999999886e+02
-2.918025000000000091e+02
-2.851200000000000045e+02
-2.992275000000000205e+02
-2.795511999999999944e+02
-3.059100000000000250e+02
-3.107363000000000284e+02
-2.910600000000000023e+02
-3.092513000000000147e+02
-3.170475000000000136e+02
-3.044250000000000114e+02
-2.895749999999999886e+02
-3.218736999999999853e+02
-3.170475000000000136e+02
-3.014549999999999841e+02
-3.073949999999999818e+02
-2.999700000000000273e+02
-2.869762999999999806e+02
-3.047962999999999738e+02
-2.970000000000000000e+02
-3.010837000000000216e+02
-3.192749999999999773e+02
-2.821499999999999773e+02
-3.040536999999999921e+02
-3.070237000000000194e+02
-2.929162999999999784e+02
-3.010837000000000216e+02
-3.196462000000000216e+02
-2.910600000000000023e+02
-3.085088000000000079e+02
-3.189037000000000148e+02
-3.166761999999999944e+02
-3.259574999999999818e+02
-3.385799999999999841e+02
-3.181612999999999829e+02
-3.125924999999999727e+02
-3.382087000000000216e+02
-3.233587999999999738e+02
-3.077663000000000011e+02
-3.155625000000000000e+02
-3.330113000000000056e+02
-3.140774999999999864e+02
-3.270713000000000079e+02
-3.322687999999999988e+02
-3.241012999999999806e+02
-3.259574999999999818e+02
-3.159336999999999875e+02
-3.341250000000000000e+02
-3.304125000000000227e+02
-3.259574999999999818e+02
-3.266999999999999886e+02
-3.270713000000000079e+02
-3.289275000000000091e+02
-3.259574999999999818e+02
-3.330113000000000056e+02
-3.137062000000000239e+02
-3.244725000000000250e+02
-3.059100000000000250e+02
-2.632162000000000148e+02
-2.442824999999999989e+02
-2.502224999999999966e+02
-2.461387000000000000e+02
-2.413125000000000000e+02
-2.353725000000000023e+02
-2.554199999999999875e+02
-2.427975000000000136e+02
-2.249774999999999920e+02
-2.431687000000000012e+02
-2.375999999999999943e+02
-2.268337999999999965e+02
