-2.190375000000000000e+03
-2.249775000000000091e+03
-2.277248000000000047e+03
-2.220445999999999913e+03
-2.362635000000000218e+03
-2.230469999999999800e+03
-2.246063000000000102e+03
-2.324396000000000186e+03
-2.281702999999999975e+03
-2.269079999999999927e+03
-2.390478999999999814e+03
-2.273164000000000215e+03
-2.354467999999999847e+03
-2.380826000000000022e+03
-2.378228000000000065e+03
-2.384909999999999854e+03
-2.436514000000000124e+03
-2.377485000000000127e+03
-2.413867000000000189e+03
-2.390478999999999814e+03
-2.423148999999999887e+03
-2.480320999999999913e+03
-2.382682999999999993e+03
-2.428346000000000004e+03
-2.490344999999999800e+03
-2.498141000000000076e+03
-2.448764999999999873e+03
-2.536751000000000204e+03
-2.497398999999999887e+03
-2.486632999999999811e+03
-2.637360000000000127e+03
-2.502596000000000004e+03
-2.526356000000000222e+03
-2.582786000000000058e+03
-2.514105000000000018e+03
-2.618054999999999836e+03
-2.533780999999999949e+03
-2.594666000000000167e+03
-2.561625000000000000e+03
-2.586126999999999953e+03
-2.580188000000000102e+03
-2.612485999999999876e+03
-2.660376999999999953e+03
-2.671885999999999967e+03
-2.612485999999999876e+03
-2.678940000000000055e+03
-2.659264000000000124e+03
-2.675969999999999800e+03
-2.734626999999999953e+03
-2.629193000000000211e+03
-2.650724999999999909e+03
-2.711239000000000033e+03
-2.629193000000000211e+03
-2.690820000000000164e+03
-2.707896999999999935e+03
-2.673000000000000000e+03
-2.689335000000000036e+03
-2.767668999999999869e+03
-2.708268999999999778e+03
-2.701958000000000084e+03
-2.724974999999999909e+03
-2.771010000000000218e+03
-2.736855000000000018e+03
-2.769153999999999996e+03
-2.743166000000000167e+03
-2.750219999999999800e+03
-2.781034000000000106e+03
-2.754304000000000087e+03
-2.768039999999999964e+03
-2.788458999999999833e+03
-2.750219999999999800e+03
-2.748364000000000033e+03
-2.785117000000000189e+03
-2.780291000000000167e+03
-2.751333999999999833e+03
-2.814445999999999913e+03
-2.789943999999999960e+03
-2.775835999999999785e+03
-2.796255000000000109e+03
-2.869391000000000076e+03
-2.798110999999999876e+03
-2.804050999999999931e+03
-2.794027999999999793e+03
-2.811847000000000207e+03
-2.817788000000000011e+03
-2.775094000000000051e+03
-2.770268000000000029e+03
-2.754675000000000182e+03
-2.769896000000000186e+03
-2.796255000000000109e+03
-2.751704999999999927e+03
-2.781034000000000106e+03
-2.794398999999999887e+03
-2.821128999999999905e+03
-2.736483999999999924e+03
-2.810733999999999924e+03
-2.787715999999999894e+03
-2.761728999999999814e+03
-2.804793999999999869e+03
-2.829295999999999822e+03
-2.793284999999999854e+03
-2.773237999999999829e+03
-2.850085999999999785e+03
-2.798481999999999971e+03
-2.756530999999999949e+03
-2.799224999999999909e+03
-2.814818000000000211e+03
-2.825213000000000193e+03
-2.775094000000000051e+03
-2.831894999999999982e+03
-2.782146999999999935e+03
-2.776579000000000178e+03
-2.787344999999999800e+03
-2.804050999999999931e+03
-2.830039000000000215e+03
-2.770639000000000124e+03
-2.857882999999999811e+03
-2.773980000000000018e+03
-2.828554000000000087e+03
-2.826697999999999865e+03
-2.803679999999999836e+03
-2.811847000000000207e+03
-2.810362999999999829e+03
-2.817788000000000011e+03
-2.825583999999999833e+03
-2.836349999999999909e+03
-2.804050999999999931e+03
-2.860110000000000127e+03
-2.813704000000000178e+03
-2.822242000000000189e+03
-2.856025999999999840e+03
-2.852313999999999851e+03
-2.804793999999999869e+03
-2.871989999999999782e+03
-2.859367000000000189e+03
-2.818159000000000106e+03
-2.882014000000000124e+03
-2.850085999999999785e+03
-2.836349999999999909e+03
-2.876445000000000164e+03
-2.866420999999999822e+03
-2.866420999999999822e+03
-2.906144999999999982e+03
-2.853427000000000135e+03
-2.899833999999999833e+03
-2.804050999999999931e+03
-2.778434999999999945e+03
-2.838577999999999975e+03
-2.784375000000000000e+03
-2.788829999999999927e+03
-2.792914000000000215e+03
-2.855655000000000200e+03
-2.779920000000000073e+03
-2.781775999999999840e+03
-2.826326000000000022e+03
-2.799967999999999847e+03
-2.815931000000000040e+03
-2.759130000000000109e+03
-2.823356000000000222e+03
-2.770268000000000029e+03
-2.779177000000000135e+03
-2.779177000000000135e+03
-2.760985999999999876e+03
-2.821128999999999905e+03
-2.784375000000000000e+03
-2.795141000000000076e+03
-2.781775999999999840e+03
-2.832266000000000076e+03
-2.778063999999999851e+03
-2.846001999999999953e+03
-2.785117000000000189e+03
-2.840063000000000102e+03
-2.834494000000000142e+03
-2.828182999999999993e+03
-2.798481999999999971e+03
-2.788088000000000193e+03
-2.827811000000000149e+03
-2.789201000000000022e+03
-2.805907000000000153e+03
-2.799224999999999909e+03
-2.783632999999999811e+03
-2.748735000000000127e+03
-2.832266000000000076e+03
-2.792914000000000215e+03
-2.752076000000000022e+03
-2.809990999999999985e+03
-2.775094000000000051e+03
-2.807393000000000029e+03
-2.795884000000000015e+03
-2.806650000000000091e+03
-2.778434999999999945e+03
-2.786974000000000160e+03
-2.763213999999999942e+03
-2.802195000000000164e+03
-2.836349999999999909e+03
-2.817416000000000167e+03
-2.841175999999999931e+03
-2.827440000000000055e+03
-2.805907000000000153e+03
-2.846373999999999796e+03
-2.840804999999999836e+03
-2.828554000000000087e+03
-2.874217999999999847e+03
-2.840434000000000196e+03
-2.854541000000000167e+03
-2.906144999999999982e+03
-2.854170000000000073e+03
-2.870505000000000109e+03
-2.837463999999999942e+03
-2.789943999999999960e+03
-2.707896999999999935e+03
-2.701958000000000084e+03
-2.794769999999999982e+03
-2.729800999999999931e+03
-2.743538000000000011e+03
-2.756902999999999793e+03
-2.791429000000000087e+03
-2.685251000000000204e+03
-2.782146999999999935e+03
-2.808505999999999858e+03
-2.763213999999999942e+03
-2.727574000000000069e+03
-2.806278999999999996e+03
-2.768411000000000058e+03
-2.732771000000000186e+03
-2.788829999999999927e+03
-2.748735000000000127e+03
-2.807764000000000124e+03
-2.730543999999999869e+03
-2.829295999999999822e+03
-2.787344999999999800e+03
-2.787715999999999894e+03
-2.769896000000000186e+03
-2.779548999999999978e+03
-2.821500000000000000e+03
-2.797369000000000142e+03
-2.792541999999999916e+03
-2.784003999999999905e+03
-2.879043999999999869e+03
-2.769896000000000186e+03
-2.842289999999999964e+03
-2.819643999999999778e+03
-2.788458999999999833e+03
-2.896121000000000095e+03
-2.791057999999999993e+03
-2.895007999999999811e+03
-2.834494000000000142e+03
-2.859367000000000189e+03
-2.860853000000000065e+03
-2.874217999999999847e+03
-2.811476000000000113e+03
-2.815931000000000040e+03
-2.888695999999999913e+03
-2.859367000000000189e+03
-2.842289999999999964e+03
-2.831152999999999793e+03
-2.865307999999999993e+03
-2.861594999999999800e+03
-2.886840000000000146e+03
-2.855284000000000106e+03
-2.881271000000000186e+03
-2.872731999999999971e+03
-2.859367000000000189e+03
-2.910971000000000004e+03
-2.859739000000000033e+03
-2.884612999999999829e+03
-2.902432999999999993e+03
-2.839690999999999804e+03
-2.902061000000000149e+03
-2.909856999999999971e+03
-2.948838999999999942e+03
-2.862338000000000193e+03
-2.987820000000000164e+03
-2.934360000000000127e+03
-2.941784999999999854e+03
-2.890552000000000135e+03
-3.006382999999999811e+03
-2.946239999999999782e+03
-2.885726000000000113e+03
-3.033483999999999924e+03
-2.879786000000000058e+03
-3.000070999999999913e+03
-2.892409000000000106e+03
-2.873846000000000004e+03
-2.861965999999999894e+03
-2.869762000000000171e+03
-2.875331000000000131e+03
-2.890181000000000040e+03
-2.915054999999999836e+03
-2.854541000000000167e+03
-2.948096000000000004e+03
-2.833380000000000109e+03
-2.945498000000000047e+03
-2.874960000000000036e+03
-2.946981999999999971e+03
-2.877559000000000196e+03
-2.924708000000000084e+03
-2.925449999999999818e+03
-2.933617000000000189e+03
-2.942898999999999887e+03
-2.919510000000000218e+03
-3.008239000000000033e+03
-2.873103999999999814e+03
-2.933989000000000033e+03
-2.805164999999999964e+03
-2.797369000000000142e+03
-2.872360999999999876e+03
-2.772494999999999891e+03
-2.835978999999999814e+03
-2.809248999999999796e+03
-2.789572999999999865e+03
-2.767668999999999869e+03
-2.795512000000000171e+03
-2.840063000000000102e+03
-2.785860000000000127e+03
-2.833380000000000109e+03
-2.763585000000000036e+03
-2.876815999999999804e+03
-2.756902999999999793e+03
-2.842289999999999964e+03
-2.775465000000000146e+03
-2.848601000000000113e+03
-2.802938000000000102e+03
-2.848230000000000018e+03
-2.792541999999999916e+03
-2.868648999999999887e+03
-2.855655000000000200e+03
-2.795512000000000171e+03
-2.875702999999999975e+03
-2.804793999999999869e+03
-2.889068000000000211e+03
-2.883498999999999796e+03
-2.900947999999999865e+03
-2.846373999999999796e+03
-2.917653999999999996e+03
-2.851199999999999818e+03
-2.896121000000000095e+03
-2.897235000000000127e+03
-2.842289999999999964e+03
-2.916168999999999869e+03
-2.899090999999999894e+03
-2.827811000000000149e+03
-2.879786000000000058e+03
-2.907630000000000109e+03
-2.855284000000000106e+03
-2.917653999999999996e+03
-2.892780000000000200e+03
-2.891666000000000167e+03
-2.938072999999999865e+03
-2.923222000000000207e+03
-2.900576000000000022e+03
-2.960719000000000051e+03
-2.913940999999999804e+03
-2.985963999999999942e+03
-2.926193000000000211e+03
-2.923222000000000207e+03
-2.910971000000000004e+03
-2.882014000000000124e+03
-2.890181000000000040e+03
-2.857510999999999967e+03
-2.912085000000000036e+03
-2.851199999999999818e+03
-2.908373000000000047e+03
-2.830409999999999854e+03
-2.863451000000000022e+03
-2.865307999999999993e+03
-2.809248999999999796e+03
-2.867534999999999854e+03
-2.820385999999999967e+03
-2.831894999999999982e+03
-2.781034000000000106e+03
-2.784746000000000095e+03
-2.797739999999999782e+03
-2.827068999999999960e+03
-2.799596000000000004e+03
-2.807764000000000124e+03
-2.810362999999999829e+03
-2.751704999999999927e+03
-2.792914000000000215e+03
-2.805536000000000058e+03
-2.815931000000000040e+03
-2.727202999999999975e+03
-2.800338999999999942e+03
-2.786603000000000065e+03
-2.799967999999999847e+03
-2.768411000000000058e+03
-2.789201000000000022e+03
-2.788458999999999833e+03
-2.793655999999999949e+03
-2.817045000000000073e+03
-2.803309000000000196e+03
-2.818900999999999840e+03
-2.820757999999999811e+03
-2.812219000000000051e+03
-2.827811000000000149e+03
-2.817416000000000167e+03
-2.815931000000000040e+03
-2.851199999999999818e+03
-2.818159000000000106e+03
-2.830780999999999949e+03
-2.827068999999999960e+03
-2.865307999999999993e+03
-2.845630999999999858e+03
-2.879043999999999869e+03
-2.832266000000000076e+03
-2.843403999999999996e+03
-2.851570999999999913e+03
-2.861965999999999894e+03
-2.845260000000000218e+03
-2.854170000000000073e+03
-2.874960000000000036e+03
-2.841918999999999869e+03
