-1.978762999999999863e+02
-2.168100000000000023e+02
-1.945349999999999966e+02
-2.253488000000000113e+02
-2.587613000000000056e+02
-2.687850000000000250e+02
-2.754674999999999727e+02
-2.572762000000000171e+02
-2.413125000000000000e+02
-2.572762000000000171e+02
-2.788086999999999875e+02
-2.858625000000000114e+02
-2.884612000000000194e+02
-2.828924999999999841e+02
-2.854911999999999921e+02
-2.977425000000000068e+02
-3.241012999999999806e+02
-3.044250000000000114e+02
-3.177900000000000205e+02
-3.318974999999999795e+02
-3.137062000000000239e+02
-3.474900000000000091e+02
-3.608550000000000182e+02
-3.790462999999999738e+02
-3.671662999999999784e+02
-3.835013000000000147e+02
-3.705074999999999932e+02
-3.645674999999999955e+02
-3.964950000000000045e+02
-3.942674999999999841e+02
-3.909261999999999944e+02
-4.061474999999999795e+02
-4.213686999999999898e+02
-4.180274999999999750e+02
-4.373324999999999818e+02
-4.113450000000000273e+02
-4.176562999999999874e+02
-4.061474999999999795e+02
-4.016924999999999955e+02
-4.083750000000000000e+02
-4.455000000000000000e+02
-4.254524999999999864e+02
-4.187699999999999818e+02
-4.265663000000000125e+02
-4.417875000000000227e+02
-4.521825000000000045e+02
-4.547812999999999874e+02
-4.347337999999999738e+02
-4.848525000000000205e+02
-4.666612999999999829e+02
-4.584936999999999898e+02
-4.841100000000000136e+02
-4.911637999999999806e+02
-4.893075000000000045e+02
-4.410450000000000159e+02
-4.154286999999999921e+02
-4.328774999999999977e+02
-4.243387000000000171e+02
-4.503263000000000034e+02
-4.432724999999999795e+02
-4.380749999999999886e+02
-4.425299999999999727e+02
-4.655475000000000136e+02
-4.377038000000000011e+02
-4.714875000000000114e+02
-4.529250000000000114e+02
-4.395600000000000023e+02
-4.614637000000000171e+02
-4.696313000000000102e+02
-4.777988000000000284e+02
-4.726012999999999806e+02
-4.759424999999999955e+02
-5.023013000000000261e+02
-5.219774999999999636e+02
-5.141812999999999647e+02
-5.004449999999999932e+02
-4.907925000000000182e+02
-5.167799999999999727e+02
-4.889361999999999853e+02
-5.182649999999999864e+02
-4.930199999999999818e+02
-4.855950000000000273e+02
-4.796549999999999727e+02
-4.885649999999999977e+02
-4.893075000000000045e+02
-5.108399999999999750e+02
-5.323724999999999454e+02
-5.097262999999999806e+02
-5.149238000000000284e+02
-5.045287000000000148e+02
-5.230911999999999580e+02
-5.204924999999999500e+02
-5.216063000000000329e+02
-5.260612999999999602e+02
-5.286599999999999682e+02
-5.423962000000000216e+02
-5.405399999999999636e+02
-5.323724999999999454e+02
-5.535338000000000420e+02
-5.520488000000000284e+02
-5.446237999999999602e+02
-5.758088000000000193e+02
-5.694974999999999454e+02
-5.546475000000000364e+02
-5.776649999999999636e+02
-5.535338000000000420e+02
-5.843474999999999682e+02
-5.798925000000000409e+02
-5.795212000000000216e+02
-5.999400000000000546e+02
-5.702400000000000091e+02
-5.795212000000000216e+02
-5.995687000000000353e+02
-5.921436999999999671e+02
-5.906588000000000420e+02
-6.073650000000000091e+02
-6.092213000000000420e+02
-6.014249999999999545e+02
-6.040236999999999625e+02
-6.348374999999999773e+02
-6.173886999999999716e+02
-6.073650000000000091e+02
-6.159036999999999580e+02
-6.307537999999999556e+02
-6.307537999999999556e+02
-6.196163000000000238e+02
-5.888025000000000091e+02
-5.980837000000000216e+02
-6.051375000000000455e+02
-6.010538000000000238e+02
-6.196163000000000238e+02
-6.121912999999999556e+02
-6.140475000000000136e+02
-6.092213000000000420e+02
-6.463463000000000420e+02
-6.378075000000000045e+02
-6.214724999999999682e+02
-6.103350000000000364e+02
-5.962274999999999636e+02
-6.285262000000000171e+02
-6.292686999999999671e+02
-5.791499999999999773e+02
-5.743237000000000307e+02
-5.962274999999999636e+02
-5.865750000000000455e+02
-5.791499999999999773e+02
-5.984550000000000409e+02
-6.040236999999999625e+02
-6.129338000000000193e+02
-6.266699999999999591e+02
-5.943713000000000193e+02
-5.862037000000000262e+02
-5.754375000000000000e+02
-5.784075000000000273e+02
-5.420249999999999773e+02
-5.397975000000000136e+02
-5.219774999999999636e+02
-4.926487000000000194e+02
-5.178936999999999671e+02
-5.100975000000000250e+02
-5.219774999999999636e+02
-5.427675000000000409e+02
-5.086125000000000114e+02
-5.164088000000000420e+02
-5.427675000000000409e+02
-5.405399999999999636e+02
-5.513062999999999647e+02
-5.464800000000000182e+02
-5.654138000000000375e+02
-5.698687999999999647e+02
-5.646712999999999738e+02
-5.661562999999999874e+02
-5.531625000000000227e+02
-5.572463000000000193e+02
-5.483361999999999625e+02
-5.784075000000000273e+02
-5.193787999999999556e+02
-4.785412999999999784e+02
-4.952475000000000023e+02
-5.208637999999999693e+02
-5.026725000000000136e+02
-5.030437999999999761e+02
-5.100975000000000250e+02
-5.130674999999999955e+02
-5.037862999999999829e+02
-5.093550000000000182e+02
-4.997024999999999864e+02
-4.662900000000000205e+02
-4.933913000000000011e+02
-4.930199999999999818e+02
-5.134388000000000147e+02
-5.052712000000000216e+02
-5.048999999999999773e+02
-5.037862999999999829e+02
-4.848525000000000205e+02
-4.893075000000000045e+02
-4.417875000000000227e+02
-4.358475000000000250e+02
-4.395600000000000023e+02
-4.232250000000000227e+02
-4.377038000000000011e+02
-4.261949999999999932e+02
-4.295362999999999829e+02
-4.610924999999999727e+02
-4.358475000000000250e+02
-4.235962999999999852e+02
-4.347337999999999738e+02
-4.480987999999999829e+02
-4.473562999999999761e+02
-4.291650000000000205e+02
-4.544100000000000250e+02
-4.532962999999999738e+02
-4.455000000000000000e+02
-4.558949999999999818e+02
-4.540387999999999806e+02
-4.391888000000000147e+02
-4.655475000000000136e+02
-4.492124999999999773e+02
-4.562663000000000011e+02
-4.562663000000000011e+02
-4.666612999999999829e+02
-4.562663000000000011e+02
-4.429012000000000171e+02
-4.039200000000000159e+02
-4.369612000000000194e+02
-4.395600000000000023e+02
-4.243387000000000171e+02
-4.369612000000000194e+02
-4.254524999999999864e+02
-4.332486999999999853e+02
-4.343625000000000114e+02
-4.276800000000000068e+02
-4.172850000000000250e+02
-4.239674999999999727e+02
-4.339911999999999921e+02
-4.343625000000000114e+02
-4.455000000000000000e+02
-4.451288000000000125e+02
-4.369612000000000194e+02
-4.440149999999999864e+02
-4.499549999999999841e+02
-4.421587999999999852e+02
-4.425299999999999727e+02
-4.466138000000000261e+02
-4.321349999999999909e+02
-4.462425000000000068e+02
-4.484700000000000273e+02
-4.421587999999999852e+02
-4.306499999999999773e+02
-4.666612999999999829e+02
-4.547812999999999874e+02
-4.495837000000000216e+02
-4.570088000000000079e+02
-4.685174999999999841e+02
-4.421587999999999852e+02
-4.458711999999999875e+02
-4.391888000000000147e+02
-4.681462000000000216e+02
-4.718587999999999738e+02
-4.473562999999999761e+02
-4.614637000000000171e+02
-4.655475000000000136e+02
-4.618349999999999795e+02
-4.610924999999999727e+02
-4.815113000000000056e+02
-4.640625000000000000e+02
-4.681462000000000216e+02
-4.770561999999999898e+02
-4.744574999999999818e+02
-4.796549999999999727e+02
-4.893075000000000045e+02
-4.855950000000000273e+02
-4.907925000000000182e+02
-5.074986999999999853e+02
-4.852237999999999829e+02
-4.703736999999999853e+02
-4.885649999999999977e+02
-4.993312999999999988e+02
-4.666612999999999829e+02
-4.952475000000000023e+02
-4.759424999999999955e+02
-4.677749999999999773e+02
-4.863374999999999773e+02
-4.792837999999999852e+02
-4.963613000000000284e+02
-5.000738000000000056e+02
-4.926487000000000194e+02
-4.896786999999999921e+02
-5.164088000000000420e+02
-4.967325000000000159e+02
-4.837388000000000261e+02
-4.700024999999999977e+02
-4.648050000000000068e+02
-4.633199999999999932e+02
-4.789125000000000227e+02
-4.826250000000000000e+02
-4.878224999999999909e+02
-4.781700000000000159e+02
-4.588650000000000091e+02
-4.510688000000000102e+02
-4.674037000000000148e+02
-4.733437999999999874e+02
-4.584936999999999898e+02
-4.618349999999999795e+02
-4.469850000000000136e+02
-4.495837000000000216e+02
-4.681462000000000216e+02
-4.726012999999999806e+02
-4.677749999999999773e+02
-4.666612999999999829e+02
-4.603500000000000227e+02
-4.726012999999999806e+02
-4.618349999999999795e+02
-4.807687999999999988e+02
-4.774275000000000091e+02
-4.625774999999999864e+02
-4.696313000000000102e+02
-4.648050000000000068e+02
-4.714875000000000114e+02
-4.648050000000000068e+02
-4.841100000000000136e+02
-4.651763000000000261e+02
-4.722300000000000182e+02
-4.833675000000000068e+02
-4.948763000000000147e+02
-4.774275000000000091e+02
-4.852237999999999829e+02
-5.011875000000000000e+02
-5.015586999999999875e+02
-4.803974999999999795e+02
-4.978462999999999852e+02
-4.852237999999999829e+02
-5.037862999999999829e+02
-4.870799999999999841e+02
-4.818824999999999932e+02
-5.097262999999999806e+02
-5.023013000000000261e+02
-4.852237999999999829e+02
-4.971037999999999784e+02
-4.989599999999999795e+02
-5.048999999999999773e+02
-4.982174999999999727e+02
-4.900500000000000114e+02
-5.023013000000000261e+02
-5.048999999999999773e+02
-4.852237999999999829e+02
-4.911637999999999806e+02
-5.052712000000000216e+02
-4.900500000000000114e+02
-4.833675000000000068e+02
-4.722300000000000182e+02
-4.896786999999999921e+02
-5.100975000000000250e+02
-4.867087000000000216e+02
-4.874513000000000034e+02
-4.933913000000000011e+02
-4.859662000000000148e+02
-4.829961999999999875e+02
-5.045287000000000148e+02
-5.093550000000000182e+02
-4.777988000000000284e+02
-5.023013000000000261e+02
-5.149238000000000284e+02
-5.082411999999999921e+02
-5.004449999999999932e+02
-5.045287000000000148e+02
-5.067563000000000102e+02
-5.193787999999999556e+02
-5.045287000000000148e+02
-5.082411999999999921e+02
-5.156662999999999784e+02
-5.078700000000000045e+02
-5.134388000000000147e+02
-5.030437999999999761e+02
-5.004449999999999932e+02
-5.089837999999999738e+02
-5.115824999999999818e+02
-4.997024999999999864e+02
-4.893075000000000045e+02
-4.937624999999999886e+02
-5.011875000000000000e+02
-4.859662000000000148e+02
-4.811399999999999864e+02
-4.915350000000000250e+02
-5.015586999999999875e+02
-4.963613000000000284e+02
-5.063849999999999909e+02
-5.186362000000000307e+02
-4.959900000000000091e+02
-5.086125000000000114e+02
-5.112112000000000194e+02
-5.112112000000000194e+02
-5.160375000000000227e+02
-5.015586999999999875e+02
-5.164088000000000420e+02
-5.145525000000000091e+02
-5.204924999999999500e+02
-5.390549999999999500e+02
-5.141812999999999647e+02
-5.089837999999999738e+02
-5.019300000000000068e+02
-5.178936999999999671e+02
-5.152949999999999591e+02
-5.212350000000000136e+02
-5.175225000000000364e+02
-5.264325000000000045e+02
-5.149238000000000284e+02
-5.089837999999999738e+02
-4.863374999999999773e+02
-5.026725000000000136e+02
-5.082411999999999921e+02
-4.985887000000000171e+02
