-2.004749999999999943e+02
-1.934211999999999989e+02
-2.034449999999999932e+02
-2.246062000000000012e+02
-2.108700000000000045e+02
-2.643299999999999841e+02
-2.739825000000000159e+02
-2.821499999999999773e+02
-2.695274999999999750e+02
-3.036825000000000045e+02
-2.895749999999999886e+02
-2.873475000000000250e+02
-3.252149999999999750e+02
-3.237300000000000182e+02
-3.007124999999999773e+02
-3.330113000000000056e+02
-3.486037999999999784e+02
-3.582563000000000102e+02
-3.608550000000000182e+02
-3.812737000000000194e+02
-3.801600000000000250e+02
-4.046625000000000227e+02
-4.094886999999999944e+02
-3.946388000000000034e+02
-4.336200000000000045e+02
-4.325063000000000102e+02
-4.165425000000000182e+02
-4.339911999999999921e+02
-4.261949999999999932e+02
-4.321349999999999909e+02
-4.243387000000000171e+02
-4.265663000000000125e+02
-3.994649999999999750e+02
-4.128299999999999841e+02
-4.365899999999999750e+02
-4.180274999999999750e+02
-4.224825000000000159e+02
-4.577513000000000147e+02
-4.403025000000000091e+02
-4.432724999999999795e+02
-4.933913000000000011e+02
-4.610924999999999727e+02
-4.685174999999999841e+02
-4.670325000000000273e+02
-4.915350000000000250e+02
-5.115824999999999818e+02
-5.060138000000000034e+02
-5.097262999999999806e+02
-5.193787999999999556e+02
-5.108399999999999750e+02
-5.078700000000000045e+02
-5.171512000000000171e+02
-5.509349999999999454e+02
-5.249474999999999909e+02
-5.353424999999999727e+02
-5.412825000000000273e+02
-5.605874999999999773e+02
-5.624437000000000353e+02
-5.665275000000000318e+02
-5.642999999999999545e+02
-5.449950000000000045e+02
-5.568750000000000000e+02
-5.854611999999999625e+02
-5.746950000000000500e+02
-5.824913000000000238e+02
-5.784075000000000273e+02
-5.776649999999999636e+02
-5.828624999999999545e+02
-5.836050000000000182e+02
-5.932575000000000500e+02
-5.850900000000000318e+02
-6.103350000000000364e+02
-6.121912999999999556e+02
-6.017962999999999738e+02
-6.155325000000000273e+02
-6.355800000000000409e+02
-6.422625000000000455e+02
-6.133049999999999500e+02
-6.248138000000000147e+02
-6.426336999999999762e+02
-6.240711999999999762e+02
-6.262988000000000284e+02
-6.452324999999999591e+02
-6.333524999999999636e+02
-6.177599999999999909e+02
-5.683836999999999762e+02
-5.572463000000000193e+02
-5.472224999999999682e+02
-5.973411999999999580e+02
-5.936287999999999556e+02
-5.902875000000000227e+02
-6.136762999999999693e+02
-5.951137999999999693e+02
-5.988261999999999716e+02
-5.921436999999999671e+02
-6.229574999999999818e+02
-6.110774999999999864e+02
-6.237000000000000455e+02
-6.192450000000000045e+02
-6.170175000000000409e+02
-6.433763000000000147e+02
-6.311250000000000000e+02
-6.214724999999999682e+02
-6.311250000000000000e+02
-6.017962999999999738e+02
-6.322387999999999693e+02
-6.422625000000000455e+02
-6.303825000000000500e+02
-6.196163000000000238e+02
-6.589687999999999874e+02
-6.645375000000000227e+02
-6.385499999999999545e+02
-6.571124999999999545e+02
-6.396638000000000375e+02
-6.118200000000000500e+02
-6.274125000000000227e+02
-6.129338000000000193e+02
-5.973411999999999580e+02
-5.947424999999999500e+02
-5.943713000000000193e+02
-5.876888000000000147e+02
-6.110774999999999864e+02
-5.928862000000000307e+02
-5.810062000000000353e+02
-6.092213000000000420e+02
-6.262988000000000284e+02
-5.761799999999999500e+02
-6.151612999999999829e+02
-5.991974999999999909e+02
-5.416536999999999580e+02
-5.680125000000000455e+02
-5.568750000000000000e+02
-5.639288000000000238e+02
-5.750662999999999556e+02
-5.765512999999999693e+02
-5.565037999999999556e+02
-5.635575000000000045e+02
-5.824913000000000238e+02
-5.542762000000000171e+02
-5.895449999999999591e+02
-5.991974999999999909e+02
-5.743237000000000307e+02
-5.980837000000000216e+02
-5.899162999999999784e+02
-5.828624999999999545e+02
-5.895449999999999591e+02
-5.906588000000000420e+02
-5.743237000000000307e+02
-5.772938000000000329e+02
-5.899162999999999784e+02
-5.902875000000000227e+02
-5.973411999999999580e+02
-6.274125000000000227e+02
-6.032812999999999874e+02
-6.140475000000000136e+02
-6.185025000000000546e+02
-6.029099999999999682e+02
-6.047662000000000262e+02
-6.162749999999999773e+02
-6.333524999999999636e+02
-6.095924999999999727e+02
-6.285262000000000171e+02
-6.058799999999999955e+02
-5.928862000000000307e+02
-6.121912999999999556e+02
-6.025388000000000375e+02
-5.969700000000000273e+02
-6.029099999999999682e+02
-5.836050000000000182e+02
-5.902875000000000227e+02
-5.858324999999999818e+02
-5.639288000000000238e+02
-5.772938000000000329e+02
-5.873174999999999955e+02
-5.713537999999999784e+02
-5.969700000000000273e+02
-5.936287999999999556e+02
-5.984550000000000409e+02
-5.772938000000000329e+02
-5.858324999999999818e+02
-5.821200000000000045e+02
-5.973411999999999580e+02
-5.810062000000000353e+02
-5.379412999999999556e+02
-5.301449999999999818e+02
-5.234624999999999773e+02
-5.193787999999999556e+02
-5.171512000000000171e+02
-5.271749999999999545e+02
-4.785412999999999784e+02
-5.134388000000000147e+02
-5.197500000000000000e+02
-4.956186999999999898e+02
-5.204924999999999500e+02
-5.242050000000000409e+02
-5.208637999999999693e+02
-5.052712000000000216e+02
-5.227200000000000273e+02
-5.141812999999999647e+02
-5.164088000000000420e+02
-5.305162000000000262e+02
-5.294025000000000318e+02
-5.138099999999999454e+02
-5.375700000000000500e+02
-5.149238000000000284e+02
-5.282888000000000375e+02
-5.182649999999999864e+02
-5.141812999999999647e+02
-5.160375000000000227e+02
-5.219774999999999636e+02
-5.297736999999999625e+02
-5.056424999999999841e+02
-5.342287999999999784e+02
-5.297736999999999625e+02
-5.245761999999999716e+02
-5.405399999999999636e+02
-5.435099999999999909e+02
-5.126961999999999762e+02
-5.446237999999999602e+02
-5.498211999999999762e+02
-5.320013000000000147e+02
-5.576174999999999500e+02
-5.635575000000000045e+02
-5.316299999999999955e+02
-5.576174999999999500e+02
-5.665275000000000318e+02
-5.535338000000000420e+02
-5.750662999999999556e+02
-5.680125000000000455e+02
-5.609587000000000216e+02
-5.583600000000000136e+02
-5.442525000000000546e+02
-5.394262999999999693e+02
-5.642999999999999545e+02
-5.464800000000000182e+02
-5.446237999999999602e+02
-5.594737999999999829e+02
-5.858324999999999818e+02
-5.557612000000000307e+02
-5.702400000000000091e+02
-5.880599999999999454e+02
-5.609587000000000216e+02
-5.665275000000000318e+02
-5.572463000000000193e+02
-5.654138000000000375e+02
-5.743237000000000307e+02
-5.709824999999999591e+02
-5.561325000000000500e+02
-5.869461999999999762e+02
-5.784075000000000273e+02
-5.505638000000000147e+02
-5.449950000000000045e+02
-5.754375000000000000e+02
-5.360850000000000364e+02
-5.386838000000000193e+02
-5.531625000000000227e+02
-5.657849999999999682e+02
-5.561325000000000500e+02
-5.550186999999999671e+02
-5.702400000000000091e+02
-5.501924999999999955e+02
-5.490787000000000262e+02
-5.661562999999999874e+02
-5.672699999999999818e+02
-5.694974999999999454e+02
-5.546475000000000364e+02
-5.750662999999999556e+02
-5.691263000000000147e+02
-5.449950000000000045e+02
-5.516775000000000091e+02
-5.795212000000000216e+02
-5.572463000000000193e+02
-5.461087999999999738e+02
-5.706113000000000284e+02
-5.487074999999999818e+02
-5.565037999999999556e+02
-5.628150000000000546e+02
-5.468513000000000375e+02
-5.397975000000000136e+02
-5.464800000000000182e+02
-5.364561999999999671e+02
-5.323724999999999454e+02
-5.431386999999999716e+02
-5.353424999999999727e+02
-5.509349999999999454e+02
-5.297736999999999625e+02
-5.487074999999999818e+02
-5.694974999999999454e+02
-5.661562999999999874e+02
-5.409112999999999829e+02
-5.631862999999999602e+02
-5.602161999999999580e+02
-5.531625000000000227e+02
-5.416536999999999580e+02
-5.464800000000000182e+02
-5.308875000000000455e+02
-5.349713000000000420e+02
-5.282888000000000375e+02
-5.145525000000000091e+02
-5.360850000000000364e+02
-5.479650000000000318e+02
-5.152949999999999591e+02
-5.175225000000000364e+02
-5.171512000000000171e+02
-5.197500000000000000e+02
-5.030437999999999761e+02
-5.197500000000000000e+02
-5.175225000000000364e+02
-5.234624999999999773e+02
-5.245761999999999716e+02
-5.145525000000000091e+02
-5.112112000000000194e+02
-5.286599999999999682e+02
-5.249474999999999909e+02
-4.974750000000000227e+02
-5.379412999999999556e+02
-5.208637999999999693e+02
-5.167799999999999727e+02
-5.423962000000000216e+02
-5.286599999999999682e+02
-5.171512000000000171e+02
-5.294025000000000318e+02
-5.290312999999999874e+02
-5.334863000000000284e+02
-5.487074999999999818e+02
-5.513062999999999647e+02
-5.346000000000000227e+02
-5.472224999999999682e+02
-5.461087999999999738e+02
-5.286599999999999682e+02
-5.583600000000000136e+02
-5.494500000000000455e+02
-5.587313000000000329e+02
-5.583600000000000136e+02
-5.631862999999999602e+02
-5.579887999999999693e+02
-5.527912999999999784e+02
-5.475937999999999874e+02
-5.650425000000000182e+02
-5.446237999999999602e+02
-5.561325000000000500e+02
-5.587313000000000329e+02
-5.784075000000000273e+02
-5.572463000000000193e+02
-5.527912999999999784e+02
-5.873174999999999955e+02
-5.850900000000000318e+02
-5.587313000000000329e+02
-5.587313000000000329e+02
-5.457374999999999545e+02
-5.446237999999999602e+02
-5.594737999999999829e+02
-5.598450000000000273e+02
-5.531625000000000227e+02
-5.702400000000000091e+02
-5.620724999999999909e+02
-5.542762000000000171e+02
-5.798925000000000409e+02
-5.565037999999999556e+02
-5.617011999999999716e+02
-5.639288000000000238e+02
-5.598450000000000273e+02
-5.657849999999999682e+02
-5.509349999999999454e+02
-5.591024999999999636e+02
-5.661562999999999874e+02
-5.513062999999999647e+02
-5.810062000000000353e+02
-5.576174999999999500e+02
-5.542762000000000171e+02
-5.587313000000000329e+02
-5.553899999999999864e+02
-5.498211999999999762e+02
-5.568750000000000000e+02
-5.698687999999999647e+02
-5.698687999999999647e+02
-5.602161999999999580e+02
-5.784075000000000273e+02
-5.787786999999999580e+02
-5.862037000000000262e+02
-5.795212000000000216e+02
-5.776649999999999636e+02
-5.765512999999999693e+02
-5.639288000000000238e+02
-5.858324999999999818e+02
-5.724674999999999727e+02
-5.654138000000000375e+02
-5.914012000000000171e+02
-5.784075000000000273e+02
-5.694974999999999454e+02
-5.817487999999999602e+02
-5.962274999999999636e+02
-5.869461999999999762e+02
-5.591024999999999636e+02
-5.832337999999999738e+02
-5.951137999999999693e+02
-5.917725000000000364e+02
-5.743237000000000307e+02
-5.888025000000000091e+02
-5.832337999999999738e+02
-5.884312999999999647e+02
-5.869461999999999762e+02
-5.824913000000000238e+02
-5.984550000000000409e+02
-5.954850000000000136e+02
-5.798925000000000409e+02
-5.884312999999999647e+02
-6.055086999999999762e+02
-5.991974999999999909e+02
-6.110774999999999864e+02
-5.854611999999999625e+02
-5.817487999999999602e+02
