-2.550488000000000000e+02
-2.628450000000000273e+02
-2.301750000000000114e+02
-2.624737999999999829e+02
-2.910600000000000023e+02
-2.680425000000000182e+02
-2.802937999999999761e+02
-2.479950000000000045e+02
-2.828924999999999841e+02
-2.984850000000000136e+02
-2.747250000000000227e+02
-2.944012000000000171e+02
-2.958863000000000056e+02
-2.591324999999999932e+02
-2.765812000000000239e+02
-3.285561999999999898e+02
-3.059100000000000250e+02
-2.906888000000000147e+02
-3.341250000000000000e+02
-3.248437999999999874e+02
-3.203888000000000034e+02
-3.500887000000000171e+02
-3.463763000000000147e+02
-3.337538000000000125e+02
-3.627112000000000194e+02
-3.719925000000000068e+02
-3.174187999999999761e+02
-3.508312999999999988e+02
-3.831299999999999955e+02
-3.344961999999999875e+02
-3.693937999999999988e+02
-3.697649999999999864e+02
-3.645674999999999955e+02
-3.942674999999999841e+02
-3.935249999999999773e+02
-3.760763000000000034e+02
-4.221113000000000284e+02
-4.265663000000000125e+02
-4.124587000000000216e+02
-4.102312999999999761e+02
-4.213686999999999898e+02
-4.016924999999999955e+02
-4.343625000000000114e+02
-4.332486999999999853e+02
-4.135724999999999909e+02
-4.417875000000000227e+02
-4.570088000000000079e+02
-4.310212000000000216e+02
-4.599787999999999784e+02
-4.696313000000000102e+02
-4.455000000000000000e+02
-4.777988000000000284e+02
-4.822538000000000125e+02
-4.622062999999999988e+02
-4.618349999999999795e+02
-4.926487000000000194e+02
-4.696313000000000102e+02
-4.930199999999999818e+02
-5.156662999999999784e+02
-5.100975000000000250e+02
-5.208637999999999693e+02
-5.238337000000000216e+02
-5.431386999999999716e+02
-5.397975000000000136e+02
-5.360850000000000364e+02
-5.375700000000000500e+02
-5.409112999999999829e+02
-5.357137000000000171e+02
-5.568750000000000000e+02
-5.368274999999999864e+02
-5.464800000000000182e+02
-5.375700000000000500e+02
-5.394262999999999693e+02
-5.527912999999999784e+02
-5.438812000000000353e+02
-5.795212000000000216e+02
-5.761799999999999500e+02
-5.605874999999999773e+02
-5.787786999999999580e+02
-6.017962999999999738e+02
-5.713537999999999784e+02
-5.724674999999999727e+02
-5.899162999999999784e+02
-5.171512000000000171e+02
-5.056424999999999841e+02
-5.160375000000000227e+02
-5.371987000000000307e+02
-5.346000000000000227e+02
-5.435099999999999909e+02
-5.401688000000000329e+02
-5.642999999999999545e+02
-5.642999999999999545e+02
-5.568750000000000000e+02
-5.602161999999999580e+02
-5.720963000000000420e+02
-5.635575000000000045e+02
-5.550186999999999671e+02
-5.490787000000000262e+02
-5.112112000000000194e+02
-5.093550000000000182e+02
-5.472224999999999682e+02
-5.123250000000000455e+02
-5.145525000000000091e+02
-5.665275000000000318e+02
-5.397975000000000136e+02
-5.360850000000000364e+02
-5.765512999999999693e+02
-5.598450000000000273e+02
-5.442525000000000546e+02
-5.346000000000000227e+02
-5.438812000000000353e+02
-5.368274999999999864e+02
-5.591024999999999636e+02
-5.472224999999999682e+02
-5.550186999999999671e+02
-5.654138000000000375e+02
-5.769225000000000136e+02
-5.598450000000000273e+02
-5.746950000000000500e+02
-5.761799999999999500e+02
-5.617011999999999716e+02
-6.014249999999999545e+02
-5.798925000000000409e+02
-5.784075000000000273e+02
-5.858324999999999818e+02
-5.836050000000000182e+02
-5.535338000000000420e+02
-5.698687999999999647e+02
-5.921436999999999671e+02
-5.743237000000000307e+02
-5.965987999999999829e+02
-6.017962999999999738e+02
-6.025388000000000375e+02
-5.943713000000000193e+02
-6.077363000000000284e+02
-5.832337999999999738e+02
-6.055086999999999762e+02
-6.140475000000000136e+02
-5.902875000000000227e+02
-6.066224999999999454e+02
-6.370650000000000546e+02
-5.928862000000000307e+02
-6.251849999999999454e+02
-6.318674999999999500e+02
-6.277838000000000420e+02
-6.430049999999999955e+02
-6.378075000000000045e+02
-6.552563000000000102e+02
-6.404062999999999874e+02
-6.333524999999999636e+02
-6.170175000000000409e+02
-6.589687999999999874e+02
-6.582263000000000375e+02
-6.545136999999999716e+02
-6.608250000000000455e+02
-6.656512000000000171e+02
-6.678787999999999556e+02
-6.782736999999999625e+02
-6.660225000000000364e+02
-6.630525000000000091e+02
-6.831000000000000227e+02
-6.697350000000000136e+02
-6.756749999999999545e+02
-6.753038000000000238e+02
-6.745612999999999602e+02
-6.660225000000000364e+02
-6.170175000000000409e+02
-5.806349999999999909e+02
-5.724674999999999727e+02
-5.743237000000000307e+02
-5.587313000000000329e+02
-5.442525000000000546e+02
-5.104687999999999874e+02
-4.844812999999999761e+02
-4.974750000000000227e+02
-5.104687999999999874e+02
-5.230911999999999580e+02
-5.008163000000000125e+02
-5.034150000000000205e+02
-5.171512000000000171e+02
-5.000738000000000056e+02
-5.201213000000000193e+02
-5.290312999999999874e+02
-5.108399999999999750e+02
-5.011875000000000000e+02
-5.112112000000000194e+02
-5.149238000000000284e+02
-5.190075000000000500e+02
-5.149238000000000284e+02
-5.156662999999999784e+02
-5.108399999999999750e+02
-5.230911999999999580e+02
-5.097262999999999806e+02
-4.889361999999999853e+02
-5.397975000000000136e+02
-4.997024999999999864e+02
-5.141812999999999647e+02
-5.223487999999999829e+02
-5.149238000000000284e+02
-5.145525000000000091e+02
-5.219774999999999636e+02
-4.785412999999999784e+02
-4.815113000000000056e+02
-5.271749999999999545e+02
-4.874513000000000034e+02
-5.078700000000000045e+02
-5.279175000000000182e+02
-4.933913000000000011e+02
-4.989599999999999795e+02
-5.227200000000000273e+02
-5.004449999999999932e+02
-5.149238000000000284e+02
-5.182649999999999864e+02
-5.108399999999999750e+02
-5.026725000000000136e+02
-5.019300000000000068e+02
-5.023013000000000261e+02
-4.855950000000000273e+02
-4.963613000000000284e+02
-5.000738000000000056e+02
-5.019300000000000068e+02
-5.026725000000000136e+02
-5.052712000000000216e+02
-4.982174999999999727e+02
-4.982174999999999727e+02
-4.974750000000000227e+02
-4.956186999999999898e+02
-5.067563000000000102e+02
-4.997024999999999864e+02
-4.837388000000000261e+02
-5.204924999999999500e+02
-5.071274999999999977e+02
-4.948763000000000147e+02
-4.956186999999999898e+02
-4.974750000000000227e+02
-4.915350000000000250e+02
-5.149238000000000284e+02
-5.152949999999999591e+02
-4.997024999999999864e+02
-5.167799999999999727e+02
-4.952475000000000023e+02
-5.063849999999999909e+02
-5.164088000000000420e+02
-5.123250000000000455e+02
-5.063849999999999909e+02
-5.327437999999999647e+02
-5.338574999999999591e+02
-5.253187000000000353e+02
-5.242050000000000409e+02
-5.268038000000000238e+02
-5.360850000000000364e+02
-5.256900000000000546e+02
-5.264325000000000045e+02
-5.175225000000000364e+02
-5.487074999999999818e+02
-5.134388000000000147e+02
-5.093550000000000182e+02
-5.212350000000000136e+02
-5.409112999999999829e+02
-5.056424999999999841e+02
-5.216063000000000329e+02
-5.442525000000000546e+02
-5.097262999999999806e+02
-5.193787999999999556e+02
-5.264325000000000045e+02
-5.338574999999999591e+02
-5.286599999999999682e+02
-5.249474999999999909e+02
-5.193787999999999556e+02
-5.256900000000000546e+02
-5.312586999999999762e+02
-5.334863000000000284e+02
-5.542762000000000171e+02
-5.572463000000000193e+02
-5.204924999999999500e+02
-5.557612000000000307e+02
-5.568750000000000000e+02
-5.535338000000000420e+02
-5.624437000000000353e+02
-5.420249999999999773e+02
-5.167799999999999727e+02
-5.561325000000000500e+02
-5.416536999999999580e+02
-5.368274999999999864e+02
-5.423962000000000216e+02
-5.509349999999999454e+02
-5.342287999999999784e+02
-5.420249999999999773e+02
-5.472224999999999682e+02
-5.457374999999999545e+02
-5.516775000000000091e+02
-5.602161999999999580e+02
-5.390549999999999500e+02
-5.264325000000000045e+02
-5.256900000000000546e+02
-5.227200000000000273e+02
-5.078700000000000045e+02
-5.338574999999999591e+02
-5.156662999999999784e+02
-5.316299999999999955e+02
-5.427675000000000409e+02
-5.245761999999999716e+02
-5.346000000000000227e+02
-5.461087999999999738e+02
-5.245761999999999716e+02
-5.023013000000000261e+02
-5.371987000000000307e+02
-5.279175000000000182e+02
-5.390549999999999500e+02
-5.490787000000000262e+02
-5.390549999999999500e+02
-5.375700000000000500e+02
-5.572463000000000193e+02
-5.498211999999999762e+02
-5.375700000000000500e+02
-5.772938000000000329e+02
-5.498211999999999762e+02
-5.468513000000000375e+02
-5.605874999999999773e+02
-5.505638000000000147e+02
-5.297736999999999625e+02
-5.565037999999999556e+02
-5.208637999999999693e+02
-5.490787000000000262e+02
-5.587313000000000329e+02
-5.431386999999999716e+02
-5.453663000000000238e+02
-5.609587000000000216e+02
-5.550186999999999671e+02
-5.446237999999999602e+02
-5.583600000000000136e+02
-5.628150000000000546e+02
-5.338574999999999591e+02
-5.498211999999999762e+02
-5.487074999999999818e+02
-5.397975000000000136e+02
-5.457374999999999545e+02
-5.490787000000000262e+02
-5.513062999999999647e+02
-5.449950000000000045e+02
-5.371987000000000307e+02
-5.357137000000000171e+02
-5.342287999999999784e+02
-5.208637999999999693e+02
-5.190075000000000500e+02
-5.483361999999999625e+02
-5.253187000000000353e+02
-5.201213000000000193e+02
-5.268038000000000238e+02
-5.483361999999999625e+02
-5.294025000000000318e+02
-5.260612999999999602e+02
-5.134388000000000147e+02
-5.371987000000000307e+02
-5.234624999999999773e+02
-5.438812000000000353e+02
-5.468513000000000375e+02
-5.308875000000000455e+02
-5.208637999999999693e+02
-5.256900000000000546e+02
-5.394262999999999693e+02
-5.379412999999999556e+02
-5.305162000000000262e+02
-5.323724999999999454e+02
-5.308875000000000455e+02
-5.468513000000000375e+02
-5.431386999999999716e+02
-5.394262999999999693e+02
-5.130674999999999955e+02
-5.617011999999999716e+02
-5.550186999999999671e+02
-5.327437999999999647e+02
-5.446237999999999602e+02
-5.431386999999999716e+02
-5.282888000000000375e+02
-5.453663000000000238e+02
-5.312586999999999762e+02
-5.360850000000000364e+02
-5.457374999999999545e+02
-5.375700000000000500e+02
-5.234624999999999773e+02
-5.320013000000000147e+02
-5.230911999999999580e+02
-5.212350000000000136e+02
-5.297736999999999625e+02
-5.346000000000000227e+02
-5.178936999999999671e+02
-5.379412999999999556e+02
-5.487074999999999818e+02
-5.275462999999999738e+02
-5.349713000000000420e+02
-5.516775000000000091e+02
-5.516775000000000091e+02
-5.379412999999999556e+02
-5.472224999999999682e+02
-5.301449999999999818e+02
-5.494500000000000455e+02
-5.357137000000000171e+02
-5.149238000000000284e+02
-5.349713000000000420e+02
-5.587313000000000329e+02
-5.238337000000000216e+02
-5.453663000000000238e+02
-5.331150000000000091e+02
-5.264325000000000045e+02
-5.308875000000000455e+02
-5.375700000000000500e+02
-5.412825000000000273e+02
-5.535338000000000420e+02
-5.550186999999999671e+02
-5.357137000000000171e+02
-5.472224999999999682e+02
