-6.793874999999999886e+01
-7.016625000000000512e+01
-8.872875000000000512e+01
-1.325363000000000113e+02
-8.018999999999999773e+01
-7.536374999999999602e+01
-1.239975000000000023e+02
-9.021375000000000455e+01
-9.021375000000000455e+01
-1.184287000000000063e+02
-1.369912999999999954e+02
-1.325363000000000113e+02
-1.154586999999999932e+02
-1.310512999999999977e+02
-1.265962999999999994e+02
-1.429311999999999898e+02
-1.351349999999999909e+02
-1.418174999999999955e+02
-1.362487000000000137e+02
-1.562961999999999989e+02
-1.488711999999999875e+02
-1.098900000000000006e+02
-1.462725000000000080e+02
-1.466437999999999988e+02
-1.239975000000000023e+02
-1.340212999999999965e+02
-1.744875000000000114e+02
-1.499850000000000136e+02
-1.485000000000000000e+02
-1.596374999999999886e+02
-1.807988000000000000e+02
-1.841399999999999864e+02
-1.540688000000000102e+02
-1.626074999999999875e+02
-1.763437999999999874e+02
-1.793137999999999863e+02
-1.388474999999999966e+02
-1.815412000000000035e+02
-1.856250000000000000e+02
-1.648350000000000080e+02
-1.544399999999999977e+02
-2.004749999999999943e+02
-2.075286999999999864e+02
-1.614937999999999931e+02
-1.730024999999999977e+02
-1.741162999999999954e+02
-1.915649999999999977e+02
-1.811699999999999875e+02
-1.893375000000000057e+02
-1.793137999999999863e+02
-2.097563000000000102e+02
-2.056725000000000136e+02
-1.737450000000000045e+02
-2.090137000000000000e+02
-2.104987000000000137e+02
-2.205225000000000080e+02
-2.164387999999999863e+02
-2.197800000000000011e+02
-2.090137000000000000e+02
-2.097563000000000102e+02
-2.346299999999999955e+02
-2.312888000000000090e+02
-2.179238000000000000e+02
-2.272050000000000125e+02
-2.156963000000000079e+02
-2.401987000000000023e+02
-2.227500000000000000e+02
-2.264625000000000057e+02
-2.350012999999999863e+02
-2.194088000000000136e+02
-2.431687000000000012e+02
-2.353725000000000023e+02
-2.294325000000000045e+02
-2.294325000000000045e+02
-2.401987000000000023e+02
-2.450250000000000057e+02
-2.338874999999999886e+02
-2.628450000000000273e+02
-2.854911999999999921e+02
-2.491086999999999989e+02
-2.598750000000000000e+02
-2.780663000000000125e+02
-2.721263000000000147e+02
-2.784375000000000000e+02
-2.851200000000000045e+02
-2.550488000000000000e+02
-2.628450000000000273e+02
-2.702699999999999818e+02
-2.639587000000000216e+02
-2.984850000000000136e+02
-2.962574999999999932e+02
-2.791800000000000068e+02
-2.940299999999999727e+02
-3.036825000000000045e+02
-2.765812000000000239e+02
-2.825212000000000216e+02
-2.977425000000000068e+02
-3.018263000000000034e+02
-2.992275000000000205e+02
-3.185325000000000273e+02
-3.177900000000000205e+02
-3.189037000000000148e+02
-2.877187999999999874e+02
-3.044250000000000114e+02
-3.174187999999999761e+02
-2.899463000000000079e+02
-3.296700000000000159e+02
-3.092513000000000147e+02
-2.888324999999999818e+02
-2.906888000000000147e+02
-2.858625000000000114e+02
-2.390850000000000080e+02
-2.435399999999999920e+02
-2.505937999999999874e+02
-2.457675000000000125e+02
-2.580187000000000239e+02
-2.543062999999999931e+02
-2.583899999999999864e+02
-2.446536999999999864e+02
-2.476237000000000137e+02
-2.606175000000000068e+02
-2.520788000000000011e+02
-2.535637999999999863e+02
-2.654438000000000102e+02
-2.747250000000000227e+02
-2.479950000000000045e+02
-2.817787000000000148e+02
-2.635874999999999773e+02
-2.799225000000000136e+02
-2.762099999999999795e+02
-2.732400000000000091e+02
-2.814075000000000273e+02
-3.047962999999999738e+02
-2.747250000000000227e+02
-2.840063000000000102e+02
-2.910600000000000023e+02
-2.910600000000000023e+02
-2.858625000000000114e+02
-2.799225000000000136e+02
-2.665575000000000045e+02
-2.925450000000000159e+02
-2.814075000000000273e+02
-2.977425000000000068e+02
-3.018263000000000034e+02
-3.174187999999999761e+02
-2.970000000000000000e+02
-2.903174999999999955e+02
-2.836349999999999909e+02
-2.780663000000000125e+02
-2.925450000000000159e+02
-2.862337999999999738e+02
-2.940299999999999727e+02
-2.791800000000000068e+02
-3.018263000000000034e+02
-3.073949999999999818e+02
-2.832638000000000034e+02
-3.181612999999999829e+02
-3.133349999999999795e+02
-2.947724999999999795e+02
-3.237300000000000182e+02
-3.222450000000000045e+02
-2.691562999999999874e+02
-3.118500000000000227e+02
-2.936587999999999852e+02
-2.984850000000000136e+02
-3.107363000000000284e+02
-3.189037000000000148e+02
-3.018263000000000034e+02
-3.211313000000000102e+02
-3.318974999999999795e+02
-3.099936999999999898e+02
-3.311549999999999727e+02
-3.452624999999999886e+02
-3.385799999999999841e+02
-3.478613000000000284e+02
-3.274424999999999955e+02
-3.315262000000000171e+02
-3.389513000000000034e+02
-3.519449999999999932e+02
-3.144488000000000056e+02
-3.077663000000000011e+02
-2.918025000000000091e+02
-2.799225000000000136e+02
-2.918025000000000091e+02
-3.118500000000000227e+02
-2.810362999999999829e+02
-2.918025000000000091e+02
-3.070237000000000194e+02
-2.888324999999999818e+02
-3.085088000000000079e+02
-3.055387999999999806e+02
-2.888324999999999818e+02
-3.036825000000000045e+02
-2.981136999999999944e+02
-2.795511999999999944e+02
-2.780663000000000125e+02
-2.854911999999999921e+02
-2.825212000000000216e+02
-2.999700000000000273e+02
-3.088799999999999955e+02
-3.092513000000000147e+02
-3.070237000000000194e+02
-2.958863000000000056e+02
-2.955149999999999864e+02
-3.174187999999999761e+02
-2.951437000000000239e+02
-2.992275000000000205e+02
-3.155625000000000000e+02
-3.140774999999999864e+02
-3.085088000000000079e+02
-3.370950000000000273e+02
-3.196462000000000216e+02
-3.226161999999999921e+02
-3.330113000000000056e+02
-3.081374999999999886e+02
-3.248437999999999874e+02
-3.311549999999999727e+02
-3.304125000000000227e+02
-3.207599999999999909e+02
-3.189037000000000148e+02
-3.422925000000000182e+02
-3.304125000000000227e+02
-3.185325000000000273e+02
-3.393224999999999909e+02
-3.263288000000000011e+02
-3.292988000000000284e+02
-3.460049999999999955e+02
-3.315262000000000171e+02
-3.318974999999999795e+02
-3.419212999999999738e+02
-3.226161999999999921e+02
-3.437774999999999750e+02
-3.359812999999999761e+02
-3.096225000000000023e+02
-3.215024999999999977e+02
-3.538011999999999944e+02
-3.033111999999999853e+02
-3.099936999999999898e+02
-3.248437999999999874e+02
-3.292988000000000284e+02
-3.445199999999999818e+02
-3.393224999999999909e+02
-3.311549999999999727e+02
-3.263288000000000011e+02
-3.363525000000000205e+02
-3.404361999999999853e+02
-3.170475000000000136e+02
-3.504599999999999795e+02
-3.489750000000000227e+02
-3.419212999999999738e+02
-3.623399999999999750e+02
-3.437774999999999750e+02
-3.352386999999999944e+02
-3.619687999999999874e+02
-3.278138000000000147e+02
-3.244725000000000250e+02
-3.489750000000000227e+02
-3.315262000000000171e+02
-3.344961999999999875e+02
-3.389513000000000034e+02
-3.285561999999999898e+02
-3.170475000000000136e+02
-3.378374999999999773e+02
-3.359812999999999761e+02
-3.523163000000000125e+02
-3.534300000000000068e+02
-3.359812999999999761e+02
-3.474900000000000091e+02
-3.604837999999999738e+02
-3.512024999999999864e+02
-3.404361999999999853e+02
-3.604837999999999738e+02
-3.582563000000000102e+02
-3.567712000000000216e+02
-4.028061999999999898e+02
-3.686512000000000171e+02
-3.779325000000000045e+02
-3.912975000000000136e+02
-3.846150000000000091e+02
-3.816449999999999818e+02
-3.846150000000000091e+02
-3.835013000000000147e+02
-3.545437999999999761e+02
-3.434062999999999874e+02
-3.463763000000000147e+02
-3.545437999999999761e+02
-3.549150000000000205e+02
-3.512024999999999864e+02
-3.497174999999999727e+02
-3.582563000000000102e+02
-3.649388000000000147e+02
-3.434062999999999874e+02
-3.538011999999999944e+02
-3.460049999999999955e+02
-3.021974999999999909e+02
-2.895749999999999886e+02
-3.107363000000000284e+02
-3.107363000000000284e+02
-3.003412000000000148e+02
-3.055387999999999806e+02
-3.244725000000000250e+02
-2.966288000000000125e+02
-3.014549999999999841e+02
-3.114787999999999784e+02
-3.122212999999999852e+02
-3.021974999999999909e+02
-3.107363000000000284e+02
-3.092513000000000147e+02
-3.118500000000000227e+02
-3.051675000000000182e+02
-3.133349999999999795e+02
-3.051675000000000182e+02
-3.259574999999999818e+02
-3.144488000000000056e+02
-3.129637000000000171e+02
-3.021974999999999909e+02
-2.877187999999999874e+02
-3.059100000000000250e+02
-2.784375000000000000e+02
-2.866050000000000182e+02
-3.062812999999999874e+02
-2.929162999999999784e+02
-2.999700000000000273e+02
-3.215024999999999977e+02
-2.958863000000000056e+02
-3.055387999999999806e+02
-3.300412999999999784e+02
-3.085088000000000079e+02
-3.137062000000000239e+02
-3.010837000000000216e+02
-2.880899999999999750e+02
-3.044250000000000114e+02
-3.181612999999999829e+02
-3.133349999999999795e+02
-3.066524999999999750e+02
-3.352386999999999944e+02
-3.148199999999999932e+02
-2.973711999999999875e+02
-3.192749999999999773e+02
-3.070237000000000194e+02
-3.051675000000000182e+02
-3.099936999999999898e+02
-3.029399999999999977e+02
-2.895749999999999886e+02
-2.921738000000000284e+02
-3.103650000000000091e+02
-3.133349999999999795e+02
-3.215024999999999977e+02
-2.999700000000000273e+02
-3.252149999999999750e+02
-3.370950000000000273e+02
-3.203888000000000034e+02
-3.085088000000000079e+02
-3.200174999999999841e+02
-3.385799999999999841e+02
-3.047962999999999738e+02
-3.099936999999999898e+02
-3.252149999999999750e+02
-3.047962999999999738e+02
-3.111075000000000159e+02
-3.144488000000000056e+02
-3.033111999999999853e+02
-3.185325000000000273e+02
-3.226161999999999921e+02
-3.318974999999999795e+02
-3.174187999999999761e+02
-3.404361999999999853e+02
-3.114787999999999784e+02
-3.266999999999999886e+02
-3.189037000000000148e+02
-3.114787999999999784e+02
-3.270713000000000079e+02
-3.085088000000000079e+02
-2.565337999999999852e+02
-2.606175000000000068e+02
-2.635874999999999773e+02
-2.554199999999999875e+02
-2.665575000000000045e+02
-2.509650000000000034e+02
-2.346299999999999955e+02
-2.557913000000000068e+02
-2.479950000000000045e+02
-2.327737999999999943e+02
-2.602461999999999875e+02
-2.613600000000000136e+02
-2.398274999999999864e+02
-2.580187000000000239e+02
-2.550488000000000000e+02
-2.543062999999999931e+02
-2.446536999999999864e+02
-2.706413000000000011e+02
-2.591324999999999932e+02
-2.583899999999999864e+02
-2.580187000000000239e+02
-2.531924999999999955e+02
-2.817787000000000148e+02
-2.728686999999999898e+02
-2.628450000000000273e+02
-2.706413000000000011e+02
-2.732400000000000091e+02
-2.791800000000000068e+02
-2.854911999999999921e+02
-2.639587000000000216e+02
-2.758387000000000171e+02
-2.639587000000000216e+02
-2.877187999999999874e+02
-2.572762000000000171e+02
-2.691562999999999874e+02
-2.724975000000000023e+02
-2.609886999999999944e+02
-2.409413000000000125e+02
-2.346299999999999955e+02
