-1.821723999999999933e+03
-1.801305000000000064e+03
-1.849567999999999984e+03
-1.867387999999999920e+03
-1.859590999999999894e+03
-1.898943999999999960e+03
-1.916393000000000029e+03
-1.897829999999999927e+03
-1.922703999999999951e+03
-1.959086000000000013e+03
-1.943865000000000009e+03
-1.972079999999999927e+03
-1.986558999999999969e+03
-1.983960000000000036e+03
-2.030365999999999985e+03
-1.999181000000000040e+03
-2.004008000000000038e+03
-2.008834000000000060e+03
-2.047443999999999960e+03
-1.996211000000000013e+03
-2.044845000000000027e+03
-2.074545000000000073e+03
-2.052269999999999982e+03
-2.084568999999999960e+03
-2.100161000000000058e+03
-2.104244999999999891e+03
-2.128748000000000047e+03
-2.146568000000000211e+03
-2.124291999999999916e+03
-2.141369999999999891e+03
-2.168099999999999909e+03
-2.197800000000000182e+03
-2.169956000000000131e+03
-2.233440000000000055e+03
-2.185920000000000073e+03
-2.175896000000000186e+03
-2.189260999999999967e+03
-2.204110999999999876e+03
-2.224159000000000106e+03
-2.224900999999999840e+03
-2.217476000000000113e+03
-2.252744999999999891e+03
-2.276505000000000109e+03
-2.266853000000000065e+03
-2.251260000000000218e+03
-2.267594999999999800e+03
-2.280960000000000036e+03
-2.272791999999999916e+03
-2.316971000000000004e+03
-2.332934999999999945e+03
-2.313630000000000109e+03
-2.346670999999999822e+03
-2.361893000000000029e+03
-2.370431000000000040e+03
-2.402730000000000018e+03
-2.388251000000000204e+03
-2.367460999999999785e+03
-2.404585999999999785e+03
-2.402730000000000018e+03
-2.416836999999999989e+03
-2.433543999999999869e+03
-2.414239000000000033e+03
-2.448393999999999778e+03
-2.437998999999999796e+03
-2.453590999999999894e+03
-2.466585000000000036e+03
-2.452478000000000065e+03
-2.445052000000000135e+03
-2.454704999999999927e+03
-2.474380999999999858e+03
-2.501110999999999876e+03
-2.453219999999999800e+03
-2.517074999999999818e+03
-2.521530000000000200e+03
-2.506679999999999836e+03
-2.557170000000000073e+03
-2.559025999999999840e+03
-2.529326000000000022e+03
-2.548630999999999858e+03
-2.549744999999999891e+03
-2.526356000000000222e+03
-2.551972000000000207e+03
-2.592438999999999851e+03
-2.574989999999999782e+03
-2.581672999999999774e+03
-2.622880999999999858e+03
-2.603204999999999927e+03
-2.616199000000000069e+03
-2.626965000000000146e+03
-2.631048999999999978e+03
-2.626965000000000146e+03
-2.646269999999999982e+03
-2.654438000000000102e+03
-2.644784999999999854e+03
-2.678940000000000055e+03
-2.651838999999999942e+03
-2.684509000000000015e+03
-2.708268999999999778e+03
-2.684880000000000109e+03
-2.698615999999999985e+03
-2.707896999999999935e+03
-2.642557999999999993e+03
-2.677454999999999927e+03
-2.668916000000000167e+03
-2.635132999999999811e+03
-2.695275000000000091e+03
-2.685251000000000204e+03
-2.638844999999999800e+03
-2.673742000000000189e+03
-2.672628999999999905e+03
-2.661862999999999829e+03
-2.677826000000000022e+03
-2.696760000000000218e+03
-2.645155999999999949e+03
-2.680054000000000087e+03
-2.716807999999999993e+03
-2.682652999999999793e+03
-2.706041000000000167e+03
-2.722376000000000204e+03
-2.707155000000000200e+03
-2.733143000000000029e+03
-2.747250000000000000e+03
-2.721634000000000015e+03
-2.729059000000000196e+03
-2.740195999999999913e+03
-2.749478000000000065e+03
-2.746878999999999905e+03
-2.775094000000000051e+03
-2.753190000000000055e+03
-2.787715999999999894e+03
-2.775465000000000146e+03
-2.739454000000000178e+03
-2.730172999999999774e+03
-2.766925999999999931e+03
-2.735369999999999891e+03
-2.754675000000000182e+03
-2.804793999999999869e+03
-2.766554999999999836e+03
-2.766184000000000196e+03
-2.734626999999999953e+03
-2.688221000000000004e+03
-2.693047999999999774e+03
-2.738710999999999785e+03
-2.704556000000000040e+03
-2.709010999999999967e+03
-2.750590999999999894e+03
-2.741309999999999945e+03
-2.721634000000000015e+03
-2.742423999999999978e+03
-2.753190000000000055e+03
-2.741681000000000040e+03
-2.737226000000000113e+03
-2.755789000000000215e+03
-2.713094999999999800e+03
-2.721634000000000015e+03
-2.746135999999999967e+03
-2.730172999999999774e+03
-2.710496000000000095e+03
-2.762471000000000004e+03
-2.747250000000000000e+03
-2.738340000000000146e+03
-2.775094000000000051e+03
-2.762471000000000004e+03
-2.796255000000000109e+03
-2.761356999999999971e+03
-2.801824000000000069e+03
-2.790686000000000149e+03
-2.811476000000000113e+03
-2.803679999999999836e+03
-2.837463999999999942e+03
-2.805164999999999964e+03
-2.802195000000000164e+03
-2.827440000000000055e+03
-2.796998000000000047e+03
-2.835978999999999814e+03
-2.827440000000000055e+03
-2.838949000000000069e+03
-2.838949000000000069e+03
-2.846001999999999953e+03
-2.856768999999999778e+03
-2.856768999999999778e+03
-2.858625000000000000e+03
-2.871989999999999782e+03
-2.881271000000000186e+03
-2.892780000000000200e+03
-2.886840000000000146e+03
-2.909485999999999876e+03
-2.923594000000000051e+03
-2.903545999999999822e+03
-2.907259000000000015e+03
-2.935844999999999800e+03
-2.906516000000000076e+03
-2.912456000000000131e+03
-2.918396000000000186e+03
-2.933989000000000033e+03
-2.884240999999999985e+03
-2.906144999999999982e+03
-2.937329999999999927e+03
-2.899833999999999833e+03
-2.926193000000000211e+03
-2.945498000000000047e+03
-2.918396000000000186e+03
-2.950324000000000069e+03
-2.959605000000000018e+03
-2.936958999999999833e+03
-2.986706000000000131e+03
-2.988563000000000102e+03
-2.948838999999999942e+03
-2.983364999999999782e+03
-2.989304999999999836e+03
-2.970742000000000189e+03
-2.985963999999999942e+03
-3.004896999999999935e+03
-2.977054000000000087e+03
-2.937329999999999927e+03
-2.904659999999999854e+03
-2.876074000000000069e+03
-2.875702999999999975e+03
-2.908373000000000047e+03
-2.907630000000000109e+03
-2.899833999999999833e+03
-2.916168999999999869e+03
-2.928420000000000073e+03
-2.908744000000000142e+03
-2.849344000000000051e+03
-2.857882999999999811e+03
-2.823728000000000065e+03
-2.851199999999999818e+03
-2.852684999999999945e+03
-2.832637000000000171e+03
-2.882014000000000124e+03
-2.852684999999999945e+03
-2.849344000000000051e+03
-2.879043999999999869e+03
-2.871619000000000142e+03
-2.856025999999999840e+03
-2.862708999999999833e+03
-2.880900000000000091e+03
-2.840434000000000196e+03
-2.864193999999999960e+03
-2.853427000000000135e+03
-2.853427000000000135e+03
-2.861224000000000160e+03
-2.861224000000000160e+03
-2.874960000000000036e+03
-2.873103999999999814e+03
-2.890181000000000040e+03
-2.861965999999999894e+03
-2.871248000000000047e+03
-2.914313000000000102e+03
-2.873474999999999909e+03
-2.877929999999999836e+03
-2.909485999999999876e+03
-2.844146000000000186e+03
-2.829295999999999822e+03
-2.833380000000000109e+03
-2.810733999999999924e+03
-2.827068999999999960e+03
-2.810362999999999829e+03
-2.803309000000000196e+03
-2.818530000000000200e+03
-2.831152999999999793e+03
-2.817416000000000167e+03
-2.818159000000000106e+03
-2.815559999999999945e+03
-2.807393000000000029e+03
-2.832637000000000171e+03
-2.844889000000000124e+03
-2.832637000000000171e+03
-2.810362999999999829e+03
-2.818900999999999840e+03
-2.828554000000000087e+03
-2.836349999999999909e+03
-2.854541000000000167e+03
-2.846744999999999891e+03
-2.848972000000000207e+03
-2.842661000000000058e+03
-2.842289999999999964e+03
-2.834123000000000047e+03
-2.828554000000000087e+03
-2.822614000000000033e+03
-2.798110999999999876e+03
-2.814074999999999818e+03
-2.805536000000000058e+03
-2.819643999999999778e+03
-2.828554000000000087e+03
-2.840804999999999836e+03
-2.820757999999999811e+03
-2.837463999999999942e+03
-2.808135000000000218e+03
-2.819643999999999778e+03
-2.804422999999999774e+03
-2.791429000000000087e+03
-2.828182999999999993e+03
-2.821128999999999905e+03
-2.830780999999999949e+03
-2.832637000000000171e+03
-2.850458000000000084e+03
-2.833751000000000204e+03
-2.848601000000000113e+03
-2.857510999999999967e+03
-2.833009000000000015e+03
-2.845260000000000218e+03
-2.860853000000000065e+03
-2.822985000000000127e+03
-2.832266000000000076e+03
-2.860110000000000127e+03
-2.820757999999999811e+03
-2.855284000000000106e+03
-2.828554000000000087e+03
-2.820385999999999967e+03
-2.829666999999999916e+03
-2.853427000000000135e+03
-2.857139999999999873e+03
-2.833380000000000109e+03
-2.847487999999999829e+03
-2.860110000000000127e+03
-2.842289999999999964e+03
-2.874217999999999847e+03
-2.863079999999999927e+03
-2.861224000000000160e+03
-2.871619000000000142e+03
-2.890552000000000135e+03
-2.868648999999999887e+03
-2.903545999999999822e+03
-2.893893999999999778e+03
-2.859739000000000033e+03
-2.910228999999999814e+03
-2.903545999999999822e+03
-2.882385000000000218e+03
-2.915797999999999774e+03
-2.908001000000000204e+03
-2.896121000000000095e+03
-2.916539999999999964e+03
-2.862338000000000193e+03
-2.870505000000000109e+03
-2.872360999999999876e+03
-2.871989999999999782e+03
-2.867164000000000215e+03
-2.890552000000000135e+03
-2.883498999999999796e+03
-2.865307999999999993e+03
-2.869762000000000171e+03
-2.897235000000000127e+03
-2.861224000000000160e+03
-2.867164000000000215e+03
-2.840434000000000196e+03
-2.817788000000000011e+03
-2.804422999999999774e+03
-2.834864999999999782e+03
-2.823356000000000222e+03
-2.820757999999999811e+03
-2.836349999999999909e+03
-2.813704000000000178e+03
-2.825583999999999833e+03
-2.842661000000000058e+03
-2.833751000000000204e+03
-2.854541000000000167e+03
-2.855655000000000200e+03
-2.837463999999999942e+03
-2.853427000000000135e+03
-2.865307999999999993e+03
-2.846001999999999953e+03
-2.870876000000000204e+03
-2.859367000000000189e+03
-2.857882999999999811e+03
-2.858253999999999905e+03
-2.878300999999999931e+03
-2.872731999999999971e+03
-2.859739000000000033e+03
-2.841918999999999869e+03
-2.853427000000000135e+03
-2.846744999999999891e+03
-2.844146000000000186e+03
-2.843775000000000091e+03
-2.846001999999999953e+03
-2.859739000000000033e+03
-2.843403999999999996e+03
-2.850085999999999785e+03
-2.872731999999999971e+03
-2.858625000000000000e+03
-2.850829000000000178e+03
-2.866050000000000182e+03
-2.845260000000000218e+03
-2.872731999999999971e+03
-2.899090999999999894e+03
-2.870134000000000015e+03
-2.883869999999999891e+03
-2.889438999999999851e+03
-2.863822999999999865e+03
-2.880900000000000091e+03
-2.896864000000000033e+03
-2.869019999999999982e+03
-2.889438999999999851e+03
-2.888695999999999913e+03
-2.871619000000000142e+03
-2.903545999999999822e+03
-2.910228999999999814e+03
-2.892038000000000011e+03
-2.894635999999999967e+03
-2.900576000000000022e+03
-2.870505000000000109e+03
-2.884612999999999829e+03
-2.911713999999999942e+03
-2.876815999999999804e+03
-2.877559000000000196e+03
-2.908373000000000047e+03
-2.899833999999999833e+03
-2.886469000000000051e+03
-2.916539999999999964e+03
-2.895750000000000000e+03
-2.915054999999999836e+03
