-6.793874999999999886e+01
-1.106324999999999932e+02
-1.084050000000000011e+02
-7.053749999999999432e+01
-1.410749999999999886e+02
-1.433025000000000091e+02
-1.206563000000000017e+02
-1.518411999999999864e+02
-1.570388000000000090e+02
-1.577812999999999874e+02
-2.056725000000000136e+02
-2.127263000000000090e+02
-1.692899999999999920e+02
-2.008463000000000136e+02
-2.015886999999999887e+02
-2.212649999999999864e+02
-2.338874999999999886e+02
-2.461387000000000000e+02
-2.487375000000000114e+02
-2.669286999999999921e+02
-2.747250000000000227e+02
-2.769524999999999864e+02
-2.647013000000000034e+02
-3.021974999999999909e+02
-3.103650000000000091e+02
-3.266999999999999886e+02
-3.463763000000000147e+02
-3.241012999999999806e+02
-3.434062999999999874e+02
-3.241012999999999806e+02
-3.296700000000000159e+02
-3.189037000000000148e+02
-3.560287000000000148e+02
-3.341250000000000000e+02
-3.300412999999999784e+02
-3.471186999999999898e+02
-3.582563000000000102e+02
-3.701363000000000056e+02
-3.768188000000000102e+02
-3.393224999999999909e+02
-3.779325000000000045e+02
-3.549150000000000205e+02
-3.552862999999999829e+02
-3.872137000000000171e+02
-3.849863000000000284e+02
-3.742200000000000273e+02
-3.764474999999999909e+02
-3.534300000000000068e+02
-3.411786999999999921e+02
-3.467475000000000023e+02
-3.278138000000000147e+02
-3.441487000000000194e+02
-3.460049999999999955e+02
-3.530586999999999875e+02
-3.604837999999999738e+02
-3.422925000000000182e+02
-3.586274999999999977e+02
-3.500887000000000171e+02
-3.333824999999999932e+02
-3.538011999999999944e+02
-3.500887000000000171e+02
-3.400649999999999977e+02
-3.619687999999999874e+02
-3.738487999999999829e+02
-3.645674999999999955e+02
-3.445199999999999818e+02
-3.400649999999999977e+02
-3.460049999999999955e+02
-3.964950000000000045e+02
-3.812737000000000194e+02
-3.679087999999999852e+02
-3.823874999999999886e+02
-3.909261999999999944e+02
-3.805312999999999874e+02
-3.875849999999999795e+02
-3.864712999999999852e+02
-3.853575000000000159e+02
-4.158000000000000114e+02
-3.998362000000000194e+02
-4.169137999999999806e+02
-4.332486999999999853e+02
-4.358475000000000250e+02
-4.120874999999999773e+02
-4.377038000000000011e+02
-4.183987000000000194e+02
-4.117162000000000148e+02
-4.180274999999999750e+02
-4.362187999999999874e+02
-4.139438000000000102e+02
-4.358475000000000250e+02
-4.584936999999999898e+02
-4.150575000000000045e+02
-4.365899999999999750e+02
-4.436437999999999988e+02
-4.310212000000000216e+02
-4.388174999999999955e+02
-4.258238000000000056e+02
-4.339911999999999921e+02
-4.518111999999999853e+02
-4.480987999999999829e+02
-4.577513000000000147e+02
-4.514399999999999977e+02
-4.573799999999999955e+02
-4.480987999999999829e+02
-4.777988000000000284e+02
-4.514399999999999977e+02
-4.740862000000000194e+02
-4.796549999999999727e+02
-4.811399999999999864e+02
-4.399311999999999898e+02
-4.373324999999999818e+02
-4.648050000000000068e+02
-4.339911999999999921e+02
-4.503263000000000034e+02
-4.555237000000000194e+02
-4.406738000000000284e+02
-4.525536999999999921e+02
-4.919062999999999874e+02
-4.540387999999999806e+02
-4.566374999999999886e+02
-4.874513000000000034e+02
-4.978462999999999852e+02
-4.833675000000000068e+02
-5.219774999999999636e+02
-5.186362000000000307e+02
-4.852237999999999829e+02
-5.264325000000000045e+02
-5.134388000000000147e+02
-5.290312999999999874e+02
-5.397975000000000136e+02
-5.115824999999999818e+02
-5.238337000000000216e+02
-5.527912999999999784e+02
-5.346000000000000227e+02
-5.312586999999999762e+02
-5.527912999999999784e+02
-5.223487999999999829e+02
-5.219774999999999636e+02
-5.316299999999999955e+02
-5.134388000000000147e+02
-4.982174999999999727e+02
-4.915350000000000250e+02
-4.982174999999999727e+02
-5.060138000000000034e+02
-5.115824999999999818e+02
-4.796549999999999727e+02
-4.826250000000000000e+02
-4.473562999999999761e+02
-4.339911999999999921e+02
-4.295362999999999829e+02
-4.258238000000000056e+02
-3.868424999999999727e+02
-3.619687999999999874e+02
-3.630824999999999818e+02
-3.697649999999999864e+02
-3.764474999999999909e+02
-3.705074999999999932e+02
-3.890699999999999932e+02
-4.057762000000000171e+02
-4.002074999999999818e+02
-4.046625000000000227e+02
-4.068899999999999864e+02
-4.050337999999999852e+02
-4.113450000000000273e+02
-4.317638000000000034e+02
-4.087461999999999875e+02
-4.061474999999999795e+02
-4.024350000000000023e+02
-3.615975000000000250e+02
-3.731062999999999761e+02
-3.601125000000000114e+02
-3.705074999999999932e+02
-3.745912000000000148e+02
-3.749624999999999773e+02
-3.883274999999999864e+02
-3.578849999999999909e+02
-3.623399999999999750e+02
-3.679087999999999852e+02
-3.783036999999999921e+02
-3.679087999999999852e+02
-3.853575000000000159e+02
-3.705074999999999932e+02
-3.801600000000000250e+02
-3.797887999999999806e+02
-3.912975000000000136e+02
-3.771899999999999977e+02
-3.938962000000000216e+02
-3.861000000000000227e+02
-3.731062999999999761e+02
-3.649388000000000147e+02
-3.968661999999999921e+02
-3.835013000000000147e+02
-3.916687999999999761e+02
-3.716211999999999875e+02
-3.742200000000000273e+02
-3.868424999999999727e+02
-3.912975000000000136e+02
-3.712500000000000000e+02
-3.894413000000000125e+02
-3.983512999999999806e+02
-3.679087999999999852e+02
-4.050337999999999852e+02
-4.117162000000000148e+02
-3.523163000000000125e+02
-3.912975000000000136e+02
-3.931537000000000148e+02
-3.786750000000000114e+02
-4.091175000000000068e+02
-3.912975000000000136e+02
-3.972375000000000114e+02
-3.883274999999999864e+02
-3.961236999999999853e+02
-3.738487999999999829e+02
-3.783036999999999921e+02
-4.054049999999999727e+02
-3.749624999999999773e+02
-3.886988000000000056e+02
-4.087461999999999875e+02
-4.169137999999999806e+02
-3.771899999999999977e+02
-3.953813000000000102e+02
-3.842436999999999898e+02
-3.964950000000000045e+02
-3.976087999999999738e+02
-3.849863000000000284e+02
-4.117162000000000148e+02
-4.161712999999999738e+02
-3.972375000000000114e+02
-4.068899999999999864e+02
-4.377038000000000011e+02
-4.232250000000000227e+02
-4.172850000000000250e+02
-4.232250000000000227e+02
-4.247099999999999795e+02
-4.187699999999999818e+02
-4.351050000000000182e+02
-4.158000000000000114e+02
-4.172850000000000250e+02
-4.336200000000000045e+02
-4.347337999999999738e+02
-4.421587999999999852e+02
-4.506974999999999909e+02
-4.458711999999999875e+02
-4.221113000000000284e+02
-4.087461999999999875e+02
-3.797887999999999806e+02
-3.875849999999999795e+02
-3.831299999999999955e+02
-3.838725000000000023e+02
-4.176562999999999874e+02
-3.872137000000000171e+02
-4.076324999999999932e+02
-4.054049999999999727e+02
-4.113450000000000273e+02
-4.016924999999999955e+02
-4.102312999999999761e+02
-3.950099999999999909e+02
-3.946388000000000034e+02
-3.886988000000000056e+02
-3.708788000000000125e+02
-3.783036999999999921e+02
-3.786750000000000114e+02
-3.994649999999999750e+02
-3.953813000000000102e+02
-3.909261999999999944e+02
-3.961236999999999853e+02
-3.846150000000000091e+02
-3.604837999999999738e+02
-3.849863000000000284e+02
-3.649388000000000147e+02
-3.508312999999999988e+02
-3.753337000000000216e+02
-3.623399999999999750e+02
-3.623399999999999750e+02
-3.801600000000000250e+02
-3.749624999999999773e+02
-3.615975000000000250e+02
-3.675375000000000227e+02
-3.560287000000000148e+02
-3.571424999999999841e+02
-3.872137000000000171e+02
-3.742200000000000273e+02
-3.656811999999999898e+02
-3.690224999999999795e+02
-3.719925000000000068e+02
-3.638249999999999886e+02
-3.645674999999999955e+02
-3.686512000000000171e+02
-3.742200000000000273e+02
-3.757049999999999841e+02
-3.675375000000000227e+02
-3.593700000000000045e+02
-3.990937999999999874e+02
-3.916687999999999761e+02
-3.738487999999999829e+02
-3.716211999999999875e+02
-3.905550000000000068e+02
-3.738487999999999829e+02
-3.745912000000000148e+02
-3.909261999999999944e+02
-3.879562999999999988e+02
-3.920400000000000205e+02
-3.972375000000000114e+02
-3.942674999999999841e+02
-3.794175000000000182e+02
-3.868424999999999727e+02
-3.757049999999999841e+02
-3.894413000000000125e+02
-3.775611999999999853e+02
-3.987225000000000250e+02
-3.961236999999999853e+02
-4.028061999999999898e+02
-3.964950000000000045e+02
-3.924112999999999829e+02
-4.002074999999999818e+02
-3.883274999999999864e+02
-3.786750000000000114e+02
-3.857287999999999784e+02
-3.816449999999999818e+02
-3.938962000000000216e+02
-4.169137999999999806e+02
-4.054049999999999727e+02
-4.083750000000000000e+02
-4.109737999999999829e+02
-3.775611999999999853e+02
-3.927825000000000273e+02
-4.113450000000000273e+02
-4.054049999999999727e+02
-4.083750000000000000e+02
-4.057762000000000171e+02
-4.098600000000000136e+02
-4.035488000000000284e+02
-3.950099999999999909e+02
-3.912975000000000136e+02
-4.235962999999999852e+02
-4.191413000000000011e+02
-3.990937999999999874e+02
-4.146861999999999853e+02
-4.083750000000000000e+02
-4.065187999999999988e+02
-4.046625000000000227e+02
-4.061474999999999795e+02
-4.050337999999999852e+02
-4.054049999999999727e+02
-4.094886999999999944e+02
-4.232250000000000227e+02
-4.106025000000000205e+02
-3.864712999999999852e+02
-4.002074999999999818e+02
-4.057762000000000171e+02
-3.968661999999999921e+02
-3.994649999999999750e+02
-4.035488000000000284e+02
-4.028061999999999898e+02
-4.254524999999999864e+02
-4.124587000000000216e+02
-4.172850000000000250e+02
-4.005788000000000011e+02
-4.120874999999999773e+02
-4.295362999999999829e+02
-4.091175000000000068e+02
-3.500887000000000171e+02
-3.690224999999999795e+02
-3.653100000000000023e+02
-3.630824999999999818e+02
-3.768188000000000102e+02
-3.486037999999999784e+02
-3.604837999999999738e+02
-3.816449999999999818e+02
-3.705074999999999932e+02
-3.545437999999999761e+02
-3.563999999999999773e+02
-3.556575000000000273e+02
-3.538011999999999944e+02
-3.693937999999999988e+02
-3.552862999999999829e+02
-3.534300000000000068e+02
-3.660525000000000091e+02
-3.500887000000000171e+02
-3.526875000000000000e+02
-3.716211999999999875e+02
-3.500887000000000171e+02
-3.478613000000000284e+02
-3.693937999999999988e+02
-3.478613000000000284e+02
-3.575138000000000034e+02
-3.775611999999999853e+02
-3.675375000000000227e+02
-3.582563000000000102e+02
-3.708788000000000125e+02
-3.797887999999999806e+02
-3.708788000000000125e+02
-3.805312999999999874e+02
-3.775611999999999853e+02
-3.630824999999999818e+02
-3.790462999999999738e+02
-3.812737000000000194e+02
-3.731062999999999761e+02
-3.727350000000000136e+02
-3.771899999999999977e+02
-3.705074999999999932e+02
-3.875849999999999795e+02
-3.957524999999999977e+02
-3.757049999999999841e+02
-3.827588000000000079e+02
-3.886988000000000056e+02
-3.861000000000000227e+02
-3.912975000000000136e+02
-3.849863000000000284e+02
-3.675375000000000227e+02
-3.653100000000000023e+02
-3.619687999999999874e+02
