1.848881000000000085e+02
2.038224999999999909e+02
1.581572999999999922e+02
1.347678999999999974e+02
1.718940000000000055e+02
1.310552999999999884e+02
9.652795000000000414e+01
1.507321000000000026e+02
1.098933999999999997e+02
1.069232999999999976e+02
1.154622999999999990e+02
8.910272000000000503e+01
7.425226999999999578e+01
1.091508000000000038e+02
7.128216999999999359e+01
6.794083000000000538e+01
6.645578000000000429e+01
5.197659000000000162e+01
5.865928999999999860e+01
4.863522999999999996e+01
3.601234999999999786e+01
3.192847000000000079e+01
4.306631000000000142e+01
2.041937000000000069e+01
2.264694000000000074e+01
1.522170999999999985e+01
4.083874999999999922e+00
-9.281250000000000000e+00
-3.712500000000000244e-01
1.670675999999999917e+01
-1.522124999999999950e+01
-3.712499999999999911e+00
-1.373625000000000007e+01
-2.004749999999999943e+01
-1.484999999999999964e+01
-1.744875000000000043e+01
-1.744875000000000043e+01
-2.227499999999999858e+01
-1.410749999999999993e+01
2.116189999999999927e+01
1.188035999999999959e+01
-4.083750000000000213e+00
2.450325000000000131e+01
3.267099999999999937e+01
-1.856249999999999956e+00
3.861117999999999739e+01
3.229973999999999990e+01
3.155721000000000132e+01
1.633549999999999969e+01
2.301820000000000022e+01
2.598828999999999834e+00
-4.826249999999999929e+00
1.002406000000000041e+01
1.299414999999999942e+01
-1.373625000000000007e+01
6.682704000000000200e+00
-3.786749999999999972e+01
-7.053749999999999964e+00
0.000000000000000000e+00
-3.972375000000000256e+01
-3.155624999999999858e+01
-1.188000000000000078e+01
-2.561625000000000085e+01
-2.227499999999999858e+01
-2.487375000000000114e+01
-2.116124999999999901e+01
-1.113749999999999929e+01
-4.083749999999999858e+01
-5.977125000000000199e+01
-2.784375000000000000e+01
-3.675374999999999659e+01
-7.090874999999999773e+01
-4.380749999999999744e+01
-2.932874999999999943e+01
-4.046625000000000227e+01
-5.717249999999999943e+01
-3.304124999999999801e+01
-3.786749999999999972e+01
-3.898125000000000284e+01
-4.195125000000000171e+01
-4.529249999999999687e+01
-4.566375000000000028e+01
-4.380749999999999744e+01
-4.937624999999999886e+01
-5.123250000000000171e+01
-2.784375000000000000e+01
-4.083749999999999858e+01
-3.860999999999999943e+01
-4.306499999999999773e+01
-4.566375000000000028e+01
-6.348375000000000057e+01
-3.192749999999999844e+01
-4.566375000000000028e+01
-3.564000000000000057e+01
-5.049000000000000199e+01
-5.457374999999999687e+01
-4.826250000000000284e+01
-5.420250000000000057e+01
-7.387874999999999659e+01
-4.937624999999999886e+01
-2.747250000000000014e+01
-3.267000000000000171e+01
-5.049000000000000199e+01
-3.972375000000000256e+01
-4.677750000000000341e+01
-5.086124999999999829e+01
-3.155624999999999858e+01
-3.304124999999999801e+01
-6.459749999999999659e+01
-6.385499999999999687e+01
-5.086124999999999829e+01
-6.868125000000000568e+01
-7.276500000000000057e+01
-7.128000000000000114e+01
-7.128000000000000114e+01
-6.571125000000000682e+01
-4.937624999999999886e+01
-5.271750000000000114e+01
-7.239374999999999716e+01
-6.608249999999999602e+01
-8.056125000000000114e+01
-2.821499999999999986e+01
-2.561625000000000085e+01
-5.420250000000000057e+01
-5.086124999999999829e+01
-4.900500000000000256e+01
-5.420250000000000057e+01
-6.051375000000000171e+01
-5.086124999999999829e+01
-5.791499999999999915e+01
-4.752000000000000313e+01
-3.564000000000000057e+01
-6.496875000000000000e+01
-5.011874999999999858e+01
-4.566375000000000028e+01
-2.969999999999999929e+01
-4.603499999999999659e+01
-7.165125000000000455e+01
-7.462125000000000341e+01
-5.271750000000000114e+01
-5.642999999999999972e+01
-6.942374999999999829e+01
-6.348375000000000057e+01
-5.791499999999999915e+01
-6.385499999999999687e+01
-8.687250000000000227e+01
-5.865749999999999886e+01
-8.650124999999999886e+01
-6.496875000000000000e+01
-6.831000000000000227e+01
-8.761499999999999488e+01
-6.905249999999999488e+01
-8.315999999999999659e+01
-8.538750000000000284e+01
-5.642999999999999972e+01
-6.236999999999999744e+01
-8.390250000000000341e+01
-8.872875000000000512e+01
-4.232249999999999801e+01
-8.130374999999999375e+01
-8.018999999999999773e+01
-5.939999999999999858e+01
-6.422624999999999318e+01
-9.058499999999999375e+01
-7.796250000000000568e+01
-1.002374999999999972e+02
-8.464499999999999602e+01
-6.162749999999999773e+01
-9.021375000000000455e+01
-8.093250000000000455e+01
-7.907625000000000171e+01
-8.093250000000000455e+01
-8.241750000000000398e+01
-9.318375000000000341e+01
-1.028362999999999943e+02
-9.206999999999999318e+01
-9.949500000000000455e+01
-8.315999999999999659e+01
-6.608249999999999602e+01
-3.786749999999999972e+01
-4.974750000000000227e+01
-5.494500000000000028e+01
-4.789124999999999943e+01
-4.974750000000000227e+01
-6.905249999999999488e+01
-5.160374999999999801e+01
-5.494500000000000028e+01
-7.536374999999999602e+01
-6.311249999999999716e+01
-4.417875000000000085e+01
-6.979500000000000171e+01
-6.534000000000000341e+01
-6.831000000000000227e+01
-7.090874999999999773e+01
-4.566375000000000028e+01
-6.385499999999999687e+01
-6.125625000000000142e+01
-3.601124999999999687e+01
-5.939999999999999858e+01
-7.313625000000000398e+01
-6.756749999999999545e+01
-7.090874999999999773e+01
-7.425000000000000000e+01
-9.095624999999999716e+01
-7.684874999999999545e+01
-7.981874999999999432e+01
-7.090874999999999773e+01
-7.387874999999999659e+01
-8.501624999999999943e+01
-7.239374999999999716e+01
-7.610625000000000284e+01
-1.147162000000000006e+02
-8.427375000000000682e+01
-6.534000000000000341e+01
-8.798624999999999829e+01
-8.315999999999999659e+01
-9.058499999999999375e+01
-1.013512000000000057e+02
-9.689624999999999488e+01
-1.232549999999999955e+02
-1.169437000000000069e+02
-1.162012000000000000e+02
-1.009800000000000040e+02
-1.039500000000000028e+02
-1.239975000000000023e+02
-1.080337999999999994e+02
-8.724375000000000568e+01
-1.128599999999999994e+02
-1.136025000000000063e+02
-1.076624999999999943e+02
-9.875249999999999773e+01
-1.009800000000000040e+02
-8.650124999999999886e+01
-9.949500000000000455e+01
-1.154586999999999932e+02
-1.050638000000000005e+02
-1.180575000000000045e+02
-1.262249999999999943e+02
-1.329074999999999989e+02
-1.291949999999999932e+02
-1.336500000000000057e+02
-1.262249999999999943e+02
-1.366200000000000045e+02
-1.425600000000000023e+02
-1.306800000000000068e+02
-1.254825000000000017e+02
-1.418174999999999955e+02
-1.358774999999999977e+02
-1.291949999999999932e+02
-1.217699999999999960e+02
-1.247399999999999949e+02
-1.139737999999999971e+02
-1.251113000000000000e+02
-1.265962999999999994e+02
-1.273388000000000062e+02
-1.299375000000000000e+02
-1.381049999999999898e+02
-1.459011999999999887e+02
-1.258538000000000068e+02
-1.392187999999999874e+02
-1.503562000000000012e+02
-1.306800000000000068e+02
-1.503562000000000012e+02
-1.329074999999999989e+02
-1.392187999999999874e+02
-1.355063000000000102e+02
-1.265962999999999994e+02
-1.310512999999999977e+02
-1.221413000000000011e+02
-1.384763000000000090e+02
-1.622363000000000000e+02
-1.499850000000000136e+02
-1.317937000000000012e+02
-1.358774999999999977e+02
-1.243687999999999931e+02
-1.392187999999999874e+02
-1.202849999999999966e+02
-1.369912999999999954e+02
-1.514699999999999989e+02
-1.332786999999999864e+02
-1.488711999999999875e+02
-1.510988000000000113e+02
-1.395900000000000034e+02
-1.265962999999999994e+02
-1.392187999999999874e+02
-1.570388000000000090e+02
-1.551825000000000045e+02
-1.689187000000000012e+02
-1.496137999999999977e+02
-1.570388000000000090e+02
-1.459011999999999887e+02
-9.689624999999999488e+01
-1.054350000000000023e+02
-1.058062999999999931e+02
-1.054350000000000023e+02
-1.046924999999999955e+02
-1.176861999999999995e+02
-1.080337999999999994e+02
-1.128599999999999994e+02
-1.258538000000000068e+02
-1.098900000000000006e+02
-1.239975000000000023e+02
-1.236263000000000005e+02
-1.147162000000000006e+02
-1.247399999999999949e+02
-1.128599999999999994e+02
-8.612999999999999545e+01
-8.464499999999999602e+01
-9.244124999999999659e+01
-8.687250000000000227e+01
-7.684874999999999545e+01
-8.724375000000000568e+01
-8.056125000000000114e+01
-9.206999999999999318e+01
-8.241750000000000398e+01
-7.053749999999999432e+01
-6.645374999999999943e+01
-1.050638000000000005e+02
-8.130374999999999375e+01
-6.274125000000000085e+01
-8.278874999999999318e+01
-9.058499999999999375e+01
-7.573499999999999943e+01
-8.056125000000000114e+01
-7.684874999999999545e+01
-7.944750000000000512e+01
-1.080337999999999994e+02
-8.538750000000000284e+01
-8.538750000000000284e+01
-8.612999999999999545e+01
-9.949500000000000455e+01
-9.726749999999999829e+01
-7.944750000000000512e+01
-8.241750000000000398e+01
-1.061774999999999949e+02
-8.650124999999999886e+01
-8.724375000000000568e+01
-9.355500000000000682e+01
-9.578249999999999886e+01
-8.464499999999999602e+01
-1.043212999999999937e+02
-9.466875000000000284e+01
-1.098900000000000006e+02
-9.949500000000000455e+01
-9.763875000000000171e+01
-9.392624999999999602e+01
-5.828625000000000256e+01
-8.798624999999999829e+01
-8.315999999999999659e+01
-1.039500000000000028e+02
-7.684874999999999545e+01
-8.018999999999999773e+01
-9.838124999999999432e+01
-9.689624999999999488e+01
-9.689624999999999488e+01
-9.095624999999999716e+01
-9.689624999999999488e+01
-1.162012000000000000e+02
-9.132750000000000057e+01
-8.130374999999999375e+01
-8.612999999999999545e+01
-1.050638000000000005e+02
-9.095624999999999716e+01
-9.541124999999999545e+01
-1.032074999999999960e+02
-9.726749999999999829e+01
-1.087763000000000062e+02
-1.098900000000000006e+02
-1.143449999999999989e+02
-1.184287000000000063e+02
-1.061774999999999949e+02
-1.132313000000000045e+02
-1.046924999999999955e+02
-1.098900000000000006e+02
-1.121175000000000068e+02
-1.258538000000000068e+02
-1.236263000000000005e+02
-1.095187999999999988e+02
-1.106324999999999932e+02
-1.325363000000000113e+02
-1.351349999999999909e+02
-1.225125000000000028e+02
-1.199137000000000057e+02
-1.332786999999999864e+02
-1.306800000000000068e+02
-1.269675000000000011e+02
-1.488711999999999875e+02
-1.084050000000000011e+02
-6.831000000000000227e+01
-9.058499999999999375e+01
-9.132750000000000057e+01
-7.573499999999999943e+01
-8.761499999999999488e+01
-6.348375000000000057e+01
-7.462125000000000341e+01
-8.538750000000000284e+01
-8.018999999999999773e+01
-8.650124999999999886e+01
-8.612999999999999545e+01
-8.575875000000000625e+01
-8.835750000000000171e+01
-9.912375000000000114e+01
-7.944750000000000512e+01
-8.612999999999999545e+01
-9.541124999999999545e+01
-1.002374999999999972e+02
-9.132750000000000057e+01
-7.647750000000000625e+01
-1.058062999999999931e+02
-9.652500000000000568e+01
-9.206999999999999318e+01
-1.013512000000000057e+02
