2.116189999999999998e+02
2.157027999999999963e+02
1.845168999999999926e+02
1.889720000000000084e+02
1.622411999999999921e+02
1.303127000000000066e+02
1.503608000000000118e+02
1.284564000000000021e+02
1.243725000000000023e+02
1.199174000000000007e+02
1.169472999999999985e+02
8.798893999999999949e+01
7.796487999999999374e+01
9.430038000000000409e+01
5.754551000000000016e+01
7.796488000000000085e+00
2.487451000000000079e+01
0.000000000000000000e+00
-2.895749999999999957e+01
2.598828999999999834e+00
2.264694000000000074e+01
-2.116124999999999901e+01
-3.044249999999999901e+01
-4.269375000000000142e+01
-6.719625000000000625e+01
-8.575875000000000625e+01
-1.165725000000000051e+02
-1.258538000000000068e+02
-1.347637000000000000e+02
-1.399612999999999943e+02
-1.421887999999999863e+02
-1.652062999999999988e+02
-1.807988000000000000e+02
-1.577812999999999874e+02
-1.819124999999999943e+02
-2.027024999999999864e+02
-2.053012999999999977e+02
-1.718887000000000000e+02
-2.097563000000000102e+02
-2.398274999999999864e+02
-2.249774999999999920e+02
-2.647013000000000034e+02
-2.765812000000000239e+02
-2.728686999999999898e+02
-2.910600000000000023e+02
-2.765812000000000239e+02
-3.148199999999999932e+02
-2.840063000000000102e+02
-2.658149999999999977e+02
-2.546775000000000091e+02
-2.806650000000000205e+02
-2.955149999999999864e+02
-2.758387000000000171e+02
-3.044250000000000114e+02
-2.866050000000000182e+02
-3.021974999999999909e+02
-2.851200000000000045e+02
-2.903174999999999955e+02
-3.163050000000000068e+02
-2.784375000000000000e+02
-3.177900000000000205e+02
-2.970000000000000000e+02
-3.266999999999999886e+02
-3.805312999999999874e+02
-3.478613000000000284e+02
-3.408075000000000045e+02
-4.024350000000000023e+02
-3.679087999999999852e+02
-3.560287000000000148e+02
-3.753337000000000216e+02
-3.456338000000000079e+02
-3.196462000000000216e+02
-3.088799999999999955e+02
-3.114787999999999784e+02
-3.203888000000000034e+02
-3.266999999999999886e+02
-3.359812999999999761e+02
-3.500887000000000171e+02
-3.437774999999999750e+02
-3.705074999999999932e+02
-3.426637999999999806e+02
-3.248437999999999874e+02
-3.667950000000000159e+02
-3.515738000000000056e+02
-3.664238000000000284e+02
-3.953813000000000102e+02
-3.545437999999999761e+02
-3.719925000000000068e+02
-3.779325000000000045e+02
-3.682799999999999727e+02
-3.801600000000000250e+02
-3.708788000000000125e+02
-3.627112000000000194e+02
-3.586274999999999977e+02
-3.697649999999999864e+02
-3.749624999999999773e+02
-3.987225000000000250e+02
-3.823874999999999886e+02
-3.608550000000000182e+02
-3.679087999999999852e+02
-3.474900000000000091e+02
-3.300412999999999784e+02
-3.196462000000000216e+02
-3.589986999999999853e+02
-3.504599999999999795e+02
-3.563999999999999773e+02
-3.749624999999999773e+02
-3.872137000000000171e+02
-3.742200000000000273e+02
-3.905550000000000068e+02
-3.961236999999999853e+02
-3.615975000000000250e+02
-3.961236999999999853e+02
-4.002074999999999818e+02
-3.961236999999999853e+02
-4.042912999999999784e+02
-3.835013000000000147e+02
-3.861000000000000227e+02
-3.957524999999999977e+02
-3.883274999999999864e+02
-4.016924999999999955e+02
-4.087461999999999875e+02
-4.094886999999999944e+02
-4.317638000000000034e+02
-4.570088000000000079e+02
-4.265663000000000125e+02
-4.477275000000000205e+02
-4.551524999999999750e+02
-4.466138000000000261e+02
-4.525536999999999921e+02
-4.633199999999999932e+02
-4.700024999999999977e+02
-4.584936999999999898e+02
-4.518111999999999853e+02
-4.751999999999999886e+02
-4.640625000000000000e+02
-4.844812999999999761e+02
-4.822538000000000125e+02
-4.763138000000000147e+02
-4.841100000000000136e+02
-4.744574999999999818e+02
-4.774275000000000091e+02
-5.052712000000000216e+02
-5.019300000000000068e+02
-5.023013000000000261e+02
-5.037862999999999829e+02
-5.093550000000000182e+02
-5.245761999999999716e+02
-5.308875000000000455e+02
-5.086125000000000114e+02
-5.264325000000000045e+02
-5.461087999999999738e+02
-5.216063000000000329e+02
-5.565037999999999556e+02
-5.316299999999999955e+02
-5.182649999999999864e+02
-5.227200000000000273e+02
-5.405399999999999636e+02
-5.390549999999999500e+02
-5.438812000000000353e+02
-5.175225000000000364e+02
-5.271749999999999545e+02
-5.461087999999999738e+02
-5.245761999999999716e+02
-5.468513000000000375e+02
-5.334863000000000284e+02
-5.557612000000000307e+02
-5.565037999999999556e+02
-5.405399999999999636e+02
-5.854611999999999625e+02
-5.754375000000000000e+02
-5.453663000000000238e+02
-5.357137000000000171e+02
-5.683836999999999762e+02
-5.624437000000000353e+02
-5.769225000000000136e+02
-5.817487999999999602e+02
-5.991974999999999909e+02
-5.869461999999999762e+02
-5.865750000000000455e+02
-5.449950000000000045e+02
-5.579887999999999693e+02
-5.761799999999999500e+02
-5.720963000000000420e+02
-5.776649999999999636e+02
-5.940000000000000000e+02
-5.761799999999999500e+02
-5.772938000000000329e+02
-5.947424999999999500e+02
-5.772938000000000329e+02
-5.876888000000000147e+02
-5.965987999999999829e+02
-5.843474999999999682e+02
-5.746950000000000500e+02
-5.880599999999999454e+02
-5.813775000000000546e+02
-5.787786999999999580e+02
-5.776649999999999636e+02
-5.965987999999999829e+02
-5.828624999999999545e+02
-5.839763000000000375e+02
-5.925149999999999864e+02
-5.754375000000000000e+02
-5.947424999999999500e+02
-5.891738000000000284e+02
-5.720963000000000420e+02
-5.891738000000000284e+02
-5.854611999999999625e+02
-5.349713000000000420e+02
-5.457374999999999545e+02
-5.583600000000000136e+02
-5.342287999999999784e+02
-5.479650000000000318e+02
-5.687549999999999955e+02
-5.464800000000000182e+02
-5.583600000000000136e+02
-5.813775000000000546e+02
-5.758088000000000193e+02
-5.676412000000000262e+02
-5.884312999999999647e+02
-5.828624999999999545e+02
-5.888025000000000091e+02
-5.817487999999999602e+02
-5.921436999999999671e+02
-6.047662000000000262e+02
-5.873174999999999955e+02
-5.579887999999999693e+02
-5.446237999999999602e+02
-5.646712999999999738e+02
-5.806349999999999909e+02
-5.713537999999999784e+02
-5.798925000000000409e+02
-5.587313000000000329e+02
-5.527912999999999784e+02
-5.472224999999999682e+02
-5.464800000000000182e+02
-5.371987000000000307e+02
-5.156662999999999784e+02
-4.978462999999999852e+02
-5.108399999999999750e+02
-5.141812999999999647e+02
-4.997024999999999864e+02
-5.089837999999999738e+02
-5.138099999999999454e+02
-4.948763000000000147e+02
-4.989599999999999795e+02
-5.048999999999999773e+02
-5.123250000000000455e+02
-4.911637999999999806e+02
-4.945049999999999955e+02
-5.034150000000000205e+02
-4.974750000000000227e+02
-4.867087000000000216e+02
-4.885649999999999977e+02
-5.178936999999999671e+02
-4.993312999999999988e+02
-4.180274999999999750e+02
-3.938962000000000216e+02
-4.087461999999999875e+02
-4.076324999999999932e+02
-4.002074999999999818e+02
-4.158000000000000114e+02
-4.239674999999999727e+02
-4.183987000000000194e+02
-4.395600000000000023e+02
-4.258238000000000056e+02
-4.328774999999999977e+02
-4.532962999999999738e+02
-4.172850000000000250e+02
-4.492124999999999773e+02
-4.518111999999999853e+02
-4.280511999999999944e+02
-4.247099999999999795e+02
-4.837388000000000261e+02
-4.403025000000000091e+02
-4.447574999999999932e+02
-4.421587999999999852e+02
-4.351050000000000182e+02
-4.391888000000000147e+02
-4.429012000000000171e+02
-4.221113000000000284e+02
-4.503263000000000034e+02
-4.510688000000000102e+02
-4.362187999999999874e+02
-4.362187999999999874e+02
-4.235962999999999852e+02
-4.094886999999999944e+02
-4.269375000000000000e+02
-4.354762999999999806e+02
-4.273086999999999875e+02
-4.299075000000000273e+02
-4.484700000000000273e+02
-4.302787000000000148e+02
-4.180274999999999750e+02
-4.551524999999999750e+02
-4.473562999999999761e+02
-4.321349999999999909e+02
-4.154286999999999921e+02
-3.827588000000000079e+02
-3.589986999999999853e+02
-4.046625000000000227e+02
-4.054049999999999727e+02
-3.764474999999999909e+02
-3.994649999999999750e+02
-4.102312999999999761e+02
-3.783036999999999921e+02
-3.953813000000000102e+02
-4.165425000000000182e+02
-4.083750000000000000e+02
-3.972375000000000114e+02
-4.050337999999999852e+02
-3.950099999999999909e+02
-4.072613000000000056e+02
-4.106025000000000205e+02
-4.083750000000000000e+02
-4.083750000000000000e+02
-4.106025000000000205e+02
-4.198838000000000079e+02
-4.202549999999999955e+02
-4.477275000000000205e+02
-4.354762999999999806e+02
-4.332486999999999853e+02
-4.336200000000000045e+02
-4.362187999999999874e+02
-4.351050000000000182e+02
-4.429012000000000171e+02
-4.488412000000000148e+02
-4.443863000000000056e+02
-4.369612000000000194e+02
-4.339911999999999921e+02
-4.391888000000000147e+02
-4.354762999999999806e+02
-4.276800000000000068e+02
-4.295362999999999829e+02
-4.265663000000000125e+02
-3.771899999999999977e+02
-3.753337000000000216e+02
-3.768188000000000102e+02
-3.905550000000000068e+02
-3.879562999999999988e+02
-3.805312999999999874e+02
-3.612262999999999806e+02
-3.987225000000000250e+02
-3.983512999999999806e+02
-3.879562999999999988e+02
-3.957524999999999977e+02
-4.013213000000000079e+02
-4.035488000000000284e+02
-4.061474999999999795e+02
-4.065187999999999988e+02
-4.209975000000000023e+02
-4.258238000000000056e+02
-4.206263000000000147e+02
-4.091175000000000068e+02
-4.213686999999999898e+02
-4.247099999999999795e+02
-4.202549999999999955e+02
-4.406738000000000284e+02
-4.280511999999999944e+02
-4.276800000000000068e+02
-4.328774999999999977e+02
-4.455000000000000000e+02
-3.927825000000000273e+02
-4.117162000000000148e+02
-4.113450000000000273e+02
-4.132013000000000034e+02
-4.239674999999999727e+02
-4.165425000000000182e+02
-4.057762000000000171e+02
-4.247099999999999795e+02
-4.295362999999999829e+02
-4.180274999999999750e+02
-4.287937999999999761e+02
-4.347337999999999738e+02
-4.343625000000000114e+02
-4.358475000000000250e+02
-4.399311999999999898e+02
-4.321349999999999909e+02
-4.425299999999999727e+02
-4.447574999999999932e+02
-4.269375000000000000e+02
-4.506974999999999909e+02
-4.688888000000000034e+02
-4.365899999999999750e+02
-4.287937999999999761e+02
-4.395600000000000023e+02
-4.146861999999999853e+02
-4.213686999999999898e+02
-4.269375000000000000e+02
-4.198838000000000079e+02
-3.816449999999999818e+02
-3.534300000000000068e+02
-3.467475000000000023e+02
-3.422925000000000182e+02
-3.612262999999999806e+02
-3.575138000000000034e+02
-3.266999999999999886e+02
-3.497174999999999727e+02
-3.556575000000000273e+02
-3.356100000000000136e+02
-3.330113000000000056e+02
-3.463763000000000147e+02
-3.426637999999999806e+02
-3.538011999999999944e+02
-3.478613000000000284e+02
-3.333824999999999932e+02
-3.519449999999999932e+02
-3.411786999999999921e+02
-3.497174999999999727e+02
-3.463763000000000147e+02
-3.463763000000000147e+02
-3.586274999999999977e+02
