-2.246062000000000012e+02
-2.609886999999999944e+02
-2.275762000000000000e+02
-2.350012999999999863e+02
-2.420550000000000068e+02
-2.390850000000000080e+02
-2.617312999999999761e+02
-2.513362999999999943e+02
-2.509650000000000034e+02
-2.632162000000000148e+02
-2.557913000000000068e+02
-2.595038000000000125e+02
-2.825212000000000216e+02
-2.665575000000000045e+02
-2.765812000000000239e+02
-2.903174999999999955e+02
-3.029399999999999977e+02
-2.736113000000000284e+02
-2.754674999999999727e+02
-2.743537999999999784e+02
-2.706413000000000011e+02
-2.851200000000000045e+02
-3.070237000000000194e+02
-2.880899999999999750e+02
-2.632162000000000148e+02
-2.962574999999999932e+02
-2.836349999999999909e+02
-2.892038000000000011e+02
-3.203888000000000034e+02
-3.281850000000000023e+02
-2.932875000000000227e+02
-3.010837000000000216e+02
-3.055387999999999806e+02
-3.036825000000000045e+02
-3.229875000000000114e+02
-3.244725000000000250e+02
-3.003412000000000148e+02
-3.207599999999999909e+02
-3.478613000000000284e+02
-3.333824999999999932e+02
-3.578849999999999909e+02
-3.419212999999999738e+02
-3.489750000000000227e+02
-3.530586999999999875e+02
-3.396938000000000102e+02
-3.419212999999999738e+02
-3.560287000000000148e+02
-3.441487000000000194e+02
-3.515738000000000056e+02
-3.519449999999999932e+02
-3.500887000000000171e+02
-3.486037999999999784e+02
-3.549150000000000205e+02
-3.452624999999999886e+02
-3.497174999999999727e+02
-3.571424999999999841e+02
-3.560287000000000148e+02
-3.367237999999999829e+02
-3.504599999999999795e+02
-3.823874999999999886e+02
-3.567712000000000216e+02
-3.445199999999999818e+02
-3.541725000000000136e+02
-3.727350000000000136e+02
-3.686512000000000171e+02
-3.563999999999999773e+02
-3.771899999999999977e+02
-3.619687999999999874e+02
-3.686512000000000171e+02
-3.601125000000000114e+02
-3.924112999999999829e+02
-3.690224999999999795e+02
-3.738487999999999829e+02
-3.927825000000000273e+02
-3.794175000000000182e+02
-4.002074999999999818e+02
-3.868424999999999727e+02
-3.794175000000000182e+02
-3.987225000000000250e+02
-4.002074999999999818e+02
-4.124587000000000216e+02
-4.039200000000000159e+02
-4.120874999999999773e+02
-3.827588000000000079e+02
-3.805312999999999874e+02
-3.998362000000000194e+02
-4.065187999999999988e+02
-3.998362000000000194e+02
-4.120874999999999773e+02
-4.031775000000000091e+02
-3.946388000000000034e+02
-4.443863000000000056e+02
-4.054049999999999727e+02
-4.183987000000000194e+02
-4.243387000000000171e+02
-4.091175000000000068e+02
-4.039200000000000159e+02
-4.362187999999999874e+02
-4.432724999999999795e+02
-4.139438000000000102e+02
-4.358475000000000250e+02
-4.213686999999999898e+02
-4.343625000000000114e+02
-4.477275000000000205e+02
-4.425299999999999727e+02
-4.202549999999999955e+02
-4.514399999999999977e+02
-4.777988000000000284e+02
-4.451288000000000125e+02
-4.584936999999999898e+02
-4.766850000000000023e+02
-4.636913000000000125e+02
-4.488412000000000148e+02
-4.610924999999999727e+02
-4.521825000000000045e+02
-4.688888000000000034e+02
-4.874513000000000034e+02
-4.777988000000000284e+02
-4.640625000000000000e+02
-4.933913000000000011e+02
-4.714875000000000114e+02
-4.607212999999999852e+02
-4.807687999999999988e+02
-4.792837999999999852e+02
-4.618349999999999795e+02
-4.896786999999999921e+02
-4.755713000000000079e+02
-4.547812999999999874e+02
-4.959900000000000091e+02
-5.063849999999999909e+02
-4.985887000000000171e+02
-5.019300000000000068e+02
-5.182649999999999864e+02
-5.212350000000000136e+02
-5.208637999999999693e+02
-5.141812999999999647e+02
-5.197500000000000000e+02
-5.331150000000000091e+02
-5.238337000000000216e+02
-5.457374999999999545e+02
-5.438812000000000353e+02
-5.275462999999999738e+02
-5.513062999999999647e+02
-5.412825000000000273e+02
-5.457374999999999545e+02
-5.390549999999999500e+02
-5.542762000000000171e+02
-5.520488000000000284e+02
-5.357137000000000171e+02
-5.617011999999999716e+02
-5.617011999999999716e+02
-5.591024999999999636e+02
-5.546475000000000364e+02
-4.655475000000000136e+02
-4.807687999999999988e+02
-4.826250000000000000e+02
-4.811399999999999864e+02
-4.885649999999999977e+02
-4.803974999999999795e+02
-4.900500000000000114e+02
-5.015586999999999875e+02
-4.993312999999999988e+02
-5.045287000000000148e+02
-5.067563000000000102e+02
-4.967325000000000159e+02
-4.395600000000000023e+02
-4.506974999999999909e+02
-4.622062999999999988e+02
-4.644336999999999875e+02
-4.614637000000000171e+02
-4.610924999999999727e+02
-4.443863000000000056e+02
-4.377038000000000011e+02
-4.733437999999999874e+02
-4.588650000000000091e+02
-4.462425000000000068e+02
-4.688888000000000034e+02
-4.332486999999999853e+02
-4.228537999999999784e+02
-4.674037000000000148e+02
-4.313924999999999841e+02
-4.410450000000000159e+02
-4.711161999999999921e+02
-4.462425000000000068e+02
-4.503263000000000034e+02
-4.807687999999999988e+02
-4.852237999999999829e+02
-4.588650000000000091e+02
-4.718587999999999738e+02
-4.714875000000000114e+02
-4.555237000000000194e+02
-4.722300000000000182e+02
-4.759424999999999955e+02
-4.584936999999999898e+02
-4.677749999999999773e+02
-4.562663000000000011e+02
-4.440149999999999864e+02
-4.584936999999999898e+02
-4.406738000000000284e+02
-4.217400000000000091e+02
-4.570088000000000079e+02
-4.406738000000000284e+02
-4.432724999999999795e+02
-4.655475000000000136e+02
-4.566374999999999886e+02
-4.332486999999999853e+02
-4.777988000000000284e+02
-4.659187999999999761e+02
-4.451288000000000125e+02
-4.570088000000000079e+02
-4.677749999999999773e+02
-4.633199999999999932e+02
-4.681462000000000216e+02
-4.893075000000000045e+02
-4.610924999999999727e+02
-4.503263000000000034e+02
-4.829961999999999875e+02
-4.640625000000000000e+02
-4.770561999999999898e+02
-4.896786999999999921e+02
-4.625774999999999864e+02
-4.462425000000000068e+02
-4.573799999999999955e+02
-4.455000000000000000e+02
-4.688888000000000034e+02
-4.674037000000000148e+02
-4.733437999999999874e+02
-4.525536999999999921e+02
-4.651763000000000261e+02
-4.670325000000000273e+02
-4.848525000000000205e+02
-4.907925000000000182e+02
-4.829961999999999875e+02
-4.844812999999999761e+02
-4.859662000000000148e+02
-4.681462000000000216e+02
-4.878224999999999909e+02
-4.997024999999999864e+02
-4.904212999999999738e+02
-4.948763000000000147e+02
-4.889361999999999853e+02
-5.041575000000000273e+02
-4.833675000000000068e+02
-4.948763000000000147e+02
-4.848525000000000205e+02
-5.134388000000000147e+02
-5.089837999999999738e+02
-5.063849999999999909e+02
-5.160375000000000227e+02
-5.234624999999999773e+02
-5.167799999999999727e+02
-5.230911999999999580e+02
-5.160375000000000227e+02
-5.227200000000000273e+02
-5.427675000000000409e+02
-5.123250000000000455e+02
-4.744574999999999818e+02
-4.662900000000000205e+02
-4.748288000000000011e+02
-4.599787999999999784e+02
-4.532962999999999738e+02
-4.729725000000000250e+02
-4.622062999999999988e+02
-4.881938000000000102e+02
-4.948763000000000147e+02
-4.815113000000000056e+02
-5.074986999999999853e+02
-5.312586999999999762e+02
-5.041575000000000273e+02
-5.019300000000000068e+02
-5.115824999999999818e+02
-4.974750000000000227e+02
-4.792837999999999852e+02
-4.748288000000000011e+02
-4.714875000000000114e+02
-4.766850000000000023e+02
-4.603500000000000227e+02
-4.674037000000000148e+02
-4.744574999999999818e+02
-4.811399999999999864e+02
-4.659187999999999761e+02
-4.737149999999999750e+02
-4.933913000000000011e+02
-4.729725000000000250e+02
-4.681462000000000216e+02
-4.930199999999999818e+02
-4.826250000000000000e+02
-4.826250000000000000e+02
-4.878224999999999909e+02
-4.707450000000000045e+02
-4.985887000000000171e+02
-5.282888000000000375e+02
-5.004449999999999932e+02
-5.000738000000000056e+02
-5.253187000000000353e+02
-5.123250000000000455e+02
-5.093550000000000182e+02
-5.145525000000000091e+02
-5.000738000000000056e+02
-4.755713000000000079e+02
-5.234624999999999773e+02
-5.037862999999999829e+02
-5.015586999999999875e+02
-4.974750000000000227e+02
-4.978462999999999852e+02
-5.026725000000000136e+02
-5.216063000000000329e+02
-5.108399999999999750e+02
-4.948763000000000147e+02
-5.193787999999999556e+02
-5.271749999999999545e+02
-5.201213000000000193e+02
-5.472224999999999682e+02
-5.152949999999999591e+02
-5.253187000000000353e+02
-5.371987000000000307e+02
-5.338574999999999591e+02
-5.152949999999999591e+02
-5.297736999999999625e+02
-5.364561999999999671e+02
-5.234624999999999773e+02
-5.357137000000000171e+02
-5.346000000000000227e+02
-5.204924999999999500e+02
-5.208637999999999693e+02
-4.878224999999999909e+02
-4.592363000000000284e+02
-4.722300000000000182e+02
-4.707450000000000045e+02
-4.662900000000000205e+02
-4.588650000000000091e+02
-4.659187999999999761e+02
-4.596075000000000159e+02
-4.789125000000000227e+02
-4.748288000000000011e+02
-4.625774999999999864e+02
-4.651763000000000261e+02
-4.577513000000000147e+02
-4.532962999999999738e+02
-4.833675000000000068e+02
-4.703736999999999853e+02
-4.677749999999999773e+02
-4.766850000000000023e+02
-4.640625000000000000e+02
-4.740862000000000194e+02
-4.763138000000000147e+02
-4.629488000000000056e+02
-4.781700000000000159e+02
-4.777988000000000284e+02
-4.748288000000000011e+02
-4.729725000000000250e+02
-4.648050000000000068e+02
-4.729725000000000250e+02
-4.714875000000000114e+02
-4.811399999999999864e+02
-4.726012999999999806e+02
-4.811399999999999864e+02
-4.700024999999999977e+02
-4.703736999999999853e+02
-4.822538000000000125e+02
-4.818824999999999932e+02
-4.729725000000000250e+02
-4.633199999999999932e+02
-4.826250000000000000e+02
-4.640625000000000000e+02
-4.648050000000000068e+02
-4.703736999999999853e+02
-4.737149999999999750e+02
-4.681462000000000216e+02
-4.722300000000000182e+02
-4.930199999999999818e+02
-4.748288000000000011e+02
-4.848525000000000205e+02
-4.829961999999999875e+02
-4.852237999999999829e+02
-4.755713000000000079e+02
-4.959900000000000091e+02
-4.885649999999999977e+02
-4.978462999999999852e+02
-5.134388000000000147e+02
-4.963613000000000284e+02
-5.074986999999999853e+02
-5.019300000000000068e+02
-4.893075000000000045e+02
-5.134388000000000147e+02
-5.197500000000000000e+02
-4.870799999999999841e+02
-5.067563000000000102e+02
-5.126961999999999762e+02
-4.971037999999999784e+02
-4.922774999999999750e+02
-5.230911999999999580e+02
-5.100975000000000250e+02
-5.175225000000000364e+02
-5.123250000000000455e+02
-5.141812999999999647e+02
-5.082411999999999921e+02
-5.108399999999999750e+02
-5.134388000000000147e+02
-5.201213000000000193e+02
-5.175225000000000364e+02
-5.294025000000000318e+02
-5.386838000000000193e+02
-5.175225000000000364e+02
-5.141812999999999647e+02
-5.104687999999999874e+02
-5.201213000000000193e+02
-5.078700000000000045e+02
-5.123250000000000455e+02
-5.138099999999999454e+02
-5.037862999999999829e+02
-5.034150000000000205e+02
