-2.375628999999999905e+03
-2.463244000000000142e+03
-2.443195999999999913e+03
-2.430574000000000069e+03
-2.443568000000000211e+03
-2.472896000000000186e+03
-2.478835999999999785e+03
-2.477722000000000207e+03
-2.510021000000000186e+03
-2.483291000000000167e+03
-2.498884000000000015e+03
-2.487375000000000000e+03
-2.498884000000000015e+03
-2.471411000000000058e+03
-2.516704000000000178e+03
-2.532295999999999822e+03
-2.500369000000000142e+03
-2.522643999999999778e+03
-2.536009000000000015e+03
-2.541577999999999975e+03
-2.557541000000000167e+03
-2.586498999999999796e+03
-2.605804000000000087e+03
-2.598007999999999811e+03
-2.582786000000000058e+03
-2.612856999999999971e+03
-2.657778999999999996e+03
-2.625480000000000018e+03
-2.632534000000000106e+03
-2.666318000000000211e+03
-2.673371000000000095e+03
-2.674856000000000222e+03
-2.675969999999999800e+03
-2.705298999999999978e+03
-2.676340999999999894e+03
-2.716807999999999993e+03
-2.733885000000000218e+03
-2.745021999999999935e+03
-2.749478000000000065e+03
-2.731657000000000153e+03
-2.739083000000000084e+03
-2.760985999999999876e+03
-2.775835999999999785e+03
-2.759873000000000047e+03
-2.799967999999999847e+03
-2.793284999999999854e+03
-2.840434000000000196e+03
-2.839320000000000164e+03
-2.831523999999999887e+03
-2.817416000000000167e+03
-2.867905999999999949e+03
-2.828925000000000182e+03
-2.835235999999999876e+03
-2.871248000000000047e+03
-2.872731999999999971e+03
-2.911342999999999847e+03
-2.911713999999999942e+03
-2.899090999999999894e+03
-2.903175000000000182e+03
-2.941041999999999916e+03
-2.961833000000000084e+03
-2.906144999999999982e+03
-2.969257999999999811e+03
-2.966659000000000106e+03
-2.905773999999999887e+03
-2.985963999999999942e+03
-2.978909999999999854e+03
-2.984478999999999814e+03
-2.973713000000000193e+03
-3.016405999999999949e+03
-2.969257999999999811e+03
-3.058728999999999814e+03
-3.060213999999999942e+03
-2.987449000000000069e+03
-3.026429999999999836e+03
-3.060213999999999942e+03
-3.006753999999999905e+03
-3.010465999999999894e+03
-3.028657000000000153e+03
-3.013436000000000149e+03
-3.011951000000000022e+03
-3.018262000000000171e+03
-3.000443000000000211e+03
-2.996358999999999924e+03
-3.102536000000000058e+03
-3.057985999999999876e+03
-3.077291000000000167e+03
-3.093255000000000109e+03
-3.094739999999999782e+03
-3.078034000000000106e+03
-3.089914000000000215e+03
-3.060213999999999942e+03
-3.089914000000000215e+03
-3.108847000000000207e+03
-3.097338999999999942e+03
-3.090284999999999854e+03
-3.120728000000000065e+03
-3.110704000000000178e+03
-3.114416000000000167e+03
-3.152284000000000106e+03
-3.116271999999999935e+03
-3.107362999999999829e+03
-3.135949000000000069e+03
-3.140032000000000153e+03
-3.110333000000000084e+03
-3.154139999999999873e+03
-3.185695999999999913e+03
-3.177157000000000153e+03
-3.180869999999999891e+03
-3.148199999999999818e+03
-3.118128999999999905e+03
-3.129637000000000171e+03
-3.138918999999999869e+03
-3.108105000000000018e+03
-3.130380000000000109e+03
-3.163050000000000182e+03
-3.129266000000000076e+03
-3.143001999999999953e+03
-3.170103999999999814e+03
-3.146715000000000146e+03
-3.181240999999999985e+03
-3.206485999999999876e+03
-3.183097000000000207e+03
-3.219480000000000018e+03
-3.218365999999999985e+03
-3.235815000000000055e+03
-3.192750000000000000e+03
-3.260318000000000211e+03
-3.236557999999999993e+03
-3.247324000000000069e+03
-3.238041999999999916e+03
-3.239527999999999793e+03
-3.269599000000000160e+03
-3.271083999999999833e+03
-3.249179999999999836e+03
-3.268856000000000222e+03
-3.283335000000000036e+03
-3.263659000000000106e+03
-3.287418999999999869e+03
-3.291873999999999796e+03
-3.206856999999999971e+03
-3.200916999999999916e+03
-3.166019999999999982e+03
-3.125925000000000182e+03
-3.137063000000000102e+03
-3.132978999999999814e+03
-3.089914000000000215e+03
-3.104021000000000186e+03
-3.121099000000000160e+03
-3.106248999999999796e+03
-3.099565999999999804e+03
-3.096967999999999847e+03
-3.101050999999999931e+03
-3.106248999999999796e+03
-3.122583999999999833e+03
-3.097710000000000036e+03
-3.117385999999999967e+03
-3.108105000000000018e+03
-3.053902999999999793e+03
-3.014179000000000087e+03
-3.007867000000000189e+03
-2.977054000000000087e+03
-3.005268999999999778e+03
-3.006382999999999811e+03
-2.968514999999999873e+03
-2.982994000000000142e+03
-3.007125000000000000e+03
-3.023460000000000036e+03
-2.982994000000000142e+03
-3.010094999999999800e+03
-2.978909999999999854e+03
-3.006382999999999811e+03
-3.008981000000000222e+03
-3.020119000000000142e+03
-2.989675999999999931e+03
-3.021974999999999909e+03
-2.970742000000000189e+03
-2.987449000000000069e+03
-2.987449000000000069e+03
-2.991903999999999996e+03
-2.998215000000000146e+03
-3.025688000000000102e+03
-3.017519999999999982e+03
-2.951809000000000196e+03
-3.052045999999999822e+03
-2.995987999999999829e+03
-3.005639999999999873e+03
-2.990789999999999964e+03
-3.012322999999999865e+03
-2.968885999999999967e+03
-3.039052000000000135e+03
-3.024945000000000164e+03
-2.982251000000000204e+03
-3.033855000000000018e+03
-3.020489999999999782e+03
-3.023460000000000036e+03
-3.030514000000000124e+03
-3.072094000000000051e+03
-2.973713000000000193e+03
-3.076548999999999978e+03
-3.039795000000000073e+03
-2.984478999999999814e+03
-3.037568000000000211e+03
-3.032369999999999891e+03
-3.020860999999999876e+03
-3.050190000000000055e+03
-3.064297999999999774e+03
-3.057244000000000142e+03
-3.072094000000000051e+03
-3.061327999999999975e+03
-2.982994000000000142e+03
-2.978909999999999854e+03
-2.987077999999999975e+03
-2.967400999999999840e+03
-2.993018000000000029e+03
-3.017891000000000076e+03
-2.984478999999999814e+03
-3.000070999999999913e+03
-3.042764999999999873e+03
-2.987077999999999975e+03
-3.026800999999999931e+03
-3.072465000000000146e+03
-3.025688000000000102e+03
-3.045364000000000033e+03
-3.047963000000000193e+03
-2.998958000000000084e+03
-2.974826000000000022e+03
-2.992275000000000091e+03
-2.995987999999999829e+03
-2.952179999999999836e+03
-2.996730000000000018e+03
-3.004155000000000200e+03
-3.002670000000000073e+03
-3.021603999999999814e+03
-2.989304999999999836e+03
-3.018634000000000015e+03
-3.013807999999999993e+03
-3.029028999999999996e+03
-2.984106999999999971e+03
-3.054273999999999887e+03
-3.001184999999999945e+03
-3.011208999999999833e+03
-2.993760000000000218e+03
-3.001556000000000040e+03
-3.026059000000000196e+03
-3.039795000000000073e+03
-3.034226000000000113e+03
-3.029028999999999996e+03
-3.068751999999999953e+03
-3.049447999999999865e+03
-3.052045999999999822e+03
-3.059842999999999847e+03
-3.068010000000000218e+03
-3.053159999999999854e+03
-3.104021000000000186e+03
-3.075434999999999945e+03
-3.075806000000000040e+03
-3.126295999999999822e+03
-3.102907000000000153e+03
-3.110704000000000178e+03
-3.127780999999999949e+03
-3.130380000000000109e+03
-3.129266000000000076e+03
-3.144487999999999829e+03
-3.133349999999999909e+03
-3.166019999999999982e+03
-3.163050000000000182e+03
-3.151541000000000167e+03
-3.158594999999999800e+03
-3.166762000000000171e+03
-3.160451000000000022e+03
-3.205001000000000204e+03
-3.222449999999999818e+03
-3.217623999999999796e+03
-3.214653999999999996e+03
-3.226163000000000011e+03
-3.253635000000000218e+03
-3.233588000000000193e+03
-3.297443000000000211e+03
-3.289646000000000186e+03
-3.268485000000000127e+03
-3.269228000000000065e+03
-3.328998999999999796e+03
-3.270713000000000193e+03
-3.306353000000000065e+03
-3.304125000000000000e+03
-3.295585999999999785e+03
-3.300413000000000011e+03
-3.303010999999999967e+03
-3.238414000000000215e+03
-3.208342999999999847e+03
-3.194235000000000127e+03
-3.155625000000000000e+03
-3.203516000000000076e+03
-3.202773999999999887e+03
-3.184583000000000084e+03
-3.166391000000000076e+03
-3.176414999999999964e+03
-3.175300999999999931e+03
-3.194235000000000127e+03
-3.193864000000000033e+03
-3.178643000000000029e+03
-3.192378999999999905e+03
-3.212054999999999836e+03
-3.206485999999999876e+03
-3.232474000000000160e+03
-3.235815000000000055e+03
-3.215025000000000091e+03
-3.215396000000000186e+03
-3.269599000000000160e+03
-3.190150999999999840e+03
-3.184954000000000178e+03
-3.217251999999999953e+03
-3.203144999999999982e+03
-3.198690000000000055e+03
-3.183469000000000051e+03
-3.206114999999999782e+03
-3.154139999999999873e+03
-3.235815000000000055e+03
-3.207228999999999814e+03
-3.190150999999999840e+03
-3.204630000000000109e+03
-3.263288000000000011e+03
-3.226163000000000011e+03
-3.274795999999999822e+03
-3.273311000000000149e+03
-3.248438000000000102e+03
-3.268485000000000127e+03
-3.278880000000000109e+03
-3.246210000000000036e+03
-3.269969999999999800e+03
-3.257719000000000051e+03
-3.251036000000000058e+03
-3.273311000000000149e+03
-3.296329000000000178e+03
-3.288532000000000153e+03
-3.311550000000000182e+03
-3.300413000000000011e+03
-3.315634000000000015e+03
-3.298184999999999945e+03
-3.315262000000000171e+03
-3.330855000000000018e+03
-3.359070000000000164e+03
-3.320460000000000036e+03
-3.326771000000000186e+03
-3.321945000000000164e+03
-3.350159999999999854e+03
-3.337909000000000106e+03
-3.320460000000000036e+03
-3.346818999999999960e+03
-3.355728999999999814e+03
-3.356099999999999909e+03
-3.366494999999999891e+03
-3.369465000000000146e+03
-3.391369000000000142e+03
-3.401021000000000186e+03
-3.359070000000000164e+03
-3.373920000000000073e+03
-3.406960999999999785e+03
-3.392853999999999814e+03
-3.367980000000000018e+03
-3.408445999999999913e+03
-3.417728000000000065e+03
-3.380231000000000222e+03
-3.409559999999999945e+03
-3.386541999999999916e+03
-3.402876999999999953e+03
-3.436661000000000058e+03
-3.405476000000000113e+03
-3.449655000000000200e+03
-3.410673999999999978e+03
-3.388027999999999793e+03
-3.402135000000000218e+03
-3.390255000000000109e+03
-3.375775999999999840e+03
-3.385057999999999993e+03
-3.350902999999999793e+03
-3.323800999999999931e+03
-3.330112999999999829e+03
-3.324543999999999869e+03
-3.312664000000000215e+03
-3.344590999999999894e+03
-3.324172999999999774e+03
-3.314891000000000076e+03
-3.350159999999999854e+03
-3.323800999999999931e+03
-3.313034999999999854e+03
-3.327143000000000029e+03
-3.349416999999999916e+03
-3.292987999999999829e+03
-3.317489999999999782e+03
-3.346818999999999960e+03
-3.330855000000000018e+03
-3.348304000000000087e+03
-3.365380999999999858e+03
-3.345333999999999833e+03
-3.347932999999999993e+03
-3.364268000000000029e+03
-3.339764999999999873e+03
-3.311920999999999822e+03
-3.298927000000000135e+03
-3.288903999999999996e+03
-3.250664999999999964e+03
-3.304125000000000000e+03
-3.274425000000000182e+03
-3.264400999999999840e+03
-3.274425000000000182e+03
-3.310436000000000149e+03
-3.260318000000000211e+03
-3.266628999999999905e+03
-3.299298999999999978e+03
-3.246210000000000036e+03
