3.619798000000000116e+02
3.486143999999999892e+02
3.326501000000000090e+02
3.107456999999999994e+02
3.003503999999999792e+02
2.996078999999999724e+02
2.699069999999999823e+02
2.643380999999999972e+02
2.442899999999999920e+02
2.506014000000000124e+02
2.487451000000000079e+02
2.424336000000000126e+02
2.305533000000000072e+02
2.082776000000000067e+02
2.157027999999999963e+02
1.867444000000000131e+02
1.770917000000000030e+02
1.711514999999999986e+02
1.481332999999999913e+02
1.577861000000000047e+02
1.280851999999999862e+02
9.615667999999999438e+01
6.645578000000000429e+01
9.244406999999999641e+01
6.422821000000000424e+01
4.232379000000000246e+01
3.601234999999999786e+01
5.271911000000000058e+01
3.638360999999999734e+01
1.485045000000000037e+01
4.306631000000000142e+01
1.559298000000000073e+01
-2.190374999999999872e+01
-1.819125000000000014e+01
-2.004749999999999943e+01
-7.350749999999999318e+01
-7.090874999999999773e+01
-5.086124999999999829e+01
-7.350749999999999318e+01
-1.024650000000000034e+02
-6.348375000000000057e+01
-6.496875000000000000e+01
-9.541124999999999545e+01
-8.093250000000000455e+01
-8.538750000000000284e+01
-1.035788000000000011e+02
-9.169875000000000398e+01
-9.318375000000000341e+01
-1.347637000000000000e+02
-1.225125000000000028e+02
-9.206999999999999318e+01
-1.028362999999999943e+02
-8.798624999999999829e+01
-1.150875000000000057e+02
-1.013512000000000057e+02
-1.187999999999999972e+02
-1.548112000000000137e+02
-1.225125000000000028e+02
-1.403325000000000102e+02
-1.492425000000000068e+02
-1.588950000000000102e+02
-1.358774999999999977e+02
-1.317937000000000012e+02
-1.726313000000000102e+02
-1.722599999999999909e+02
-1.871100000000000136e+02
-2.145825000000000102e+02
-2.093849999999999909e+02
-1.852538000000000125e+02
-2.205225000000000080e+02
-2.123549999999999898e+02
-1.689187000000000012e+02
-2.086425000000000125e+02
-2.338874999999999886e+02
-2.116125000000000114e+02
-2.394562999999999988e+02
-2.595038000000000125e+02
-2.676712999999999738e+02
-2.732400000000000091e+02
-2.799225000000000136e+02
-2.765812000000000239e+02
-2.869762999999999806e+02
-2.795511999999999944e+02
-2.817787000000000148e+02
-2.802937999999999761e+02
-2.914311999999999898e+02
-2.698987000000000194e+02
-2.817787000000000148e+02
-2.951437000000000239e+02
-2.821499999999999773e+02
-2.929162999999999784e+02
-2.970000000000000000e+02
-2.936587999999999852e+02
-3.044250000000000114e+02
-3.181612999999999829e+02
-2.814075000000000273e+02
-3.044250000000000114e+02
-3.237300000000000182e+02
-3.155625000000000000e+02
-2.866050000000000182e+02
-3.211313000000000102e+02
-3.233587999999999738e+02
-3.070237000000000194e+02
-3.300412999999999784e+02
-3.185325000000000273e+02
-3.244725000000000250e+02
-3.151913000000000125e+02
-3.215024999999999977e+02
-3.337538000000000125e+02
-3.315262000000000171e+02
-3.571424999999999841e+02
-3.285561999999999898e+02
-3.460049999999999955e+02
-3.422925000000000182e+02
-3.582563000000000102e+02
-3.385799999999999841e+02
-3.344961999999999875e+02
-3.497174999999999727e+02
-3.504599999999999795e+02
-3.125924999999999727e+02
-3.259574999999999818e+02
-3.255862000000000194e+02
-3.400649999999999977e+02
-3.586274999999999977e+02
-3.634538000000000011e+02
-3.497174999999999727e+02
-3.693937999999999988e+02
-3.675375000000000227e+02
-3.920400000000000205e+02
-3.705074999999999932e+02
-3.612262999999999806e+02
-3.649388000000000147e+02
-3.552862999999999829e+02
-3.664238000000000284e+02
-3.679087999999999852e+02
-3.742200000000000273e+02
-3.764474999999999909e+02
-3.727350000000000136e+02
-3.679087999999999852e+02
-3.775611999999999853e+02
-3.200174999999999841e+02
-3.066524999999999750e+02
-3.040536999999999921e+02
-3.055387999999999806e+02
-3.133349999999999795e+02
-3.163050000000000068e+02
-3.140774999999999864e+02
-3.244725000000000250e+02
-3.326399999999999864e+02
-3.066524999999999750e+02
-3.389513000000000034e+02
-3.363525000000000205e+02
-3.311549999999999727e+02
-3.051675000000000182e+02
-3.426637999999999806e+02
-3.552862999999999829e+02
-3.315262000000000171e+02
-3.623399999999999750e+02
-3.326399999999999864e+02
-3.448913000000000011e+02
-3.675375000000000227e+02
-3.482325000000000159e+02
-3.374662000000000148e+02
-3.716211999999999875e+02
-3.627112000000000194e+02
-3.563999999999999773e+02
-3.630824999999999818e+02
-3.493462999999999852e+02
-3.745912000000000148e+02
-3.794175000000000182e+02
-3.671662999999999784e+02
-3.690224999999999795e+02
-3.586274999999999977e+02
-3.816449999999999818e+02
-3.504599999999999795e+02
-3.760763000000000034e+02
-4.024350000000000023e+02
-3.972375000000000114e+02
-4.061474999999999795e+02
-4.358475000000000250e+02
-3.964950000000000045e+02
-4.254524999999999864e+02
-4.239674999999999727e+02
-4.120874999999999773e+02
-4.273086999999999875e+02
-4.228537999999999784e+02
-3.979800000000000182e+02
-4.102312999999999761e+02
-4.232250000000000227e+02
-4.209975000000000023e+02
-4.146861999999999853e+02
-4.158000000000000114e+02
-4.009499999999999886e+02
-3.979800000000000182e+02
-4.395600000000000023e+02
-4.384463000000000079e+02
-4.403025000000000091e+02
-4.629488000000000056e+02
-4.354762999999999806e+02
-4.031775000000000091e+02
-4.191413000000000011e+02
-3.987225000000000250e+02
-4.091175000000000068e+02
-4.124587000000000216e+02
-4.287937999999999761e+02
-4.343625000000000114e+02
-4.228537999999999784e+02
-4.124587000000000216e+02
-4.217400000000000091e+02
-4.506974999999999909e+02
-4.562663000000000011e+02
-4.499549999999999841e+02
-4.607212999999999852e+02
-4.365899999999999750e+02
-4.068899999999999864e+02
-3.905550000000000068e+02
-3.623399999999999750e+02
-3.370950000000000273e+02
-3.356100000000000136e+02
-3.530586999999999875e+02
-3.393224999999999909e+02
-3.404361999999999853e+02
-3.486037999999999784e+02
-3.757049999999999841e+02
-3.723636999999999944e+02
-3.571424999999999841e+02
-3.719925000000000068e+02
-3.771899999999999977e+02
-3.868424999999999727e+02
-3.786750000000000114e+02
-3.950099999999999909e+02
-3.812737000000000194e+02
-3.868424999999999727e+02
-4.139438000000000102e+02
-4.005788000000000011e+02
-3.912975000000000136e+02
-4.005788000000000011e+02
-3.831299999999999955e+02
-3.615975000000000250e+02
-3.419212999999999738e+02
-3.385799999999999841e+02
-3.059100000000000250e+02
-3.107363000000000284e+02
-3.036825000000000045e+02
-3.018263000000000034e+02
-3.151913000000000125e+02
-3.292988000000000284e+02
-3.003412000000000148e+02
-3.266999999999999886e+02
-3.151913000000000125e+02
-3.181612999999999829e+02
-3.248437999999999874e+02
-3.014549999999999841e+02
-3.226161999999999921e+02
-3.252149999999999750e+02
-3.200174999999999841e+02
-3.508312999999999988e+02
-3.586274999999999977e+02
-3.322687999999999988e+02
-3.252149999999999750e+02
-3.415500000000000114e+02
-3.374662000000000148e+02
-3.359812999999999761e+02
-3.378374999999999773e+02
-3.437774999999999750e+02
-3.318974999999999795e+02
-3.486037999999999784e+02
-3.196462000000000216e+02
-3.081374999999999886e+02
-3.359812999999999761e+02
-3.426637999999999806e+02
-3.099936999999999898e+02
-3.055387999999999806e+02
-3.140774999999999864e+02
-3.122212999999999852e+02
-3.073949999999999818e+02
-3.300412999999999784e+02
-3.051675000000000182e+02
-3.248437999999999874e+02
-3.344961999999999875e+02
-3.215024999999999977e+02
-3.099936999999999898e+02
-3.437774999999999750e+02
-3.122212999999999852e+02
-3.322687999999999988e+02
-3.367237999999999829e+02
-3.226161999999999921e+02
-3.274424999999999955e+02
-3.452624999999999886e+02
-3.452624999999999886e+02
-3.556575000000000273e+02
-3.430350000000000250e+02
-3.278138000000000147e+02
-3.367237999999999829e+02
-3.367237999999999829e+02
-3.304125000000000227e+02
-3.471186999999999898e+02
-3.723636999999999944e+02
-3.467475000000000023e+02
-3.400649999999999977e+02
-3.660525000000000091e+02
-3.656811999999999898e+02
-3.638249999999999886e+02
-3.589986999999999853e+02
-3.671662999999999784e+02
-3.538011999999999944e+02
-3.705074999999999932e+02
-3.701363000000000056e+02
-3.790462999999999738e+02
-3.656811999999999898e+02
-3.307837999999999852e+02
-3.337538000000000125e+02
-3.367237999999999829e+02
-3.226161999999999921e+02
-3.125924999999999727e+02
-3.129637000000000171e+02
-3.244725000000000250e+02
-3.244725000000000250e+02
-3.452624999999999886e+02
-3.289275000000000091e+02
-3.304125000000000227e+02
-3.415500000000000114e+02
-3.344961999999999875e+02
-3.218736999999999853e+02
-3.300412999999999784e+02
-3.367237999999999829e+02
-3.203888000000000034e+02
-3.122212999999999852e+02
-3.211313000000000102e+02
-3.359812999999999761e+02
-3.445199999999999818e+02
-3.489750000000000227e+02
-3.393224999999999909e+02
-3.460049999999999955e+02
-3.285561999999999898e+02
-3.237300000000000182e+02
-3.482325000000000159e+02
-3.281850000000000023e+02
-3.419212999999999738e+02
-3.489750000000000227e+02
-3.426637999999999806e+02
-3.467475000000000023e+02
-3.519449999999999932e+02
-3.482325000000000159e+02
-3.426637999999999806e+02
-3.519449999999999932e+02
-3.415500000000000114e+02
-3.478613000000000284e+02
-3.619687999999999874e+02
-3.571424999999999841e+02
-3.374662000000000148e+02
-3.686512000000000171e+02
-3.471186999999999898e+02
-3.571424999999999841e+02
-3.627112000000000194e+02
-3.734775000000000205e+02
-3.630824999999999818e+02
-3.705074999999999932e+02
-3.675375000000000227e+02
-3.786750000000000114e+02
-3.898125000000000000e+02
-3.627112000000000194e+02
-3.809024999999999750e+02
-3.987225000000000250e+02
-3.994649999999999750e+02
-3.838725000000000023e+02
-3.820163000000000011e+02
-4.068899999999999864e+02
-3.783036999999999921e+02
-4.020638000000000147e+02
-4.143149999999999977e+02
-3.901836999999999875e+02
-3.816449999999999818e+02
-4.054049999999999727e+02
-3.990937999999999874e+02
-4.176562999999999874e+02
-4.161712999999999738e+02
-3.731062999999999761e+02
-3.675375000000000227e+02
-3.708788000000000125e+02
-3.634538000000000011e+02
-3.794175000000000182e+02
-3.883274999999999864e+02
-3.797887999999999806e+02
-3.868424999999999727e+02
-3.927825000000000273e+02
-3.972375000000000114e+02
-4.031775000000000091e+02
-3.864712999999999852e+02
-4.046625000000000227e+02
-3.875849999999999795e+02
-4.124587000000000216e+02
-3.953813000000000102e+02
-4.005788000000000011e+02
-4.269375000000000000e+02
-4.091175000000000068e+02
-4.072613000000000056e+02
-4.254524999999999864e+02
-4.109737999999999829e+02
-4.150575000000000045e+02
-4.310212000000000216e+02
-4.180274999999999750e+02
-4.176562999999999874e+02
-3.883274999999999864e+02
-3.538011999999999944e+02
-3.679087999999999852e+02
-3.935249999999999773e+02
-3.768188000000000102e+02
-3.641963000000000079e+02
-3.790462999999999738e+02
-3.805312999999999874e+02
-3.742200000000000273e+02
