-4.428640999999999622e+03
-4.386319000000000415e+03
-4.399313000000000102e+03
-4.407479999999999563e+03
-4.450545000000000073e+03
-4.391515999999999622e+03
-4.460198000000000320e+03
-4.432725000000000364e+03
-4.464280999999999949e+03
-4.440893000000000029e+03
-4.493238999999999578e+03
-4.495466000000000349e+03
-4.524795000000000073e+03
-4.524795000000000073e+03
-4.491011000000000422e+03
-4.540387999999999920e+03
-4.536304000000000087e+03
-4.538902000000000044e+03
-4.546328000000000429e+03
-4.545956000000000131e+03
-4.523680999999999585e+03
-4.590135000000000218e+03
-4.545213999999999942e+03
-4.517740999999999985e+03
-4.559692000000000007e+03
-4.554123999999999796e+03
-4.543729000000000269e+03
-4.550039999999999964e+03
-4.585680000000000291e+03
-4.590506000000000313e+03
-4.576027000000000044e+03
-4.571201000000000022e+03
-4.561177999999999884e+03
-4.609811999999999898e+03
-4.631715000000000146e+03
-4.589020999999999731e+03
-4.622434000000000196e+03
-4.601644000000000233e+03
-4.604613999999999578e+03
-4.629487000000000080e+03
-4.645451000000000022e+03
-4.634685000000000400e+03
-4.639881999999999607e+03
-4.625033000000000357e+03
-4.659188000000000102e+03
-4.634685000000000400e+03
-4.674779999999999745e+03
-4.656217999999999847e+03
-4.656217999999999847e+03
-4.697796999999999571e+03
-4.667725999999999658e+03
-4.665127000000000407e+03
-4.705965000000000146e+03
-4.709677999999999884e+03
-4.697426000000000386e+03
-4.734921999999999571e+03
-4.698168999999999869e+03
-4.730467999999999847e+03
-4.728610999999999876e+03
-4.747545000000000073e+03
-4.716359999999999673e+03
-4.735664999999999964e+03
-4.747917000000000371e+03
-4.752743000000000393e+03
-4.758682999999999993e+03
-4.741604999999999563e+03
-4.721929000000000087e+03
-4.793579999999999927e+03
-4.762024000000000342e+03
-4.771676000000000386e+03
-4.782070999999999913e+03
-4.769448999999999614e+03
-4.789125000000000000e+03
-4.767220999999999549e+03
-4.796921000000000276e+03
-4.779844000000000051e+03
-4.767220999999999549e+03
-4.771676000000000386e+03
-4.772046999999999571e+03
-4.752000000000000000e+03
-4.765735999999999876e+03
-4.756454999999999927e+03
-4.765364999999999782e+03
-4.747173999999999978e+03
-4.740862000000000080e+03
-4.720814999999999600e+03
-4.795807999999999993e+03
-4.762765999999999622e+03
-4.758311999999999898e+03
-4.774645999999999731e+03
-4.793208999999999833e+03
-4.814369999999999891e+03
-4.769448999999999614e+03
-4.795436999999999898e+03
-4.724527000000000044e+03
-4.719329999999999927e+03
-4.753855999999999767e+03
-4.728610999999999876e+03
-4.754599000000000160e+03
-4.767592999999999847e+03
-4.757198000000000320e+03
-4.788753999999999905e+03
-4.771676000000000386e+03
-4.784670000000000073e+03
-4.819939000000000306e+03
-4.782070999999999913e+03
-4.779100999999999658e+03
-4.805831000000000131e+03
-4.802860999999999876e+03
-4.836274000000000342e+03
-4.821052999999999884e+03
-4.828105999999999767e+03
-4.839243999999999687e+03
-4.806573999999999614e+03
-4.822167000000000371e+03
-4.771305000000000291e+03
-4.804345999999999549e+03
-4.845926000000000386e+03
-4.808801000000000386e+03
-4.847039999999999964e+03
-4.824765000000000327e+03
-4.848524999999999636e+03
-4.834046000000000276e+03
-4.870800000000000182e+03
-4.833675000000000182e+03
-4.824765000000000327e+03
-4.796179000000000087e+03
-4.837387999999999920e+03
-4.814369999999999891e+03
-4.788753999999999905e+03
-4.818082999999999629e+03
-4.824394000000000233e+03
-4.795064999999999600e+03
-4.823279999999999745e+03
-4.844440999999999804e+03
-4.821795000000000073e+03
-4.841100000000000364e+03
-4.836274000000000342e+03
-4.863003999999999905e+03
-4.841470999999999549e+03
-4.835902000000000044e+03
-4.881565999999999804e+03
-4.832932999999999993e+03
-4.926859000000000378e+03
-4.874512999999999920e+03
-4.878595999999999549e+03
-4.875626000000000204e+03
-4.914606999999999971e+03
-4.872655999999999949e+03
-4.865603000000000065e+03
-4.891590000000000146e+03
-4.845184000000000196e+03
-4.886020999999999731e+03
-4.867829999999999927e+03
-4.818453999999999724e+03
-4.856692000000000007e+03
-4.873027000000000044e+03
-4.854836000000000240e+03
-4.864488999999999578e+03
-4.822537999999999556e+03
-4.762395000000000437e+03
-4.757569000000000415e+03
-4.790980999999999767e+03
-4.750886000000000422e+03
-4.764622999999999593e+03
-4.805831000000000131e+03
-4.744574999999999818e+03
-4.758311999999999898e+03
-4.793579999999999927e+03
-4.776873999999999796e+03
-4.780957999999999629e+03
-4.816225999999999658e+03
-4.783927999999999884e+03
-4.813998999999999796e+03
-4.821052999999999884e+03
-4.816597999999999956e+03
-4.819567000000000007e+03
-4.857435000000000400e+03
-4.780586000000000240e+03
-4.844069999999999709e+03
-4.838130000000000109e+03
-4.832189999999999600e+03
-4.852609000000000378e+03
-4.842956000000000131e+03
-4.846296999999999571e+03
-4.840356999999999971e+03
-4.870057999999999993e+03
-4.878225000000000364e+03
-4.858920000000000073e+03
-4.906439999999999600e+03
-4.886393000000000029e+03
-4.890104999999999563e+03
-4.916092999999999847e+03
-4.880453000000000429e+03
-4.874140999999999622e+03
-4.910152000000000044e+03
-4.903099000000000160e+03
-4.901984999999999673e+03
-4.930570999999999913e+03
-4.899756999999999607e+03
-4.900500000000000000e+03
-4.930199999999999818e+03
-4.877854000000000269e+03
-4.909038999999999760e+03
-4.941708999999999833e+03
-4.898271999999999935e+03
-4.913864999999999782e+03
-4.932798999999999978e+03
-4.922774999999999636e+03
-4.886020999999999731e+03
-4.948390999999999622e+03
-4.932055999999999585e+03
-4.921289999999999964e+03
-4.951731999999999971e+03
-4.926115999999999985e+03
-4.937625000000000000e+03
-4.957301000000000386e+03
-4.951731999999999971e+03
-4.958043999999999869e+03
-4.990342999999999847e+03
-4.993313000000000102e+03
-4.973265000000000327e+03
-4.961756000000000313e+03
-4.997768000000000029e+03
-5.004820999999999913e+03
-4.994426000000000386e+03
-5.042689000000000306e+03
-4.994055000000000291e+03
-5.040832999999999629e+03
-5.028953000000000429e+03
-5.053083999999999833e+03
-5.053083999999999833e+03
-5.070161000000000058e+03
-5.022640999999999622e+03
-5.016701000000000022e+03
-4.923145999999999731e+03
-4.913122999999999593e+03
-4.948762999999999920e+03
-4.941708999999999833e+03
-4.953588999999999942e+03
-4.952845999999999549e+03
-4.975121000000000095e+03
-4.945792000000000371e+03
-4.968439000000000306e+03
-5.004449999999999818e+03
-4.962869999999999891e+03
-4.986259000000000015e+03
-4.999994999999999891e+03
-5.002594000000000051e+03
-4.987001000000000204e+03
-5.000737000000000080e+03
-5.011131999999999607e+03
-4.988485999999999876e+03
-5.030809000000000196e+03
-5.005935000000000400e+03
-5.010390000000000327e+03
-5.043430999999999585e+03
-5.076844000000000051e+03
-5.007792000000000371e+03
-5.052712000000000444e+03
-5.018186999999999898e+03
-5.018186999999999898e+03
-5.076844000000000051e+03
-5.025981999999999971e+03
-5.058652000000000044e+03
-5.058280999999999949e+03
-5.034520999999999731e+03
-5.063479000000000269e+03
-5.082042000000000371e+03
-5.085011000000000422e+03
-5.053454999999999927e+03
-5.106543999999999869e+03
-5.056796000000000276e+03
-5.080927999999999884e+03
-5.116567000000000007e+03
-5.115824999999999818e+03
-5.121021999999999935e+03
-5.117680999999999585e+03
-5.157775999999999840e+03
-5.138842999999999847e+03
-5.128819000000000415e+03
-5.159261000000000422e+03
-5.137356999999999971e+03
-5.168913999999999760e+03
-5.114340000000000146e+03
-5.086125000000000000e+03
-5.093179000000000087e+03
-5.111369999999999891e+03
-5.095405999999999949e+03
-5.119167000000000371e+03
-5.102088999999999942e+03
-5.134387999999999920e+03
-5.106171999999999571e+03
-5.162603000000000065e+03
-5.137729000000000269e+03
-5.129932999999999993e+03
-5.157404999999999745e+03
-5.136985999999999876e+03
-5.155920000000000073e+03
-5.181908000000000357e+03
-5.155548999999999978e+03
-5.161488999999999578e+03
-5.206038999999999760e+03
-5.169655999999999949e+03
-5.178565999999999804e+03
-5.198243000000000393e+03
-5.171140999999999622e+03
-5.204554000000000087e+03
-5.205296000000000276e+03
-5.189703999999999724e+03
-5.200470000000000255e+03
-5.226828999999999724e+03
-5.232769000000000233e+03
-5.201212000000000444e+03
-5.223859000000000378e+03
-5.236853000000000065e+03
-5.191930999999999585e+03
-5.254671999999999571e+03
-5.234996000000000095e+03
-5.223859000000000378e+03
-5.283630000000000109e+03
-5.233140000000000327e+03
-5.273978000000000065e+03
-5.277319000000000415e+03
-5.242792000000000371e+03
-5.256158000000000357e+03
-5.268037999999999556e+03
-5.256529000000000451e+03
-5.250960000000000036e+03
-5.320755000000000109e+03
-5.261725999999999658e+03
-5.263582999999999629e+03
-5.308503999999999905e+03
-5.259127000000000407e+03
-5.298109000000000378e+03
-5.302935000000000400e+03
-5.299594000000000051e+03
-5.267295000000000073e+03
-5.309618000000000393e+03
-5.299594000000000051e+03
-5.340430999999999585e+03
-5.301078999999999724e+03
-5.321126000000000204e+03
-5.357509000000000015e+03
-5.342287999999999556e+03
-5.327065999999999804e+03
-5.336719000000000051e+03
-5.368645999999999731e+03
-5.338945999999999913e+03
-5.361592999999999847e+03
-5.360479000000000269e+03
-5.367161000000000058e+03
-5.379783999999999651e+03
-5.363448999999999614e+03
-5.393890999999999622e+03
-5.371244999999999891e+03
-5.407998999999999796e+03
-5.396118999999999687e+03
-5.401315999999999804e+03
-5.416537999999999556e+03
-5.412453999999999724e+03
-5.400944999999999709e+03
-5.450320999999999913e+03
-5.448836000000000240e+03
-5.412824999999999818e+03
-5.438813000000000102e+03
-5.458488999999999578e+03
-5.435100000000000364e+03
-5.457003999999999905e+03
-5.456631999999999607e+03
-5.457746000000000095e+03
-5.424704999999999927e+03
-5.469255000000000109e+03
-5.437698999999999614e+03
-5.469626000000000204e+03
-5.480393000000000029e+03
-5.462201000000000022e+03
-5.469255000000000109e+03
-5.481877000000000407e+03
-5.494128999999999905e+03
-5.467770000000000437e+03
-5.478536000000000058e+03
-5.446609000000000378e+03
-5.530881999999999607e+03
-5.514546999999999571e+03
-5.496728000000000065e+03
-5.515661000000000058e+03
-5.542020000000000437e+03
-5.508979000000000269e+03
-5.510463999999999942e+03
-5.527170000000000073e+03
-5.506009000000000015e+03
-5.560953999999999724e+03
-5.509720999999999549e+03
-5.546475000000000364e+03
-5.552786000000000058e+03
-5.551671999999999571e+03
-5.532368000000000393e+03
-5.561695999999999913e+03
-5.582485999999999876e+03
-5.547588999999999942e+03
-5.573576000000000022e+03
-5.565779999999999745e+03
-5.564295000000000073e+03
-5.559469000000000051e+03
-5.606988999999999578e+03
-5.587684000000000196e+03
-5.593994999999999891e+03
-5.621838999999999942e+03
-5.551671999999999571e+03
-5.434729000000000269e+03
-5.424333999999999833e+03
