2.194155000000000086e+02
2.023374000000000024e+02
2.071638000000000090e+02
2.079062999999999874e+02
1.982536000000000058e+02
1.904569999999999936e+02
1.934270999999999958e+02
2.030800000000000125e+02
1.841456000000000017e+02
1.804329999999999927e+02
1.600135999999999967e+02
1.674388999999999896e+02
1.473907000000000096e+02
1.288276999999999930e+02
1.377379999999999995e+02
1.462769999999999868e+02
1.087796000000000021e+02
1.240013000000000005e+02
1.399654999999999916e+02
1.169472999999999985e+02
1.113783999999999992e+02
1.329115999999999929e+02
1.113783999999999992e+02
1.150909999999999940e+02
1.191748999999999938e+02
9.021650999999999954e+01
8.130622999999999934e+01
1.032105999999999995e+02
8.056371000000000038e+01
5.791676999999999964e+01
5.606045999999999907e+01
9.281533000000000300e+01
6.385694999999999766e+01
7.944992999999999483e+01
6.422821000000000424e+01
7.239596000000000231e+01
5.049154000000000053e+01
3.786865999999999843e+01
5.271911000000000058e+01
5.754551000000000016e+01
4.195253000000000299e+01
3.415603999999999729e+01
5.754551000000000016e+01
1.485045000000000037e+01
1.522170999999999985e+01
2.413198999999999828e+01
1.373667000000000016e+01
2.041937000000000069e+01
2.413198999999999828e+01
2.673082000000000136e+01
-2.932874999999999943e+01
-1.670625000000000071e+01
1.670675999999999917e+01
-2.970000000000000195e+00
-2.338875000000000171e+01
-3.786749999999999972e+01
-1.002374999999999972e+01
-3.118499999999999872e+01
-2.376000000000000156e+01
-2.190374999999999872e+01
-2.487375000000000114e+01
-5.234624999999999773e+01
-5.346000000000000085e+01
-3.229874999999999829e+01
-6.236999999999999744e+01
-6.125625000000000142e+01
-3.378374999999999773e+01
-4.603499999999999659e+01
-8.464499999999999602e+01
-6.014249999999999829e+01
-5.902875000000000227e+01
-6.979500000000000171e+01
-7.499250000000000682e+01
-7.981874999999999432e+01
-7.536374999999999602e+01
-5.160374999999999801e+01
-6.199875000000000114e+01
-8.984250000000000114e+01
-6.608249999999999602e+01
-8.538750000000000284e+01
-7.610625000000000284e+01
-6.793874999999999886e+01
-5.383124999999999716e+01
-6.756749999999999545e+01
-5.197500000000000142e+01
-5.939999999999999858e+01
-4.417875000000000085e+01
-4.343625000000000114e+01
-5.902875000000000227e+01
-7.276500000000000057e+01
-8.204625000000000057e+01
-7.276500000000000057e+01
-8.909999999999999432e+01
-6.905249999999999488e+01
-8.575875000000000625e+01
-9.986624999999999375e+01
-7.833374999999999488e+01
-8.872875000000000512e+01
-9.801000000000000512e+01
-8.984250000000000114e+01
-9.726749999999999829e+01
-1.262249999999999943e+02
-9.095624999999999716e+01
-1.139737999999999971e+02
-1.269675000000000011e+02
-1.332786999999999864e+02
-1.258538000000000068e+02
-1.440449999999999875e+02
-1.666913000000000125e+02
-1.429311999999999898e+02
-1.329074999999999989e+02
-1.481288000000000125e+02
-1.117463000000000051e+02
-1.032074999999999960e+02
-1.254825000000000017e+02
-9.801000000000000512e+01
-1.132313000000000045e+02
-1.199137000000000057e+02
-1.202849999999999966e+02
-1.340212999999999965e+02
-1.421887999999999863e+02
-1.046924999999999955e+02
-1.440449999999999875e+02
-1.392187999999999874e+02
-1.273388000000000062e+02
-1.191711999999999989e+02
-1.366200000000000045e+02
-1.503562000000000012e+02
-1.314225000000000136e+02
-1.455300000000000011e+02
-1.626074999999999875e+02
-1.893375000000000057e+02
-1.744875000000000114e+02
-1.481288000000000125e+02
-1.744875000000000114e+02
-1.971338000000000079e+02
-1.718887000000000000e+02
-1.718887000000000000e+02
-2.182949999999999875e+02
-2.149538000000000011e+02
-2.097563000000000102e+02
-2.030737000000000023e+02
-2.038163000000000125e+02
-1.659487000000000023e+02
-1.863675000000000068e+02
-1.763437999999999874e+02
-1.833975000000000080e+02
-1.952775000000000034e+02
-2.086425000000000125e+02
-2.101274999999999977e+02
-2.049300000000000068e+02
-1.975049999999999955e+02
-1.897087999999999965e+02
-1.722599999999999909e+02
-1.926787999999999954e+02
-1.900800000000000125e+02
-1.989900000000000091e+02
-2.038163000000000125e+02
-1.878524999999999920e+02
-1.488711999999999875e+02
-1.384763000000000090e+02
-1.759724999999999966e+02
-1.748586999999999989e+02
-1.514699999999999989e+02
-1.711462999999999965e+02
-1.793137999999999863e+02
-1.937924999999999898e+02
-1.867387999999999977e+02
-1.833975000000000080e+02
-1.945349999999999966e+02
-1.871100000000000136e+02
-1.963913000000000011e+02
-1.770862999999999943e+02
-2.182949999999999875e+02
-2.149538000000000011e+02
-2.041875000000000000e+02
-2.197800000000000011e+02
-2.223788000000000125e+02
-2.086425000000000125e+02
-1.952775000000000034e+02
-1.923075000000000045e+02
-2.056725000000000136e+02
-2.290612000000000137e+02
-2.108700000000000045e+02
-2.260911999999999864e+02
-2.487375000000000114e+02
-2.286899999999999977e+02
-2.246062000000000012e+02
-2.272050000000000125e+02
-2.390850000000000080e+02
-2.346299999999999955e+02
-2.502224999999999966e+02
-2.435399999999999920e+02
-2.647013000000000034e+02
-2.479950000000000045e+02
-2.621025000000000205e+02
-2.509650000000000034e+02
-2.743537999999999784e+02
-2.769524999999999864e+02
-2.442824999999999989e+02
-2.661861999999999853e+02
-2.773238000000000056e+02
-2.799225000000000136e+02
-2.910600000000000023e+02
-2.895749999999999886e+02
-2.788086999999999875e+02
-3.047962999999999738e+02
-2.977425000000000068e+02
-2.802937999999999761e+02
-2.702699999999999818e+02
-2.561625000000000227e+02
-2.621025000000000205e+02
-2.836349999999999909e+02
-2.613600000000000136e+02
-2.762099999999999795e+02
-2.773238000000000056e+02
-2.802937999999999761e+02
-2.739825000000000159e+02
-3.007124999999999773e+02
-2.929162999999999784e+02
-2.795511999999999944e+02
-2.765812000000000239e+02
-3.010837000000000216e+02
-2.880899999999999750e+02
-2.821499999999999773e+02
-2.773238000000000056e+02
-2.335163000000000011e+02
-2.238637999999999977e+02
-2.309174999999999898e+02
-2.260911999999999864e+02
-2.142112999999999943e+02
-2.431687000000000012e+02
-2.342588000000000079e+02
-2.346299999999999955e+02
-2.253488000000000113e+02
-2.279474999999999909e+02
-2.387136999999999887e+02
-2.253488000000000113e+02
-2.453962999999999965e+02
-2.617312999999999761e+02
-2.379713000000000136e+02
-2.379713000000000136e+02
-2.487375000000000114e+02
-2.550488000000000000e+02
-2.450250000000000057e+02
-2.350012999999999863e+02
-2.416836999999999875e+02
-2.691562999999999874e+02
-2.491086999999999989e+02
-2.049300000000000068e+02
-1.937924999999999898e+02
-1.930500000000000114e+02
-2.053012999999999977e+02
-2.030737000000000023e+02
-2.071574999999999989e+02
-2.123549999999999898e+02
-2.231211999999999875e+02
-2.086425000000000125e+02
-2.190374999999999943e+02
-2.119836999999999989e+02
-2.194088000000000136e+02
-2.223788000000000125e+02
-2.127263000000000090e+02
-2.160674999999999955e+02
-2.138400000000000034e+02
-2.294325000000000045e+02
-2.338874999999999886e+02
-2.283188000000000102e+02
-2.279474999999999909e+02
-2.223788000000000125e+02
-2.390850000000000080e+02
-2.104987000000000137e+02
-1.822838000000000136e+02
-2.034449999999999932e+02
-1.926787999999999954e+02
-2.090137000000000000e+02
-1.885949999999999989e+02
-1.889661999999999864e+02
-2.034449999999999932e+02
-2.186662000000000035e+02
-2.071574999999999989e+02
-2.064149999999999920e+02
-2.227500000000000000e+02
-2.160674999999999955e+02
-1.982475000000000023e+02
-2.153249999999999886e+02
-2.023312999999999988e+02
-1.934211999999999989e+02
-2.234925000000000068e+02
-2.216362000000000023e+02
-1.889661999999999864e+02
-1.800562999999999931e+02
-1.841399999999999864e+02
-2.053012999999999977e+02
-2.119836999999999989e+02
-1.867387999999999977e+02
-1.781999999999999886e+02
-1.963913000000000011e+02
-1.897087999999999965e+02
-1.822838000000000136e+02
-1.997324999999999875e+02
-2.041875000000000000e+02
-1.900800000000000125e+02
-1.956487999999999943e+02
-2.023312999999999988e+02
-2.038163000000000125e+02
-2.071574999999999989e+02
-2.049300000000000068e+02
-1.878524999999999920e+02
-1.908224999999999909e+02
-2.008463000000000136e+02
-2.153249999999999886e+02
-2.034449999999999932e+02
-1.971338000000000079e+02
-2.038163000000000125e+02
-1.941638000000000090e+02
-1.934211999999999989e+02
-2.001037000000000035e+02
-2.064149999999999920e+02
-1.759724999999999966e+02
-2.075286999999999864e+02
-2.149538000000000011e+02
-2.071574999999999989e+02
-1.930500000000000114e+02
-2.190374999999999943e+02
-2.119836999999999989e+02
-2.286899999999999977e+02
-2.212649999999999864e+02
-2.153249999999999886e+02
-2.023312999999999988e+02
-2.023312999999999988e+02
-1.982475000000000023e+02
-2.257199999999999989e+02
-2.264625000000000057e+02
-2.186662000000000035e+02
-2.223788000000000125e+02
-2.398274999999999864e+02
-2.119836999999999989e+02
-2.138400000000000034e+02
-2.372288000000000068e+02
-2.309174999999999898e+02
-2.067863000000000113e+02
-2.331450000000000102e+02
-2.375999999999999943e+02
-2.238637999999999977e+02
-2.350012999999999863e+02
-2.338874999999999886e+02
-2.153249999999999886e+02
-2.320312999999999874e+02
-2.290612000000000137e+02
-2.234925000000000068e+02
-2.372288000000000068e+02
-2.390850000000000080e+02
-2.208937999999999988e+02
-2.465099999999999909e+02
-2.554199999999999875e+02
-2.546775000000000091e+02
-2.346299999999999955e+02
-2.405699999999999932e+02
-2.272050000000000125e+02
-2.446536999999999864e+02
-2.468813000000000102e+02
-1.889661999999999864e+02
-1.789424999999999955e+02
-1.923075000000000045e+02
-1.859961999999999875e+02
-1.897087999999999965e+02
-1.993613000000000000e+02
-1.793137999999999863e+02
-1.744875000000000114e+02
-1.744875000000000114e+02
-1.774575000000000102e+02
-1.826550000000000011e+02
-1.874812000000000012e+02
-1.715175000000000125e+02
-1.377336999999999989e+02
-1.518411999999999864e+02
-1.143449999999999989e+02
-1.436738000000000000e+02
-1.510988000000000113e+02
-1.317937000000000012e+02
-1.362487000000000137e+02
-1.377336999999999989e+02
-1.373625000000000114e+02
-1.496137999999999977e+02
-1.622363000000000000e+02
-1.507274999999999920e+02
-1.548112000000000137e+02
-1.581525000000000034e+02
-1.663199999999999932e+02
-1.622363000000000000e+02
-1.551825000000000045e+02
-1.670625000000000000e+02
-1.600088000000000079e+02
-1.540688000000000102e+02
-1.522125000000000057e+02
-1.548112000000000137e+02
-1.640925000000000011e+02
-1.629787000000000035e+02
-1.670625000000000000e+02
-1.696613000000000113e+02
-1.548112000000000137e+02
-1.492425000000000068e+02
-1.670625000000000000e+02
-1.752299999999999898e+02
-1.655774999999999864e+02
-1.655774999999999864e+02
-1.648350000000000080e+02
-1.514699999999999989e+02
-1.804275000000000091e+02
-1.618650000000000091e+02
-1.778288000000000011e+02
