-2.427603999999999814e+03
-2.396418999999999869e+03
-2.420920999999999822e+03
-2.442824999999999818e+03
-2.437998999999999796e+03
-2.406070999999999913e+03
-2.462130000000000109e+03
-2.465471000000000004e+03
-2.448764999999999873e+03
-2.481063999999999851e+03
-2.493686000000000149e+03
-2.471782000000000153e+03
-2.485146999999999935e+03
-2.521900999999999840e+03
-2.481434999999999945e+03
-2.511505999999999858e+03
-2.553085999999999785e+03
-2.518559999999999945e+03
-2.540835000000000036e+03
-2.550858999999999924e+03
-2.523385999999999967e+03
-2.552715000000000146e+03
-2.560882999999999811e+03
-2.551972000000000207e+03
-2.559025999999999840e+03
-2.629934999999999945e+03
-2.579074000000000069e+03
-2.537864999999999782e+03
-2.586498999999999796e+03
-2.525985000000000127e+03
-2.607289000000000215e+03
-2.630306000000000040e+03
-2.587983999999999924e+03
-2.626222000000000207e+03
-2.662605000000000018e+03
-2.629934999999999945e+03
-2.603947999999999865e+03
-2.678940000000000055e+03
-2.613599999999999909e+03
-2.608030999999999949e+03
-2.697873999999999796e+03
-2.660748999999999796e+03
-2.670400999999999840e+03
-2.707525999999999840e+03
-2.673742000000000189e+03
-2.656664999999999964e+03
-2.735369999999999891e+03
-2.720519999999999982e+03
-2.691190999999999804e+03
-2.720148999999999887e+03
-2.696018000000000029e+03
-2.710867000000000189e+03
-2.751333999999999833e+03
-2.740938999999999851e+03
-2.723489999999999782e+03
-2.766554999999999836e+03
-2.751704999999999927e+03
-2.717550000000000182e+03
-2.766925999999999931e+03
-2.725717999999999847e+03
-2.713838000000000193e+03
-2.749849000000000160e+03
-2.807764000000000124e+03
-2.719405999999999949e+03
-2.821500000000000000e+03
-2.782518999999999778e+03
-2.779177000000000135e+03
-2.804050999999999931e+03
-2.800710000000000036e+03
-2.800338999999999942e+03
-2.817788000000000011e+03
-2.815931000000000040e+03
-2.797739999999999782e+03
-2.847858999999999924e+03
-2.865307999999999993e+03
-2.849715000000000146e+03
-2.850829000000000178e+03
-2.880528999999999996e+03
-2.857510999999999967e+03
-2.858625000000000000e+03
-2.855655000000000200e+03
-2.887954000000000178e+03
-2.909856999999999971e+03
-2.893893999999999778e+03
-2.884612999999999829e+03
-2.928420000000000073e+03
-2.915054999999999836e+03
-2.900204999999999927e+03
-2.933617000000000189e+03
-2.944012000000000171e+03
-2.909114999999999782e+03
-2.944384000000000015e+03
-2.957376999999999953e+03
-2.943269999999999982e+03
-2.977054000000000087e+03
-3.000813999999999851e+03
-2.985221000000000004e+03
-2.972599000000000160e+03
-3.009724000000000160e+03
-2.925449999999999818e+03
-2.963318000000000211e+03
-3.022346000000000004e+03
-2.962204000000000178e+03
-2.995987999999999829e+03
-3.030514000000000124e+03
-2.982251000000000204e+03
-3.024945000000000164e+03
-3.025688000000000102e+03
-3.000813999999999851e+03
-3.037568000000000211e+03
-3.064668999999999869e+03
-3.032740999999999985e+03
-3.052789000000000215e+03
-3.044621000000000095e+03
-3.033855000000000018e+03
-3.072835999999999785e+03
-3.050190000000000055e+03
-3.039052000000000135e+03
-3.081375000000000000e+03
-3.092884000000000015e+03
-3.047590999999999894e+03
-3.060585000000000036e+03
-3.091027999999999793e+03
-3.063554999999999836e+03
-3.073579000000000178e+03
-3.091027999999999793e+03
-3.056873000000000047e+03
-3.088057999999999993e+03
-3.134092999999999847e+03
-3.105876999999999953e+03
-3.076920000000000073e+03
-3.125182999999999993e+03
-3.140775000000000091e+03
-3.155996000000000095e+03
-3.175300999999999931e+03
-3.148570999999999913e+03
-3.146715000000000146e+03
-3.184210999999999785e+03
-3.180498999999999796e+03
-3.139289999999999964e+03
-3.180126999999999953e+03
-3.189780000000000200e+03
-3.150798999999999978e+03
-3.220222000000000207e+03
-3.186809999999999945e+03
-3.198690000000000055e+03
-3.197576000000000022e+03
-3.199432999999999993e+03
-3.192378999999999905e+03
-3.266628999999999905e+03
-3.241012000000000171e+03
-3.195719999999999800e+03
-3.289646000000000186e+03
-3.223563999999999851e+03
-3.257347000000000207e+03
-3.254748999999999796e+03
-3.245096000000000004e+03
-3.216510000000000218e+03
-3.269599000000000160e+03
-3.275166999999999916e+03
-3.230617000000000189e+03
-3.282963999999999942e+03
-3.219108999999999924e+03
-3.261802000000000135e+03
-3.248438000000000102e+03
-3.273311000000000149e+03
-3.235072999999999865e+03
-3.243981999999999971e+03
-3.240641000000000076e+03
-3.241384000000000015e+03
-3.217623999999999796e+03
-3.251036000000000058e+03
-3.270340999999999894e+03
-3.263659000000000106e+03
-3.278880000000000109e+03
-3.262545000000000073e+03
-3.282963999999999942e+03
-3.272197999999999865e+03
-3.259204000000000178e+03
-3.282592999999999847e+03
-3.234701000000000022e+03
-3.282592999999999847e+03
-3.272568999999999960e+03
-3.296329000000000178e+03
-3.305981000000000222e+03
-3.283335000000000036e+03
-3.283335000000000036e+03
-3.312291999999999916e+03
-3.301155000000000200e+03
-3.304867000000000189e+03
-3.311550000000000182e+03
-3.282221000000000004e+03
-3.321574000000000069e+03
-3.311179000000000087e+03
-3.317119000000000142e+03
-3.328626999999999953e+03
-3.280735999999999876e+03
-3.326771000000000186e+03
-3.349416999999999916e+03
-3.335681000000000040e+03
-3.330112999999999829e+03
-3.374663000000000011e+03
-3.351273999999999887e+03
-3.349789000000000215e+03
-3.339764999999999873e+03
-3.328998999999999796e+03
-3.356099999999999909e+03
-3.376146999999999935e+03
-3.326771000000000186e+03
-3.370949999999999818e+03
-3.359440999999999804e+03
-3.358699000000000069e+03
-3.374663000000000011e+03
-3.350530999999999949e+03
-3.321945000000000164e+03
-3.328626999999999953e+03
-3.348304000000000087e+03
-3.313405999999999949e+03
-3.329740999999999985e+03
-3.357213999999999942e+03
-3.317860999999999876e+03
-3.344590999999999894e+03
-3.362411000000000058e+03
-3.344590999999999894e+03
-3.339764999999999873e+03
-3.405476000000000113e+03
-3.352387000000000171e+03
-3.389512000000000171e+03
-3.396938000000000102e+03
-3.352387000000000171e+03
-3.387655999999999949e+03
-3.377260999999999967e+03
-3.373920000000000073e+03
-3.349045999999999822e+03
-3.415128999999999905e+03
-3.375405000000000200e+03
-3.368351000000000113e+03
-3.405476000000000113e+03
-3.405476000000000113e+03
-3.387284999999999854e+03
-3.369094000000000051e+03
-3.378003999999999905e+03
-3.349789000000000215e+03
-3.422182999999999993e+03
-3.371693000000000211e+03
-3.376146999999999935e+03
-3.424409999999999854e+03
-3.422925000000000182e+03
-3.360554999999999836e+03
-3.402135000000000218e+03
-3.447427000000000135e+03
-3.390626000000000204e+03
-3.456708999999999833e+03
-3.416614000000000033e+03
-3.372063999999999851e+03
-3.398422999999999774e+03
-3.421068999999999960e+03
-3.369094000000000051e+03
-3.392481999999999971e+03
-3.422554000000000087e+03
-3.374663000000000011e+03
-3.402135000000000218e+03
-3.399164999999999964e+03
-3.371320999999999913e+03
-3.408074999999999818e+03
-3.401393000000000029e+03
-3.385057999999999993e+03
-3.406590000000000146e+03
-3.393967999999999847e+03
-3.409559999999999945e+03
-3.422554000000000087e+03
-3.395081000000000131e+03
-3.408074999999999818e+03
-3.412159000000000106e+03
-3.422925000000000182e+03
-3.421440000000000055e+03
-3.435547999999999774e+03
-3.428864999999999782e+03
-3.422554000000000087e+03
-3.452253999999999905e+03
-3.471559000000000196e+03
-3.418469999999999800e+03
-3.382088000000000193e+03
-3.405105000000000018e+03
-3.361668999999999869e+03
-3.372434999999999945e+03
-3.398793999999999869e+03
-3.373920000000000073e+03
-3.404733999999999924e+03
-3.396195000000000164e+03
-3.416614000000000033e+03
-3.420326000000000022e+03
-3.392853999999999814e+03
-3.401764000000000124e+03
-3.388398999999999887e+03
-3.424039000000000215e+03
-3.432577999999999975e+03
-3.417728000000000065e+03
-3.447056000000000040e+03
-3.423295999999999822e+03
-3.442601000000000113e+03
-3.413271999999999935e+03
-3.411416000000000167e+03
-3.449655000000000200e+03
-3.459679000000000087e+03
-3.444458000000000084e+03
-3.459679000000000087e+03
-3.481210999999999785e+03
-3.465989999999999782e+03
-3.464876000000000204e+03
-3.506085000000000036e+03
-3.497916999999999916e+03
-3.463762000000000171e+03
-3.515365999999999985e+03
-3.487893999999999778e+03
-3.512025000000000091e+03
-3.452253999999999905e+03
-3.424780999999999949e+03
-3.436289999999999964e+03
-3.446684999999999945e+03
-3.447056000000000040e+03
-3.442972000000000207e+03
-3.464876000000000204e+03
-3.424039000000000215e+03
-3.426637000000000171e+03
-3.470074000000000069e+03
-3.417356000000000222e+03
-3.446313999999999851e+03
-3.471188000000000102e+03
-3.468217999999999847e+03
-3.458193999999999960e+03
-3.484181000000000040e+03
-3.464876000000000204e+03
-3.445943000000000211e+03
-3.491978000000000065e+03
-3.467474999999999909e+03
-3.443715000000000146e+03
-3.522048999999999978e+03
-3.484181000000000040e+03
-3.469702999999999975e+03
-3.518335999999999785e+03
-3.508313000000000102e+03
-3.465248000000000047e+03
-3.541353999999999814e+03
-3.541353999999999814e+03
-3.480469000000000051e+03
-3.560288000000000011e+03
-3.553233999999999924e+03
-3.548778999999999996e+03
-3.546179999999999836e+03
-3.548407000000000153e+03
-3.514623999999999796e+03
-3.566228000000000065e+03
-3.562143999999999778e+03
-3.523905000000000200e+03
-3.594070999999999913e+03
-3.591472999999999956e+03
-3.581820000000000164e+03
-3.598155000000000200e+03
-3.575137000000000171e+03
-3.597041000000000167e+03
-3.573652999999999793e+03
-3.602239000000000033e+03
-3.602610000000000127e+03
-3.622657000000000153e+03
-3.611519999999999982e+03
-3.601867000000000189e+03
-3.629710999999999785e+03
-3.624885000000000218e+03
-3.619315999999999804e+03
-3.619315999999999804e+03
-3.604465999999999894e+03
-3.625998999999999796e+03
-3.654956000000000131e+03
-3.639735000000000127e+03
-3.590730000000000018e+03
-3.540981999999999971e+03
-3.551005999999999858e+03
-3.500887000000000171e+03
-3.518335999999999785e+03
-3.489750000000000000e+03
-3.470445000000000164e+03
-3.438889000000000124e+03
-3.466731999999999971e+03
-3.480840000000000146e+03
-3.476014000000000124e+03
-3.469331000000000131e+03
-3.483809999999999945e+03
-3.460420999999999822e+03
-3.467103999999999814e+03
-3.453367000000000189e+03
-3.497545999999999822e+03
-3.476014000000000124e+03
-3.430721000000000004e+03
-3.484181000000000040e+03
-3.435918999999999869e+03
-3.482695999999999913e+03
-3.486038000000000011e+03
-3.492719999999999800e+03
-3.448913000000000011e+03
-3.481954000000000178e+03
-3.479726000000000113e+03
-3.488264999999999873e+03
-3.514623999999999796e+03
-3.503485999999999876e+03
-3.506085000000000036e+03
-3.480469000000000051e+03
-3.517965000000000146e+03
-3.458193999999999960e+03
-3.504599999999999909e+03
-3.502001000000000204e+03
-3.498659999999999854e+03
