1.848881000000000085e+02
1.967684999999999889e+02
1.663250999999999920e+02
1.685526000000000124e+02
1.407079999999999984e+02
1.492470999999999890e+02
1.485045000000000073e+02
1.347678999999999974e+02
1.362529000000000110e+02
1.362529000000000110e+02
1.418217999999999961e+02
8.464758000000000493e+01
1.284564000000000021e+02
9.764172999999999547e+01
9.133029000000000508e+01
1.098933999999999997e+02
1.035819000000000045e+02
7.499478999999999473e+01
5.568919999999999959e+01
6.645578000000000429e+01
7.053964999999999463e+01
6.831208999999999776e+01
7.759362000000000137e+01
4.677893000000000256e+01
5.309037000000000006e+01
5.123405999999999949e+01
4.566514999999999702e+01
3.638360999999999734e+01
4.046748000000000189e+01
4.826397000000000048e+00
4.343757999999999697e+01
5.531794000000000011e+01
1.002406000000000041e+01
-5.197499999999999787e+00
9.281532999999999589e+00
-8.167500000000000426e+00
-1.856250000000000000e+01
1.856306999999999929e+00
-4.455000000000000071e+00
-2.487375000000000114e+01
-9.281250000000000000e+00
-2.784375000000000000e+01
-4.455000000000000071e+00
-1.410749999999999993e+01
-3.526874999999999716e+01
-4.380749999999999744e+01
-2.524500000000000099e+01
-3.860999999999999943e+01
-4.603499999999999659e+01
-5.271750000000000114e+01
-3.229874999999999829e+01
-6.125625000000000142e+01
-7.090874999999999773e+01
-6.014249999999999829e+01
-6.199875000000000114e+01
-7.684874999999999545e+01
-6.534000000000000341e+01
-7.833374999999999488e+01
-7.313625000000000398e+01
-6.979500000000000171e+01
-7.833374999999999488e+01
-8.241750000000000398e+01
-9.132750000000000057e+01
-1.054350000000000023e+02
-7.610625000000000284e+01
-7.610625000000000284e+01
-8.650124999999999886e+01
-1.006086999999999989e+02
-1.124887999999999977e+02
-7.647750000000000625e+01
-1.128599999999999994e+02
-1.024650000000000034e+02
-1.087763000000000062e+02
-9.429749999999999943e+01
-1.228837999999999937e+02
-1.299375000000000000e+02
-1.180575000000000045e+02
-1.321649999999999920e+02
-1.574099999999999966e+02
-1.418174999999999955e+02
-1.715175000000000125e+02
-1.585237999999999943e+02
-1.540688000000000102e+02
-1.540688000000000102e+02
-1.841399999999999864e+02
-1.176861999999999995e+02
-1.158299999999999983e+02
-1.273388000000000062e+02
-9.318375000000000341e+01
-9.392624999999999602e+01
-1.091474999999999937e+02
-9.949500000000000455e+01
-1.058062999999999931e+02
-1.136025000000000063e+02
-1.206563000000000017e+02
-9.726749999999999829e+01
-1.136025000000000063e+02
-9.504000000000000625e+01
-8.612999999999999545e+01
-9.318375000000000341e+01
-8.687250000000000227e+01
-7.165125000000000455e+01
-1.358774999999999977e+02
-1.124887999999999977e+02
-8.204625000000000057e+01
-8.093250000000000455e+01
-9.615375000000000227e+01
-1.006086999999999989e+02
-1.176861999999999995e+02
-1.054350000000000023e+02
-1.358774999999999977e+02
-1.210275000000000034e+02
-1.065488000000000000e+02
-1.121175000000000068e+02
-1.277099999999999937e+02
-1.247399999999999949e+02
-1.262249999999999943e+02
-1.395900000000000034e+02
-1.280812999999999988e+02
-1.317937000000000012e+02
-1.600088000000000079e+02
-1.492425000000000068e+02
-1.473862000000000023e+02
-1.663199999999999932e+02
-1.592663000000000011e+02
-1.473862000000000023e+02
-1.715175000000000125e+02
-1.692899999999999920e+02
-1.384763000000000090e+02
-1.722599999999999909e+02
-1.759724999999999966e+02
-1.845112000000000023e+02
-1.904512000000000000e+02
-1.707750000000000057e+02
-1.670625000000000000e+02
-1.689187000000000012e+02
-1.466437999999999988e+02
-1.540688000000000102e+02
-1.711462999999999965e+02
-1.414463000000000079e+02
-4.603499999999999659e+01
-4.974750000000000227e+01
-7.165125000000000455e+01
-7.499250000000000682e+01
-5.680125000000000313e+01
-6.125625000000000142e+01
-5.457374999999999687e+01
-8.390250000000000341e+01
-7.870499999999999829e+01
-5.049000000000000199e+01
-5.271750000000000114e+01
-7.090874999999999773e+01
-6.868125000000000568e+01
-9.244124999999999659e+01
-7.833374999999999488e+01
-7.573499999999999943e+01
-8.835750000000000171e+01
-7.684874999999999545e+01
-8.575875000000000625e+01
-1.006086999999999989e+02
-1.050638000000000005e+02
-9.875249999999999773e+01
-9.615375000000000227e+01
-9.652500000000000568e+01
-9.466875000000000284e+01
-8.278874999999999318e+01
-5.939999999999999858e+01
-6.311249999999999716e+01
-2.895749999999999957e+01
-4.120875000000000199e+01
-5.160374999999999801e+01
-4.900500000000000256e+01
-6.496875000000000000e+01
-5.011874999999999858e+01
-8.018999999999999773e+01
-6.459749999999999659e+01
-6.608249999999999602e+01
-6.534000000000000341e+01
-5.642999999999999972e+01
-6.608249999999999602e+01
-7.907625000000000171e+01
-7.313625000000000398e+01
-4.454999999999999716e+01
-5.977125000000000199e+01
-7.907625000000000171e+01
-5.160374999999999801e+01
-6.014249999999999829e+01
-6.793874999999999886e+01
-4.083749999999999858e+01
-6.014249999999999829e+01
-5.865749999999999886e+01
-6.422624999999999318e+01
-6.645374999999999943e+01
-5.160374999999999801e+01
-2.264624999999999844e+01
-2.561625000000000085e+01
-2.561625000000000085e+01
-3.526874999999999716e+01
-5.717249999999999943e+01
-3.155624999999999858e+01
-5.123250000000000171e+01
-5.160374999999999801e+01
-3.638250000000000028e+01
-2.710125000000000028e+01
-5.011874999999999858e+01
-4.120875000000000199e+01
-3.415500000000000114e+01
-4.937624999999999886e+01
-5.494500000000000028e+01
-4.974750000000000227e+01
-4.009499999999999886e+01
-6.905249999999999488e+01
-4.195125000000000171e+01
-6.571125000000000682e+01
-4.232249999999999801e+01
-3.972375000000000256e+01
-4.343625000000000114e+01
-5.160374999999999801e+01
-5.123250000000000171e+01
-6.014249999999999829e+01
-4.974750000000000227e+01
-4.417875000000000085e+01
-3.638250000000000028e+01
-3.192749999999999844e+01
-3.489750000000000085e+01
-4.417875000000000085e+01
-4.269375000000000142e+01
-3.378374999999999773e+01
-3.044249999999999901e+01
-4.269375000000000142e+01
-3.007124999999999915e+01
-1.113749999999999929e+01
-3.638250000000000028e+01
-2.598750000000000071e+01
-2.969999999999999929e+01
-3.044249999999999901e+01
-1.893374999999999986e+01
-4.789124999999999943e+01
-3.229874999999999829e+01
-2.116124999999999901e+01
-3.267000000000000171e+01
-4.269375000000000142e+01
-3.972375000000000256e+01
-3.007124999999999915e+01
-4.863374999999999915e+01
-3.860999999999999943e+01
-2.747250000000000014e+01
-2.747250000000000014e+01
-3.712500000000000000e+01
-2.747250000000000014e+01
-3.823875000000000313e+01
-3.526874999999999716e+01
-4.009499999999999886e+01
-5.531624999999999659e+01
-2.041874999999999929e+01
-2.264624999999999844e+01
-2.747250000000000014e+01
-2.598749999999999893e+00
-1.336500000000000021e+01
-1.856249999999999956e+00
-4.826249999999999929e+00
-5.197499999999999787e+00
-8.910000000000000142e+00
-4.083750000000000213e+00
-2.078999999999999915e+01
-2.413125000000000142e+01
-2.413125000000000142e+01
-2.078999999999999915e+01
-2.227499999999999858e+01
-1.262250000000000050e+01
-2.301749999999999829e+01
-9.652499999999999858e+00
-5.568749999999999645e+00
-2.969999999999999929e+01
-2.524500000000000099e+01
1.707801999999999865e+01
-2.227500000000000036e+00
-2.598750000000000071e+01
-2.376000000000000156e+01
-9.652499999999999858e+00
-2.784375000000000000e+01
-1.522124999999999950e+01
-2.227500000000000036e+00
-1.225125000000000064e+01
-2.561625000000000085e+01
-1.373625000000000007e+01
-2.264624999999999844e+01
-1.484999999999999964e+01
-8.538750000000000284e+00
-1.744875000000000043e+01
-1.225125000000000064e+01
-2.524500000000000099e+01
-2.487375000000000114e+01
-1.447874999999999979e+01
-8.167500000000000426e+00
-1.967624999999999957e+01
-2.338875000000000171e+01
-1.002374999999999972e+01
-3.007124999999999915e+01
-1.967624999999999957e+01
-1.150874999999999915e+01
-2.858624999999999972e+01
-2.932874999999999943e+01
-2.041874999999999929e+01
-1.967624999999999957e+01
-3.044249999999999901e+01
-2.078999999999999915e+01
-3.378374999999999773e+01
-4.417875000000000085e+01
-8.538750000000000284e+00
-2.376000000000000156e+01
-2.264624999999999844e+01
-1.002374999999999972e+01
-3.526874999999999716e+01
-2.116124999999999901e+01
-2.078999999999999915e+01
-2.858624999999999972e+01
-2.338875000000000171e+01
-2.227499999999999858e+01
-3.081374999999999886e+01
-1.967624999999999957e+01
9.652794999999999348e+00
-2.227499999999999858e+01
-2.190374999999999872e+01
-9.652499999999999858e+00
-1.633500000000000085e+01
-1.113749999999999929e+01
-2.784375000000000000e+01
-2.635875000000000057e+01
-1.076624999999999943e+01
-2.190374999999999872e+01
-4.454999999999999716e+01
-2.338875000000000171e+01
-3.007124999999999915e+01
-1.188000000000000078e+01
-3.044249999999999901e+01
-1.484999999999999964e+01
-4.083749999999999858e+01
-2.932874999999999943e+01
-3.675374999999999659e+01
-2.969999999999999929e+01
-1.188000000000000078e+01
-2.747250000000000014e+01
-3.749625000000000341e+01
-3.786749999999999972e+01
-2.858624999999999972e+01
-2.635875000000000057e+01
-3.155624999999999858e+01
-2.673000000000000043e+01
-2.338875000000000171e+01
-1.076624999999999943e+01
-2.970000000000000195e+00
-3.415500000000000114e+01
-1.856250000000000000e+01
-1.410749999999999993e+01
-3.638250000000000028e+01
-2.190374999999999872e+01
-3.081374999999999886e+01
-3.526874999999999716e+01
-3.267000000000000171e+01
-2.598750000000000071e+01
-2.524500000000000099e+01
-3.267000000000000171e+01
-3.081374999999999886e+01
-2.895749999999999957e+01
-4.195125000000000171e+01
-3.601124999999999687e+01
-4.417875000000000085e+01
-3.526874999999999716e+01
-3.304124999999999801e+01
-2.858624999999999972e+01
-3.526874999999999716e+01
-4.195125000000000171e+01
-2.821499999999999986e+01
-4.640625000000000000e+01
-2.450250000000000128e+01
-4.083749999999999858e+01
-4.306499999999999773e+01
-2.969999999999999929e+01
-3.341250000000000142e+01
-3.712500000000000000e+01
-4.083749999999999858e+01
-4.269375000000000142e+01
-4.269375000000000142e+01
-2.450250000000000128e+01
-3.341250000000000142e+01
-3.712500000000000000e+01
-4.603499999999999659e+01
-4.492125000000000057e+01
-5.308874999999999744e+01
-3.972375000000000256e+01
-5.160374999999999801e+01
-5.494500000000000028e+01
-4.752000000000000313e+01
-6.199875000000000114e+01
-5.457374999999999687e+01
-3.860999999999999943e+01
-4.789124999999999943e+01
-6.719625000000000625e+01
-4.417875000000000085e+01
-5.605875000000000341e+01
-7.165125000000000455e+01
-5.494500000000000028e+01
-4.343625000000000114e+01
-6.571125000000000682e+01
-6.422624999999999318e+01
-5.680125000000000313e+01
-4.603499999999999659e+01
-6.088499999999999801e+01
-8.204625000000000057e+01
-6.459749999999999659e+01
-6.236999999999999744e+01
