7.425226999999999578e+00
1.856306999999999929e+00
-2.858624999999999972e+01
-1.596374999999999922e+01
-3.341250000000000142e+01
-6.719625000000000625e+01
-5.346000000000000085e+01
-6.088499999999999801e+01
-1.158299999999999983e+02
-1.187999999999999972e+02
-1.162012000000000000e+02
-1.529550000000000125e+02
-1.303086999999999875e+02
-1.180575000000000045e+02
-1.061774999999999949e+02
-4.269375000000000142e+01
-3.452624999999999744e+01
-5.717249999999999943e+01
-8.241750000000000398e+01
-6.236999999999999744e+01
-1.006086999999999989e+02
-1.084050000000000011e+02
-1.150875000000000057e+02
-9.763875000000000171e+01
-1.206563000000000017e+02
-1.280812999999999988e+02
-1.006086999999999989e+02
-1.377336999999999989e+02
-1.299375000000000000e+02
-1.473862000000000023e+02
-1.466437999999999988e+02
-1.459011999999999887e+02
-1.451588000000000136e+02
-1.562961999999999989e+02
-1.741162999999999954e+02
-1.744875000000000114e+02
-1.911938000000000102e+02
-1.581525000000000034e+02
-1.874812000000000012e+02
-2.090137000000000000e+02
-1.908224999999999909e+02
-1.967624999999999886e+02
-1.882238000000000113e+02
-1.930500000000000114e+02
-1.715175000000000125e+02
-1.949062999999999874e+02
-1.967624999999999886e+02
-2.242350000000000136e+02
-2.197800000000000011e+02
-2.298037999999999954e+02
-2.465099999999999909e+02
-2.346299999999999955e+02
-2.375999999999999943e+02
-2.394562999999999988e+02
-2.398274999999999864e+02
-2.249774999999999920e+02
-2.427975000000000136e+02
-2.205225000000000080e+02
-2.294325000000000045e+02
-2.335163000000000011e+02
-2.695274999999999750e+02
-2.732400000000000091e+02
-2.531924999999999955e+02
-2.799225000000000136e+02
-2.617312999999999761e+02
-2.710124999999999886e+02
-2.802937999999999761e+02
-2.535637999999999863e+02
-2.921738000000000284e+02
-2.832638000000000034e+02
-2.754674999999999727e+02
-2.736113000000000284e+02
-2.877187999999999874e+02
-2.776949999999999932e+02
-2.762099999999999795e+02
-2.892038000000000011e+02
-2.966288000000000125e+02
-2.802937999999999761e+02
-2.836349999999999909e+02
-2.825212000000000216e+02
-2.884612000000000194e+02
-2.832638000000000034e+02
-2.676712999999999738e+02
-2.598750000000000000e+02
-2.780663000000000125e+02
-2.814075000000000273e+02
-3.081374999999999886e+02
-2.955149999999999864e+02
-2.999700000000000273e+02
-2.910600000000000023e+02
-2.973711999999999875e+02
-2.821499999999999773e+02
-2.739825000000000159e+02
-2.873475000000000250e+02
-2.903174999999999955e+02
-2.869762999999999806e+02
-3.096225000000000023e+02
-3.088799999999999955e+02
-3.010837000000000216e+02
-3.099936999999999898e+02
-2.932875000000000227e+02
-2.984850000000000136e+02
-2.984850000000000136e+02
-3.385799999999999841e+02
-3.463763000000000147e+02
-3.671662999999999784e+02
-3.693937999999999988e+02
-3.675375000000000227e+02
-3.742200000000000273e+02
-3.549150000000000205e+02
-3.779325000000000045e+02
-3.790462999999999738e+02
-3.909261999999999944e+02
-3.682799999999999727e+02
-3.853575000000000159e+02
-3.719925000000000068e+02
-3.820163000000000011e+02
-3.790462999999999738e+02
-2.750962999999999852e+02
-2.661861999999999853e+02
-2.750962999999999852e+02
-2.840063000000000102e+02
-2.843774999999999977e+02
-3.077663000000000011e+02
-2.899463000000000079e+02
-2.791800000000000068e+02
-2.962574999999999932e+02
-2.918025000000000091e+02
-3.077663000000000011e+02
-2.910600000000000023e+02
-2.825212000000000216e+02
-2.951437000000000239e+02
-3.021974999999999909e+02
-2.962574999999999932e+02
-2.695274999999999750e+02
-2.825212000000000216e+02
-2.892038000000000011e+02
-2.702699999999999818e+02
-2.806650000000000205e+02
-2.873475000000000250e+02
-2.903174999999999955e+02
-2.843774999999999977e+02
-2.866050000000000182e+02
-3.044250000000000114e+02
-2.962574999999999932e+02
-2.906888000000000147e+02
-3.140774999999999864e+02
-3.151913000000000125e+02
-3.200174999999999841e+02
-3.200174999999999841e+02
-3.140774999999999864e+02
-3.177900000000000205e+02
-3.292988000000000284e+02
-3.207599999999999909e+02
-3.118500000000000227e+02
-3.211313000000000102e+02
-3.159336999999999875e+02
-2.966288000000000125e+02
-2.446536999999999864e+02
-2.479950000000000045e+02
-2.368574999999999875e+02
-2.335163000000000011e+02
-2.361150000000000091e+02
-2.383425000000000011e+02
-2.405699999999999932e+02
-2.164387999999999863e+02
-2.502224999999999966e+02
-2.387136999999999887e+02
-2.108700000000000045e+02
-2.071574999999999989e+02
-1.926787999999999954e+02
-2.249774999999999920e+02
-2.090137000000000000e+02
-2.142112999999999943e+02
-2.208937999999999988e+02
-2.450250000000000057e+02
-2.242350000000000136e+02
-2.413125000000000000e+02
-2.398274999999999864e+02
-2.212649999999999864e+02
-2.286899999999999977e+02
-2.461387000000000000e+02
-2.086425000000000125e+02
-2.145825000000000102e+02
-2.290612000000000137e+02
-2.268337999999999965e+02
-2.342588000000000079e+02
-2.375999999999999943e+02
-2.383425000000000011e+02
-2.517075000000000102e+02
-2.695274999999999750e+02
-2.242350000000000136e+02
-2.494799999999999898e+02
-2.546775000000000091e+02
-2.390850000000000080e+02
-2.435399999999999920e+02
-2.650724999999999909e+02
-2.565337999999999852e+02
-2.543062999999999931e+02
-2.539350000000000023e+02
-2.453962999999999965e+02
-2.483662999999999954e+02
-2.554199999999999875e+02
-2.513362999999999943e+02
-2.565337999999999852e+02
-2.643299999999999841e+02
-2.658149999999999977e+02
-2.491086999999999989e+02
-2.621025000000000205e+02
-2.435399999999999920e+02
-2.587613000000000056e+02
-2.684137999999999806e+02
-2.457675000000000125e+02
-2.413125000000000000e+02
-2.517075000000000102e+02
-2.461387000000000000e+02
-2.461387000000000000e+02
-2.713838000000000079e+02
-2.439113000000000113e+02
-2.531924999999999955e+02
-2.502224999999999966e+02
-2.543062999999999931e+02
-2.357437999999999931e+02
-2.491086999999999989e+02
-2.658149999999999977e+02
-2.524499999999999886e+02
-2.398274999999999864e+02
-2.223788000000000125e+02
-2.483662999999999954e+02
-2.483662999999999954e+02
-2.394562999999999988e+02
-2.602461999999999875e+02
-2.583899999999999864e+02
-2.457675000000000125e+02
-2.635874999999999773e+02
-2.673000000000000114e+02
-2.587613000000000056e+02
-2.621025000000000205e+02
-2.595038000000000125e+02
-2.483662999999999954e+02
-2.580187000000000239e+02
-2.498513000000000090e+02
-2.635874999999999773e+02
-2.624737999999999829e+02
-2.762099999999999795e+02
-2.587613000000000056e+02
-2.550488000000000000e+02
-2.791800000000000068e+02
-2.598750000000000000e+02
-2.609886999999999944e+02
-2.828924999999999841e+02
-2.788086999999999875e+02
-2.706413000000000011e+02
-2.814075000000000273e+02
-2.691562999999999874e+02
-2.765812000000000239e+02
-2.799225000000000136e+02
-2.825212000000000216e+02
-3.007124999999999773e+02
-3.151913000000000125e+02
-2.858625000000000114e+02
-2.773238000000000056e+02
-3.051675000000000182e+02
-3.088799999999999955e+02
-3.010837000000000216e+02
-3.137062000000000239e+02
-3.140774999999999864e+02
-3.114787999999999784e+02
-3.159336999999999875e+02
-3.192749999999999773e+02
-3.274424999999999955e+02
-3.322687999999999988e+02
-3.311549999999999727e+02
-3.289275000000000091e+02
-3.148199999999999932e+02
-3.315262000000000171e+02
-3.114787999999999784e+02
-3.337538000000000125e+02
-3.445199999999999818e+02
-3.266999999999999886e+02
-3.500887000000000171e+02
-3.489750000000000227e+02
-3.322687999999999988e+02
-3.656811999999999898e+02
-3.686512000000000171e+02
-3.137062000000000239e+02
-3.278138000000000147e+02
-3.445199999999999818e+02
-3.233587999999999738e+02
-3.163050000000000068e+02
-3.593700000000000045e+02
-3.463763000000000147e+02
-3.337538000000000125e+02
-2.995987999999999829e+02
-2.758387000000000171e+02
-2.780663000000000125e+02
-2.557913000000000068e+02
-2.724975000000000023e+02
-2.862337999999999738e+02
-2.843774999999999977e+02
-2.728686999999999898e+02
-2.669286999999999921e+02
-2.788086999999999875e+02
-2.424262999999999977e+02
-2.565337999999999852e+02
-2.650724999999999909e+02
-2.435399999999999920e+02
-2.427975000000000136e+02
-2.535637999999999863e+02
-2.539350000000000023e+02
-2.550488000000000000e+02
-2.587613000000000056e+02
-2.572762000000000171e+02
-2.587613000000000056e+02
-2.427975000000000136e+02
-2.346299999999999955e+02
-2.350012999999999863e+02
-2.379713000000000136e+02
-2.468813000000000102e+02
-2.565337999999999852e+02
-2.468813000000000102e+02
-2.520788000000000011e+02
-2.580187000000000239e+02
-2.591324999999999932e+02
-2.650724999999999909e+02
-2.528213000000000079e+02
-2.524499999999999886e+02
-2.505937999999999874e+02
-2.788086999999999875e+02
-2.706413000000000011e+02
-2.019600000000000080e+02
-2.071574999999999989e+02
-1.963913000000000011e+02
-1.789424999999999955e+02
-1.986187999999999931e+02
-1.997324999999999875e+02
-1.885949999999999989e+02
-1.804275000000000091e+02
-1.915649999999999977e+02
-2.053012999999999977e+02
-1.956487999999999943e+02
-2.030737000000000023e+02
-1.952775000000000034e+02
-1.930500000000000114e+02
-2.012175000000000011e+02
-1.845112000000000023e+02
-2.056725000000000136e+02
-1.986187999999999931e+02
-1.867387999999999977e+02
-1.897087999999999965e+02
-1.937924999999999898e+02
-1.982475000000000023e+02
-1.919362000000000137e+02
-1.863675000000000068e+02
-1.607512999999999863e+02
-2.023312999999999988e+02
-2.027024999999999864e+02
-1.945349999999999966e+02
-1.956487999999999943e+02
-1.956487999999999943e+02
-1.989900000000000091e+02
-1.885949999999999989e+02
-1.900800000000000125e+02
-1.904512000000000000e+02
-2.015886999999999887e+02
-2.138400000000000034e+02
-1.993613000000000000e+02
-1.915649999999999977e+02
-2.119836999999999989e+02
-1.960200000000000102e+02
-1.874812000000000012e+02
-2.045586999999999875e+02
-1.811699999999999875e+02
-2.019600000000000080e+02
-1.908224999999999909e+02
-1.811699999999999875e+02
-1.859961999999999875e+02
-2.012175000000000011e+02
-2.104987000000000137e+02
-1.937924999999999898e+02
-1.952775000000000034e+02
-1.967624999999999886e+02
-1.867387999999999977e+02
-1.986187999999999931e+02
-2.086425000000000125e+02
-1.915649999999999977e+02
-2.008463000000000136e+02
-2.034449999999999932e+02
-1.863675000000000068e+02
-2.056725000000000136e+02
-2.060437000000000012e+02
-2.079000000000000057e+02
-1.952775000000000034e+02
-1.975049999999999955e+02
-2.071574999999999989e+02
-2.112412999999999954e+02
-2.064149999999999920e+02
-1.978762999999999863e+02
-2.190374999999999943e+02
-1.997324999999999875e+02
-1.975049999999999955e+02
-1.822838000000000136e+02
-1.971338000000000079e+02
-1.878524999999999920e+02
-2.138400000000000034e+02
-2.008463000000000136e+02
-1.926787999999999954e+02
-2.127263000000000090e+02
-1.811699999999999875e+02
-2.019600000000000080e+02
-2.064149999999999920e+02
-1.845112000000000023e+02
