-3.463019999999999982e+03
-3.473043999999999869e+03
-3.502001000000000204e+03
-3.476014000000000124e+03
-3.490121000000000095e+03
-3.500887000000000171e+03
-3.553605000000000018e+03
-3.530588000000000193e+03
-3.538012000000000171e+03
-3.530958999999999833e+03
-3.544324000000000069e+03
-3.529103000000000065e+03
-3.526132999999999811e+03
-3.527246000000000095e+03
-3.541353999999999814e+03
-3.578106999999999971e+03
-3.553233999999999924e+03
-3.594813999999999851e+03
-3.574023999999999887e+03
-3.562885999999999967e+03
-3.621172999999999774e+03
-3.572166999999999916e+03
-3.599639999999999873e+03
-3.638992000000000189e+03
-3.635650999999999840e+03
-3.616346000000000004e+03
-3.680943999999999960e+03
-3.637507999999999811e+03
-3.647530999999999949e+03
-3.677603000000000065e+03
-3.618574000000000069e+03
-3.639364000000000033e+03
-3.656070000000000164e+03
-3.665351000000000113e+03
-3.633423999999999978e+03
-3.633423999999999978e+03
-3.664608999999999924e+03
-3.662751999999999953e+03
-3.653471000000000004e+03
-3.685769999999999982e+03
-3.653099999999999909e+03
-3.683170999999999822e+03
-3.685769999999999982e+03
-3.705818000000000211e+03
-3.715840999999999894e+03
-3.722523999999999887e+03
-3.736630999999999858e+03
-3.708416000000000167e+03
-3.738858999999999924e+03
-3.733661000000000058e+03
-3.757791999999999916e+03
-3.749253999999999905e+03
-3.784150999999999840e+03
-3.759277999999999793e+03
-3.803085000000000036e+03
-3.814594000000000051e+03
-3.788606000000000222e+03
-3.832784999999999854e+03
-3.795659999999999854e+03
-3.816820999999999913e+03
-3.851719000000000051e+03
-3.787121000000000095e+03
-3.824617000000000189e+03
-3.828701000000000022e+03
-3.842438000000000102e+03
-3.820163000000000011e+03
-3.844293999999999869e+03
-3.852833000000000084e+03
-3.840952999999999975e+03
-3.868425000000000182e+03
-3.819791000000000167e+03
-3.859143999999999778e+03
-3.841324000000000069e+03
-3.903693999999999960e+03
-3.889958000000000084e+03
-3.915202999999999975e+03
-3.938590999999999894e+03
-3.869166999999999916e+03
-3.888472999999999956e+03
-3.857288000000000011e+03
-3.853945999999999913e+03
-3.876963999999999942e+03
-3.902208999999999833e+03
-3.823875000000000000e+03
-3.888472999999999956e+03
-3.908519999999999982e+03
-3.864713000000000193e+03
-3.896268999999999778e+03
-3.886615999999999985e+03
-3.875106999999999971e+03
-3.887730000000000018e+03
-3.907777999999999793e+03
-3.918543999999999869e+03
-3.894041000000000167e+03
-3.928568000000000211e+03
-3.878449000000000069e+03
-3.893670000000000073e+03
-3.868425000000000182e+03
-3.908891000000000076e+03
-3.896639999999999873e+03
-3.917429999999999836e+03
-3.885501999999999953e+03
-3.928938999999999851e+03
-3.916315999999999804e+03
-3.861742000000000189e+03
-3.919286000000000058e+03
-3.878820000000000164e+03
-3.891070999999999913e+03
-3.902579999999999927e+03
-3.943416999999999916e+03
-3.910376000000000204e+03
-3.894041000000000167e+03
-3.935992000000000189e+03
-3.907405999999999949e+03
-3.919286000000000058e+03
-3.927824999999999818e+03
-3.934135999999999967e+03
-3.941190000000000055e+03
-3.925226000000000113e+03
-3.934878999999999905e+03
-3.924855000000000018e+03
-3.950842999999999847e+03
-3.953813000000000102e+03
-3.913346000000000004e+03
-3.963465000000000146e+03
-3.945644999999999982e+03
-3.955297999999999774e+03
-3.984998000000000047e+03
-3.975344999999999800e+03
-3.986481999999999971e+03
-3.999476000000000113e+03
-3.978315000000000055e+03
-3.983141000000000076e+03
-4.017295999999999822e+03
-4.022123000000000047e+03
-4.013954999999999927e+03
-4.049965999999999894e+03
-3.994278999999999996e+03
-4.020637000000000171e+03
-4.011728000000000065e+03
-4.017666999999999916e+03
-4.022494000000000142e+03
-4.024721000000000004e+03
-3.981284999999999854e+03
-3.983141000000000076e+03
-4.034744999999999891e+03
-4.000590000000000146e+03
-3.987596000000000004e+03
-3.992422999999999774e+03
-3.977572999999999865e+03
-4.008757999999999811e+03
-4.013213000000000193e+03
-4.028063000000000102e+03
-3.982398999999999887e+03
-3.906664000000000215e+03
-3.859514999999999873e+03
-3.878449000000000069e+03
-3.909634000000000015e+03
-3.916688000000000102e+03
-3.887358999999999924e+03
-3.889958000000000084e+03
-3.887358999999999924e+03
-3.890699999999999818e+03
-3.935621000000000095e+03
-3.893670000000000073e+03
-3.852090000000000146e+03
-3.933393999999999778e+03
-3.923740999999999985e+03
-3.889215000000000146e+03
-3.922998999999999796e+03
-3.925969000000000051e+03
-3.913346000000000004e+03
-3.968663000000000011e+03
-3.928195999999999913e+03
-3.906664000000000215e+03
-3.926340000000000146e+03
-3.962722999999999956e+03
-3.901465999999999894e+03
-3.934135999999999967e+03
-3.934878999999999905e+03
-3.924112999999999829e+03
-3.964949999999999818e+03
-3.937478000000000065e+03
-3.922255999999999858e+03
-3.943416999999999916e+03
-3.961980000000000018e+03
-3.968663000000000011e+03
-3.956411000000000058e+03
-3.983141000000000076e+03
-3.989824000000000069e+03
-3.981284999999999854e+03
-3.971260999999999967e+03
-3.976458999999999833e+03
-3.976829999999999927e+03
-3.981284999999999854e+03
-3.997248999999999796e+03
-3.923740999999999985e+03
-3.966806000000000040e+03
-3.967548999999999978e+03
-3.989452999999999975e+03
-4.004302000000000135e+03
-4.007643999999999778e+03
-3.938590999999999894e+03
-3.910748000000000047e+03
-3.966063999999999851e+03
-3.951956000000000131e+03
-3.957896000000000186e+03
-3.961608999999999924e+03
-3.946016000000000076e+03
-3.943045999999999822e+03
-3.935250000000000000e+03
-3.888101000000000113e+03
-3.904807999999999993e+03
-3.914831000000000131e+03
-3.855431000000000040e+03
-3.923369999999999891e+03
-3.899610000000000127e+03
-3.909262000000000171e+03
-3.899239000000000033e+03
-3.933393999999999778e+03
-3.885873999999999796e+03
-3.950099999999999909e+03
-3.924855000000000018e+03
-3.896268999999999778e+03
-3.929309999999999945e+03
-3.919286000000000058e+03
-3.922998999999999796e+03
-3.954925999999999931e+03
-3.940076000000000022e+03
-3.926340000000000146e+03
-3.960494999999999891e+03
-3.946387000000000171e+03
-3.938963000000000193e+03
-3.981655999999999949e+03
-3.950099999999999909e+03
-3.941932999999999993e+03
-3.966434999999999945e+03
-3.953070000000000164e+03
-3.914831000000000131e+03
-3.974231000000000222e+03
-3.957896000000000186e+03
-3.991309000000000196e+03
-3.987967999999999847e+03
-3.963835999999999785e+03
-3.955668999999999869e+03
-3.989452999999999975e+03
-3.979800000000000182e+03
-3.977201000000000022e+03
-3.976088000000000193e+03
-3.975715999999999894e+03
-3.998733999999999924e+03
-3.992422999999999774e+03
-3.986110999999999876e+03
-3.976088000000000193e+03
-4.017666999999999916e+03
-3.959751999999999953e+03
-3.968663000000000011e+03
-3.973860000000000127e+03
-4.011728000000000065e+03
-3.989081000000000131e+03
-3.983512000000000171e+03
-4.035858999999999924e+03
-3.982398999999999887e+03
-4.013954999999999927e+03
-3.998733999999999924e+03
-4.011728000000000065e+03
-3.969034000000000106e+03
-4.039199999999999818e+03
-3.993164999999999964e+03
-4.027690999999999804e+03
-4.043655000000000200e+03
-4.021009000000000015e+03
-4.016554000000000087e+03
-4.043284000000000106e+03
-4.005045000000000073e+03
-4.019894999999999982e+03
-4.064445000000000164e+03
-4.039570999999999913e+03
-4.053679000000000087e+03
-4.056648999999999887e+03
-4.065929999999999836e+03
-4.005045000000000073e+03
-4.064074000000000069e+03
-4.040684999999999945e+03
-4.002074999999999818e+03
-4.031032000000000153e+03
-4.038829000000000178e+03
-4.001704000000000178e+03
-4.037344000000000051e+03
-4.051822999999999865e+03
-4.040313999999999851e+03
-4.055534999999999854e+03
-4.054791999999999916e+03
-4.045510999999999967e+03
-4.018409999999999854e+03
-4.035487999999999829e+03
-4.026949000000000069e+03
-4.033260000000000218e+03
-4.054050000000000182e+03
-4.062960000000000036e+03
-4.072983999999999924e+03
-4.065929999999999836e+03
-4.072240999999999985e+03
-4.063331000000000131e+03
-4.094144999999999982e+03
-4.065188000000000102e+03
-4.074469000000000051e+03
-4.101940999999999804e+03
-4.056277999999999793e+03
-4.094144999999999982e+03
-4.097485999999999876e+03
-4.091916999999999916e+03
-4.103426000000000386e+03
-4.099342999999999847e+03
-4.088947999999999865e+03
-4.072983999999999924e+03
-4.101940999999999804e+03
-4.079295000000000073e+03
-4.124216000000000349e+03
-4.068528999999999996e+03
-4.096743999999999687e+03
-4.073726000000000113e+03
-4.078552000000000135e+03
-4.075210999999999785e+03
-4.082264999999999873e+03
-4.099713999999999942e+03
-4.072983999999999924e+03
-4.104911000000000058e+03
-4.108994999999999891e+03
-4.124216000000000349e+03
-4.074469000000000051e+03
-4.117904999999999745e+03
-4.120875000000000000e+03
-4.091175000000000182e+03
-4.158371000000000095e+03
-4.067786000000000058e+03
-4.124958999999999833e+03
-4.101940999999999804e+03
-4.102684000000000196e+03
-4.094516000000000076e+03
-4.113820999999999913e+03
-4.132012999999999920e+03
-4.112707999999999629e+03
-4.134239999999999782e+03
-4.121988999999999578e+03
-4.145006000000000313e+03
-4.139809000000000196e+03
-4.127186999999999898e+03
-4.117904999999999745e+03
-4.120131999999999607e+03
-4.129042000000000371e+03
-4.115677999999999884e+03
-4.173592999999999847e+03
-4.114192000000000007e+03
-4.133126000000000204e+03
-4.124958999999999833e+03
-4.125329999999999927e+03
-4.147604999999999563e+03
-4.146119999999999891e+03
-4.154287999999999556e+03
-4.134239999999999782e+03
-4.170622999999999593e+03
-4.136838999999999942e+03
-4.120875000000000000e+03
-4.137953000000000429e+03
-4.187328999999999724e+03
-4.170993999999999687e+03
-4.176190999999999804e+03
-4.178418999999999869e+03
-4.136838999999999942e+03
-4.159855999999999767e+03
-4.129784999999999854e+03
-4.149090000000000146e+03
-4.169509000000000015e+03
-4.179533000000000357e+03
-4.138694999999999709e+03
-4.134981999999999971e+03
-4.167652000000000044e+03
-4.156515000000000327e+03
-4.171364999999999782e+03
-4.173963999999999942e+03
-4.160599000000000160e+03
-4.123103000000000065e+03
-4.095259000000000015e+03
-4.071869999999999891e+03
-4.096001000000000204e+03
-4.096372999999999593e+03
-4.091545999999999822e+03
-4.058876000000000204e+03
-4.135354000000000269e+03
-4.075583000000000084e+03
-4.093030999999999949e+03
-4.105654000000000451e+03
-4.081150999999999840e+03
-4.084121000000000095e+03
-4.124958999999999833e+03
-4.101198999999999614e+03
-4.071126999999999953e+03
-4.097114999999999782e+03
-4.073355000000000018e+03
-4.080409000000000106e+03
-4.100085000000000036e+03
-4.088204999999999927e+03
-4.086349000000000160e+03
-4.119390000000000327e+03
-4.107139000000000124e+03
-4.046996000000000095e+03
-4.090061000000000149e+03
-4.099713999999999942e+03
-4.049224000000000160e+03
-4.120131999999999607e+03
-4.078552000000000135e+03
