-1.522124999999999950e+01
-3.044249999999999901e+01
-4.046625000000000227e+01
-6.274125000000000085e+01
-6.496875000000000000e+01
-9.281250000000000000e+01
-6.905249999999999488e+01
-7.090874999999999773e+01
-9.355500000000000682e+01
-7.165125000000000455e+01
-1.002374999999999972e+02
-1.536974999999999909e+02
-1.162012000000000000e+02
-1.310512999999999977e+02
-1.529550000000000125e+02
-1.544399999999999977e+02
-1.778288000000000011e+02
-1.911938000000000102e+02
-1.533262000000000000e+02
-1.982475000000000023e+02
-2.086425000000000125e+02
-1.989900000000000091e+02
-2.331450000000000102e+02
-2.543062999999999931e+02
-2.401987000000000023e+02
-2.479950000000000045e+02
-2.624737999999999829e+02
-2.502224999999999966e+02
-2.769524999999999864e+02
-2.910600000000000023e+02
-2.765812000000000239e+02
-2.895749999999999886e+02
-2.650724999999999909e+02
-3.137062000000000239e+02
-3.062812999999999874e+02
-3.307837999999999852e+02
-3.404361999999999853e+02
-3.363525000000000205e+02
-3.482325000000000159e+02
-3.638249999999999886e+02
-2.932875000000000227e+02
-3.241012999999999806e+02
-3.541725000000000136e+02
-3.363525000000000205e+02
-3.597411999999999921e+02
-3.530586999999999875e+02
-3.749624999999999773e+02
-3.693937999999999988e+02
-3.890699999999999932e+02
-3.924112999999999829e+02
-3.745912000000000148e+02
-3.912975000000000136e+02
-4.024350000000000023e+02
-3.786750000000000114e+02
-3.619687999999999874e+02
-3.404361999999999853e+02
-3.445199999999999818e+02
-3.508312999999999988e+02
-3.426637999999999806e+02
-3.630824999999999818e+02
-3.623399999999999750e+02
-3.742200000000000273e+02
-3.812737000000000194e+02
-3.582563000000000102e+02
-3.545437999999999761e+02
-3.797887999999999806e+02
-3.868424999999999727e+02
-4.042912999999999784e+02
-4.020638000000000147e+02
-3.846150000000000091e+02
-3.857287999999999784e+02
-3.942674999999999841e+02
-3.734775000000000205e+02
-3.953813000000000102e+02
-4.202549999999999955e+02
-4.217400000000000091e+02
-4.158000000000000114e+02
-3.983512999999999806e+02
-4.024350000000000023e+02
-4.028061999999999898e+02
-3.924112999999999829e+02
-3.994649999999999750e+02
-3.849863000000000284e+02
-3.935249999999999773e+02
-3.950099999999999909e+02
-3.953813000000000102e+02
-3.912975000000000136e+02
-3.842436999999999898e+02
-4.165425000000000182e+02
-4.094886999999999944e+02
-4.169137999999999806e+02
-4.261949999999999932e+02
-4.198838000000000079e+02
-4.258238000000000056e+02
-4.198838000000000079e+02
-4.202549999999999955e+02
-4.202549999999999955e+02
-4.261949999999999932e+02
-3.645674999999999955e+02
-3.809024999999999750e+02
-3.846150000000000091e+02
-4.068899999999999864e+02
-4.150575000000000045e+02
-4.016924999999999955e+02
-3.809024999999999750e+02
-4.135724999999999909e+02
-3.909261999999999944e+02
-3.898125000000000000e+02
-4.057762000000000171e+02
-4.035488000000000284e+02
-4.002074999999999818e+02
-4.132013000000000034e+02
-4.254524999999999864e+02
-4.258238000000000056e+02
-4.276800000000000068e+02
-4.354762999999999806e+02
-4.228537999999999784e+02
-4.573799999999999955e+02
-4.373324999999999818e+02
-4.269375000000000000e+02
-4.818824999999999932e+02
-4.521825000000000045e+02
-4.421587999999999852e+02
-4.625774999999999864e+02
-4.718587999999999738e+02
-4.555237000000000194e+02
-4.711161999999999921e+02
-4.792837999999999852e+02
-4.870799999999999841e+02
-5.048999999999999773e+02
-5.253187000000000353e+02
-4.774275000000000091e+02
-4.948763000000000147e+02
-5.123250000000000455e+02
-5.019300000000000068e+02
-5.045287000000000148e+02
-5.371987000000000307e+02
-5.138099999999999454e+02
-5.182649999999999864e+02
-5.242050000000000409e+02
-4.885649999999999977e+02
-4.982174999999999727e+02
-5.171512000000000171e+02
-5.000738000000000056e+02
-4.844812999999999761e+02
-5.156662999999999784e+02
-4.714875000000000114e+02
-5.112112000000000194e+02
-5.193787999999999556e+02
-4.974750000000000227e+02
-4.993312999999999988e+02
-5.019300000000000068e+02
-5.126961999999999762e+02
-5.193787999999999556e+02
-5.208637999999999693e+02
-4.926487000000000194e+02
-5.219774999999999636e+02
-5.223487999999999829e+02
-5.130674999999999955e+02
-5.360850000000000364e+02
-4.733437999999999874e+02
-4.447574999999999932e+02
-4.551524999999999750e+02
-4.648050000000000068e+02
-4.648050000000000068e+02
-4.599787999999999784e+02
-4.670325000000000273e+02
-4.495837000000000216e+02
-4.399311999999999898e+02
-4.161712999999999738e+02
-4.451288000000000125e+02
-4.336200000000000045e+02
-4.417875000000000227e+02
-4.358475000000000250e+02
-4.495837000000000216e+02
-4.365899999999999750e+02
-4.455000000000000000e+02
-4.562663000000000011e+02
-4.685174999999999841e+02
-4.510688000000000102e+02
-4.451288000000000125e+02
-4.748288000000000011e+02
-4.603500000000000227e+02
-4.469850000000000136e+02
-4.755713000000000079e+02
-4.781700000000000159e+02
-4.800262000000000171e+02
-4.488412000000000148e+02
-4.325063000000000102e+02
-4.150575000000000045e+02
-3.905550000000000068e+02
-3.812737000000000194e+02
-4.039200000000000159e+02
-4.183987000000000194e+02
-3.775611999999999853e+02
-3.875849999999999795e+02
-4.035488000000000284e+02
-3.927825000000000273e+02
-3.938962000000000216e+02
-3.994649999999999750e+02
-4.061474999999999795e+02
-3.901836999999999875e+02
-3.912975000000000136e+02
-3.861000000000000227e+02
-3.861000000000000227e+02
-3.857287999999999784e+02
-3.712500000000000000e+02
-3.771899999999999977e+02
-4.020638000000000147e+02
-4.013213000000000079e+02
-3.719925000000000068e+02
-3.990937999999999874e+02
-3.872137000000000171e+02
-3.894413000000000125e+02
-4.057762000000000171e+02
-3.901836999999999875e+02
-3.942674999999999841e+02
-3.957524999999999977e+02
-3.994649999999999750e+02
-4.065187999999999988e+02
-4.403025000000000091e+02
-4.235962999999999852e+02
-4.005788000000000011e+02
-4.306499999999999773e+02
-4.209975000000000023e+02
-4.161712999999999738e+02
-4.254524999999999864e+02
-4.336200000000000045e+02
-4.195124999999999886e+02
-4.577513000000000147e+02
-4.514399999999999977e+02
-4.087461999999999875e+02
-4.629488000000000056e+02
-4.506974999999999909e+02
-4.440149999999999864e+02
-4.414162999999999784e+02
-4.577513000000000147e+02
-4.551524999999999750e+02
-4.388174999999999955e+02
-4.555237000000000194e+02
-4.403025000000000091e+02
-4.503263000000000034e+02
-4.763138000000000147e+02
-4.518111999999999853e+02
-4.707450000000000045e+02
-4.837388000000000261e+02
-4.759424999999999955e+02
-4.629488000000000056e+02
-4.232250000000000227e+02
-4.339911999999999921e+02
-4.221113000000000284e+02
-4.228537999999999784e+02
-4.250812999999999988e+02
-4.176562999999999874e+02
-4.102312999999999761e+02
-4.325063000000000102e+02
-4.332486999999999853e+02
-4.466138000000000261e+02
-4.373324999999999818e+02
-4.417875000000000227e+02
-4.551524999999999750e+02
-4.384463000000000079e+02
-4.009499999999999886e+02
-4.273086999999999875e+02
-4.024350000000000023e+02
-3.938962000000000216e+02
-4.150575000000000045e+02
-4.035488000000000284e+02
-4.076324999999999932e+02
-4.109737999999999829e+02
-4.265663000000000125e+02
-4.150575000000000045e+02
-4.106025000000000205e+02
-4.065187999999999988e+02
-3.883274999999999864e+02
-4.343625000000000114e+02
-4.209975000000000023e+02
-3.920400000000000205e+02
-4.009499999999999886e+02
-4.128299999999999841e+02
-3.953813000000000102e+02
-4.169137999999999806e+02
-4.169137999999999806e+02
-4.076324999999999932e+02
-4.016924999999999955e+02
-4.180274999999999750e+02
-4.243387000000000171e+02
-4.306499999999999773e+02
-4.150575000000000045e+02
-4.094886999999999944e+02
-4.339911999999999921e+02
-4.102312999999999761e+02
-4.169137999999999806e+02
-4.139438000000000102e+02
-4.165425000000000182e+02
-4.247099999999999795e+02
-4.425299999999999727e+02
-4.276800000000000068e+02
-4.080038000000000125e+02
-4.358475000000000250e+02
-4.336200000000000045e+02
-4.250812999999999988e+02
-4.187699999999999818e+02
-4.358475000000000250e+02
-4.165425000000000182e+02
-4.273086999999999875e+02
-4.295362999999999829e+02
-4.343625000000000114e+02
-4.506974999999999909e+02
-4.384463000000000079e+02
-4.399311999999999898e+02
-4.577513000000000147e+02
-4.403025000000000091e+02
-4.351050000000000182e+02
-4.466138000000000261e+02
-4.510688000000000102e+02
-4.462425000000000068e+02
-4.536675000000000182e+02
-4.358475000000000250e+02
-4.399311999999999898e+02
-4.414162999999999784e+02
-4.403025000000000091e+02
-4.206263000000000147e+02
-4.362187999999999874e+02
-4.484700000000000273e+02
-4.247099999999999795e+02
-4.414162999999999784e+02
-4.395600000000000023e+02
-4.373324999999999818e+02
-4.443863000000000056e+02
-4.443863000000000056e+02
-4.473562999999999761e+02
-4.395600000000000023e+02
-4.291650000000000205e+02
-4.429012000000000171e+02
-4.410450000000000159e+02
-4.354762999999999806e+02
-4.391888000000000147e+02
-4.514399999999999977e+02
-4.436437999999999988e+02
-4.380749999999999886e+02
-4.451288000000000125e+02
-4.581225000000000023e+02
-4.328774999999999977e+02
-4.573799999999999955e+02
-4.529250000000000114e+02
-4.421587999999999852e+02
-4.291650000000000205e+02
-4.421587999999999852e+02
-4.299075000000000273e+02
-4.532962999999999738e+02
-4.477275000000000205e+02
-4.328774999999999977e+02
-4.273086999999999875e+02
-4.336200000000000045e+02
-4.417875000000000227e+02
-4.410450000000000159e+02
-4.536675000000000182e+02
-4.473562999999999761e+02
-4.495837000000000216e+02
-4.555237000000000194e+02
-4.462425000000000068e+02
-4.518111999999999853e+02
-4.555237000000000194e+02
-4.518111999999999853e+02
-4.518111999999999853e+02
-4.558949999999999818e+02
-4.469850000000000136e+02
-4.855950000000000273e+02
-4.685174999999999841e+02
-4.503263000000000034e+02
-4.536675000000000182e+02
-4.926487000000000194e+02
-4.577513000000000147e+02
-4.566374999999999886e+02
-4.785412999999999784e+02
-4.729725000000000250e+02
-4.800262000000000171e+02
-4.737149999999999750e+02
-4.714875000000000114e+02
-4.685174999999999841e+02
-4.848525000000000205e+02
-4.863374999999999773e+02
-4.807687999999999988e+02
-4.781700000000000159e+02
-4.829961999999999875e+02
-4.822538000000000125e+02
-4.922774999999999750e+02
-4.863374999999999773e+02
-4.874513000000000034e+02
-4.737149999999999750e+02
-4.592363000000000284e+02
-4.455000000000000000e+02
-4.503263000000000034e+02
-4.351050000000000182e+02
-4.429012000000000171e+02
-4.410450000000000159e+02
-4.020638000000000147e+02
-3.875849999999999795e+02
-3.953813000000000102e+02
-3.768188000000000102e+02
-3.890699999999999932e+02
-4.035488000000000284e+02
-3.723636999999999944e+02
-3.783036999999999921e+02
-3.861000000000000227e+02
-3.653100000000000023e+02
-3.586274999999999977e+02
-3.623399999999999750e+02
-3.604837999999999738e+02
-3.593700000000000045e+02
-3.731062999999999761e+02
