1.214025000000000034e+02
8.539011000000000706e+01
1.247437999999999931e+02
1.002406000000000006e+02
9.058777000000000612e+01
7.759362000000000137e+01
1.113783999999999992e+02
8.204874999999999829e+01
7.536605000000000132e+01
1.143485000000000014e+02
9.467163999999999646e+01
8.650388999999999839e+01
8.316254000000000701e+01
9.355785000000000196e+01
4.529388000000000147e+01
3.378477999999999781e+01
5.494668000000000063e+01
4.677893000000000256e+01
2.116189999999999927e+01
0.000000000000000000e+00
2.561702999999999975e+01
2.710208000000000084e+01
2.821585999999999927e+01
-2.524500000000000099e+01
2.450325000000000131e+01
-6.682500000000000107e+00
-6.682500000000000107e+00
-9.652499999999999858e+00
-7.053749999999999964e+00
-3.712499999999999911e+00
-2.413125000000000142e+01
-1.188000000000000078e+01
-2.932874999999999943e+01
-3.823875000000000313e+01
-3.564000000000000057e+01
-3.267000000000000171e+01
-3.786749999999999972e+01
-5.271750000000000114e+01
-6.571125000000000682e+01
-5.977125000000000199e+01
-6.459749999999999659e+01
-4.380749999999999744e+01
-7.387874999999999659e+01
-6.756749999999999545e+01
-9.169875000000000398e+01
-8.464499999999999602e+01
-1.110037999999999982e+02
-1.039500000000000028e+02
-1.254825000000000017e+02
-1.262249999999999943e+02
-1.143449999999999989e+02
-1.154586999999999932e+02
-1.150875000000000057e+02
-1.265962999999999994e+02
-1.239975000000000023e+02
-1.173149999999999977e+02
-1.314225000000000136e+02
-1.221413000000000011e+02
-1.006086999999999989e+02
-1.187999999999999972e+02
-1.217699999999999960e+02
-1.046924999999999955e+02
-1.221413000000000011e+02
-1.451588000000000136e+02
-1.362487000000000137e+02
-1.551825000000000045e+02
-1.251113000000000000e+02
-1.488711999999999875e+02
-1.741162999999999954e+02
-1.704036999999999864e+02
-1.715175000000000125e+02
-1.796850000000000023e+02
-2.030737000000000023e+02
-1.796850000000000023e+02
-1.796850000000000023e+02
-1.845112000000000023e+02
-1.730024999999999977e+02
-1.945349999999999966e+02
-1.774575000000000102e+02
-1.856250000000000000e+02
-2.127263000000000090e+02
-2.112412999999999954e+02
-1.770862999999999943e+02
-2.023312999999999988e+02
-2.142112999999999943e+02
-1.848824999999999932e+02
-1.856250000000000000e+02
-1.956487999999999943e+02
-1.960200000000000102e+02
-1.923075000000000045e+02
-2.194088000000000136e+02
-2.130974999999999966e+02
-2.097563000000000102e+02
-2.197800000000000011e+02
-2.279474999999999909e+02
-2.075286999999999864e+02
-2.268337999999999965e+02
-2.260911999999999864e+02
-2.346299999999999955e+02
-2.249774999999999920e+02
-2.301750000000000114e+02
-2.676712999999999738e+02
-2.387136999999999887e+02
-1.871100000000000136e+02
-2.264625000000000057e+02
-2.227500000000000000e+02
-2.220074999999999932e+02
-2.101274999999999977e+02
-1.804275000000000091e+02
-1.614937999999999931e+02
-1.926787999999999954e+02
-1.978762999999999863e+02
-1.700324999999999989e+02
-1.833975000000000080e+02
-1.945349999999999966e+02
-1.696613000000000113e+02
-1.681762999999999977e+02
-2.182949999999999875e+02
-1.949062999999999874e+02
-1.919362000000000137e+02
-2.097563000000000102e+02
-1.975049999999999955e+02
-2.119836999999999989e+02
-2.186662000000000035e+02
-1.997324999999999875e+02
-2.186662000000000035e+02
-2.290612000000000137e+02
-2.041875000000000000e+02
-2.268337999999999965e+02
-2.197800000000000011e+02
-2.179238000000000000e+02
-2.182949999999999875e+02
-2.119836999999999989e+02
-1.919362000000000137e+02
-2.453962999999999965e+02
-2.431687000000000012e+02
-2.264625000000000057e+02
-2.375999999999999943e+02
-2.572762000000000171e+02
-2.338874999999999886e+02
-2.528213000000000079e+02
-2.554199999999999875e+02
-2.524499999999999886e+02
-2.505937999999999874e+02
-2.539350000000000023e+02
-2.520788000000000011e+02
-2.595038000000000125e+02
-2.661861999999999853e+02
-2.773238000000000056e+02
-2.628450000000000273e+02
-2.502224999999999966e+02
-2.472524999999999977e+02
-2.227500000000000000e+02
-2.186662000000000035e+02
-2.227500000000000000e+02
-2.405699999999999932e+02
-2.476237000000000137e+02
-2.591324999999999932e+02
-2.324025000000000034e+02
-2.524499999999999886e+02
-2.502224999999999966e+02
-2.680425000000000182e+02
-2.687850000000000250e+02
-2.082712999999999965e+02
-2.008463000000000136e+02
-2.027024999999999864e+02
-1.622363000000000000e+02
-1.655774999999999864e+02
-2.186662000000000035e+02
-1.763437999999999874e+02
-1.741162999999999954e+02
-1.785713000000000079e+02
-1.781999999999999886e+02
-1.700324999999999989e+02
-1.952775000000000034e+02
-2.056725000000000136e+02
-1.744875000000000114e+02
-1.856250000000000000e+02
-1.826550000000000011e+02
-1.770862999999999943e+02
-2.064149999999999920e+02
-2.008463000000000136e+02
-2.156963000000000079e+02
-2.130974999999999966e+02
-2.004749999999999943e+02
-1.915649999999999977e+02
-2.086425000000000125e+02
-1.897087999999999965e+02
-2.012175000000000011e+02
-2.067863000000000113e+02
-1.618650000000000091e+02
-1.893375000000000057e+02
-1.815412000000000035e+02
-1.744875000000000114e+02
-1.700324999999999989e+02
-1.874812000000000012e+02
-1.963913000000000011e+02
-1.963913000000000011e+02
-1.919362000000000137e+02
-2.023312999999999988e+02
-1.826550000000000011e+02
-1.510988000000000113e+02
-1.804275000000000091e+02
-1.485000000000000000e+02
-1.674336999999999875e+02
-1.440449999999999875e+02
-1.629787000000000035e+02
-1.611225000000000023e+02
-1.626074999999999875e+02
-1.470149999999999864e+02
-1.425600000000000023e+02
-1.544399999999999977e+02
-1.451588000000000136e+02
-1.574099999999999966e+02
-1.254825000000000017e+02
-1.284524999999999864e+02
-1.492425000000000068e+02
-1.614937999999999931e+02
-1.588950000000000102e+02
-1.510988000000000113e+02
-1.555537999999999954e+02
-1.596374999999999886e+02
-1.548112000000000137e+02
-1.340212999999999965e+02
-1.744875000000000114e+02
-1.707750000000000057e+02
-1.540688000000000102e+02
-1.611225000000000023e+02
-1.648350000000000080e+02
-1.544399999999999977e+02
-1.622363000000000000e+02
-1.440449999999999875e+02
-1.436738000000000000e+02
-1.459011999999999887e+02
-1.481288000000000125e+02
-1.306800000000000068e+02
-1.291949999999999932e+02
-1.429311999999999898e+02
-1.332786999999999864e+02
-1.162012000000000000e+02
-1.648350000000000080e+02
-1.343925000000000125e+02
-1.299375000000000000e+02
-1.507274999999999920e+02
-1.570388000000000090e+02
-1.403325000000000102e+02
-1.473862000000000023e+02
-1.585237999999999943e+02
-1.425600000000000023e+02
-1.473862000000000023e+02
-1.614937999999999931e+02
-1.555537999999999954e+02
-1.756013000000000090e+02
-1.778288000000000011e+02
-1.737450000000000045e+02
-1.819124999999999943e+02
-1.837687999999999988e+02
-1.622363000000000000e+02
-1.863675000000000068e+02
-1.744875000000000114e+02
-1.993613000000000000e+02
-1.726313000000000102e+02
-1.859961999999999875e+02
-1.704036999999999864e+02
-1.781999999999999886e+02
-1.789424999999999955e+02
-1.748586999999999989e+02
-1.700324999999999989e+02
-1.811699999999999875e+02
-1.767150000000000034e+02
-1.908224999999999909e+02
-2.008463000000000136e+02
-1.644636999999999887e+02
-1.778288000000000011e+02
-1.900800000000000125e+02
-1.533262000000000000e+02
-1.633499999999999943e+02
-1.696613000000000113e+02
-1.626074999999999875e+02
-1.492425000000000068e+02
-1.841399999999999864e+02
-1.800562999999999931e+02
-1.722599999999999909e+02
-1.945349999999999966e+02
-1.908224999999999909e+02
-1.700324999999999989e+02
-1.874812000000000012e+02
-2.160674999999999955e+02
-1.900800000000000125e+02
-1.752299999999999898e+02
-1.937924999999999898e+02
-2.038163000000000125e+02
-2.164387999999999863e+02
-1.841399999999999864e+02
-1.885949999999999989e+02
-2.175525000000000091e+02
-2.049300000000000068e+02
-1.655774999999999864e+02
-2.067863000000000113e+02
-2.045586999999999875e+02
-1.915649999999999977e+02
-1.871100000000000136e+02
-1.704036999999999864e+02
-1.696613000000000113e+02
-1.874812000000000012e+02
-1.715175000000000125e+02
-1.633499999999999943e+02
-1.781999999999999886e+02
-1.882238000000000113e+02
-1.878524999999999920e+02
-1.819124999999999943e+02
-1.882238000000000113e+02
-2.104987000000000137e+02
-2.056725000000000136e+02
-2.067863000000000113e+02
-1.796850000000000023e+02
-1.756013000000000090e+02
-1.919362000000000137e+02
-1.923075000000000045e+02
-1.878524999999999920e+02
-1.841399999999999864e+02
-1.993613000000000000e+02
-1.889661999999999864e+02
-2.053012999999999977e+02
-1.852538000000000125e+02
-2.101274999999999977e+02
-2.182949999999999875e+02
-1.893375000000000057e+02
-2.171812999999999931e+02
-2.093849999999999909e+02
-1.967624999999999886e+02
-2.041875000000000000e+02
-1.529550000000000125e+02
-1.388474999999999966e+02
-1.644636999999999887e+02
-1.681762999999999977e+02
-1.640925000000000011e+02
-1.488711999999999875e+02
-1.744875000000000114e+02
-1.559250000000000114e+02
-1.588950000000000102e+02
-1.767150000000000034e+02
-1.485000000000000000e+02
-1.715175000000000125e+02
-1.718887000000000000e+02
-1.540688000000000102e+02
-1.574099999999999966e+02
-1.863675000000000068e+02
-1.470149999999999864e+02
-1.674336999999999875e+02
-1.796850000000000023e+02
-1.414463000000000079e+02
-1.700324999999999989e+02
-1.741162999999999954e+02
-1.737450000000000045e+02
-1.666913000000000125e+02
-1.737450000000000045e+02
-1.659487000000000023e+02
-1.581525000000000034e+02
-1.759724999999999966e+02
-1.789424999999999955e+02
-1.741162999999999954e+02
-1.923075000000000045e+02
-1.793137999999999863e+02
-1.640925000000000011e+02
-1.885949999999999989e+02
-1.733737000000000137e+02
-1.904512000000000000e+02
-1.949062999999999874e+02
-1.722599999999999909e+02
-1.878524999999999920e+02
-1.837687999999999988e+02
-1.856250000000000000e+02
-1.867387999999999977e+02
-2.038163000000000125e+02
-1.781999999999999886e+02
-1.789424999999999955e+02
-2.023312999999999988e+02
-1.919362000000000137e+02
-1.807988000000000000e+02
-1.930500000000000114e+02
-1.908224999999999909e+02
-1.989900000000000091e+02
-1.960200000000000102e+02
-1.897087999999999965e+02
-1.989900000000000091e+02
-1.986187999999999931e+02
-1.945349999999999966e+02
-1.923075000000000045e+02
-1.997324999999999875e+02
-1.822838000000000136e+02
-1.952775000000000034e+02
-1.993613000000000000e+02
-1.941638000000000090e+02
-1.915649999999999977e+02
-2.049300000000000068e+02
-1.960200000000000102e+02
-1.897087999999999965e+02
-2.316599999999999966e+02
-1.963913000000000011e+02
-1.971338000000000079e+02
-2.153249999999999886e+02
-2.060437000000000012e+02
-2.027024999999999864e+02
-2.294325000000000045e+02
-2.041875000000000000e+02
-2.015886999999999887e+02
-2.145825000000000102e+02
-2.056725000000000136e+02
-2.104987000000000137e+02
-2.272050000000000125e+02
-2.309174999999999898e+02
