-2.439483999999999924e+03
-2.477722000000000207e+03
-2.446909000000000106e+03
-2.461016000000000076e+03
-2.501853999999999814e+03
-2.483291000000000167e+03
-2.507793999999999869e+03
-2.515219000000000051e+03
-2.553085999999999785e+03
-2.506679999999999836e+03
-2.541949000000000069e+03
-2.550115999999999985e+03
-2.499626000000000204e+03
-2.523014999999999873e+03
-2.556056000000000040e+03
-2.528583999999999833e+03
-2.571648999999999887e+03
-2.590583000000000084e+03
-2.559396999999999935e+03
-2.611001000000000204e+03
-2.611001000000000204e+03
-2.614713999999999942e+03
-2.607289000000000215e+03
-2.639215999999999894e+03
-2.603947999999999865e+03
-2.640701000000000022e+03
-2.637731000000000222e+03
-2.601719999999999800e+03
-2.636246000000000095e+03
-2.651838999999999942e+03
-2.686364999999999782e+03
-2.648126000000000204e+03
-2.723489999999999782e+03
-2.675969999999999800e+03
-2.702699999999999818e+03
-2.726088999999999942e+03
-2.681539000000000215e+03
-2.722376000000000204e+03
-2.741681000000000040e+03
-2.723489999999999782e+03
-2.729059000000000196e+03
-2.743538000000000011e+03
-2.737969000000000051e+03
-2.724603999999999814e+03
-2.783632999999999811e+03
-2.761356999999999971e+03
-2.789572999999999865e+03
-2.795512000000000171e+03
-2.779920000000000073e+03
-2.747992000000000189e+03
-2.798110999999999876e+03
-2.816302000000000135e+03
-2.749106000000000222e+03
-2.830780999999999949e+03
-2.830780999999999949e+03
-2.780663000000000011e+03
-2.845260000000000218e+03
-2.813333000000000084e+03
-2.811476000000000113e+03
-2.837835000000000036e+03
-2.843403999999999996e+03
-2.838949000000000069e+03
-2.843403999999999996e+03
-2.846001999999999953e+03
-2.843775000000000091e+03
-2.858625000000000000e+03
-2.859739000000000033e+03
-2.876445000000000164e+03
-2.893150999999999840e+03
-2.887210999999999785e+03
-2.881271000000000186e+03
-2.897978000000000065e+03
-2.889068000000000211e+03
-2.899463000000000193e+03
-2.928791000000000167e+03
-2.905402999999999793e+03
-2.935844999999999800e+03
-2.950695000000000164e+03
-2.923222000000000207e+03
-2.888695999999999913e+03
-2.954778999999999996e+03
-2.945498000000000047e+03
-2.921737999999999829e+03
-2.941041999999999916e+03
-3.004896999999999935e+03
-2.938443999999999960e+03
-2.941041999999999916e+03
-2.968885999999999967e+03
-2.943641000000000076e+03
-2.948838999999999942e+03
-2.953293999999999869e+03
-2.965916000000000167e+03
-2.975568999999999960e+03
-2.977425000000000182e+03
-2.958862999999999829e+03
-2.998585999999999785e+03
-2.976311000000000149e+03
-3.008981000000000222e+03
-2.976311000000000149e+03
-3.053159999999999854e+03
-2.996358999999999924e+03
-2.997472000000000207e+03
-3.029400000000000091e+03
-3.007125000000000000e+03
-3.040909000000000106e+03
-3.033112999999999829e+03
-3.039795000000000073e+03
-3.075434999999999945e+03
-3.092884000000000015e+03
-3.042021999999999935e+03
-3.064297999999999774e+03
-3.083603000000000065e+03
-3.058356999999999971e+03
-3.069494999999999891e+03
-3.125925000000000182e+03
-3.086201000000000022e+03
-3.105876999999999953e+03
-3.142630999999999858e+03
-3.088800000000000182e+03
-3.121469999999999800e+03
-3.163420999999999822e+03
-3.164905999999999949e+03
-3.158224000000000160e+03
-3.186809999999999945e+03
-3.161193999999999960e+03
-3.127780999999999949e+03
-3.170103999999999814e+03
-3.185324999999999818e+03
-3.152284000000000106e+03
-3.189038000000000011e+03
-3.170846000000000004e+03
-3.204630000000000109e+03
-3.203887000000000171e+03
-3.193492000000000189e+03
-3.208713999999999942e+03
-3.238784999999999854e+03
-3.245467999999999847e+03
-3.192750000000000000e+03
-3.229503999999999905e+03
-3.230617000000000189e+03
-3.225420000000000073e+03
-3.230617000000000189e+03
-3.223193000000000211e+03
-3.238414000000000215e+03
-3.265514999999999873e+03
-3.275909999999999854e+03
-3.215396000000000186e+03
-3.220965000000000146e+03
-3.265885999999999967e+03
-3.242869000000000142e+03
-3.280735999999999876e+03
-3.295585999999999785e+03
-3.272568999999999960e+03
-3.257719000000000051e+03
-3.295215000000000146e+03
-3.279251000000000204e+03
-3.261431000000000040e+03
-3.327885000000000218e+03
-3.296329000000000178e+03
-3.288903999999999996e+03
-3.318974999999999909e+03
-3.288532000000000153e+03
-3.287418999999999869e+03
-3.324914999999999964e+03
-3.286675999999999931e+03
-3.327514000000000124e+03
-3.305610000000000127e+03
-3.301155000000000200e+03
-3.308208999999999833e+03
-3.328626999999999953e+03
-3.296699999999999818e+03
-3.323800999999999931e+03
-3.361668999999999869e+03
-3.330112999999999829e+03
-3.363153999999999996e+03
-3.336052000000000135e+03
-3.327143000000000029e+03
-3.360925999999999931e+03
-3.370208000000000084e+03
-3.362782000000000153e+03
-3.341621000000000095e+03
-3.386541999999999916e+03
-3.332340000000000146e+03
-3.365751999999999953e+03
-3.323059000000000196e+03
-3.341621000000000095e+03
-3.364639000000000124e+03
-3.384686000000000149e+03
-3.382088000000000193e+03
-3.332710999999999785e+03
-3.359813000000000102e+03
-3.364639000000000124e+03
-3.337538000000000011e+03
-3.392110999999999876e+03
-3.381344999999999800e+03
-3.387655999999999949e+03
-3.379860000000000127e+03
-3.393596000000000004e+03
-3.358327999999999975e+03
-3.400650000000000091e+03
-3.360554999999999836e+03
-3.337538000000000011e+03
-3.360925999999999931e+03
-3.344590999999999894e+03
-3.352016000000000076e+03
-3.385057999999999993e+03
-3.364268000000000029e+03
-3.354614999999999782e+03
-3.401393000000000029e+03
-3.359440999999999804e+03
-3.360554999999999836e+03
-3.416242000000000189e+03
-3.390626000000000204e+03
-3.348304000000000087e+03
-3.419954999999999927e+03
-3.397309000000000196e+03
-3.376146999999999935e+03
-3.440373999999999796e+03
-3.408818000000000211e+03
-3.365380999999999858e+03
-3.394338999999999942e+03
-3.391369000000000142e+03
-3.335309999999999945e+03
-3.367608999999999924e+03
-3.347932999999999993e+03
-3.344219999999999800e+03
-3.358699000000000069e+03
-3.410302000000000135e+03
-3.375405000000000200e+03
-3.389884000000000015e+03
-3.409188999999999851e+03
-3.382458999999999833e+03
-3.438889000000000124e+03
-3.428494000000000142e+03
-3.380603000000000065e+03
-3.406960999999999785e+03
-3.432949000000000069e+03
-3.422182999999999993e+03
-3.420697999999999865e+03
-3.450768999999999778e+03
-3.388398999999999887e+03
-3.429606999999999971e+03
-3.462277999999999793e+03
-3.440744999999999891e+03
-3.456338000000000193e+03
-3.465619000000000142e+03
-3.455224000000000160e+03
-3.491978000000000065e+03
-3.510911000000000058e+03
-3.442601000000000113e+03
-3.437403999999999996e+03
-3.512396000000000186e+03
-3.465619000000000142e+03
-3.469331000000000131e+03
-3.503114999999999782e+03
-3.489378999999999905e+03
-3.483809999999999945e+03
-3.543952999999999975e+03
-3.502744000000000142e+03
-3.526132999999999811e+03
-3.538012000000000171e+03
-3.549893000000000029e+03
-3.540239999999999782e+03
-3.491235000000000127e+03
-3.488264999999999873e+03
-3.457822999999999865e+03
-3.510539999999999964e+03
-3.468217999999999847e+03
-3.440744999999999891e+03
-3.482324999999999818e+03
-3.464505000000000109e+03
-3.469702999999999975e+03
-3.467103999999999814e+03
-3.487521999999999935e+03
-3.467846000000000004e+03
-3.483068000000000211e+03
-3.451510999999999967e+03
-3.460791999999999916e+03
-3.467474999999999909e+03
-3.464876000000000204e+03
-3.487893999999999778e+03
-3.474528999999999996e+03
-3.485295000000000073e+03
-3.446313999999999851e+03
-3.504599999999999909e+03
-3.481210999999999785e+03
-3.487521999999999935e+03
-3.498289000000000215e+03
-3.513139000000000124e+03
-3.498659999999999854e+03
-3.499030999999999949e+03
-3.524275999999999840e+03
-3.489378999999999905e+03
-3.552490999999999985e+03
-3.537269999999999982e+03
-3.546550999999999931e+03
-3.580335000000000036e+03
-3.479726000000000113e+03
-3.409931000000000040e+03
-3.444458000000000084e+03
-3.465248000000000047e+03
-3.440001999999999953e+03
-3.506456000000000131e+03
-3.445943000000000211e+03
-3.458936000000000149e+03
-3.462648999999999887e+03
-3.455224000000000160e+03
-3.452253999999999905e+03
-3.458936000000000149e+03
-3.468588999999999942e+03
-3.470445000000000164e+03
-3.473043999999999869e+03
-3.520934999999999945e+03
-3.481210999999999785e+03
-3.502001000000000204e+03
-3.509425999999999931e+03
-3.498659999999999854e+03
-3.511653999999999996e+03
-3.540239999999999782e+03
-3.473043999999999869e+03
-3.475271000000000186e+03
-3.483068000000000211e+03
-3.482324999999999818e+03
-3.472672999999999774e+03
-3.504228999999999814e+03
-3.504971000000000004e+03
-3.516851000000000113e+03
-3.516108999999999924e+03
-3.487521999999999935e+03
-3.526503999999999905e+03
-3.515737999999999829e+03
-3.513139000000000124e+03
-3.450396999999999935e+03
-3.506827999999999975e+03
-3.469331000000000131e+03
-3.454481000000000222e+03
-3.528731000000000222e+03
-3.525760999999999967e+03
-3.478983999999999924e+03
-3.543952999999999975e+03
-3.527617000000000189e+03
-3.488264999999999873e+03
-3.581820000000000164e+03
-3.532815000000000055e+03
-3.501259000000000015e+03
-3.568083999999999833e+03
-3.530215999999999894e+03
-3.525018999999999778e+03
-3.562514999999999873e+03
-3.545809000000000196e+03
-3.509797999999999774e+03
-3.572539000000000215e+03
-3.582190999999999804e+03
-3.547293999999999869e+03
-3.592585999999999785e+03
-3.601496000000000095e+03
-3.596670000000000073e+03
-3.613376000000000204e+03
-3.598896999999999935e+03
-3.561400999999999840e+03
-3.624514000000000124e+03
-3.606322999999999865e+03
-3.590358999999999924e+03
-3.551005999999999858e+03
-3.573652999999999793e+03
-3.559916000000000167e+03
-3.554719000000000051e+03
-3.568826000000000022e+03
-3.529474000000000160e+03
-3.585161000000000058e+03
-3.576251000000000204e+03
-3.546179999999999836e+03
-3.561771999999999935e+03
-3.572909999999999854e+03
-3.546922999999999774e+03
-3.530588000000000193e+03
-3.585903999999999996e+03
-3.539498000000000047e+03
-3.573652999999999793e+03
-3.583304999999999836e+03
-3.567713000000000193e+03
-3.546550999999999931e+03
-3.546922999999999774e+03
-3.538012000000000171e+03
-3.545809000000000196e+03
-3.594443000000000211e+03
-3.579221000000000004e+03
-3.550635000000000218e+03
-3.589615999999999985e+03
-3.583304999999999836e+03
-3.569940000000000055e+03
-3.599268999999999778e+03
-3.595184999999999945e+03
-3.566228000000000065e+03
-3.605208999999999833e+03
-3.528731000000000222e+03
-3.564742000000000189e+03
-3.564742000000000189e+03
-3.591472999999999956e+03
-3.576623000000000047e+03
-3.592215000000000146e+03
-3.580706000000000131e+03
-3.566969999999999800e+03
-3.605208999999999833e+03
-3.579963999999999942e+03
-3.590730000000000018e+03
-3.609664000000000215e+03
-3.618202999999999975e+03
-3.616717999999999847e+03
-3.601125000000000000e+03
-3.598155000000000200e+03
-3.560288000000000011e+03
