-4.400426000000000386e+03
-4.447945999999999913e+03
-4.424186999999999898e+03
-4.466137999999999920e+03
-4.426413999999999760e+03
-4.488042000000000371e+03
-4.521453999999999724e+03
-4.469850000000000364e+03
-4.516627000000000407e+03
-4.485070999999999913e+03
-4.511430000000000291e+03
-4.511430000000000291e+03
-4.553010000000000218e+03
-4.506604000000000269e+03
-4.548926000000000386e+03
-4.508831000000000131e+03
-4.574542000000000371e+03
-4.569716000000000349e+03
-4.541130000000000109e+03
-4.567118000000000393e+03
-4.574171000000000276e+03
-4.575655999999999949e+03
-4.590877000000000407e+03
-4.603500000000000000e+03
-4.590877000000000407e+03
-4.609811999999999898e+03
-4.588649999999999636e+03
-4.538902000000000044e+03
-4.578255000000000109e+03
-4.568603000000000065e+03
-4.552639000000000124e+03
-4.574913999999999760e+03
-4.625033000000000357e+03
-4.583823999999999614e+03
-4.604243000000000393e+03
-4.616493999999999687e+03
-4.620578000000000429e+03
-4.657331000000000131e+03
-4.632086000000000240e+03
-4.666984000000000378e+03
-4.626518000000000029e+03
-4.676636000000000422e+03
-4.669582999999999629e+03
-4.674779999999999745e+03
-4.660301000000000386e+03
-4.625404000000000451e+03
-4.648792000000000371e+03
-4.651020000000000437e+03
-4.648421000000000276e+03
-4.682948000000000320e+03
-4.664756000000000313e+03
-4.677378999999999905e+03
-4.684061999999999898e+03
-4.661786000000000058e+03
-4.639140000000000327e+03
-4.670695999999999913e+03
-4.669211000000000240e+03
-4.636542000000000371e+03
-4.686659999999999854e+03
-4.698168999999999869e+03
-4.666612000000000080e+03
-4.655104000000000269e+03
-4.700395999999999731e+03
-4.700768000000000029e+03
-4.678493000000000393e+03
-4.759425000000000182e+03
-4.744945999999999913e+03
-4.739748999999999796e+03
-4.743090000000000146e+03
-4.749029999999999745e+03
-4.727497999999999593e+03
-4.730838999999999942e+03
-4.697055000000000291e+03
-4.706336000000000240e+03
-4.746430999999999585e+03
-4.718958999999999833e+03
-4.717474000000000160e+03
-4.715618000000000393e+03
-4.750144000000000233e+03
-4.713019000000000233e+03
-4.750886000000000422e+03
-4.756454999999999927e+03
-4.741234000000000378e+03
-4.780586000000000240e+03
-4.743090000000000146e+03
-4.728981999999999971e+03
-4.768335000000000036e+03
-4.769819999999999709e+03
-4.743461000000000240e+03
-4.738264000000000124e+03
-4.741975999999999658e+03
-4.738635000000000218e+03
-4.758311999999999898e+03
-4.780586000000000240e+03
-4.703365999999999985e+03
-4.748287999999999556e+03
-4.772418999999999869e+03
-4.787269000000000233e+03
-4.764993999999999687e+03
-4.776502000000000407e+03
-4.741234000000000378e+03
-4.739748999999999796e+03
-4.781699999999999818e+03
-4.727126000000000204e+03
-4.707078999999999724e+03
-4.670324999999999818e+03
-4.696684000000000196e+03
-4.658073999999999614e+03
-4.733438000000000102e+03
-4.694456000000000131e+03
-4.687774000000000342e+03
-4.710420000000000073e+03
-4.704479999999999563e+03
-4.686288999999999760e+03
-4.720444000000000415e+03
-4.695940999999999804e+03
-4.702994999999999891e+03
-4.702994999999999891e+03
-4.715246000000000095e+03
-4.710048999999999978e+03
-4.727497999999999593e+03
-4.708564000000000306e+03
-4.715618000000000393e+03
-4.696684000000000196e+03
-4.738264000000000124e+03
-4.719701000000000022e+03
-4.761652000000000044e+03
-4.740490999999999985e+03
-4.724155999999999949e+03
-4.772046999999999571e+03
-4.704479999999999563e+03
-4.752000000000000000e+03
-4.773904000000000451e+03
-4.722671000000000276e+03
-4.734180000000000291e+03
-4.759054000000000087e+03
-4.754599000000000160e+03
-4.751256999999999607e+03
-4.755712000000000444e+03
-4.742719000000000051e+03
-4.786154999999999745e+03
-4.738264000000000124e+03
-4.761280999999999949e+03
-4.773904000000000451e+03
-4.740490999999999985e+03
-4.773161000000000058e+03
-4.761652000000000044e+03
-4.817340000000000146e+03
-4.782814000000000306e+03
-4.759425000000000182e+03
-4.766106999999999971e+03
-4.783927999999999884e+03
-4.758682999999999993e+03
-4.804345999999999549e+03
-4.809171999999999571e+03
-4.766850000000000364e+03
-4.805088999999999942e+03
-4.764622999999999593e+03
-4.753113999999999578e+03
-4.796921000000000276e+03
-4.814369999999999891e+03
-4.762024000000000342e+03
-4.810658000000000357e+03
-4.814369999999999891e+03
-4.778729999999999563e+03
-4.798405999999999949e+03
-4.824021999999999935e+03
-4.800262999999999920e+03
-4.798034999999999854e+03
-4.850010000000000218e+03
-4.786896999999999935e+03
-4.813256000000000313e+03
-4.837759000000000015e+03
-4.796179000000000087e+03
-4.834046000000000276e+03
-4.816225999999999658e+03
-4.805088999999999942e+03
-4.803231999999999971e+03
-4.851123999999999796e+03
-4.792466000000000349e+03
-4.818082999999999629e+03
-4.847783000000000357e+03
-4.822537999999999556e+03
-4.843698999999999614e+03
-4.864118000000000393e+03
-4.835159999999999854e+03
-4.852237000000000080e+03
-4.860033999999999651e+03
-4.832189999999999600e+03
-4.838130000000000109e+03
-4.855949999999999818e+03
-4.828849000000000160e+03
-4.780215000000000146e+03
-4.822537999999999556e+03
-4.810658000000000357e+03
-4.802118999999999687e+03
-4.813998999999999796e+03
-4.770934000000000196e+03
-4.760538999999999760e+03
-4.774645999999999731e+03
-4.793579999999999927e+03
-4.759425000000000182e+03
-4.798034999999999854e+03
-4.809543999999999869e+03
-4.749771999999999935e+03
-4.767963999999999942e+03
-4.755712000000000444e+03
-4.718587000000000444e+03
-4.756454999999999927e+03
-4.720814999999999600e+03
-4.773533000000000357e+03
-4.724899000000000342e+03
-4.761280999999999949e+03
-4.730838999999999942e+03
-4.724155999999999949e+03
-4.746802999999999884e+03
-4.760909999999999854e+03
-4.741604999999999563e+03
-4.786896999999999935e+03
-4.741604999999999563e+03
-4.767592999999999847e+03
-4.779100999999999658e+03
-4.721557999999999993e+03
-4.757198000000000320e+03
-4.754970000000000255e+03
-4.766850000000000364e+03
-4.770190999999999804e+03
-4.786154999999999745e+03
-4.766106999999999971e+03
-4.763880000000000109e+03
-4.804345999999999549e+03
-4.775018000000000029e+03
-4.774274999999999636e+03
-4.811770999999999731e+03
-4.792837000000000444e+03
-4.800262999999999920e+03
-4.815112000000000080e+03
-4.784670000000000073e+03
-4.810658000000000357e+03
-4.817340000000000146e+03
-4.824021999999999935e+03
-4.852979999999999563e+03
-4.842213999999999942e+03
-4.813256000000000313e+03
-4.841842999999999847e+03
-4.831076000000000022e+03
-4.818082999999999629e+03
-4.841842999999999847e+03
-4.833675000000000182e+03
-4.804717999999999847e+03
-4.829962000000000444e+03
-4.838501000000000204e+03
-4.823279999999999745e+03
-4.822167000000000371e+03
-4.847039999999999964e+03
-4.842956000000000131e+03
-4.832561999999999898e+03
-4.844813000000000102e+03
-4.822167000000000371e+03
-4.833304000000000087e+03
-4.861890000000000327e+03
-4.859662999999999556e+03
-4.822908999999999651e+03
-4.874512999999999920e+03
-4.842585000000000036e+03
-4.847783000000000357e+03
-4.877481999999999971e+03
-4.875626000000000204e+03
-4.875997999999999593e+03
-4.908667000000000371e+03
-4.871542000000000371e+03
-4.898644000000000233e+03
-4.908667000000000371e+03
-4.923145999999999731e+03
-4.869686999999999898e+03
-4.934283999999999651e+03
-4.894560000000000400e+03
-4.897158999999999651e+03
-4.894189000000000306e+03
-4.910524000000000342e+03
-4.881194999999999709e+03
-4.937625000000000000e+03
-4.913122999999999593e+03
-4.927600999999999658e+03
-4.923518000000000029e+03
-4.919805000000000291e+03
-4.917578000000000429e+03
-4.934283999999999651e+03
-4.935025999999999840e+03
-4.950247999999999593e+03
-4.975863999999999578e+03
-4.966953999999999724e+03
-4.933912999999999556e+03
-4.947649000000000342e+03
-4.948762999999999920e+03
-4.961756000000000313e+03
-4.950247999999999593e+03
-4.970295000000000073e+03
-4.935769000000000233e+03
-4.959158000000000357e+03
-4.997395999999999731e+03
-4.986259000000000015e+03
-4.989229000000000269e+03
-4.991085000000000036e+03
-4.971037999999999556e+03
-4.977720000000000255e+03
-5.014474000000000160e+03
-4.988485999999999876e+03
-4.991456000000000131e+03
-5.010019000000000233e+03
-5.000365999999999985e+03
-4.977720000000000255e+03
-5.033036000000000058e+03
-5.006305999999999585e+03
-5.018929000000000087e+03
-5.018929000000000087e+03
-5.012988999999999578e+03
-5.032664999999999964e+03
-5.053826000000000022e+03
-5.058280999999999949e+03
-5.011131999999999607e+03
-5.062735999999999876e+03
-5.054569000000000415e+03
-5.039347999999999956e+03
-5.078699999999999818e+03
-5.031551000000000386e+03
-5.057909999999999854e+03
-5.077215000000000146e+03
-5.082783999999999651e+03
-5.042317000000000007e+03
-5.074615999999999985e+03
-5.055311999999999898e+03
-5.065706000000000131e+03
-5.080927999999999884e+03
-5.093179000000000087e+03
-5.088724000000000160e+03
-5.080555999999999585e+03
-5.090951000000000022e+03
-5.086125000000000000e+03
-5.110998999999999796e+03
-5.106171999999999571e+03
-5.088724000000000160e+03
-5.119537999999999556e+03
-5.129189999999999600e+03
-5.124363999999999578e+03
-5.104315999999999804e+03
-5.122506999999999607e+03
-5.136985999999999876e+03
-5.147752000000000407e+03
-5.117680999999999585e+03
-5.128076000000000022e+03
-5.134015999999999622e+03
-5.125849000000000160e+03
-5.141440999999999804e+03
-5.142926000000000386e+03
-5.136614999999999782e+03
-5.139585000000000036e+03
-5.154805999999999585e+03
-5.145524999999999636e+03
-5.135130000000000109e+03
-5.167800000000000182e+03
-5.179309000000000196e+03
-5.118795000000000073e+03
-5.177082000000000335e+03
-5.161859999999999673e+03
-5.135130000000000109e+03
-5.187847999999999956e+03
-5.151836000000000240e+03
-5.143296999999999571e+03
-5.162603000000000065e+03
-5.161488999999999578e+03
-5.165573000000000320e+03
-5.164087000000000444e+03
-5.191560000000000400e+03
-5.183764000000000124e+03
-5.188961000000000240e+03
-5.199355999999999767e+03
-5.173739999999999782e+03
-5.197871000000000095e+03
-5.199728000000000065e+03
-5.179309000000000196e+03
-5.231283999999999651e+03
-5.223488000000000284e+03
-5.183020999999999731e+03
-5.217918999999999869e+03
-5.235738999999999578e+03
-5.203069000000000415e+03
-5.244649000000000342e+03
-5.258014000000000124e+03
-5.236480999999999767e+03
-5.248731999999999971e+03
-5.281030999999999949e+03
-5.242792000000000371e+03
-5.247247999999999593e+03
-5.267295000000000073e+03
-5.262840000000000146e+03
-5.261354999999999563e+03
-5.294768000000000029e+03
-5.295510000000000218e+03
-5.258385000000000218e+03
-5.315557999999999993e+03
-5.293283000000000357e+03
-5.297365999999999985e+03
-5.333006000000000313e+03
-5.298479999999999563e+03
-5.322610999999999876e+03
-5.323354000000000269e+03
-5.309988999999999578e+03
-5.312216000000000349e+03
-5.323354000000000269e+03
-5.327438000000000102e+03
-5.313701000000000022e+03
