3.100031999999999925e+02
2.621105000000000018e+02
2.513438999999999908e+02
2.580265999999999735e+02
2.390922999999999945e+02
2.145891000000000020e+02
2.212718000000000131e+02
1.945408999999999935e+02
2.045649999999999977e+02
1.967684999999999889e+02
1.908283000000000129e+02
1.629836999999999989e+02
1.503608000000000118e+02
1.407079999999999984e+02
1.288276999999999930e+02
1.273426000000000045e+02
9.801299000000000206e+01
8.836020000000000607e+01
1.165760999999999967e+02
8.650388999999999839e+01
7.350973999999999364e+01
7.870740999999999588e+01
7.462353000000000236e+01
5.754551000000000016e+01
6.274316000000000315e+01
3.972496000000000294e+01
2.338945999999999970e+01
-2.190374999999999872e+01
-6.682500000000000107e+00
-8.538750000000000284e+00
1.522170999999999985e+01
-8.910000000000000142e+00
-4.566375000000000028e+01
-2.932874999999999943e+01
-6.793874999999999886e+01
-7.350749999999999318e+01
-7.053749999999999432e+01
-4.752000000000000313e+01
-9.132750000000000057e+01
-9.095624999999999716e+01
-1.006086999999999989e+02
-1.191711999999999989e+02
-1.462725000000000080e+02
-1.659487000000000023e+02
-1.600088000000000079e+02
-1.418174999999999955e+02
-1.614937999999999931e+02
-1.618650000000000091e+02
-1.689187000000000012e+02
-1.781999999999999886e+02
-2.019600000000000080e+02
-1.941638000000000090e+02
-2.246062000000000012e+02
-2.324025000000000034e+02
-2.090137000000000000e+02
-2.123549999999999898e+02
-2.472524999999999977e+02
-2.702699999999999818e+02
-2.368574999999999875e+02
-2.687850000000000250e+02
-2.784375000000000000e+02
-2.784375000000000000e+02
-2.691562999999999874e+02
-2.758387000000000171e+02
-2.984850000000000136e+02
-3.051675000000000182e+02
-2.851200000000000045e+02
-3.040536999999999921e+02
-3.226161999999999921e+02
-3.125924999999999727e+02
-3.029399999999999977e+02
-3.623399999999999750e+02
-3.430350000000000250e+02
-3.292988000000000284e+02
-3.426637999999999806e+02
-3.471186999999999898e+02
-3.237300000000000182e+02
-3.578849999999999909e+02
-3.597411999999999921e+02
-3.396938000000000102e+02
-3.589986999999999853e+02
-3.775611999999999853e+02
-3.437774999999999750e+02
-3.671662999999999784e+02
-3.809024999999999750e+02
-4.020638000000000147e+02
-4.046625000000000227e+02
-3.794175000000000182e+02
-3.842436999999999898e+02
-3.809024999999999750e+02
-3.697649999999999864e+02
-3.946388000000000034e+02
-4.395600000000000023e+02
-3.879562999999999988e+02
-3.946388000000000034e+02
-4.158000000000000114e+02
-4.291650000000000205e+02
-4.176562999999999874e+02
-4.247099999999999795e+02
-4.455000000000000000e+02
-4.273086999999999875e+02
-4.596075000000000159e+02
-4.566374999999999886e+02
-4.766850000000000023e+02
-4.681462000000000216e+02
-4.688888000000000034e+02
-4.588650000000000091e+02
-4.900500000000000114e+02
-5.275462999999999738e+02
-4.848525000000000205e+02
-4.885649999999999977e+02
-5.253187000000000353e+02
-5.175225000000000364e+02
-5.056424999999999841e+02
-5.438812000000000353e+02
-5.182649999999999864e+02
-5.431386999999999716e+02
-5.182649999999999864e+02
-5.223487999999999829e+02
-5.449950000000000045e+02
-5.320013000000000147e+02
-5.498211999999999762e+02
-5.583600000000000136e+02
-5.602161999999999580e+02
-5.531625000000000227e+02
-5.479650000000000318e+02
-5.602161999999999580e+02
-5.386838000000000193e+02
-5.294025000000000318e+02
-5.639288000000000238e+02
-5.642999999999999545e+02
-5.360850000000000364e+02
-5.386838000000000193e+02
-5.268038000000000238e+02
-5.394262999999999693e+02
-5.431386999999999716e+02
-5.301449999999999818e+02
-5.126961999999999762e+02
-5.242050000000000409e+02
-5.516775000000000091e+02
-4.911637999999999806e+02
-4.800262000000000171e+02
-4.945049999999999955e+02
-5.216063000000000329e+02
-5.030437999999999761e+02
-5.260612999999999602e+02
-5.375700000000000500e+02
-5.193787999999999556e+02
-5.360850000000000364e+02
-5.227200000000000273e+02
-5.301449999999999818e+02
-5.119538000000000011e+02
-5.301449999999999818e+02
-5.349713000000000420e+02
-5.305162000000000262e+02
-5.394262999999999693e+02
-5.602161999999999580e+02
-5.513062999999999647e+02
-5.706113000000000284e+02
-5.772938000000000329e+02
-5.702400000000000091e+02
-5.832337999999999738e+02
-6.088500000000000227e+02
-5.899162999999999784e+02
-5.958563000000000329e+02
-6.114487000000000307e+02
-6.055086999999999762e+02
-6.107061999999999671e+02
-6.155325000000000273e+02
-6.185025000000000546e+02
-6.285262000000000171e+02
-6.508012999999999693e+02
-5.902875000000000227e+02
-5.628150000000000546e+02
-5.858324999999999818e+02
-5.691263000000000147e+02
-5.394262999999999693e+02
-5.464800000000000182e+02
-5.078700000000000045e+02
-5.368274999999999864e+02
-5.498211999999999762e+02
-5.375700000000000500e+02
-5.397975000000000136e+02
-5.442525000000000546e+02
-5.594737999999999829e+02
-5.587313000000000329e+02
-5.642999999999999545e+02
-5.479650000000000318e+02
-5.346000000000000227e+02
-5.197500000000000000e+02
-5.349713000000000420e+02
-5.089837999999999738e+02
-5.279175000000000182e+02
-5.572463000000000193e+02
-5.301449999999999818e+02
-5.431386999999999716e+02
-5.609587000000000216e+02
-5.238337000000000216e+02
-5.349713000000000420e+02
-5.654138000000000375e+02
-5.171512000000000171e+02
-5.453663000000000238e+02
-5.364561999999999671e+02
-5.442525000000000546e+02
-5.639288000000000238e+02
-5.754375000000000000e+02
-5.397975000000000136e+02
-5.720963000000000420e+02
-5.617011999999999716e+02
-5.691263000000000147e+02
-5.739524999999999864e+02
-5.787786999999999580e+02
-5.795212000000000216e+02
-5.832337999999999738e+02
-5.973411999999999580e+02
-5.969700000000000273e+02
-5.813775000000000546e+02
-5.954850000000000136e+02
-5.624437000000000353e+02
-5.360850000000000364e+02
-5.516775000000000091e+02
-5.457374999999999545e+02
-5.152949999999999591e+02
-5.045287000000000148e+02
-4.900500000000000114e+02
-4.952475000000000023e+02
-5.126961999999999762e+02
-4.870799999999999841e+02
-4.841100000000000136e+02
-4.952475000000000023e+02
-4.926487000000000194e+02
-4.844812999999999761e+02
-5.130674999999999955e+02
-5.078700000000000045e+02
-5.056424999999999841e+02
-5.201213000000000193e+02
-4.952475000000000023e+02
-5.037862999999999829e+02
-5.338574999999999591e+02
-5.056424999999999841e+02
-5.242050000000000409e+02
-5.331150000000000091e+02
-5.152949999999999591e+02
-5.204924999999999500e+02
-5.253187000000000353e+02
-5.260612999999999602e+02
-5.275462999999999738e+02
-5.342287999999999784e+02
-5.208637999999999693e+02
-5.505638000000000147e+02
-5.442525000000000546e+02
-5.082411999999999921e+02
-5.565037999999999556e+02
-5.535338000000000420e+02
-5.520488000000000284e+02
-5.680125000000000455e+02
-5.706113000000000284e+02
-5.390549999999999500e+02
-4.922774999999999750e+02
-5.301449999999999818e+02
-4.982174999999999727e+02
-5.197500000000000000e+02
-5.152949999999999591e+02
-5.026725000000000136e+02
-5.082411999999999921e+02
-5.275462999999999738e+02
-5.149238000000000284e+02
-5.071274999999999977e+02
-5.078700000000000045e+02
-5.230911999999999580e+02
-4.959900000000000091e+02
-4.989599999999999795e+02
-4.971037999999999784e+02
-4.878224999999999909e+02
-5.097262999999999806e+02
-5.089837999999999738e+02
-5.026725000000000136e+02
-4.915350000000000250e+02
-4.900500000000000114e+02
-5.004449999999999932e+02
-4.807687999999999988e+02
-4.618349999999999795e+02
-4.566374999999999886e+02
-4.700024999999999977e+02
-4.770561999999999898e+02
-4.547812999999999874e+02
-4.855950000000000273e+02
-4.855950000000000273e+02
-4.733437999999999874e+02
-4.993312999999999988e+02
-5.041575000000000273e+02
-4.915350000000000250e+02
-5.115824999999999818e+02
-5.008163000000000125e+02
-4.911637999999999806e+02
-4.855950000000000273e+02
-5.056424999999999841e+02
-4.937624999999999886e+02
-4.766850000000000023e+02
-4.867087000000000216e+02
-5.130674999999999955e+02
-4.881938000000000102e+02
-4.989599999999999795e+02
-4.800262000000000171e+02
-5.071274999999999977e+02
-4.867087000000000216e+02
-4.974750000000000227e+02
-5.034150000000000205e+02
-5.086125000000000114e+02
-4.930199999999999818e+02
-5.011875000000000000e+02
-5.023013000000000261e+02
-5.245761999999999716e+02
-5.138099999999999454e+02
-4.933913000000000011e+02
-5.063849999999999909e+02
-5.249474999999999909e+02
-5.212350000000000136e+02
-4.907925000000000182e+02
-5.112112000000000194e+02
-5.178936999999999671e+02
-4.737149999999999750e+02
-4.570088000000000079e+02
-4.863374999999999773e+02
-4.867087000000000216e+02
-4.469850000000000136e+02
-4.714875000000000114e+02
-4.848525000000000205e+02
-4.551524999999999750e+02
-4.785412999999999784e+02
-4.592363000000000284e+02
-4.674037000000000148e+02
-4.685174999999999841e+02
-4.740862000000000194e+02
-4.833675000000000068e+02
-4.792837999999999852e+02
-4.733437999999999874e+02
-4.751999999999999886e+02
-4.919062999999999874e+02
-4.703736999999999853e+02
-4.748288000000000011e+02
-4.922774999999999750e+02
-4.726012999999999806e+02
-4.785412999999999784e+02
-4.985887000000000171e+02
-4.993312999999999988e+02
-4.922774999999999750e+02
-4.852237999999999829e+02
-4.907925000000000182e+02
-4.915350000000000250e+02
-5.149238000000000284e+02
-4.948763000000000147e+02
-4.896786999999999921e+02
-5.034150000000000205e+02
-4.971037999999999784e+02
-5.171512000000000171e+02
-5.331150000000000091e+02
-5.156662999999999784e+02
-5.212350000000000136e+02
-5.323724999999999454e+02
-5.037862999999999829e+02
-5.238337000000000216e+02
-5.379412999999999556e+02
-5.327437999999999647e+02
-5.108399999999999750e+02
-5.453663000000000238e+02
-5.123250000000000455e+02
-5.023013000000000261e+02
-5.138099999999999454e+02
-5.023013000000000261e+02
-5.212350000000000136e+02
-5.238337000000000216e+02
-5.230911999999999580e+02
-5.093550000000000182e+02
-5.268038000000000238e+02
-5.234624999999999773e+02
-5.171512000000000171e+02
-5.216063000000000329e+02
-5.197500000000000000e+02
-5.034150000000000205e+02
-5.349713000000000420e+02
-5.178936999999999671e+02
-5.290312999999999874e+02
-5.219774999999999636e+02
-4.688888000000000034e+02
-4.662900000000000205e+02
-4.833675000000000068e+02
-4.889361999999999853e+02
-4.863374999999999773e+02
-4.855950000000000273e+02
-4.956186999999999898e+02
-4.770561999999999898e+02
-4.792837999999999852e+02
-4.907925000000000182e+02
-4.911637999999999806e+02
-4.993312999999999988e+02
-4.915350000000000250e+02
-4.796549999999999727e+02
-5.023013000000000261e+02
-5.264325000000000045e+02
-5.030437999999999761e+02
-5.019300000000000068e+02
-4.915350000000000250e+02
-4.354762999999999806e+02
-4.317638000000000034e+02
-4.354762999999999806e+02
-4.250812999999999988e+02
-4.440149999999999864e+02
-4.466138000000000261e+02
-4.302787000000000148e+02
-4.176562999999999874e+02
-4.228537999999999784e+02
