3.215122999999999820e+02
2.762183999999999742e+02
2.598829000000000065e+02
2.769610000000000127e+02
2.524576999999999884e+02
2.398348000000000013e+02
2.457750000000000057e+02
2.253556000000000097e+02
2.019661999999999864e+02
2.253556000000000097e+02
2.023374000000000024e+02
1.919421000000000106e+02
1.819181000000000097e+02
1.882295000000000016e+02
1.841456000000000017e+02
1.681813999999999965e+02
1.399654999999999916e+02
1.614987000000000137e+02
1.407079999999999984e+02
1.039531999999999954e+02
1.143485000000000014e+02
9.244406999999999641e+01
5.791676999999999964e+01
7.647983999999999583e+01
6.756955999999999563e+01
4.009622999999999848e+01
3.786865999999999843e+01
5.903054999999999808e+01
3.378477999999999781e+01
4.455136000000000429e+00
1.113784000000000107e+00
-1.410749999999999993e+01
-1.484999999999999964e+01
1.485044999999999948e+00
-2.784375000000000000e+01
-4.269375000000000142e+01
-3.526874999999999716e+01
-5.902875000000000227e+01
-5.902875000000000227e+01
-7.759125000000000227e+01
-7.313625000000000398e+01
-9.615375000000000227e+01
-9.132750000000000057e+01
-1.258538000000000068e+02
-9.875249999999999773e+01
-9.466875000000000284e+01
-1.444162000000000035e+02
-1.399612999999999943e+02
-1.269675000000000011e+02
-1.811699999999999875e+02
-1.756013000000000090e+02
-1.696613000000000113e+02
-1.871100000000000136e+02
-1.574099999999999966e+02
-1.770862999999999943e+02
-1.822838000000000136e+02
-2.045586999999999875e+02
-1.889661999999999864e+02
-1.904512000000000000e+02
-2.064149999999999920e+02
-2.168100000000000023e+02
-2.019600000000000080e+02
-2.097563000000000102e+02
-2.123549999999999898e+02
-2.246062000000000012e+02
-2.476237000000000137e+02
-2.602461999999999875e+02
-2.673000000000000114e+02
-2.806650000000000205e+02
-2.765812000000000239e+02
-2.862337999999999738e+02
-2.750962999999999852e+02
-2.814075000000000273e+02
-2.728686999999999898e+02
-2.832638000000000034e+02
-2.910600000000000023e+02
-2.906888000000000147e+02
-3.137062000000000239e+02
-3.133349999999999795e+02
-3.148199999999999932e+02
-3.226161999999999921e+02
-2.944012000000000171e+02
-2.995987999999999829e+02
-3.174187999999999761e+02
-2.869762999999999806e+02
-3.133349999999999795e+02
-2.973711999999999875e+02
-3.103650000000000091e+02
-3.348675000000000068e+02
-3.541725000000000136e+02
-3.474900000000000091e+02
-3.304125000000000227e+02
-3.437774999999999750e+02
-3.519449999999999932e+02
-3.760763000000000034e+02
-3.712500000000000000e+02
-3.671662999999999784e+02
-3.705074999999999932e+02
-3.809024999999999750e+02
-3.641963000000000079e+02
-3.641963000000000079e+02
-3.935249999999999773e+02
-3.924112999999999829e+02
-3.894413000000000125e+02
-3.879562999999999988e+02
-4.076324999999999932e+02
-4.083750000000000000e+02
-4.161712999999999738e+02
-4.094886999999999944e+02
-3.961236999999999853e+02
-4.247099999999999795e+02
-4.403025000000000091e+02
-4.332486999999999853e+02
-4.469850000000000136e+02
-4.584936999999999898e+02
-4.466138000000000261e+02
-4.610924999999999727e+02
-4.581225000000000023e+02
-4.466138000000000261e+02
-4.529250000000000114e+02
-4.417875000000000227e+02
-4.310212000000000216e+02
-4.651763000000000261e+02
-4.514399999999999977e+02
-4.558949999999999818e+02
-4.662900000000000205e+02
-4.492124999999999773e+02
-4.655475000000000136e+02
-4.785412999999999784e+02
-4.737149999999999750e+02
-4.837388000000000261e+02
-4.807687999999999988e+02
-4.558949999999999818e+02
-4.492124999999999773e+02
-4.506974999999999909e+02
-4.080038000000000125e+02
-4.087461999999999875e+02
-4.195124999999999886e+02
-4.191413000000000011e+02
-4.054049999999999727e+02
-4.132013000000000034e+02
-4.425299999999999727e+02
-4.328774999999999977e+02
-4.529250000000000114e+02
-4.458711999999999875e+02
-4.696313000000000102e+02
-4.636913000000000125e+02
-4.299075000000000273e+02
-4.514399999999999977e+02
-4.644336999999999875e+02
-4.377038000000000011e+02
-4.495837000000000216e+02
-4.458711999999999875e+02
-4.625774999999999864e+02
-4.581225000000000023e+02
-4.469850000000000136e+02
-4.807687999999999988e+02
-4.696313000000000102e+02
-4.532962999999999738e+02
-4.737149999999999750e+02
-4.644336999999999875e+02
-4.566374999999999886e+02
-4.688888000000000034e+02
-4.714875000000000114e+02
-4.596075000000000159e+02
-4.722300000000000182e+02
-4.640625000000000000e+02
-4.451288000000000125e+02
-4.692599999999999909e+02
-4.692599999999999909e+02
-4.592363000000000284e+02
-4.651763000000000261e+02
-4.622062999999999988e+02
-4.607212999999999852e+02
-4.755713000000000079e+02
-4.629488000000000056e+02
-4.870799999999999841e+02
-4.703736999999999853e+02
-4.696313000000000102e+02
-4.963613000000000284e+02
-4.770561999999999898e+02
-4.473562999999999761e+02
-4.202549999999999955e+02
-4.243387000000000171e+02
-4.143149999999999977e+02
-4.158000000000000114e+02
-4.443863000000000056e+02
-4.284225000000000136e+02
-4.180274999999999750e+02
-4.250812999999999988e+02
-4.221113000000000284e+02
-4.076324999999999932e+02
-4.135724999999999909e+02
-4.113450000000000273e+02
-4.217400000000000091e+02
-4.087461999999999875e+02
-4.217400000000000091e+02
-4.443863000000000056e+02
-4.169137999999999806e+02
-4.087461999999999875e+02
-4.109737999999999829e+02
-4.228537999999999784e+02
-3.894413000000000125e+02
-3.608550000000000182e+02
-3.575138000000000034e+02
-3.582563000000000102e+02
-3.853575000000000159e+02
-3.731062999999999761e+02
-3.790462999999999738e+02
-3.775611999999999853e+02
-3.849863000000000284e+02
-3.500887000000000171e+02
-3.523163000000000125e+02
-3.708788000000000125e+02
-3.645674999999999955e+02
-3.630824999999999818e+02
-3.838725000000000023e+02
-3.879562999999999988e+02
-3.790462999999999738e+02
-3.872137000000000171e+02
-3.875849999999999795e+02
-3.682799999999999727e+02
-3.827588000000000079e+02
-3.653100000000000023e+02
-3.341250000000000000e+02
-3.530586999999999875e+02
-3.790462999999999738e+02
-3.560287000000000148e+02
-3.285561999999999898e+02
-3.207599999999999909e+02
-3.289275000000000091e+02
-3.066524999999999750e+02
-3.274424999999999955e+02
-3.125924999999999727e+02
-3.274424999999999955e+02
-3.348675000000000068e+02
-3.196462000000000216e+02
-3.181612999999999829e+02
-3.166761999999999944e+02
-3.088799999999999955e+02
-3.047962999999999738e+02
-3.137062000000000239e+02
-3.018263000000000034e+02
-2.932875000000000227e+02
-3.151913000000000125e+02
-2.918025000000000091e+02
-3.144488000000000056e+02
-3.263288000000000011e+02
-2.851200000000000045e+02
-2.962574999999999932e+02
-3.133349999999999795e+02
-3.029399999999999977e+02
-2.984850000000000136e+02
-3.051675000000000182e+02
-3.055387999999999806e+02
-3.137062000000000239e+02
-3.263288000000000011e+02
-3.122212999999999852e+02
-3.274424999999999955e+02
-3.174187999999999761e+02
-3.170475000000000136e+02
-3.118500000000000227e+02
-3.370950000000000273e+02
-3.122212999999999852e+02
-3.144488000000000056e+02
-3.330113000000000056e+02
-3.270713000000000079e+02
-3.218736999999999853e+02
-3.133349999999999795e+02
-3.370950000000000273e+02
-3.307837999999999852e+02
-3.396938000000000102e+02
-3.274424999999999955e+02
-3.445199999999999818e+02
-3.586274999999999977e+02
-3.660525000000000091e+02
-3.374662000000000148e+02
-3.404361999999999853e+02
-3.356100000000000136e+02
-3.263288000000000011e+02
-3.285561999999999898e+02
-3.359812999999999761e+02
-3.393224999999999909e+02
-3.255862000000000194e+02
-3.281850000000000023e+02
-3.222450000000000045e+02
-3.385799999999999841e+02
-3.155625000000000000e+02
-2.795511999999999944e+02
-2.765812000000000239e+02
-2.862337999999999738e+02
-2.517075000000000102e+02
-2.724975000000000023e+02
-2.617312999999999761e+02
-2.450250000000000057e+02
-2.788086999999999875e+02
-2.647013000000000034e+02
-2.509650000000000034e+02
-2.880899999999999750e+02
-2.747250000000000227e+02
-2.587613000000000056e+02
-2.669286999999999921e+02
-2.788086999999999875e+02
-2.691562999999999874e+02
-2.762099999999999795e+02
-2.680425000000000182e+02
-2.828924999999999841e+02
-2.702699999999999818e+02
-2.687850000000000250e+02
-2.684137999999999806e+02
-2.724975000000000023e+02
-2.665575000000000045e+02
-2.658149999999999977e+02
-2.702699999999999818e+02
-2.810362999999999829e+02
-2.724975000000000023e+02
-2.776949999999999932e+02
-2.828924999999999841e+02
-2.769524999999999864e+02
-2.639587000000000216e+02
-2.695274999999999750e+02
-2.505937999999999874e+02
-2.743537999999999784e+02
-2.776949999999999932e+02
-2.617312999999999761e+02
-2.750962999999999852e+02
-2.947724999999999795e+02
-2.754674999999999727e+02
-2.880899999999999750e+02
-2.862337999999999738e+02
-2.784375000000000000e+02
-2.710124999999999886e+02
-2.854911999999999921e+02
-2.828924999999999841e+02
-2.747250000000000227e+02
-2.944012000000000171e+02
-2.888324999999999818e+02
-2.906888000000000147e+02
-2.947724999999999795e+02
-2.736113000000000284e+02
-2.802937999999999761e+02
-2.947724999999999795e+02
-2.814075000000000273e+02
-2.754674999999999727e+02
-2.958863000000000056e+02
-2.910600000000000023e+02
-2.713838000000000079e+02
-3.229875000000000114e+02
-2.788086999999999875e+02
-2.862337999999999738e+02
-3.159336999999999875e+02
-3.036825000000000045e+02
-2.958863000000000056e+02
-2.981136999999999944e+02
-3.025688000000000102e+02
-2.791800000000000068e+02
-2.951437000000000239e+02
-2.776949999999999932e+02
-2.776949999999999932e+02
-2.984850000000000136e+02
-2.884612000000000194e+02
-2.921738000000000284e+02
-2.854911999999999921e+02
-2.973711999999999875e+02
-2.992275000000000205e+02
-2.884612000000000194e+02
-2.832638000000000034e+02
-2.795511999999999944e+02
-2.817787000000000148e+02
-2.658149999999999977e+02
-2.647013000000000034e+02
-2.821499999999999773e+02
-2.847486999999999853e+02
-2.676712999999999738e+02
-2.929162999999999784e+02
-3.059100000000000250e+02
-2.903174999999999955e+02
-2.929162999999999784e+02
-2.921738000000000284e+02
-2.981136999999999944e+02
-2.776949999999999932e+02
-2.843774999999999977e+02
-2.858625000000000114e+02
-2.854911999999999921e+02
-2.940299999999999727e+02
-3.073949999999999818e+02
-3.044250000000000114e+02
-2.944012000000000171e+02
-3.066524999999999750e+02
-3.189037000000000148e+02
-3.085088000000000079e+02
-3.018263000000000034e+02
-3.125924999999999727e+02
-3.003412000000000148e+02
-3.018263000000000034e+02
-2.992275000000000205e+02
-2.847486999999999853e+02
-2.951437000000000239e+02
-3.103650000000000091e+02
-2.936587999999999852e+02
-2.854911999999999921e+02
-3.207599999999999909e+02
-3.159336999999999875e+02
-2.884612000000000194e+02
-3.073949999999999818e+02
-3.137062000000000239e+02
-3.036825000000000045e+02
-3.059100000000000250e+02
-3.148199999999999932e+02
-3.103650000000000091e+02
-3.096225000000000023e+02
-3.203888000000000034e+02
