-2.216362999999999829e+03
-2.225643999999999778e+03
-2.240494000000000142e+03
-2.254601000000000113e+03
-2.281331000000000131e+03
-2.311030999999999949e+03
-2.289498999999999796e+03
-2.320313000000000102e+03
-2.264625000000000000e+03
-2.321797999999999774e+03
-2.327365999999999985e+03
-2.321425999999999931e+03
-2.342958999999999833e+03
-2.375628999999999905e+03
-2.370059999999999945e+03
-2.373771999999999935e+03
-2.446166000000000167e+03
-2.373030000000000200e+03
-2.437998999999999796e+03
-2.465099999999999909e+03
-2.450992000000000189e+03
-2.419436000000000149e+03
-2.477351000000000113e+03
-2.451735000000000127e+03
-2.464356999999999971e+03
-2.473639000000000124e+03
-2.472525000000000091e+03
-2.493686000000000149e+03
-2.470668999999999869e+03
-2.515960999999999785e+03
-2.468440999999999804e+03
-2.512990999999999985e+03
-2.530440000000000055e+03
-2.534152999999999793e+03
-2.559396999999999935e+03
-2.549373999999999796e+03
-2.544175999999999931e+03
-2.583900000000000091e+03
-2.566822999999999865e+03
-2.554943000000000211e+03
-2.597635999999999967e+03
-2.596521999999999935e+03
-2.577960000000000036e+03
-2.602463000000000193e+03
-2.610630000000000109e+03
-2.652952999999999975e+03
-2.610630000000000109e+03
-2.643670999999999822e+03
-2.619911000000000058e+03
-2.631791000000000167e+03
-2.666318000000000211e+03
-2.638474000000000160e+03
-2.669659000000000106e+03
-2.671885999999999967e+03
-2.671885999999999967e+03
-2.668916000000000167e+03
-2.658150000000000091e+03
-2.655922999999999774e+03
-2.657036000000000058e+03
-2.670400999999999840e+03
-2.642557999999999993e+03
-2.695646000000000186e+03
-2.661490999999999985e+03
-2.696018000000000029e+03
-2.701585999999999785e+03
-2.685251000000000204e+03
-2.717920999999999822e+03
-2.713465999999999894e+03
-2.741309999999999945e+03
-2.716436000000000149e+03
-2.771380999999999858e+03
-2.766554999999999836e+03
-2.731657000000000153e+03
-2.740938999999999851e+03
-2.722748000000000047e+03
-2.729429999999999836e+03
-2.744650999999999840e+03
-2.737969000000000051e+03
-2.739824999999999818e+03
-2.784003999999999905e+03
-2.761356999999999971e+03
-2.753932999999999993e+03
-2.773237999999999829e+03
-2.771010000000000218e+03
-2.751704999999999927e+03
-2.753190000000000055e+03
-2.784375000000000000e+03
-2.767297999999999774e+03
-2.801452999999999975e+03
-2.751704999999999927e+03
-2.752447999999999865e+03
-2.777693000000000211e+03
-2.799967999999999847e+03
-2.801824000000000069e+03
-2.775465000000000146e+03
-2.840804999999999836e+03
-2.783632999999999811e+03
-2.845260000000000218e+03
-2.837092999999999847e+03
-2.805907000000000153e+03
-2.807021000000000186e+03
-2.850458000000000084e+03
-2.858996000000000095e+03
-2.800710000000000036e+03
-2.810362999999999829e+03
-2.816302000000000135e+03
-2.788829999999999927e+03
-2.839690999999999804e+03
-2.807393000000000029e+03
-2.818530000000000200e+03
-2.835235999999999876e+03
-2.817788000000000011e+03
-2.838577999999999975e+03
-2.843403999999999996e+03
-2.828925000000000182e+03
-2.828925000000000182e+03
-2.862338000000000193e+03
-2.812590000000000146e+03
-2.821500000000000000e+03
-2.781775999999999840e+03
-2.729059000000000196e+03
-2.715693999999999960e+03
-2.691934000000000196e+03
-2.668916000000000167e+03
-2.684880000000000109e+03
-2.668916000000000167e+03
-2.697130999999999858e+03
-2.672257999999999811e+03
-2.686735999999999876e+03
-2.683023999999999887e+03
-2.690077999999999975e+03
-2.687478999999999814e+03
-2.727574000000000069e+03
-2.645155999999999949e+03
-2.709753999999999905e+03
-2.687106999999999971e+03
-2.719405999999999949e+03
-2.694161000000000058e+03
-2.706413000000000011e+03
-2.682652999999999793e+03
-2.646269999999999982e+03
-2.651467999999999847e+03
-2.676713000000000193e+03
-2.636617000000000189e+03
-2.644414000000000215e+03
-2.635503999999999905e+03
-2.635132999999999811e+03
-2.648498000000000047e+03
-2.627708000000000084e+03
-2.639215999999999894e+03
-2.635132999999999811e+03
-2.632534000000000106e+03
-2.673000000000000000e+03
-2.667802000000000135e+03
-2.653324000000000069e+03
-2.661490999999999985e+03
-2.633275999999999840e+03
-2.636617000000000189e+03
-2.631791000000000167e+03
-2.673742000000000189e+03
-2.633646999999999935e+03
-2.674485000000000127e+03
-2.668916000000000167e+03
-2.623994999999999891e+03
-2.651467999999999847e+03
-2.660005999999999858e+03
-2.668173999999999978e+03
-2.665574999999999818e+03
-2.653695000000000164e+03
-2.646641000000000076e+03
-2.630306000000000040e+03
-2.674485000000000127e+03
-2.667059999999999945e+03
-2.663719000000000051e+03
-2.687478999999999814e+03
-2.675228000000000065e+03
-2.704184999999999945e+03
-2.666318000000000211e+03
-2.649239999999999782e+03
-2.680425000000000182e+03
-2.668916000000000167e+03
-2.661119999999999891e+03
-2.623623999999999796e+03
-2.601719999999999800e+03
-2.614713999999999942e+03
-2.596150999999999840e+03
-2.595409000000000106e+03
-2.595038000000000011e+03
-2.633646999999999935e+03
-2.615456000000000131e+03
-2.590210999999999785e+03
-2.609516000000000076e+03
-2.617313000000000102e+03
-2.606175000000000182e+03
-2.608402999999999793e+03
-2.613228999999999814e+03
-2.581672999999999774e+03
-2.606545999999999822e+03
-2.623251999999999953e+03
-2.595780000000000200e+03
-2.589840000000000146e+03
-2.616570000000000164e+03
-2.605432999999999993e+03
-2.603947999999999865e+03
-2.607659999999999854e+03
-2.638103000000000065e+03
-2.623251999999999953e+03
-2.607659999999999854e+03
-2.628820999999999913e+03
-2.609887000000000171e+03
-2.636246000000000095e+03
-2.593552000000000135e+03
-2.600978000000000065e+03
-2.660376999999999953e+03
-2.616940999999999804e+03
-2.652952999999999975e+03
-2.655922999999999774e+03
-2.639588000000000193e+03
-2.626965000000000146e+03
-2.675969999999999800e+03
-2.629563999999999851e+03
-2.623623999999999796e+03
-2.676340999999999894e+03
-2.653324000000000069e+03
-2.653324000000000069e+03
-2.678568999999999960e+03
-2.640701000000000022e+03
-2.640701000000000022e+03
-2.658521000000000186e+03
-2.675969999999999800e+03
-2.619911000000000058e+03
-2.658893000000000029e+03
-2.681166999999999916e+03
-2.619911000000000058e+03
-2.653695000000000164e+03
-2.674485000000000127e+03
-2.687106999999999971e+03
-2.685994000000000142e+03
-2.709753999999999905e+03
-2.651467999999999847e+03
-2.661862999999999829e+03
-2.673371000000000095e+03
-2.659635000000000218e+03
-2.648126000000000204e+03
-2.696389000000000124e+03
-2.657778999999999996e+03
-2.704556000000000040e+03
-2.696018000000000029e+03
-2.677826000000000022e+03
-2.708639999999999873e+03
-2.707896999999999935e+03
-2.690077999999999975e+03
-2.691190999999999804e+03
-2.739083000000000084e+03
-2.695275000000000091e+03
-2.731286000000000058e+03
-2.706784000000000106e+03
-2.708268999999999778e+03
-2.700101000000000113e+03
-2.719777999999999793e+03
-2.717920999999999822e+03
-2.708268999999999778e+03
-2.706413000000000011e+03
-2.691190999999999804e+03
-2.723489999999999782e+03
-2.729800999999999931e+03
-2.709382999999999811e+03
-2.729800999999999931e+03
-2.728688000000000102e+03
-2.723860999999999876e+03
-2.672257999999999811e+03
-2.749106000000000222e+03
-2.662233999999999924e+03
-2.722376000000000204e+03
-2.727202999999999975e+03
-2.739083000000000084e+03
-2.714579999999999927e+03
-2.738710999999999785e+03
-2.725717999999999847e+03
-2.745764999999999873e+03
-2.718664000000000215e+03
-2.722005000000000109e+03
-2.748735000000000127e+03
-2.739454000000000178e+03
-2.739083000000000084e+03
-2.735740999999999985e+03
-2.710125000000000000e+03
-2.746878999999999905e+03
-2.737226000000000113e+03
-2.752818999999999960e+03
-2.735369999999999891e+03
-2.746507999999999811e+03
-2.758016000000000076e+03
-2.721262000000000171e+03
-2.761356999999999971e+03
-2.751333999999999833e+03
-2.762842999999999847e+03
-2.765070000000000164e+03
-2.786231000000000222e+03
-2.750963000000000193e+03
-2.809248999999999796e+03
-2.766184000000000196e+03
-2.761356999999999971e+03
-2.771751999999999953e+03
-2.782146999999999935e+03
-2.773608999999999924e+03
-2.780663000000000011e+03
-2.807764000000000124e+03
-2.795141000000000076e+03
-2.807393000000000029e+03
-2.813333000000000084e+03
-2.782518999999999778e+03
-2.794398999999999887e+03
-2.821128999999999905e+03
-2.796255000000000109e+03
-2.782889999999999873e+03
-2.853427000000000135e+03
-2.799596000000000004e+03
-2.799596000000000004e+03
-2.846744999999999891e+03
-2.813704000000000178e+03
-2.830780999999999949e+03
-2.854541000000000167e+03
-2.838949000000000069e+03
-2.849344000000000051e+03
-2.849715000000000146e+03
-2.845260000000000218e+03
-2.806650000000000091e+03
-2.869019999999999982e+03
-2.852684999999999945e+03
-2.830780999999999949e+03
-2.874217999999999847e+03
-2.872731999999999971e+03
-2.834494000000000142e+03
-2.896121000000000095e+03
-2.876074000000000069e+03
-2.869391000000000076e+03
-2.919139000000000124e+03
-2.891666000000000167e+03
-2.887210999999999785e+03
-2.929163000000000011e+03
-2.923965000000000146e+03
-2.890552000000000135e+03
-2.919139000000000124e+03
-2.920994999999999891e+03
-2.903545999999999822e+03
-2.919510000000000218e+03
-2.921365999999999985e+03
-2.887583000000000084e+03
-2.924335999999999785e+03
-2.932503999999999905e+03
-2.920623999999999796e+03
-2.923222000000000207e+03
-2.949581000000000131e+03
-2.949581000000000131e+03
-2.951438000000000102e+03
-2.959233999999999924e+03
-2.927677000000000135e+03
-2.994501999999999953e+03
-2.916911000000000058e+03
-2.926563999999999851e+03
-2.932503999999999905e+03
-2.940670999999999822e+03
-2.926934999999999945e+03
-2.922851000000000113e+03
-2.957376999999999953e+03
-2.928048999999999978e+03
-2.980394999999999982e+03
-2.945869000000000142e+03
-2.962574999999999818e+03
-2.945869000000000142e+03
-2.966288000000000011e+03
-2.915425999999999931e+03
-2.932132999999999811e+03
-2.935103000000000065e+03
-2.922108999999999924e+03
-2.926563999999999851e+03
-2.931018999999999778e+03
-2.928791000000000167e+03
-2.949952999999999975e+03
-2.948467999999999847e+03
-2.933246000000000095e+03
-2.967030000000000200e+03
-2.967771999999999935e+03
-2.949952999999999975e+03
-2.973713000000000193e+03
-2.974083999999999833e+03
-2.973713000000000193e+03
-2.969628999999999905e+03
-2.957376999999999953e+03
-2.990789999999999964e+03
-2.980394999999999982e+03
-3.011579999999999927e+03
-2.981509000000000015e+03
-3.006382999999999811e+03
-3.020489999999999782e+03
-2.950324000000000069e+03
-3.036824999999999818e+03
-3.023831000000000131e+03
-2.997472000000000207e+03
-3.031998999999999796e+03
-3.026800999999999931e+03
-3.012693999999999960e+03
-3.000443000000000211e+03
-3.036083000000000084e+03
-3.021974999999999909e+03
-3.025688000000000102e+03
-2.980394999999999982e+03
-2.997472000000000207e+03
-2.969628999999999905e+03
-3.029400000000000091e+03
-2.997101000000000113e+03
