-5.605875000000000341e+01
-8.130374999999999375e+01
-8.575875000000000625e+01
-9.318375000000000341e+01
-1.251113000000000000e+02
-1.548112000000000137e+02
-1.199137000000000057e+02
-1.403325000000000102e+02
-1.555537999999999954e+02
-1.562961999999999989e+02
-1.570388000000000090e+02
-1.830261999999999887e+02
-1.759724999999999966e+02
-2.116125000000000114e+02
-2.071574999999999989e+02
-2.301750000000000114e+02
-2.509650000000000034e+02
-2.851200000000000045e+02
-2.576474999999999795e+02
-2.765812000000000239e+02
-3.111075000000000159e+02
-3.111075000000000159e+02
-3.018263000000000034e+02
-3.215024999999999977e+02
-3.189037000000000148e+02
-3.189037000000000148e+02
-3.790462999999999738e+02
-3.311549999999999727e+02
-3.411786999999999921e+02
-3.838725000000000023e+02
-3.872137000000000171e+02
-4.009499999999999886e+02
-3.990937999999999874e+02
-4.039200000000000159e+02
-4.373324999999999818e+02
-4.377038000000000011e+02
-4.158000000000000114e+02
-4.959900000000000091e+02
-4.967325000000000159e+02
-4.889361999999999853e+02
-5.048999999999999773e+02
-5.531625000000000227e+02
-5.516775000000000091e+02
-5.312586999999999762e+02
-5.984550000000000409e+02
-5.709824999999999591e+02
-5.769225000000000136e+02
-6.155325000000000273e+02
-6.029099999999999682e+02
-5.928862000000000307e+02
-6.567413000000000238e+02
-6.448613000000000284e+02
-6.433763000000000147e+02
-6.771599999999999682e+02
-6.552563000000000102e+02
-6.842137000000000171e+02
-7.198537999999999784e+02
-7.365599999999999454e+02
-7.202250000000000227e+02
-7.421287999999999556e+02
-7.569787999999999784e+02
-7.265362999999999829e+02
-7.796250000000000000e+02
-8.033849999999999909e+02
-7.707150000000000318e+02
-8.145225000000000364e+02
-8.397675000000000409e+02
-7.989299999999999500e+02
-8.538750000000000000e+02
-8.728088000000000193e+02
-8.371688000000000329e+02
-8.850599999999999454e+02
-8.650125000000000455e+02
-9.017662000000000262e+02
-8.917424999999999500e+02
-9.244125000000000227e+02
-9.143886999999999716e+02
-9.073350000000000364e+02
-9.444600000000000364e+02
-9.355499999999999545e+02
-9.288674999999999500e+02
-9.184724999999999682e+02
-9.511425000000000409e+02
-9.478012999999999693e+02
-9.652500000000000000e+02
-9.986625000000000227e+02
-9.990338000000000420e+02
-9.930937999999999874e+02
-1.014996999999999957e+03
-9.971775000000000091e+02
-9.994049999999999727e+02
-9.904950000000000045e+02
-9.916087999999999738e+02
-1.005716000000000008e+03
-1.025392000000000053e+03
-1.038758000000000038e+03
-1.040984999999999900e+03
-1.033559999999999945e+03
-1.024650000000000091e+03
-1.059547000000000025e+03
-1.033931000000000040e+03
-1.042098999999999933e+03
-1.059547000000000025e+03
-1.029476000000000113e+03
-1.081079999999999927e+03
-1.091104000000000042e+03
-1.075510999999999967e+03
-1.101127999999999929e+03
-1.114492999999999938e+03
-1.121546000000000049e+03
-1.123402000000000044e+03
-1.137881000000000085e+03
-1.161269999999999982e+03
-1.137138999999999896e+03
-1.155701000000000022e+03
-1.167580999999999904e+03
-1.156073000000000093e+03
-1.209531999999999925e+03
-1.166096000000000004e+03
-1.200993999999999915e+03
-1.235519999999999982e+03
-1.180945999999999913e+03
-1.200250999999999976e+03
-1.203593000000000075e+03
-1.228465999999999894e+03
-1.217328999999999951e+03
-1.247770999999999958e+03
-1.236261999999999944e+03
-1.192454999999999927e+03
-1.160155999999999949e+03
-1.116348999999999933e+03
-1.132313000000000102e+03
-1.174634999999999991e+03
-1.147904999999999973e+03
-1.144934999999999945e+03
-1.180575000000000045e+03
-1.175377999999999929e+03
-1.214730000000000018e+03
-1.213615999999999985e+03
-1.193568999999999960e+03
-1.224383000000000038e+03
-1.231435999999999922e+03
-1.198766000000000076e+03
-1.161269999999999982e+03
-1.199509000000000015e+03
-1.154215999999999894e+03
-1.146048999999999978e+03
-1.197280999999999949e+03
-1.222154999999999973e+03
-1.186515000000000100e+03
-1.195796000000000049e+03
-1.206563000000000102e+03
-1.193940000000000055e+03
-1.203221000000000004e+03
-1.146048999999999978e+03
-1.146790999999999940e+03
-1.194310999999999922e+03
-1.141594000000000051e+03
-1.160155999999999949e+03
-1.181689000000000078e+03
-1.177976000000000113e+03
-1.174634999999999991e+03
-1.217328999999999951e+03
-1.186885999999999967e+03
-1.182059999999999945e+03
-1.194682000000000016e+03
-1.200623000000000047e+03
-1.198766000000000076e+03
-1.222526000000000067e+03
-1.209161000000000058e+03
-1.205077999999999975e+03
-1.220298999999999978e+03
-1.235148999999999887e+03
-1.203593000000000075e+03
-1.224753999999999905e+03
-1.242574000000000069e+03
-1.248142000000000053e+03
-1.244800999999999931e+03
-1.241830999999999904e+03
-1.273016000000000076e+03
-1.274873000000000047e+03
-1.275243999999999915e+03
-1.294920000000000073e+03
-1.285267000000000053e+03
-1.302715999999999894e+03
-1.284153999999999996e+03
-1.296034000000000106e+03
-1.310884000000000015e+03
-1.314596000000000004e+03
-1.311625999999999976e+03
-1.306057000000000016e+03
-1.311998000000000047e+03
-1.299746000000000095e+03
-1.293806000000000040e+03
-1.302715999999999894e+03
-1.289722999999999956e+03
-1.298633000000000038e+03
-1.299375000000000000e+03
-1.335015000000000100e+03
-1.320536000000000058e+03
-1.304943999999999960e+03
-1.310884000000000015e+03
-1.322020999999999958e+03
-1.301973999999999933e+03
-1.316452999999999975e+03
-1.320906999999999925e+03
-1.315338999999999942e+03
-1.308285000000000082e+03
-1.331301999999999907e+03
-1.326105000000000018e+03
-1.342440000000000055e+03
-1.370654999999999973e+03
-1.337614000000000033e+03
-1.371026000000000067e+03
-1.396270999999999958e+03
-1.370654999999999973e+03
-1.365458000000000084e+03
-1.409635999999999967e+03
-1.397013999999999896e+03
-1.399613000000000056e+03
-1.401097999999999956e+03
-1.407779999999999973e+03
-1.414834000000000060e+03
-1.428569999999999936e+03
-1.418546000000000049e+03
-1.424857999999999947e+03
-1.441934999999999945e+03
-1.430425999999999931e+03
-1.376965999999999894e+03
-1.379193999999999960e+03
-1.355805000000000064e+03
-1.361744999999999891e+03
-1.365086000000000013e+03
-1.321650000000000091e+03
-1.330189000000000078e+03
-1.307171000000000049e+03
-1.281555000000000064e+03
-1.281925999999999931e+03
-1.326476000000000113e+03
-1.333159000000000106e+03
-1.296404999999999973e+03
-1.335758000000000038e+03
-1.324619999999999891e+03
-1.300489000000000033e+03
-1.319422000000000025e+03
-1.331301999999999907e+03
-1.280813000000000102e+03
-1.294176999999999907e+03
-1.303087999999999965e+03
-1.257423999999999978e+03
-1.246656999999999925e+03
-1.231065000000000055e+03
-1.199509000000000015e+03
-1.240718000000000075e+03
-1.231065000000000055e+03
-1.221040999999999940e+03
-1.253339999999999918e+03
-1.243316000000000031e+03
-1.215472999999999956e+03
-1.216586000000000013e+03
-1.236634000000000015e+03
-1.235519999999999982e+03
-1.243688000000000102e+03
-1.270416999999999916e+03
-1.239232999999999947e+03
-1.205077999999999975e+03
-1.259651000000000067e+03
-1.236261999999999944e+03
-1.221040999999999940e+03
-1.251113000000000056e+03
-1.252226000000000113e+03
-1.224010999999999967e+03
-1.250740999999999985e+03
-1.254825000000000045e+03
-1.246656999999999925e+03
-1.259651000000000067e+03
-1.273016000000000076e+03
-1.257051999999999907e+03
-1.265220000000000027e+03
-1.275243999999999915e+03
-1.292692999999999984e+03
-1.291578999999999951e+03
-1.304201000000000022e+03
-1.313482999999999947e+03
-1.310141000000000076e+03
-1.302715999999999894e+03
-1.299003999999999905e+03
-1.322392000000000053e+03
-1.327589999999999918e+03
-1.312740000000000009e+03
-1.323877999999999929e+03
-1.336500000000000000e+03
-1.345780999999999949e+03
-1.336871000000000095e+03
-1.359517000000000053e+03
-1.346894999999999982e+03
-1.342068999999999960e+03
-1.363230000000000018e+03
-1.375480999999999995e+03
-1.350607999999999947e+03
-1.369170000000000073e+03
-1.371026000000000067e+03
-1.369540999999999940e+03
-1.385505000000000109e+03
-1.385505000000000109e+03
-1.373625000000000000e+03
-1.382905999999999949e+03
-1.398869999999999891e+03
-1.414090999999999894e+03
-1.420402000000000044e+03
-1.366200000000000045e+03
-1.387361000000000104e+03
-1.379193999999999960e+03
-1.382535000000000082e+03
-1.398127999999999929e+03
-1.384391000000000076e+03
-1.411864000000000033e+03
-1.396270999999999958e+03
-1.345410000000000082e+03
-1.343182000000000016e+03
-1.360631000000000085e+03
-1.346523999999999887e+03
-1.358031999999999925e+03
-1.375480999999999995e+03
-1.344296000000000049e+03
-1.386248000000000047e+03
-1.375480999999999995e+03
-1.384391000000000076e+03
-1.391444999999999936e+03
-1.371026000000000067e+03
-1.379565000000000055e+03
-1.384391000000000076e+03
-1.401469000000000051e+03
-1.389218000000000075e+03
-1.389588999999999942e+03
-1.410008000000000038e+03
-1.416318999999999960e+03
-1.404809999999999945e+03
-1.433395999999999958e+03
-1.421887999999999920e+03
-1.401097999999999956e+03
-1.455671000000000049e+03
-1.418174999999999955e+03
-1.401469000000000051e+03
-1.434509999999999991e+03
-1.409635999999999967e+03
-1.426343000000000075e+03
-1.450103000000000065e+03
-1.422630000000000109e+03
-1.421516000000000076e+03
-1.442676999999999907e+03
-1.420402000000000044e+03
-1.448617999999999938e+03
-1.476089999999999918e+03
-1.431539999999999964e+03
-1.450473999999999933e+03
-1.451587999999999965e+03
-1.450845000000000027e+03
-1.434138999999999896e+03
-1.451587999999999965e+03
-1.454929000000000087e+03
-1.435624000000000024e+03
-1.453815000000000055e+03
-1.460498000000000047e+03
-1.441192999999999984e+03
-1.476833000000000084e+03
-1.464210000000000036e+03
-1.443048999999999978e+03
-1.447133000000000038e+03
-1.430425999999999931e+03
-1.446760999999999967e+03
-1.430425999999999931e+03
-1.413720000000000027e+03
-1.416318999999999960e+03
-1.429683999999999969e+03
-1.426713999999999942e+03
-1.417060999999999922e+03
-1.454557000000000016e+03
-1.452329999999999927e+03
-1.434138999999999896e+03
-1.472749000000000024e+03
-1.476833000000000084e+03
-1.453815000000000055e+03
-1.485000000000000000e+03
-1.505047000000000025e+03
-1.482029999999999973e+03
-1.495023999999999887e+03
-1.521383000000000038e+03
-1.496880000000000109e+03
-1.512101000000000113e+03
-1.537718000000000075e+03
-1.531035000000000082e+03
-1.535118999999999915e+03
-1.537718000000000075e+03
-1.548483999999999924e+03
-1.538088999999999942e+03
-1.569273999999999887e+03
-1.547369999999999891e+03
-1.537346000000000004e+03
-1.559992999999999938e+03
-1.534748000000000047e+03
-1.536604000000000042e+03
-1.552567999999999984e+03
-1.535118999999999915e+03
-1.551453999999999951e+03
-1.565190000000000055e+03
-1.551453999999999951e+03
-1.584124000000000024e+03
-1.567416999999999916e+03
-1.583752999999999929e+03
-1.596375000000000000e+03
-1.595633000000000038e+03
