-3.359813000000000102e+03
-3.346447999999999865e+03
-3.379860000000000127e+03
-3.347932999999999993e+03
-3.385429000000000087e+03
-3.416242000000000189e+03
-3.370579000000000178e+03
-3.433690999999999804e+03
-3.424039000000000215e+03
-3.443344000000000051e+03
-3.432949000000000069e+03
-3.478983999999999924e+03
-3.457451000000000022e+03
-3.489750000000000000e+03
-3.471559000000000196e+03
-3.473414999999999964e+03
-3.499402999999999793e+03
-3.470074000000000069e+03
-3.479355000000000018e+03
-3.532815000000000055e+03
-3.515737999999999829e+03
-3.492349000000000160e+03
-3.512768000000000029e+03
-3.514251999999999953e+03
-3.493090999999999894e+03
-3.490492000000000189e+03
-3.540610999999999876e+03
-3.528731000000000222e+03
-3.554719000000000051e+03
-3.572539000000000215e+03
-3.524646999999999935e+03
-3.577364999999999782e+03
-3.600382999999999811e+03
-3.561400999999999840e+03
-3.585903999999999996e+03
-3.620059000000000196e+03
-3.563257999999999811e+03
-3.608920999999999822e+03
-3.627855000000000018e+03
-3.618202999999999975e+03
-3.612262000000000171e+03
-3.647530999999999949e+03
-3.613376000000000204e+03
-3.635280000000000200e+03
-3.641590999999999894e+03
-3.651985999999999876e+03
-3.616717999999999847e+03
-3.641963000000000193e+03
-3.620800999999999931e+03
-3.640106000000000222e+03
-3.641219999999999800e+03
-3.683541999999999916e+03
-3.657184000000000196e+03
-3.686141000000000076e+03
-3.682429000000000087e+03
-3.687626000000000204e+03
-3.678344999999999800e+03
-3.687626000000000204e+03
-3.663123999999999796e+03
-3.726978999999999814e+03
-3.703960999999999785e+03
-3.708416000000000167e+03
-3.710643999999999778e+03
-3.751853000000000065e+03
-3.695050999999999931e+03
-3.791576000000000022e+03
-3.749253999999999905e+03
-3.711014999999999873e+03
-3.752594999999999800e+03
-3.786378999999999905e+03
-3.749996000000000095e+03
-3.777840000000000146e+03
-3.824246000000000095e+03
-3.785635999999999967e+03
-3.805684000000000196e+03
-3.791576000000000022e+03
-3.783780000000000200e+03
-3.819420000000000073e+03
-3.795289000000000215e+03
-3.803456000000000131e+03
-3.814222999999999956e+03
-3.820905000000000200e+03
-3.861000000000000000e+03
-3.849862999999999829e+03
-3.843550999999999931e+03
-3.856545000000000073e+03
-3.869539000000000215e+03
-3.875478999999999814e+03
-3.908519999999999982e+03
-3.912603999999999814e+03
-3.917800999999999931e+03
-3.881047999999999774e+03
-3.901094999999999800e+03
-3.915574000000000069e+03
-3.899239000000000033e+03
-3.963094000000000051e+03
-3.884389000000000124e+03
-3.937478000000000065e+03
-3.902579999999999927e+03
-3.960494999999999891e+03
-3.924483999999999924e+03
-3.936735000000000127e+03
-3.953813000000000102e+03
-3.962722999999999956e+03
-3.952327999999999975e+03
-3.964949999999999818e+03
-3.954554999999999836e+03
-3.973117000000000189e+03
-3.956039999999999964e+03
-3.996505999999999858e+03
-4.006530000000000200e+03
-3.978315000000000055e+03
-4.005416000000000167e+03
-3.957525000000000091e+03
-4.028434000000000196e+03
-4.006900999999999840e+03
-3.974974000000000160e+03
-3.967920000000000073e+03
-3.942675000000000182e+03
-3.972003999999999905e+03
-3.971632999999999811e+03
-3.975344999999999800e+03
-3.993164999999999964e+03
-4.032146000000000186e+03
-4.009128999999999905e+03
-3.974974000000000160e+03
-4.029547999999999774e+03
-4.003559999999999945e+03
-4.013213000000000193e+03
-3.992422999999999774e+03
-3.969405000000000200e+03
-3.993164999999999964e+03
-3.984255000000000109e+03
-3.995393000000000029e+03
-4.000219000000000051e+03
-4.005416000000000167e+03
-4.009871000000000095e+03
-3.971632999999999811e+03
-4.031032000000000153e+03
-4.001333000000000084e+03
-3.992793999999999869e+03
-3.990938000000000102e+03
-4.002074999999999818e+03
-4.019152999999999793e+03
-4.027690999999999804e+03
-4.061846000000000004e+03
-4.051079999999999927e+03
-4.052936000000000149e+03
-4.106768000000000029e+03
-4.040313999999999851e+03
-4.031775000000000091e+03
-4.038085999999999785e+03
-4.018039000000000215e+03
-4.014326000000000022e+03
-4.060731999999999971e+03
-4.056648999999999887e+03
-4.049224000000000160e+03
-4.096372999999999593e+03
-4.065929999999999836e+03
-4.050338000000000193e+03
-4.085235000000000127e+03
-4.058505000000000109e+03
-4.080409000000000106e+03
-4.072240999999999985e+03
-4.112707999999999629e+03
-4.101940999999999804e+03
-4.118646999999999935e+03
-4.072240999999999985e+03
-4.092659999999999854e+03
-4.123103000000000065e+03
-4.150574999999999818e+03
-4.137581000000000131e+03
-4.135354000000000269e+03
-4.090804000000000087e+03
-4.088204999999999927e+03
-4.090804000000000087e+03
-4.095630000000000109e+03
-4.101569999999999709e+03
-4.123474000000000160e+03
-4.103055000000000291e+03
-4.116792000000000371e+03
-4.113449999999999818e+03
-4.156886000000000422e+03
-4.106395999999999731e+03
-4.151689000000000306e+03
-4.146490999999999985e+03
-4.120131999999999607e+03
-4.163569000000000415e+03
-4.141664999999999964e+03
-4.154658999999999651e+03
-4.104168999999999869e+03
-4.149832999999999629e+03
-4.136838999999999942e+03
-4.170251000000000204e+03
-4.144635000000000218e+03
-4.178046999999999571e+03
-4.174706000000000131e+03
-4.133497999999999593e+03
-4.169509000000000015e+03
-4.188070999999999913e+03
-4.216286000000000058e+03
-4.195496000000000095e+03
-4.204405999999999949e+03
-4.191042000000000371e+03
-4.221112000000000080e+03
-4.193269000000000233e+03
-4.195125000000000000e+03
-4.198095000000000255e+03
-4.211088999999999942e+03
-4.234478000000000065e+03
-4.248585000000000036e+03
-4.235591000000000349e+03
-4.224082999999999629e+03
-4.196980999999999767e+03
-4.270118000000000393e+03
-4.223340000000000146e+03
-4.258609000000000378e+03
-4.284595999999999549e+03
-4.279770000000000437e+03
-4.254154000000000451e+03
-4.253039999999999964e+03
-4.273458999999999833e+03
-4.222597999999999956e+03
-4.279770000000000437e+03
-4.269375000000000000e+03
-4.269375000000000000e+03
-4.270488999999999578e+03
-4.293506000000000313e+03
-4.260465000000000146e+03
-4.272716000000000349e+03
-4.289793999999999869e+03
-4.276429000000000087e+03
-4.244130000000000109e+03
-4.290164999999999964e+03
-4.267890000000000327e+03
-4.292020999999999731e+03
-4.245243999999999687e+03
-4.179904000000000451e+03
-4.184359000000000378e+03
-4.228167000000000371e+03
-4.215543999999999869e+03
-4.223340000000000146e+03
-4.220740999999999985e+03
-4.226680999999999585e+03
-4.190298999999999978e+03
-4.229650999999999840e+03
-4.170622999999999593e+03
-4.208489999999999782e+03
-4.247842999999999847e+03
-4.200323000000000320e+03
-4.234849000000000160e+03
-4.216286000000000058e+03
-4.227795000000000073e+03
-4.222597999999999956e+03
-4.253411000000000058e+03
-4.261578999999999724e+03
-4.217029000000000451e+03
-4.267519000000000233e+03
-4.234105999999999767e+03
-4.232621000000000095e+03
-4.226310000000000400e+03
-4.239304000000000087e+03
-4.242274000000000342e+03
-4.289421999999999571e+03
-4.260465000000000146e+03
-4.242645000000000437e+03
-4.248585000000000036e+03
-4.292393000000000029e+03
-4.212573999999999614e+03
-4.269003999999999905e+03
-4.248585000000000036e+03
-4.208489999999999782e+03
-4.236704999999999927e+03
-4.227795000000000073e+03
-4.258609000000000378e+03
-4.235220000000000255e+03
-4.241530999999999949e+03
-4.248956000000000131e+03
-4.236704999999999927e+03
-4.253783000000000357e+03
-4.237448000000000320e+03
-4.252296999999999571e+03
-4.223711000000000240e+03
-4.248956000000000131e+03
-4.262692000000000007e+03
-4.302045000000000073e+03
-4.272716000000000349e+03
-4.260094000000000051e+03
-4.276800000000000182e+03
-4.258237000000000080e+03
-4.279027000000000044e+03
-4.276057999999999993e+03
-4.275314999999999600e+03
-4.254524999999999636e+03
-4.276057999999999993e+03
-4.301302999999999884e+03
-4.292764000000000124e+03
-4.326918999999999869e+03
-4.283110999999999876e+03
-4.303529999999999745e+03
-4.280512999999999920e+03
-4.311698000000000320e+03
-4.274944000000000415e+03
-4.314667000000000371e+03
-4.286823999999999614e+03
-4.331002000000000407e+03
-4.292764000000000124e+03
-4.285710000000000036e+03
-4.336570999999999913e+03
-4.299074999999999818e+03
-4.330260000000000218e+03
-4.323948999999999614e+03
-4.352534999999999854e+03
-4.319864999999999782e+03
-4.341396999999999935e+03
-4.343996000000000095e+03
-4.345109999999999673e+03
-4.357360999999999876e+03
-4.362188000000000102e+03
-4.329889000000000124e+03
-4.343996000000000095e+03
-4.309470000000000255e+03
-4.330260000000000218e+03
-4.336942000000000007e+03
-4.354020000000000437e+03
-4.358475000000000364e+03
-4.349936999999999898e+03
-4.358475000000000364e+03
-4.379265000000000327e+03
-4.336942000000000007e+03
-4.356618999999999687e+03
-4.331744999999999891e+03
-4.379265000000000327e+03
-4.374810000000000400e+03
-4.381863999999999578e+03
-4.367014000000000124e+03
-4.360331000000000131e+03
-4.390402000000000044e+03
-4.372211000000000240e+03
-4.421216000000000349e+03
-4.394485999999999876e+03
-4.369612000000000080e+03
-4.418618000000000393e+03
-4.396342999999999847e+03
-4.402283000000000357e+03
-4.421587000000000444e+03
-4.400796999999999571e+03
-4.378521999999999935e+03
-4.422701000000000022e+03
-4.415646999999999935e+03
-4.407479999999999563e+03
-4.408965000000000146e+03
-4.445719000000000051e+03
-4.424929000000000087e+03
-4.442006000000000313e+03
-4.435323999999999614e+03
-4.424186999999999898e+03
-4.447203999999999724e+03
-4.459083999999999833e+03
-4.443490999999999985e+03
-4.464652000000000044e+03
-4.489896999999999935e+03
-4.487670000000000073e+03
-4.462054000000000087e+03
-4.484699999999999818e+03
-4.452400999999999840e+03
-4.488042000000000371e+03
-4.514770999999999731e+03
-4.495837000000000444e+03
-4.480615999999999985e+03
-4.505118999999999687e+03
-4.511059000000000196e+03
-4.505860999999999876e+03
-4.533333999999999833e+03
-4.519969000000000051e+03
-4.507717999999999847e+03
-4.476533000000000357e+03
-4.479873999999999796e+03
-4.464652000000000044e+03
-4.479131000000000313e+03
-4.462054000000000087e+03
-4.460939999999999600e+03
-4.480987000000000080e+03
-4.504005000000000109e+03
-4.479873999999999796e+03
-4.478389000000000124e+03
-4.498436999999999898e+03
-4.476533000000000357e+03
-4.510315999999999804e+03
-4.511801000000000386e+03
-4.480987000000000080e+03
-4.512171999999999571e+03
-4.491381999999999607e+03
-4.493238999999999578e+03
-4.498064999999999600e+03
-4.522195999999999913e+03
-4.502520000000000437e+03
-4.501034999999999854e+03
-4.516998999999999796e+03
-4.498807999999999993e+03
-4.543356999999999971e+03
-4.521453999999999724e+03
-4.517369999999999891e+03
-4.546698999999999614e+03
-4.560435000000000400e+03
-4.528506999999999607e+03
-4.557465000000000146e+03
-4.579739999999999782e+03
-4.479502000000000407e+03
-4.519969000000000051e+03
-4.534819000000000415e+03
-4.531105999999999767e+03
