-3.543581000000000131e+03
-3.515737999999999829e+03
-3.570682999999999993e+03
-3.577364999999999782e+03
-3.556574999999999818e+03
-3.544324000000000069e+03
-3.566969999999999800e+03
-3.568454999999999927e+03
-3.593699999999999818e+03
-3.593329000000000178e+03
-3.571425000000000182e+03
-3.588501999999999953e+03
-3.630083000000000084e+03
-3.627112999999999829e+03
-3.562143999999999778e+03
-3.613748000000000047e+03
-3.574023999999999887e+03
-3.556204000000000178e+03
-3.625626999999999953e+03
-3.647902999999999793e+03
-3.636021999999999935e+03
-3.649387000000000171e+03
-3.666465000000000146e+03
-3.602610000000000127e+03
-3.675746000000000095e+03
-3.669063999999999851e+03
-3.656440999999999804e+03
-3.637135999999999967e+03
-3.673146999999999935e+03
-3.654956000000000131e+03
-3.711757999999999811e+03
-3.662380999999999858e+03
-3.679458999999999833e+03
-3.663865999999999985e+03
-3.680572999999999865e+03
-3.678344999999999800e+03
-3.689481999999999971e+03
-3.681315000000000055e+03
-3.696536000000000058e+03
-3.717697999999999865e+03
-3.699135000000000218e+03
-3.702476000000000113e+03
-3.742943000000000211e+03
-3.724009000000000015e+03
-3.727721000000000004e+03
-3.737001999999999953e+03
-3.747396999999999935e+03
-3.743684999999999945e+03
-3.748510999999999967e+03
-3.791204999999999927e+03
-3.746655000000000200e+03
-3.780809999999999945e+03
-3.780438999999999851e+03
-3.749253999999999905e+03
-3.762619000000000142e+03
-3.811251999999999953e+03
-3.766331000000000131e+03
-3.796402999999999793e+03
-3.800114999999999782e+03
-3.779324999999999818e+03
-3.773385000000000218e+03
-3.815708000000000084e+03
-3.752594999999999800e+03
-3.758905999999999949e+03
-3.754451000000000022e+03
-3.809768000000000029e+03
-3.741085999999999785e+03
-3.744798999999999978e+03
-3.794175000000000182e+03
-3.766331000000000131e+03
-3.816079000000000178e+03
-3.813480000000000018e+03
-3.815335999999999785e+03
-3.827588000000000193e+03
-3.786007999999999811e+03
-3.814594000000000051e+03
-3.862485000000000127e+03
-3.804199000000000069e+03
-3.855059999999999945e+03
-3.839096000000000004e+03
-3.842438000000000102e+03
-3.861000000000000000e+03
-3.867311000000000149e+03
-3.879934000000000196e+03
-3.844293999999999869e+03
-3.918914999999999964e+03
-3.851347999999999956e+03
-3.901465999999999894e+03
-3.877335000000000036e+03
-3.884018000000000029e+03
-3.885130999999999858e+03
-3.918914999999999964e+03
-3.940447999999999865e+03
-3.908519999999999982e+03
-3.927824999999999818e+03
-3.947130000000000109e+03
-3.928938999999999851e+03
-3.914831000000000131e+03
-3.922626999999999953e+03
-3.927824999999999818e+03
-3.951213999999999942e+03
-3.915202999999999975e+03
-3.953813000000000102e+03
-3.935250000000000000e+03
-3.953070000000000164e+03
-3.947501000000000204e+03
-3.988338999999999942e+03
-3.995393000000000029e+03
-3.970146999999999935e+03
-3.997619999999999891e+03
-3.974231000000000222e+03
-3.979800000000000182e+03
-4.037715000000000146e+03
-3.986481999999999971e+03
-3.997248999999999796e+03
-4.029175999999999931e+03
-4.010614000000000033e+03
-4.000590000000000146e+03
-4.021751000000000204e+03
-4.029547999999999774e+03
-3.965320999999999913e+03
-3.973489000000000033e+03
-4.010985000000000127e+03
-3.980170999999999822e+03
-4.008014999999999873e+03
-4.018780999999999949e+03
-4.016182999999999993e+03
-4.060360999999999876e+03
-4.067414999999999964e+03
-4.007643999999999778e+03
-4.013213000000000193e+03
-4.067043999999999869e+03
-4.063702999999999975e+03
-4.066672999999999774e+03
-4.082264999999999873e+03
-4.097856999999999971e+03
-4.050338000000000193e+03
-4.104168999999999869e+03
-4.093773999999999887e+03
-4.087090999999999894e+03
-4.124216000000000349e+03
-4.102313000000000102e+03
-4.141293999999999869e+03
-4.168024000000000342e+03
-4.140180000000000291e+03
-4.136467999999999847e+03
-4.111965000000000146e+03
-4.085235000000000127e+03
-4.105283000000000357e+03
-4.137581000000000131e+03
-4.112336000000000240e+03
-4.093773999999999887e+03
-4.161341000000000349e+03
-4.155400999999999840e+03
-4.130155999999999949e+03
-4.142036000000000058e+03
-4.114192000000000007e+03
-4.128671000000000276e+03
-4.139809000000000196e+03
-4.167652000000000044e+03
-4.142779000000000451e+03
-4.195125000000000000e+03
-4.162826000000000022e+03
-4.140921999999999571e+03
-4.176563000000000102e+03
-4.187328999999999724e+03
-4.143893000000000029e+03
-4.165054000000000087e+03
-4.169137999999999920e+03
-4.138323999999999614e+03
-4.195125000000000000e+03
-4.186215000000000146e+03
-4.180274999999999636e+03
-4.155029999999999745e+03
-4.153917000000000371e+03
-4.166167000000000371e+03
-4.157628999999999905e+03
-4.170251000000000204e+03
-4.122730999999999767e+03
-4.163939999999999600e+03
-4.158371000000000095e+03
-4.122359999999999673e+03
-4.160228000000000065e+03
-4.159113999999999578e+03
-4.159855999999999767e+03
-4.173592999999999847e+03
-4.182873999999999796e+03
-4.162826000000000022e+03
-4.167280999999999949e+03
-4.161341000000000349e+03
-4.167652000000000044e+03
-4.163569000000000415e+03
-4.184729999999999563e+03
-4.181760000000000218e+03
-4.193269000000000233e+03
-4.205149000000000342e+03
-4.198837000000000444e+03
-4.149832999999999629e+03
-4.184359000000000378e+03
-4.172479000000000269e+03
-4.176934000000000196e+03
-4.174335000000000036e+03
-4.205890999999999622e+03
-4.186586000000000240e+03
-4.194011000000000422e+03
-4.143149999999999636e+03
-4.144264000000000124e+03
-4.156886000000000422e+03
-4.106024999999999636e+03
-4.124958999999999833e+03
-4.121618000000000393e+03
-4.131270000000000437e+03
-4.125329999999999927e+03
-4.126073000000000320e+03
-4.163939999999999600e+03
-4.132384000000000015e+03
-4.165425000000000182e+03
-4.136095999999999549e+03
-4.141664999999999964e+03
-4.136095999999999549e+03
-4.139065999999999804e+03
-4.144264000000000124e+03
-4.169880000000000109e+03
-4.143149999999999636e+03
-4.158371000000000095e+03
-4.154287999999999556e+03
-4.159855999999999767e+03
-4.153173999999999978e+03
-4.165054000000000087e+03
-4.162826000000000022e+03
-4.148347999999999956e+03
-4.221112000000000080e+03
-4.199208999999999833e+03
-4.201064999999999600e+03
-4.218885000000000218e+03
-4.224824999999999818e+03
-4.198095000000000255e+03
-4.187328999999999724e+03
-4.206634000000000015e+03
-4.162083999999999833e+03
-4.204034999999999854e+03
-4.189185000000000400e+03
-4.192525999999999840e+03
-4.202921000000000276e+03
-4.196980999999999767e+03
-4.208489999999999782e+03
-4.238932999999999993e+03
-4.240046000000000276e+03
-4.238189999999999600e+03
-4.253783000000000357e+03
-4.253783000000000357e+03
-4.259350999999999658e+03
-4.245985999999999876e+03
-4.268261000000000422e+03
-4.245614999999999782e+03
-4.222969000000000051e+03
-4.235591000000000349e+03
-4.230021999999999935e+03
-4.223711000000000240e+03
-4.202550000000000182e+03
-4.224824999999999818e+03
-4.212203000000000429e+03
-4.257123999999999796e+03
-4.203663999999999760e+03
-4.207747999999999593e+03
-4.251555000000000291e+03
-4.214430000000000291e+03
-4.252668999999999869e+03
-4.267890000000000327e+03
-4.233363999999999578e+03
-4.169880000000000109e+03
-4.182502000000000407e+03
-4.168395000000000437e+03
-4.107139000000000124e+03
-4.162454999999999927e+03
-4.168765999999999622e+03
-4.135354000000000269e+03
-4.196980999999999767e+03
-4.199579999999999927e+03
-4.169509000000000015e+03
-4.228167000000000371e+03
-4.173592999999999847e+03
-4.190670000000000073e+03
-4.215543999999999869e+03
-4.189185000000000400e+03
-4.190670000000000073e+03
-4.211460000000000036e+03
-4.222597999999999956e+03
-4.209231999999999971e+03
-4.208118999999999687e+03
-4.197353000000000065e+03
-4.201064999999999600e+03
-4.237448000000000320e+03
-4.208489999999999782e+03
-4.222597999999999956e+03
-4.221484000000000378e+03
-4.201436999999999898e+03
-4.179533000000000357e+03
-4.199579999999999927e+03
-4.182131000000000313e+03
-4.194753999999999905e+03
-4.222969000000000051e+03
-4.207747999999999593e+03
-4.231136000000000422e+03
-4.207005000000000109e+03
-4.260465000000000146e+03
-4.223711000000000240e+03
-4.256010000000000218e+03
-4.225567000000000007e+03
-4.246729000000000269e+03
-4.253039999999999964e+03
-4.245614999999999782e+03
-4.224824999999999818e+03
-4.242645000000000437e+03
-4.279027000000000044e+03
-4.256752000000000407e+03
-4.264177999999999884e+03
-4.267146999999999935e+03
-4.251555000000000291e+03
-4.290164999999999964e+03
-4.282739999999999782e+03
-4.266404999999999745e+03
-4.246729000000000269e+03
-4.271603000000000065e+03
-4.255268000000000029e+03
-4.283110999999999876e+03
-4.298332999999999629e+03
-4.296847999999999956e+03
-4.301673999999999978e+03
-4.275686999999999898e+03
-4.298703999999999724e+03
-4.322463999999999942e+03
-4.329145999999999731e+03
-4.292764000000000124e+03
-4.305386000000000422e+03
-4.304271999999999935e+03
-4.298332999999999629e+03
-4.310583999999999833e+03
-4.323578000000000429e+03
-4.318009000000000015e+03
-4.307613999999999578e+03
-4.332859000000000378e+03
-4.293506000000000313e+03
-4.303158999999999651e+03
-4.339912999999999556e+03
-4.309470000000000255e+03
-4.328404000000000451e+03
-4.343625000000000000e+03
-4.313182999999999993e+03
-4.325434000000000196e+03
-4.359217999999999847e+03
-4.330631000000000313e+03
-4.343996000000000095e+03
-4.343253999999999905e+03
-4.328774999999999636e+03
-4.356247999999999593e+03
-4.325063000000000102e+03
-4.333600999999999658e+03
-4.331373999999999796e+03
-4.359588999999999942e+03
-4.307613999999999578e+03
-4.329518000000000029e+03
-4.319122999999999593e+03
-4.354020000000000437e+03
-4.325805000000000291e+03
-4.323578000000000429e+03
-4.331744999999999891e+03
-4.320235999999999876e+03
-4.316152000000000044e+03
-4.359588999999999942e+03
-4.293506000000000313e+03
-4.358845999999999549e+03
-4.351050000000000182e+03
-4.326176000000000386e+03
-4.337314000000000306e+03
-4.356618999999999687e+03
-4.343253999999999905e+03
-4.369612000000000080e+03
-4.349194000000000415e+03
-4.355876000000000204e+03
-4.408222999999999956e+03
-4.399313000000000102e+03
-4.341769000000000233e+03
-4.400796999999999571e+03
-4.384833999999999833e+03
-4.355134000000000015e+03
-4.390030999999999949e+03
-4.393372999999999593e+03
-4.377779999999999745e+03
-4.398940999999999804e+03
-4.395600000000000364e+03
-4.393743999999999687e+03
-4.427527000000000044e+03
-4.456855999999999767e+03
-4.386689999999999600e+03
-4.423814999999999600e+03
-4.427899000000000342e+03
-4.431610999999999876e+03
-4.420474000000000160e+03
-4.443490999999999985e+03
-4.427527000000000044e+03
-4.456484999999999673e+03
-4.473563000000000102e+03
-4.461682999999999993e+03
-4.458712000000000444e+03
-4.463167000000000371e+03
-4.401539999999999964e+03
-4.378894000000000233e+03
-4.410449999999999818e+03
-4.388917000000000371e+03
-4.375923999999999978e+03
-4.421216000000000349e+03
