-3.081374999999999886e+01
-4.529249999999999687e+01
-3.229874999999999829e+01
-1.039500000000000028e+02
-7.536374999999999602e+01
-6.422624999999999318e+01
-1.314225000000000136e+02
-1.147162000000000006e+02
-1.277099999999999937e+02
-1.533262000000000000e+02
-1.559250000000000114e+02
-1.447874999999999943e+02
-1.663199999999999932e+02
-1.585237999999999943e+02
-1.670625000000000000e+02
-2.301750000000000114e+02
-2.090137000000000000e+02
-2.220074999999999932e+02
-2.305461999999999989e+02
-2.661861999999999853e+02
-2.350012999999999863e+02
-2.613600000000000136e+02
-2.706413000000000011e+02
-2.580187000000000239e+02
-2.576474999999999795e+02
-2.999700000000000273e+02
-3.166761999999999944e+02
-3.077663000000000011e+02
-3.330113000000000056e+02
-3.563999999999999773e+02
-3.229875000000000114e+02
-3.645674999999999955e+02
-3.809024999999999750e+02
-3.575138000000000034e+02
-3.861000000000000227e+02
-3.957524999999999977e+02
-3.927825000000000273e+02
-3.998362000000000194e+02
-3.805312999999999874e+02
-4.499549999999999841e+02
-4.852237999999999829e+02
-4.273086999999999875e+02
-4.837388000000000261e+02
-4.930199999999999818e+02
-4.692599999999999909e+02
-4.763138000000000147e+02
-4.900500000000000114e+02
-5.082411999999999921e+02
-5.279175000000000182e+02
-5.312586999999999762e+02
-5.294025000000000318e+02
-5.067563000000000102e+02
-5.223487999999999829e+02
-5.539049999999999727e+02
-5.264325000000000045e+02
-5.728387000000000171e+02
-5.988261999999999716e+02
-5.657849999999999682e+02
-6.103350000000000364e+02
-6.133049999999999500e+02
-5.980837000000000216e+02
-6.337237999999999829e+02
-5.954850000000000136e+02
-6.155325000000000273e+02
-6.159036999999999580e+02
-6.110774999999999864e+02
-6.170175000000000409e+02
-6.433763000000000147e+02
-6.626812999999999647e+02
-6.359511999999999716e+02
-6.340950000000000273e+02
-6.504299999999999500e+02
-6.433763000000000147e+02
-6.686213000000000193e+02
-6.407775000000000318e+02
-6.155325000000000273e+02
-6.493162999999999556e+02
-6.678787999999999556e+02
-6.753038000000000238e+02
-6.645375000000000227e+02
-7.038899999999999864e+02
-6.938663000000000238e+02
-6.908962000000000216e+02
-7.324763000000000375e+02
-7.061174999999999500e+02
-7.157699999999999818e+02
-7.603200000000000500e+02
-7.302487999999999602e+02
-7.313624999999999545e+02
-7.595774999999999864e+02
-7.476974999999999909e+02
-7.514099999999999682e+02
-7.540086999999999762e+02
-7.584637000000000171e+02
-7.733138000000000147e+02
-7.803674999999999500e+02
-7.566074999999999591e+02
-8.022712000000000216e+02
-7.889062999999999874e+02
-7.551224999999999454e+02
-8.275162000000000262e+02
-8.475638000000000147e+02
-8.026425000000000409e+02
-8.353125000000000000e+02
-8.575874999999999773e+02
-8.323424999999999727e+02
-8.304863000000000284e+02
-8.716950000000000500e+02
-8.486775000000000091e+02
-8.431087999999999738e+02
-8.449650000000000318e+02
-8.631562999999999874e+02
-8.709524999999999864e+02
-8.553600000000000136e+02
-8.798624999999999545e+02
-8.705811999999999671e+02
-8.817187999999999874e+02
-8.846888000000000147e+02
-9.002812999999999874e+02
-9.236699999999999591e+02
-9.292387999999999693e+02
-8.702100000000000364e+02
-9.099338000000000193e+02
-8.757786999999999580e+02
-8.676113000000000284e+02
-8.973112999999999602e+02
-9.039937999999999647e+02
-8.646412000000000262e+02
-9.181013000000000375e+02
-8.917424999999999500e+02
-8.939700000000000273e+02
-9.418613000000000284e+02
-9.336938000000000102e+02
-8.958261999999999716e+02
-9.388912000000000262e+02
-9.448311999999999671e+02
-9.173587999999999738e+02
-9.292387999999999693e+02
-9.392625000000000455e+02
-9.318374999999999773e+02
-9.474299999999999500e+02
-9.607949999999999591e+02
-9.377775000000000318e+02
-9.704474999999999909e+02
-9.756449999999999818e+02
-9.452024999999999864e+02
-9.882675000000000409e+02
-9.823274999999999864e+02
-9.578250000000000455e+02
-1.002745999999999981e+03
-9.930937999999999874e+02
-9.882675000000000409e+02
-9.890099999999999909e+02
-1.017967999999999961e+03
-9.916087999999999738e+02
-1.007201000000000022e+03
-1.017225000000000023e+03
-1.007572999999999979e+03
-1.025020999999999958e+03
-1.066972999999999956e+03
-1.051380000000000109e+03
-1.043212999999999965e+03
-1.046924999999999955e+03
-1.036901000000000067e+03
-1.031333000000000084e+03
-1.057691000000000031e+03
-1.068828999999999951e+03
-1.072912000000000035e+03
-1.066601000000000113e+03
-1.068828999999999951e+03
-1.082565000000000055e+03
-1.094444999999999936e+03
-1.124144999999999982e+03
-1.121916999999999916e+03
-1.091474999999999909e+03
-1.110409000000000106e+03
-1.103726000000000113e+03
-1.103355000000000018e+03
-1.104469000000000051e+03
-1.119690000000000055e+03
-1.147534000000000106e+03
-1.119318999999999960e+03
-1.146790999999999940e+03
-1.153845000000000027e+03
-1.121174999999999955e+03
-1.115234999999999900e+03
-1.148646999999999935e+03
-1.130827999999999975e+03
-1.161269999999999982e+03
-1.146420000000000073e+03
-1.130455999999999904e+03
-1.138252999999999929e+03
-1.131199000000000069e+03
-1.154587999999999965e+03
-1.153103000000000065e+03
-1.137881000000000085e+03
-1.142336000000000013e+03
-1.152359999999999900e+03
-1.150503999999999905e+03
-1.120060999999999922e+03
-1.090361000000000104e+03
-1.106695999999999913e+03
-1.066972999999999956e+03
-1.046554000000000087e+03
-1.084791999999999916e+03
-1.050636999999999944e+03
-1.069570999999999913e+03
-1.107809999999999945e+03
-1.074769000000000005e+03
-1.088505000000000109e+03
-1.099270999999999958e+03
-1.067714999999999918e+03
-1.069200000000000045e+03
-1.109295000000000073e+03
-1.072912000000000035e+03
-1.091104000000000042e+03
-1.104097999999999956e+03
-1.077739000000000033e+03
-1.091104000000000042e+03
-1.111521999999999935e+03
-1.100384999999999991e+03
-1.091104000000000042e+03
-1.120804000000000087e+03
-1.119690000000000055e+03
-1.121174999999999955e+03
-1.143078999999999951e+03
-1.141964999999999918e+03
-1.101869999999999891e+03
-1.104839999999999918e+03
-1.111521999999999935e+03
-1.097414999999999964e+03
-1.104839999999999918e+03
-1.118204999999999927e+03
-1.125259000000000015e+03
-1.117462999999999965e+03
-1.137138999999999896e+03
-1.146048999999999978e+03
-1.121174999999999955e+03
-1.134169000000000096e+03
-1.118204999999999927e+03
-1.147904999999999973e+03
-1.150133000000000038e+03
-1.127486000000000104e+03
-1.154959000000000060e+03
-1.176490999999999985e+03
-1.152359999999999900e+03
-1.172036000000000058e+03
-1.157185999999999922e+03
-1.121174999999999955e+03
-1.142336000000000013e+03
-1.157185999999999922e+03
-1.132683999999999969e+03
-1.162755000000000109e+03
-1.163868999999999915e+03
-1.151246000000000095e+03
-1.171294000000000096e+03
-1.181689000000000078e+03
-1.163498000000000047e+03
-1.173150000000000091e+03
-1.174634999999999991e+03
-1.179461000000000013e+03
-1.185029999999999973e+03
-1.200993999999999915e+03
-1.185029999999999973e+03
-1.232549999999999955e+03
-1.235148999999999887e+03
-1.216586000000000013e+03
-1.237748000000000047e+03
-1.234405999999999949e+03
-1.238490000000000009e+03
-1.241088999999999942e+03
-1.251113000000000056e+03
-1.284153999999999996e+03
-1.271160000000000082e+03
-1.265220000000000027e+03
-1.297146999999999935e+03
-1.307913999999999987e+03
-1.299003999999999905e+03
-1.310512999999999920e+03
-1.334644000000000005e+03
-1.332415999999999940e+03
-1.337614000000000033e+03
-1.334271999999999935e+03
-1.352463999999999942e+03
-1.343554000000000087e+03
-1.330931000000000040e+03
-1.387732999999999947e+03
-1.378823000000000093e+03
-1.373253999999999905e+03
-1.384019999999999982e+03
-1.386990000000000009e+03
-1.391444999999999936e+03
-1.401469000000000051e+03
-1.392558999999999969e+03
-1.395528999999999996e+03
-1.440820999999999913e+03
-1.414834000000000060e+03
-1.421144999999999982e+03
-1.441192999999999984e+03
-1.413720000000000027e+03
-1.419660000000000082e+03
-1.438222999999999956e+03
-1.444904999999999973e+03
-1.434881000000000085e+03
-1.445646999999999935e+03
-1.466066000000000031e+03
-1.454929000000000087e+03
-1.453073000000000093e+03
-1.453815000000000055e+03
-1.456785000000000082e+03
-1.470520999999999958e+03
-1.463468000000000075e+03
-1.439708000000000084e+03
-1.479059999999999945e+03
-1.469406999999999925e+03
-1.460868999999999915e+03
-1.472749000000000024e+03
-1.451959000000000060e+03
-1.425599999999999909e+03
-1.472377999999999929e+03
-1.476461000000000013e+03
-1.452701000000000022e+03
-1.467550999999999931e+03
-1.476461000000000013e+03
-1.467922000000000025e+03
-1.476089999999999918e+03
-1.492796000000000049e+03
-1.471263999999999896e+03
-1.468664999999999964e+03
-1.492796000000000049e+03
-1.486484999999999900e+03
-1.462724999999999909e+03
-1.473490999999999985e+03
-1.508759999999999991e+03
-1.485000000000000000e+03
-1.506161000000000058e+03
-1.484628999999999905e+03
-1.455299999999999955e+03
-1.454185999999999922e+03
-1.442676999999999907e+03
-1.430425999999999931e+03
-1.455299999999999955e+03
-1.423000999999999976e+03
-1.413348999999999933e+03
-1.448989000000000033e+03
-1.423000999999999976e+03
-1.417804000000000087e+03
-1.438222999999999956e+03
-1.429313000000000102e+03
-1.424486000000000104e+03
-1.454557000000000016e+03
-1.439336000000000013e+03
-1.411864000000000033e+03
-1.450473999999999933e+03
-1.446390000000000100e+03
-1.450473999999999933e+03
-1.434881000000000085e+03
-1.424857999999999947e+03
-1.433767000000000053e+03
-1.428199000000000069e+03
-1.431169000000000096e+03
-1.421516000000000076e+03
-1.425599999999999909e+03
-1.439336000000000013e+03
-1.412605999999999995e+03
-1.427455999999999904e+03
-1.467180000000000064e+03
-1.467180000000000064e+03
-1.463838999999999942e+03
-1.478689000000000078e+03
-1.459384000000000015e+03
-1.469406999999999925e+03
-1.474976000000000113e+03
-1.469778999999999996e+03
-1.487598999999999933e+03
-1.493910000000000082e+03
-1.485000000000000000e+03
-1.494280999999999949e+03
-1.488712999999999965e+03
-1.499849999999999909e+03
-1.512101000000000113e+03
-1.507275000000000091e+03
-1.495394999999999982e+03
-1.495394999999999982e+03
-1.509502999999999929e+03
-1.490198000000000093e+03
-1.523980999999999995e+03
-1.529179000000000087e+03
-1.497993999999999915e+03
-1.529549999999999955e+03
-1.528435999999999922e+03
-1.508388999999999896e+03
-1.527693999999999960e+03
-1.534005000000000109e+03
-1.538088999999999942e+03
-1.567046000000000049e+03
-1.547369999999999891e+03
-1.548483999999999924e+03
-1.560364000000000033e+03
-1.525837999999999965e+03
-1.528807000000000016e+03
-1.551083000000000084e+03
-1.558878999999999905e+03
-1.539202999999999975e+03
-1.548113000000000056e+03
-1.534005000000000109e+03
-1.533262999999999920e+03
-1.522496000000000095e+03
-1.544770999999999958e+03
-1.550711000000000013e+03
-1.545884999999999991e+03
-1.544400000000000091e+03
