2.717633000000000152e+02
2.713921000000000276e+02
2.409485999999999990e+02
2.238705999999999960e+02
2.223855000000000075e+02
1.993673000000000002e+02
1.852593999999999994e+02
1.908283000000000129e+02
1.919421000000000106e+02
1.752353999999999985e+02
1.496183000000000050e+02
1.310552999999999884e+02
1.158335000000000008e+02
1.369953999999999894e+02
1.202887000000000057e+02
1.195461999999999989e+02
9.095902999999999849e+01
6.794083000000000538e+01
8.204874999999999829e+01
5.271911000000000058e+01
2.413198999999999828e+01
3.341351999999999833e+01
3.007216999999999985e+01
-6.682500000000000107e+00
1.856306999999999929e+00
-1.893374999999999986e+01
-4.269375000000000142e+01
-4.306499999999999773e+01
-3.378374999999999773e+01
-6.756749999999999545e+01
-9.392624999999999602e+01
-6.088499999999999801e+01
-9.021375000000000455e+01
-1.169437000000000069e+02
-1.236263000000000005e+02
-1.017224999999999966e+02
-1.239975000000000023e+02
-1.310512999999999977e+02
-1.525837999999999965e+02
-1.770862999999999943e+02
-1.930500000000000114e+02
-2.045586999999999875e+02
-2.138400000000000034e+02
-2.045586999999999875e+02
-2.097563000000000102e+02
-2.264625000000000057e+02
-2.205225000000000080e+02
-2.283188000000000102e+02
-2.550488000000000000e+02
-2.390850000000000080e+02
-2.624737999999999829e+02
-2.732400000000000091e+02
-2.639587000000000216e+02
-2.995987999999999829e+02
-3.326399999999999864e+02
-2.984850000000000136e+02
-3.296700000000000159e+02
-3.255862000000000194e+02
-3.430350000000000250e+02
-3.445199999999999818e+02
-3.630824999999999818e+02
-3.434062999999999874e+02
-2.940299999999999727e+02
-3.504599999999999795e+02
-3.664238000000000284e+02
-3.868424999999999727e+02
-3.519449999999999932e+02
-3.872137000000000171e+02
-3.816449999999999818e+02
-3.693937999999999988e+02
-3.950099999999999909e+02
-3.976087999999999738e+02
-3.950099999999999909e+02
-3.820163000000000011e+02
-4.050337999999999852e+02
-4.091175000000000068e+02
-4.120874999999999773e+02
-4.209975000000000023e+02
-4.302787000000000148e+02
-4.518111999999999853e+02
-4.180274999999999750e+02
-4.343625000000000114e+02
-4.388174999999999955e+02
-4.499549999999999841e+02
-4.521825000000000045e+02
-4.551524999999999750e+02
-4.584936999999999898e+02
-4.855950000000000273e+02
-5.093550000000000182e+02
-4.659187999999999761e+02
-4.867087000000000216e+02
-4.974750000000000227e+02
-4.844812999999999761e+02
-4.926487000000000194e+02
-5.167799999999999727e+02
-5.108399999999999750e+02
-5.045287000000000148e+02
-5.138099999999999454e+02
-5.230911999999999580e+02
-5.130674999999999955e+02
-5.011875000000000000e+02
-5.074986999999999853e+02
-5.134388000000000147e+02
-5.368274999999999864e+02
-5.468513000000000375e+02
-5.435099999999999909e+02
-5.338574999999999591e+02
-5.208637999999999693e+02
-5.435099999999999909e+02
-5.646712999999999738e+02
-5.412825000000000273e+02
-5.650425000000000182e+02
-5.991974999999999909e+02
-5.691263000000000147e+02
-5.813775000000000546e+02
-6.125625000000000000e+02
-5.824913000000000238e+02
-6.118200000000000500e+02
-6.032812999999999874e+02
-6.170175000000000409e+02
-6.151612999999999829e+02
-6.270412999999999784e+02
-6.211013000000000375e+02
-5.965987999999999829e+02
-6.222150000000000318e+02
-6.422625000000000455e+02
-6.314963000000000193e+02
-6.508012999999999693e+02
-6.530286999999999580e+02
-6.589687999999999874e+02
-6.567413000000000238e+02
-6.582263000000000375e+02
-6.463463000000000420e+02
-6.552563000000000102e+02
-6.656512000000000171e+02
-6.767888000000000375e+02
-6.745612999999999602e+02
-6.637949999999999591e+02
-6.615674999999999955e+02
-6.901536999999999580e+02
-6.790162000000000262e+02
-6.396638000000000375e+02
-6.229574999999999818e+02
-5.754375000000000000e+02
-6.303825000000000500e+02
-6.166462000000000216e+02
-5.932575000000000500e+02
-5.969700000000000273e+02
-6.311250000000000000e+02
-6.181312000000000353e+02
-6.125625000000000000e+02
-6.185025000000000546e+02
-5.613300000000000409e+02
-5.713537999999999784e+02
-5.769225000000000136e+02
-5.668986999999999625e+02
-5.780362999999999829e+02
-5.954850000000000136e+02
-5.936287999999999556e+02
-5.954850000000000136e+02
-6.300112000000000307e+02
-6.133049999999999500e+02
-6.047662000000000262e+02
-5.605874999999999773e+02
-5.817487999999999602e+02
-5.639288000000000238e+02
-5.657849999999999682e+02
-5.847187999999999874e+02
-5.624437000000000353e+02
-5.769225000000000136e+02
-5.843474999999999682e+02
-5.828624999999999545e+02
-6.103350000000000364e+02
-5.943713000000000193e+02
-5.620724999999999909e+02
-5.761799999999999500e+02
-5.706113000000000284e+02
-5.921436999999999671e+02
-5.824913000000000238e+02
-5.910299999999999727e+02
-5.798925000000000409e+02
-5.798925000000000409e+02
-5.687549999999999955e+02
-5.865750000000000455e+02
-5.824913000000000238e+02
-5.694974999999999454e+02
-5.620724999999999909e+02
-5.706113000000000284e+02
-5.921436999999999671e+02
-5.468513000000000375e+02
-5.594737999999999829e+02
-5.746950000000000500e+02
-5.524199999999999591e+02
-5.631862999999999602e+02
-5.661562999999999874e+02
-5.464800000000000182e+02
-5.795212000000000216e+02
-5.750662999999999556e+02
-5.617011999999999716e+02
-5.527912999999999784e+02
-5.828624999999999545e+02
-5.572463000000000193e+02
-5.746950000000000500e+02
-5.902875000000000227e+02
-5.501924999999999955e+02
-5.063849999999999909e+02
-5.204924999999999500e+02
-5.557612000000000307e+02
-5.535338000000000420e+02
-5.245761999999999716e+02
-5.104687999999999874e+02
-4.933913000000000011e+02
-4.859662000000000148e+02
-4.622062999999999988e+02
-5.175225000000000364e+02
-5.104687999999999874e+02
-4.696313000000000102e+02
-4.967325000000000159e+02
-5.186362000000000307e+02
-4.896786999999999921e+02
-4.885649999999999977e+02
-5.115824999999999818e+02
-5.000738000000000056e+02
-4.982174999999999727e+02
-5.260612999999999602e+02
-4.896786999999999921e+02
-4.826250000000000000e+02
-4.703736999999999853e+02
-4.451288000000000125e+02
-4.625774999999999864e+02
-4.629488000000000056e+02
-4.521825000000000045e+02
-4.700024999999999977e+02
-4.685174999999999841e+02
-4.566374999999999886e+02
-4.629488000000000056e+02
-4.878224999999999909e+02
-4.514399999999999977e+02
-4.818824999999999932e+02
-4.893075000000000045e+02
-4.607212999999999852e+02
-4.711161999999999921e+02
-4.815113000000000056e+02
-4.677749999999999773e+02
-4.807687999999999988e+02
-4.878224999999999909e+02
-4.629488000000000056e+02
-4.670325000000000273e+02
-4.792837999999999852e+02
-4.822538000000000125e+02
-4.737149999999999750e+02
-4.878224999999999909e+02
-4.993312999999999988e+02
-4.967325000000000159e+02
-5.100975000000000250e+02
-4.900500000000000114e+02
-4.930199999999999818e+02
-5.067563000000000102e+02
-5.074986999999999853e+02
-4.755713000000000079e+02
-5.034150000000000205e+02
-4.941338000000000079e+02
-5.019300000000000068e+02
-5.371987000000000307e+02
-5.026725000000000136e+02
-4.596075000000000159e+02
-4.911637999999999806e+02
-4.751999999999999886e+02
-4.722300000000000182e+02
-4.881938000000000102e+02
-4.759424999999999955e+02
-4.532962999999999738e+02
-4.692599999999999909e+02
-4.696313000000000102e+02
-4.629488000000000056e+02
-4.655475000000000136e+02
-4.863374999999999773e+02
-4.759424999999999955e+02
-4.740862000000000194e+02
-4.700024999999999977e+02
-4.525536999999999921e+02
-4.941338000000000079e+02
-4.941338000000000079e+02
-4.640625000000000000e+02
-4.885649999999999977e+02
-4.933913000000000011e+02
-4.781700000000000159e+02
-4.874513000000000034e+02
-4.933913000000000011e+02
-4.907925000000000182e+02
-4.952475000000000023e+02
-4.336200000000000045e+02
-4.187699999999999818e+02
-4.180274999999999750e+02
-3.964950000000000045e+02
-3.905550000000000068e+02
-4.102312999999999761e+02
-4.169137999999999806e+02
-4.124587000000000216e+02
-4.094886999999999944e+02
-4.321349999999999909e+02
-4.198838000000000079e+02
-4.228537999999999784e+02
-4.332486999999999853e+02
-4.176562999999999874e+02
-4.217400000000000091e+02
-4.399311999999999898e+02
-4.109737999999999829e+02
-4.031775000000000091e+02
-4.269375000000000000e+02
-4.373324999999999818e+02
-4.351050000000000182e+02
-4.176562999999999874e+02
-4.306499999999999773e+02
-4.250812999999999988e+02
-4.362187999999999874e+02
-4.284225000000000136e+02
-4.347337999999999738e+02
-4.250812999999999988e+02
-4.165425000000000182e+02
-4.139438000000000102e+02
-4.384463000000000079e+02
-4.146861999999999853e+02
-4.343625000000000114e+02
-4.492124999999999773e+02
-4.299075000000000273e+02
-4.295362999999999829e+02
-4.373324999999999818e+02
-4.362187999999999874e+02
-4.369612000000000194e+02
-4.443863000000000056e+02
-4.299075000000000273e+02
-4.581225000000000023e+02
-4.421587999999999852e+02
-4.254524999999999864e+02
-4.406738000000000284e+02
-4.158000000000000114e+02
-4.235962999999999852e+02
-4.395600000000000023e+02
-4.358475000000000250e+02
-4.336200000000000045e+02
-4.347337999999999738e+02
-4.258238000000000056e+02
-4.336200000000000045e+02
-4.440149999999999864e+02
-4.388174999999999955e+02
-4.354762999999999806e+02
-4.440149999999999864e+02
-4.358475000000000250e+02
-4.458711999999999875e+02
-4.273086999999999875e+02
-4.503263000000000034e+02
-4.447574999999999932e+02
-4.306499999999999773e+02
-4.473562999999999761e+02
-4.384463000000000079e+02
-4.592363000000000284e+02
-4.607212999999999852e+02
-4.473562999999999761e+02
-4.143149999999999977e+02
-4.377038000000000011e+02
-4.276800000000000068e+02
-4.132013000000000034e+02
-4.354762999999999806e+02
-4.354762999999999806e+02
-4.198838000000000079e+02
-4.291650000000000205e+02
-4.161712999999999738e+02
-4.158000000000000114e+02
-4.417875000000000227e+02
-4.239674999999999727e+02
-4.391888000000000147e+02
-4.480987999999999829e+02
-4.224825000000000159e+02
-4.310212000000000216e+02
-4.488412000000000148e+02
-4.518111999999999853e+02
-4.217400000000000091e+02
-4.377038000000000011e+02
-4.510688000000000102e+02
-4.213686999999999898e+02
-4.403025000000000091e+02
-4.573799999999999955e+02
-4.462425000000000068e+02
-4.536675000000000182e+02
-4.614637000000000171e+02
-4.321349999999999909e+02
-4.499549999999999841e+02
-4.544100000000000250e+02
-4.076324999999999932e+02
-4.388174999999999955e+02
-4.588650000000000091e+02
-4.558949999999999818e+02
-4.403025000000000091e+02
-4.440149999999999864e+02
-4.414162999999999784e+02
-4.380749999999999886e+02
-4.466138000000000261e+02
-4.365899999999999750e+02
-4.429012000000000171e+02
-4.532962999999999738e+02
-4.417875000000000227e+02
-4.436437999999999988e+02
-4.610924999999999727e+02
-4.458711999999999875e+02
-4.495837000000000216e+02
-4.469850000000000136e+02
-4.369612000000000194e+02
-4.403025000000000091e+02
-4.492124999999999773e+02
-4.540387999999999806e+02
-4.495837000000000216e+02
