-1.458641000000000076e+03
-1.418174999999999955e+03
-1.440078999999999951e+03
-1.483885999999999967e+03
-1.495023999999999887e+03
-1.487228000000000065e+03
-1.543286000000000058e+03
-1.542172000000000025e+03
-1.537718000000000075e+03
-1.574843000000000075e+03
-1.581525000000000091e+03
-1.614194999999999936e+03
-1.608998000000000047e+03
-1.564076000000000022e+03
-1.613824000000000069e+03
-1.625333000000000084e+03
-1.602315000000000055e+03
-1.652063000000000102e+03
-1.629415999999999940e+03
-1.653175999999999931e+03
-1.637954999999999927e+03
-1.660972999999999956e+03
-1.657631000000000085e+03
-1.674337999999999965e+03
-1.700325000000000045e+03
-1.702551999999999907e+03
-1.701439000000000078e+03
-1.710720000000000027e+03
-1.709605999999999995e+03
-1.726313000000000102e+03
-1.755641000000000076e+03
-1.749329999999999927e+03
-1.774203999999999951e+03
-1.812070999999999913e+03
-1.771976000000000113e+03
-1.782742999999999938e+03
-1.786826000000000022e+03
-1.793137999999999920e+03
-1.787940000000000055e+03
-1.811700000000000045e+03
-1.794623000000000047e+03
-1.818010999999999967e+03
-1.858848999999999933e+03
-1.818010999999999967e+03
-1.815040999999999940e+03
-1.850681000000000040e+03
-1.848825000000000045e+03
-1.854021999999999935e+03
-1.879268000000000029e+03
-1.884464999999999918e+03
-1.869243999999999915e+03
-1.920847999999999956e+03
-1.885578999999999951e+03
-1.887064000000000078e+03
-1.947577999999999975e+03
-1.922703999999999951e+03
-1.943865000000000009e+03
-1.986930000000000064e+03
-1.991756000000000085e+03
-1.966883000000000038e+03
-1.982474999999999909e+03
-1.998439000000000078e+03
-1.963912000000000035e+03
-1.985816000000000031e+03
-1.998809999999999945e+03
-2.005121000000000095e+03
-2.041503999999999905e+03
-1.998067999999999984e+03
-2.028138999999999896e+03
-2.088280999999999949e+03
-2.043730999999999995e+03
-2.060809000000000196e+03
-2.063036000000000058e+03
-2.063036000000000058e+03
-2.066748999999999796e+03
-2.102389000000000124e+03
-2.090137000000000171e+03
-2.079000000000000000e+03
-2.122807999999999993e+03
-2.135800999999999931e+03
-2.125777999999999793e+03
-2.140255999999999858e+03
-2.161416999999999916e+03
-2.101275000000000091e+03
-2.159932999999999993e+03
-2.162530999999999949e+03
-2.123920999999999822e+03
-2.157333999999999833e+03
-2.161045999999999822e+03
-2.155478000000000065e+03
-2.181094000000000051e+03
-2.194086999999999989e+03
-2.161045999999999822e+03
-2.204481999999999971e+03
-2.163273999999999887e+03
-2.182579000000000178e+03
-2.177751999999999953e+03
-2.210422999999999774e+03
-2.210793999999999869e+03
-2.198170999999999822e+03
-2.208565999999999804e+03
-2.146568000000000211e+03
-2.176268000000000029e+03
-2.193715999999999894e+03
-2.182579000000000178e+03
-2.198914000000000215e+03
-2.226014999999999873e+03
-2.214135000000000218e+03
-2.181465000000000146e+03
-2.261655000000000200e+03
-2.231954999999999927e+03
-2.239009000000000015e+03
-2.285414999999999964e+03
-2.263139999999999873e+03
-2.263510999999999967e+03
-2.286157000000000153e+03
-2.280217999999999847e+03
-2.284300999999999931e+03
-2.329222000000000207e+03
-2.323653999999999996e+03
-2.295068000000000211e+03
-2.337760999999999967e+03
-2.351126000000000204e+03
-2.338503999999999905e+03
-2.368204000000000178e+03
-2.356324000000000069e+03
-2.337760999999999967e+03
-2.358922999999999774e+03
-2.330335999999999785e+03
-2.328480000000000018e+03
-2.362635000000000218e+03
-2.342586999999999989e+03
-2.314001000000000204e+03
-2.355952999999999975e+03
-2.355581000000000131e+03
-2.342586999999999989e+03
-2.370802000000000135e+03
-2.376742000000000189e+03
-2.369688999999999851e+03
-2.394190999999999804e+03
-2.367090000000000146e+03
-2.370431000000000040e+03
-2.391963999999999942e+03
-2.384539000000000215e+03
-2.395675999999999931e+03
-2.400130999999999858e+03
-2.392706000000000131e+03
-2.390849999999999909e+03
-2.406813999999999851e+03
-2.427603999999999814e+03
-2.383054000000000087e+03
-2.415724000000000160e+03
-2.423148999999999887e+03
-2.416465999999999894e+03
-2.426119000000000142e+03
-2.462501000000000204e+03
-2.429460000000000036e+03
-2.432800999999999931e+03
-2.426119000000000142e+03
-2.420179000000000087e+03
-2.437255999999999858e+03
-2.432059000000000196e+03
-2.428717999999999847e+03
-2.420179000000000087e+03
-2.443568000000000211e+03
-2.413867000000000189e+03
-2.409784000000000106e+03
-2.465842999999999847e+03
-2.412753999999999905e+03
-2.429831000000000131e+03
-2.459902999999999793e+03
-2.430574000000000069e+03
-2.443195999999999913e+03
-2.479208000000000084e+03
-2.455447999999999865e+03
-2.450250000000000000e+03
-2.477351000000000113e+03
-2.446909000000000106e+03
-2.471039999999999964e+03
-2.495914000000000215e+03
-2.461387000000000171e+03
-2.466956000000000131e+03
-2.509278999999999996e+03
-2.485889999999999873e+03
-2.468813000000000102e+03
-2.514847000000000207e+03
-2.512619999999999891e+03
-2.472153999999999996e+03
-2.538235999999999876e+03
-2.509650000000000091e+03
-2.508164999999999964e+03
-2.514847000000000207e+03
-2.535266000000000076e+03
-2.508536000000000058e+03
-2.540835000000000036e+03
-2.542320000000000164e+03
-2.517818000000000211e+03
-2.550115999999999985e+03
-2.572019999999999982e+03
-2.561253999999999905e+03
-2.561625000000000000e+03
-2.576846000000000004e+03
-2.575731999999999971e+03
-2.574248000000000047e+03
-2.556798999999999978e+03
-2.531554000000000087e+03
-2.561996000000000095e+03
-2.568679000000000087e+03
-2.564594999999999800e+03
-2.583157000000000153e+03
-2.575360999999999876e+03
-2.580929999999999836e+03
-2.597264999999999873e+03
-2.636617000000000189e+03
-2.601349000000000160e+03
-2.613599999999999909e+03
-2.625108999999999924e+03
-2.631048999999999978e+03
-2.651467999999999847e+03
-2.651467999999999847e+03
-2.672257999999999811e+03
-2.667431000000000040e+03
-2.661862999999999829e+03
-2.623994999999999891e+03
-2.622880999999999858e+03
-2.638844999999999800e+03
-2.642929000000000087e+03
-2.662605000000000018e+03
-2.662605000000000018e+03
-2.655922999999999774e+03
-2.680425000000000182e+03
-2.641815000000000055e+03
-2.632163000000000011e+03
-2.628449999999999818e+03
-2.656293999999999869e+03
-2.615456000000000131e+03
-2.547889000000000124e+03
-2.563853000000000065e+03
-2.537494000000000142e+03
-2.533039000000000215e+03
-2.561625000000000000e+03
-2.525614000000000033e+03
-2.510764000000000124e+03
-2.526728000000000065e+03
-2.521530000000000200e+03
-2.512248999999999796e+03
-2.527099000000000160e+03
-2.524871000000000095e+03
-2.536380000000000109e+03
-2.561253999999999905e+03
-2.526356000000000222e+03
-2.532666999999999916e+03
-2.547518000000000029e+03
-2.528954999999999927e+03
-2.538606999999999971e+03
-2.550487999999999829e+03
-2.558655000000000200e+03
-2.549744999999999891e+03
-2.557913000000000011e+03
-2.566451000000000022e+03
-2.538978999999999814e+03
-2.568307999999999993e+03
-2.566451000000000022e+03
-2.556798999999999978e+03
-2.582786000000000058e+03
-2.559396999999999935e+03
-2.577217999999999847e+03
-2.601719999999999800e+03
-2.584643000000000029e+03
-2.591695999999999913e+03
-2.625108999999999924e+03
-2.592438999999999851e+03
-2.595038000000000011e+03
-2.649239999999999782e+03
-2.625480000000000018e+03
-2.592438999999999851e+03
-2.649981999999999971e+03
-2.639588000000000193e+03
-2.622880999999999858e+03
-2.647384000000000015e+03
-2.641815000000000055e+03
-2.614713999999999942e+03
-2.651838999999999942e+03
-2.606545999999999822e+03
-2.596150999999999840e+03
-2.615827999999999975e+03
-2.609144999999999982e+03
-2.614342999999999847e+03
-2.611744000000000142e+03
-2.631420000000000073e+03
-2.624365999999999985e+03
-2.636989000000000033e+03
-2.631791000000000167e+03
-2.618797999999999774e+03
-2.613971000000000004e+03
-2.646269999999999982e+03
-2.631048999999999978e+03
-2.655179999999999836e+03
-2.665574999999999818e+03
-2.651467999999999847e+03
-2.668545000000000073e+03
-2.648126000000000204e+03
-2.624365999999999985e+03
-2.642186000000000149e+03
-2.652210000000000036e+03
-2.623623999999999796e+03
-2.658521000000000186e+03
-2.672628999999999905e+03
-2.644414000000000215e+03
-2.630306000000000040e+03
-2.649239999999999782e+03
-2.649981999999999971e+03
-2.611373000000000047e+03
-2.633646999999999935e+03
-2.663347000000000207e+03
-2.623994999999999891e+03
-2.657778999999999996e+03
-2.647012000000000171e+03
-2.629193000000000211e+03
-2.654809000000000196e+03
-2.646641000000000076e+03
-2.652952999999999975e+03
-2.663347000000000207e+03
-2.671885999999999967e+03
-2.664090000000000146e+03
-2.682280999999999949e+03
-2.681166999999999916e+03
-2.646269999999999982e+03
-2.676713000000000193e+03
-2.651838999999999942e+03
-2.665574999999999818e+03
-2.682280999999999949e+03
-2.651467999999999847e+03
-2.675969999999999800e+03
-2.675228000000000065e+03
-2.667059999999999945e+03
-2.655179999999999836e+03
-2.666318000000000211e+03
-2.675969999999999800e+03
-2.657778999999999996e+03
-2.675228000000000065e+03
-2.672628999999999905e+03
-2.689706000000000131e+03
-2.685994000000000142e+03
-2.675599000000000160e+03
-2.678568999999999960e+03
-2.685994000000000142e+03
-2.692304999999999836e+03
-2.705670000000000073e+03
-2.710867000000000189e+03
-2.702329000000000178e+03
-2.683394999999999982e+03
-2.701215000000000146e+03
-2.720519999999999982e+03
-2.712724000000000160e+03
-2.703443000000000211e+03
-2.696018000000000029e+03
-2.687478999999999814e+03
-2.697873999999999796e+03
-2.690077999999999975e+03
-2.669659000000000106e+03
-2.696018000000000029e+03
-2.714951000000000022e+03
-2.683394999999999982e+03
-2.719405999999999949e+03
-2.726831000000000131e+03
-2.701585999999999785e+03
-2.697501999999999953e+03
-2.691190999999999804e+03
-2.700101000000000113e+03
-2.694532000000000153e+03
-2.703813999999999851e+03
-2.709382999999999811e+03
-2.707525999999999840e+03
-2.718664000000000215e+03
-2.680795999999999822e+03
-2.705298999999999978e+03
-2.747992000000000189e+03
-2.705670000000000073e+03
-2.697130999999999858e+03
-2.737226000000000113e+03
-2.706784000000000106e+03
-2.702699999999999818e+03
-2.737597000000000207e+03
-2.718664000000000215e+03
-2.656664999999999964e+03
-2.646269999999999982e+03
-2.636246000000000095e+03
-2.638474000000000160e+03
-2.642186000000000149e+03
-2.628820999999999913e+03
-2.652210000000000036e+03
-2.658150000000000091e+03
-2.625108999999999924e+03
-2.642557999999999993e+03
-2.651096000000000004e+03
-2.642557999999999993e+03
-2.655179999999999836e+03
-2.639215999999999894e+03
-2.647384000000000015e+03
-2.647012000000000171e+03
-2.647755000000000109e+03
-2.643300000000000182e+03
-2.649610999999999876e+03
-2.651096000000000004e+03
-2.649610999999999876e+03
-2.644041999999999916e+03
-2.649239999999999782e+03
-2.668173999999999978e+03
-2.641815000000000055e+03
-2.667431000000000040e+03
-2.654809000000000196e+03
