-1.544399999999999977e+02
-1.629787000000000035e+02
-1.841399999999999864e+02
-1.975049999999999955e+02
-1.830261999999999887e+02
-1.897087999999999965e+02
-2.012175000000000011e+02
-2.156963000000000079e+02
-2.108700000000000045e+02
-2.390850000000000080e+02
-2.264625000000000057e+02
-2.375999999999999943e+02
-2.572762000000000171e+02
-2.398274999999999864e+02
-2.461387000000000000e+02
-2.561625000000000227e+02
-2.550488000000000000e+02
-2.316599999999999966e+02
-2.416836999999999875e+02
-2.531924999999999955e+02
-2.531924999999999955e+02
-2.765812000000000239e+02
-2.799225000000000136e+02
-2.854911999999999921e+02
-2.962574999999999932e+02
-2.825212000000000216e+02
-2.799225000000000136e+02
-2.981136999999999944e+02
-3.263288000000000011e+02
-2.888324999999999818e+02
-3.014549999999999841e+02
-3.378374999999999773e+02
-2.984850000000000136e+02
-3.081374999999999886e+02
-3.311549999999999727e+02
-3.270713000000000079e+02
-3.545437999999999761e+02
-3.434062999999999874e+02
-3.266999999999999886e+02
-3.471186999999999898e+02
-3.226161999999999921e+02
-3.434062999999999874e+02
-3.541725000000000136e+02
-3.530586999999999875e+02
-3.415500000000000114e+02
-3.526875000000000000e+02
-3.099936999999999898e+02
-3.266999999999999886e+02
-3.563999999999999773e+02
-3.460049999999999955e+02
-3.177900000000000205e+02
-3.304125000000000227e+02
-3.448913000000000011e+02
-3.374662000000000148e+02
-3.003412000000000148e+02
-3.244725000000000250e+02
-3.255862000000000194e+02
-3.044250000000000114e+02
-3.218736999999999853e+02
-3.125924999999999727e+02
-3.222450000000000045e+02
-3.296700000000000159e+02
-3.129637000000000171e+02
-3.092513000000000147e+02
-3.508312999999999988e+02
-3.359812999999999761e+02
-3.734775000000000205e+02
-3.660525000000000091e+02
-3.489750000000000227e+02
-3.363525000000000205e+02
-3.508312999999999988e+02
-3.526875000000000000e+02
-3.508312999999999988e+02
-3.749624999999999773e+02
-3.330113000000000056e+02
-3.530586999999999875e+02
-3.705074999999999932e+02
-3.738487999999999829e+02
-3.768188000000000102e+02
-3.783036999999999921e+02
-3.515738000000000056e+02
-3.471186999999999898e+02
-3.679087999999999852e+02
-3.174187999999999761e+02
-3.526875000000000000e+02
-3.526875000000000000e+02
-3.434062999999999874e+02
-3.330113000000000056e+02
-3.601125000000000114e+02
-3.448913000000000011e+02
-3.634538000000000011e+02
-3.567712000000000216e+02
-3.560287000000000148e+02
-3.582563000000000102e+02
-3.615975000000000250e+02
-3.615975000000000250e+02
-3.497174999999999727e+02
-3.645674999999999955e+02
-3.957524999999999977e+02
-3.671662999999999784e+02
-3.905550000000000068e+02
-3.976087999999999738e+02
-3.909261999999999944e+02
-3.738487999999999829e+02
-4.087461999999999875e+02
-4.206263000000000147e+02
-3.957524999999999977e+02
-3.861000000000000227e+02
-4.120874999999999773e+02
-4.061474999999999795e+02
-4.020638000000000147e+02
-3.979800000000000182e+02
-4.187699999999999818e+02
-4.031775000000000091e+02
-4.061474999999999795e+02
-4.143149999999999977e+02
-4.206263000000000147e+02
-4.065187999999999988e+02
-4.091175000000000068e+02
-4.080038000000000125e+02
-4.065187999999999988e+02
-3.972375000000000114e+02
-4.057762000000000171e+02
-4.068899999999999864e+02
-4.373324999999999818e+02
-4.243387000000000171e+02
-4.046625000000000227e+02
-4.028061999999999898e+02
-3.779325000000000045e+02
-3.731062999999999761e+02
-3.916687999999999761e+02
-3.898125000000000000e+02
-3.898125000000000000e+02
-3.708788000000000125e+02
-3.872137000000000171e+02
-3.898125000000000000e+02
-4.028061999999999898e+02
-3.749624999999999773e+02
-3.890699999999999932e+02
-4.165425000000000182e+02
-4.035488000000000284e+02
-3.797887999999999806e+02
-4.146861999999999853e+02
-4.143149999999999977e+02
-3.950099999999999909e+02
-3.976087999999999738e+02
-4.169137999999999806e+02
-3.809024999999999750e+02
-3.931537000000000148e+02
-4.165425000000000182e+02
-3.935249999999999773e+02
-3.872137000000000171e+02
-4.421587999999999852e+02
-4.128299999999999841e+02
-4.143149999999999977e+02
-4.224825000000000159e+02
-3.968661999999999921e+02
-3.953813000000000102e+02
-4.250812999999999988e+02
-4.247099999999999795e+02
-4.269375000000000000e+02
-4.158000000000000114e+02
-4.243387000000000171e+02
-4.391888000000000147e+02
-4.265663000000000125e+02
-4.135724999999999909e+02
-4.347337999999999738e+02
-4.633199999999999932e+02
-4.187699999999999818e+02
-4.198838000000000079e+02
-4.503263000000000034e+02
-4.306499999999999773e+02
-4.302787000000000148e+02
-4.540387999999999806e+02
-4.488412000000000148e+02
-4.365899999999999750e+02
-4.495837000000000216e+02
-4.558949999999999818e+02
-4.495837000000000216e+02
-4.373324999999999818e+02
-4.525536999999999921e+02
-4.536675000000000182e+02
-4.581225000000000023e+02
-4.165425000000000182e+02
-4.310212000000000216e+02
-4.239674999999999727e+02
-4.091175000000000068e+02
-4.057762000000000171e+02
-4.042912999999999784e+02
-3.964950000000000045e+02
-4.024350000000000023e+02
-4.106025000000000205e+02
-4.224825000000000159e+02
-4.106025000000000205e+02
-4.321349999999999909e+02
-4.343625000000000114e+02
-4.228537999999999784e+02
-4.317638000000000034e+02
-4.388174999999999955e+02
-3.931537000000000148e+02
-4.254524999999999864e+02
-4.239674999999999727e+02
-4.005788000000000011e+02
-4.124587000000000216e+02
-3.983512999999999806e+02
-3.990937999999999874e+02
-4.065187999999999988e+02
-4.016924999999999955e+02
-4.158000000000000114e+02
-4.343625000000000114e+02
-4.373324999999999818e+02
-4.217400000000000091e+02
-4.195124999999999886e+02
-4.276800000000000068e+02
-3.742200000000000273e+02
-3.571424999999999841e+02
-3.586274999999999977e+02
-3.612262999999999806e+02
-3.370950000000000273e+02
-3.541725000000000136e+02
-3.641963000000000079e+02
-3.831299999999999955e+02
-3.634538000000000011e+02
-3.426637999999999806e+02
-3.719925000000000068e+02
-3.615975000000000250e+02
-3.586274999999999977e+02
-3.608550000000000182e+02
-3.586274999999999977e+02
-3.530586999999999875e+02
-3.686512000000000171e+02
-3.671662999999999784e+02
-3.452624999999999886e+02
-3.567712000000000216e+02
-3.861000000000000227e+02
-3.337538000000000125e+02
-3.460049999999999955e+02
-3.530586999999999875e+02
-3.296700000000000159e+02
-3.552862999999999829e+02
-3.456338000000000079e+02
-3.460049999999999955e+02
-3.504599999999999795e+02
-3.359812999999999761e+02
-3.211313000000000102e+02
-3.341250000000000000e+02
-3.151913000000000125e+02
-3.140774999999999864e+02
-3.396938000000000102e+02
-3.326399999999999864e+02
-3.196462000000000216e+02
-3.166761999999999944e+02
-3.278138000000000147e+02
-3.200174999999999841e+02
-3.274424999999999955e+02
-3.307837999999999852e+02
-3.200174999999999841e+02
-3.174187999999999761e+02
-3.281850000000000023e+02
-3.411786999999999921e+02
-3.452624999999999886e+02
-3.552862999999999829e+02
-3.359812999999999761e+02
-3.430350000000000250e+02
-3.344961999999999875e+02
-3.348675000000000068e+02
-3.307837999999999852e+02
-3.463763000000000147e+02
-3.241012999999999806e+02
-3.448913000000000011e+02
-3.523163000000000125e+02
-3.430350000000000250e+02
-3.523163000000000125e+02
-3.378374999999999773e+02
-3.255862000000000194e+02
-3.352386999999999944e+02
-3.259574999999999818e+02
-3.285561999999999898e+02
-3.422925000000000182e+02
-3.549150000000000205e+02
-3.549150000000000205e+02
-3.567712000000000216e+02
-3.493462999999999852e+02
-3.512024999999999864e+02
-3.408075000000000045e+02
-3.493462999999999852e+02
-3.523163000000000125e+02
-3.515738000000000056e+02
-3.686512000000000171e+02
-3.545437999999999761e+02
-3.382087000000000216e+02
-3.656811999999999898e+02
-3.556575000000000273e+02
-3.582563000000000102e+02
-3.530586999999999875e+02
-3.508312999999999988e+02
-3.660525000000000091e+02
-3.753337000000000216e+02
-3.534300000000000068e+02
-3.653100000000000023e+02
-3.608550000000000182e+02
-3.686512000000000171e+02
-3.471186999999999898e+02
-3.630824999999999818e+02
-3.612262999999999806e+02
-3.415500000000000114e+02
-3.708788000000000125e+02
-3.686512000000000171e+02
-3.619687999999999874e+02
-3.731062999999999761e+02
-3.619687999999999874e+02
-3.653100000000000023e+02
-3.690224999999999795e+02
-3.779325000000000045e+02
-3.805312999999999874e+02
-3.723636999999999944e+02
-3.872137000000000171e+02
-3.872137000000000171e+02
-3.768188000000000102e+02
-3.690224999999999795e+02
-3.786750000000000114e+02
-3.705074999999999932e+02
-3.812737000000000194e+02
-3.716211999999999875e+02
-3.931537000000000148e+02
-3.990937999999999874e+02
-3.712500000000000000e+02
-3.979800000000000182e+02
-3.912975000000000136e+02
-3.630824999999999818e+02
-4.031775000000000091e+02
-3.812737000000000194e+02
-3.797887999999999806e+02
-3.812737000000000194e+02
-3.883274999999999864e+02
-3.753337000000000216e+02
-3.857287999999999784e+02
-3.786750000000000114e+02
-3.987225000000000250e+02
-3.638249999999999886e+02
-3.938962000000000216e+02
-3.827588000000000079e+02
-3.864712999999999852e+02
-3.961236999999999853e+02
-3.916687999999999761e+02
-3.927825000000000273e+02
-3.927825000000000273e+02
-3.920400000000000205e+02
-3.946388000000000034e+02
-4.028061999999999898e+02
-4.020638000000000147e+02
-4.139438000000000102e+02
-4.213686999999999898e+02
-3.931537000000000148e+02
-4.031775000000000091e+02
-3.964950000000000045e+02
-3.779325000000000045e+02
-4.005788000000000011e+02
-3.964950000000000045e+02
-3.983512999999999806e+02
-3.838725000000000023e+02
-4.250812999999999988e+02
-4.016924999999999955e+02
-3.979800000000000182e+02
-4.024350000000000023e+02
-4.028061999999999898e+02
-4.183987000000000194e+02
-4.132013000000000034e+02
-4.169137999999999806e+02
-4.169137999999999806e+02
-4.158000000000000114e+02
-4.002074999999999818e+02
-4.072613000000000056e+02
-3.957524999999999977e+02
-3.942674999999999841e+02
-4.020638000000000147e+02
-3.957524999999999977e+02
-3.924112999999999829e+02
-3.920400000000000205e+02
-4.287937999999999761e+02
-3.979800000000000182e+02
-3.942674999999999841e+02
-4.065187999999999988e+02
-4.124587000000000216e+02
-3.931537000000000148e+02
-4.083750000000000000e+02
-4.224825000000000159e+02
-4.106025000000000205e+02
-4.094886999999999944e+02
-3.994649999999999750e+02
-4.102312999999999761e+02
-4.139438000000000102e+02
-4.109737999999999829e+02
-4.146861999999999853e+02
-4.050337999999999852e+02
-4.117162000000000148e+02
-4.117162000000000148e+02
-4.202549999999999955e+02
-4.206263000000000147e+02
-4.195124999999999886e+02
-4.243387000000000171e+02
-4.102312999999999761e+02
-4.165425000000000182e+02
-4.005788000000000011e+02
-4.054049999999999727e+02
-4.198838000000000079e+02
-4.183987000000000194e+02
-4.209975000000000023e+02
-3.987225000000000250e+02
-4.310212000000000216e+02
-4.120874999999999773e+02
-4.243387000000000171e+02
