-1.559621000000000095e+03
-1.523239000000000033e+03
-1.515442999999999984e+03
-1.573357999999999947e+03
-1.569273999999999887e+03
-1.576699000000000069e+03
-1.623476000000000113e+03
-1.613452999999999975e+03
-1.590806000000000040e+03
-1.650205999999999904e+03
-1.667284000000000106e+03
-1.632385999999999967e+03
-1.681762999999999920e+03
-1.666912000000000035e+03
-1.676935999999999922e+03
-1.688074000000000069e+03
-1.718144999999999982e+03
-1.725941000000000031e+03
-1.774945999999999913e+03
-1.747473999999999933e+03
-1.741904999999999973e+03
-1.792394999999999982e+03
-1.737450000000000045e+03
-1.735594000000000051e+03
-1.789796000000000049e+03
-1.767520999999999958e+03
-1.775689000000000078e+03
-1.785340999999999894e+03
-1.794623000000000047e+03
-1.788310999999999922e+03
-1.799077999999999975e+03
-1.817640000000000100e+03
-1.783484999999999900e+03
-1.821723999999999933e+03
-1.842884999999999991e+03
-1.838058999999999969e+03
-1.849939000000000078e+03
-1.887064000000000078e+03
-1.868500999999999976e+03
-1.855508000000000038e+03
-1.878895999999999958e+03
-1.875925999999999931e+03
-1.891519000000000005e+03
-1.901913999999999987e+03
-1.888176999999999907e+03
-1.952031999999999925e+03
-1.930500000000000000e+03
-1.926415999999999940e+03
-1.956858999999999924e+03
-1.957230000000000018e+03
-1.953518000000000029e+03
-1.969480999999999995e+03
-1.996953999999999951e+03
-1.952031999999999925e+03
-1.997325000000000045e+03
-2.031851000000000113e+03
-1.979505000000000109e+03
-2.007720000000000027e+03
-2.057096000000000004e+03
-2.040019000000000005e+03
-2.029994999999999891e+03
-2.072688999999999851e+03
-2.044845000000000027e+03
-2.053012000000000171e+03
-2.084568999999999960e+03
-2.083454999999999927e+03
-2.079371000000000095e+03
-2.113155000000000200e+03
-2.079371000000000095e+03
-2.102389000000000124e+03
-2.104615999999999985e+03
-2.088652999999999793e+03
-2.122065000000000055e+03
-2.118353000000000065e+03
-2.138400000000000091e+03
-2.142483999999999924e+03
-2.184806000000000040e+03
-2.121693999999999960e+03
-2.163644999999999982e+03
-2.185177000000000135e+03
-2.148052000000000135e+03
-2.184063999999999851e+03
-2.211536000000000058e+03
-2.177380999999999858e+03
-2.190746000000000095e+03
-2.235295999999999822e+03
-2.228242000000000189e+03
-2.240123000000000047e+03
-2.266853000000000065e+03
-2.253858999999999924e+03
-2.219704000000000178e+03
-2.245690999999999804e+03
-2.239751000000000204e+03
-2.226757999999999811e+03
-2.267224000000000160e+03
-2.230099000000000160e+03
-2.246804999999999836e+03
-2.281702999999999975e+03
-2.282445000000000164e+03
-2.276505000000000109e+03
-2.317713999999999942e+03
-2.309916999999999916e+03
-2.307318999999999960e+03
-2.331449999999999818e+03
-2.312516000000000076e+03
-2.316971000000000004e+03
-2.352610999999999876e+03
-2.305461999999999989e+03
-2.333677000000000135e+03
-2.364490999999999985e+03
-2.377485000000000127e+03
-2.340731000000000222e+03
-2.353353999999999814e+03
-2.330708000000000084e+03
-2.328851000000000113e+03
-2.391963999999999942e+03
-2.295438999999999851e+03
-2.234182999999999993e+03
-2.246063000000000102e+03
-2.205224999999999909e+03
-2.162530999999999949e+03
-2.196315000000000055e+03
-2.191117000000000189e+03
-2.180722000000000207e+03
-2.210050999999999931e+03
-2.254601000000000113e+03
-2.231211999999999989e+03
-2.198170999999999822e+03
-2.230469999999999800e+03
-2.213764000000000124e+03
-2.193344999999999800e+03
-2.240494000000000142e+03
-2.224159000000000106e+03
-2.225643999999999778e+03
-2.234554000000000087e+03
-2.208565999999999804e+03
-2.224159000000000106e+03
-2.239009000000000015e+03
-2.220818000000000211e+03
-2.244949000000000069e+03
-2.230469999999999800e+03
-2.220445999999999913e+03
-2.253115999999999985e+03
-2.245320000000000164e+03
-2.234554000000000087e+03
-2.233811000000000149e+03
-2.236409999999999854e+03
-2.221931000000000040e+03
-2.233068999999999960e+03
-2.212650000000000091e+03
-2.216733999999999924e+03
-2.199655999999999949e+03
-2.256458000000000084e+03
-2.252001999999999953e+03
-2.228985000000000127e+03
-2.261655000000000200e+03
-2.256458000000000084e+03
-2.248289999999999964e+03
-2.293954000000000178e+03
-2.262768999999999778e+03
-2.244577999999999975e+03
-2.278731999999999971e+03
-2.247918999999999869e+03
-2.260541000000000167e+03
-2.246804999999999836e+03
-2.276134000000000015e+03
-2.270193999999999960e+03
-2.273164000000000215e+03
-2.284672999999999774e+03
-2.301378999999999905e+03
-2.296552000000000135e+03
-2.274648999999999887e+03
-2.270193999999999960e+03
-2.323653999999999996e+03
-2.291355000000000018e+03
-2.293583000000000084e+03
-2.309916999999999916e+03
-2.270936000000000149e+03
-2.268708999999999833e+03
-2.307690000000000055e+03
-2.284672999999999774e+03
-2.283559000000000196e+03
-2.334791000000000167e+03
-2.315114999999999782e+03
-2.283929999999999836e+03
-2.333306000000000040e+03
-2.347784999999999854e+03
-2.314373000000000047e+03
-2.345186000000000149e+03
-2.362264000000000124e+03
-2.341474000000000160e+03
-2.347414000000000215e+03
-2.374885999999999967e+03
-2.370431000000000040e+03
-2.379340999999999894e+03
-2.392335000000000036e+03
-2.353724999999999909e+03
-2.350755000000000109e+03
-2.358179999999999836e+03
-2.357065999999999804e+03
-2.387880000000000109e+03
-2.337389999999999873e+03
-2.354096000000000004e+03
-2.367460999999999785e+03
-2.354838999999999942e+03
-2.318827999999999975e+03
-2.361150000000000091e+03
-2.361150000000000091e+03
-2.341103000000000065e+03
-2.355581000000000131e+03
-2.374143999999999778e+03
-2.350012000000000171e+03
-2.351126000000000204e+03
-2.392335000000000036e+03
-2.360778999999999996e+03
-2.379711999999999989e+03
-2.402358999999999924e+03
-2.390478999999999814e+03
-2.409413000000000011e+03
-2.413496000000000095e+03
-2.380454999999999927e+03
-2.393077999999999975e+03
-2.414610000000000127e+03
-2.366347000000000207e+03
-2.352981999999999971e+03
-2.344072999999999865e+03
-2.331079000000000178e+03
-2.353353999999999814e+03
-2.357438000000000102e+03
-2.351498000000000047e+03
-2.344815000000000055e+03
-2.360036000000000058e+03
-2.346670999999999822e+03
-2.372659000000000106e+03
-2.376742000000000189e+03
-2.352239999999999782e+03
-2.383425000000000182e+03
-2.395675999999999931e+03
-2.363005999999999858e+03
-2.361150000000000091e+03
-2.411268999999999778e+03
-2.394934000000000196e+03
-2.384166999999999916e+03
-2.429460000000000036e+03
-2.394934000000000196e+03
-2.390849999999999909e+03
-2.422405999999999949e+03
-2.416094999999999800e+03
-2.395304999999999836e+03
-2.406443000000000211e+03
-2.410525999999999840e+03
-2.413867000000000189e+03
-2.421291999999999916e+03
-2.437626999999999953e+03
-2.439855000000000018e+03
-2.438740999999999985e+03
-2.436885000000000218e+03
-2.457675000000000182e+03
-2.484405000000000200e+03
-2.471039999999999964e+03
-2.466585000000000036e+03
-2.476608999999999924e+03
-2.446909000000000106e+03
-2.449507999999999811e+03
-2.494057999999999993e+03
-2.452849000000000160e+03
-2.426119000000000142e+03
-2.479949999999999818e+03
-2.445795000000000073e+03
-2.448393999999999778e+03
-2.462873000000000047e+03
-2.458045999999999822e+03
-2.449507999999999811e+03
-2.443568000000000211e+03
-2.478465000000000146e+03
-2.440969000000000051e+03
-2.466585000000000036e+03
-2.495170999999999822e+03
-2.476608999999999924e+03
-2.514476000000000113e+03
-2.497398999999999887e+03
-2.486632999999999811e+03
-2.521159000000000106e+03
-2.512990999999999985e+03
-2.499626000000000204e+03
-2.500369000000000142e+03
-2.453961999999999989e+03
-2.450621000000000095e+03
-2.452478000000000065e+03
-2.459159999999999854e+03
-2.439483999999999924e+03
-2.474010000000000218e+03
-2.477351000000000113e+03
-2.463985999999999876e+03
-2.500739999999999782e+03
-2.445795000000000073e+03
-2.454704999999999927e+03
-2.473268000000000029e+03
-2.486260999999999967e+03
-2.462130000000000109e+03
-2.460273999999999887e+03
-2.485889999999999873e+03
-2.466956000000000131e+03
-2.486260999999999967e+03
-2.475123999999999796e+03
-2.461387000000000171e+03
-2.500739999999999782e+03
-2.463985999999999876e+03
-2.469554999999999836e+03
-2.493315000000000055e+03
-2.491829999999999927e+03
-2.436514000000000124e+03
-2.461016000000000076e+03
-2.467327999999999975e+03
-2.472896000000000186e+03
-2.471782000000000153e+03
-2.458789000000000215e+03
-2.462130000000000109e+03
-2.459902999999999793e+03
-2.434657000000000153e+03
-2.437626999999999953e+03
-2.452849000000000160e+03
-2.465842999999999847e+03
-2.459530999999999949e+03
-2.441340000000000146e+03
-2.476237999999999829e+03
-2.457304000000000087e+03
-2.437626999999999953e+03
-2.459902999999999793e+03
-2.458416999999999916e+03
-2.452478000000000065e+03
-2.468070000000000164e+03
-2.461387000000000171e+03
-2.437998999999999796e+03
-2.485889999999999873e+03
-2.459530999999999949e+03
-2.482548999999999978e+03
-2.504452999999999975e+03
-2.497027999999999793e+03
-2.489231000000000222e+03
-2.511135000000000218e+03
-2.483291000000000167e+03
-2.490344999999999800e+03
-2.521900999999999840e+03
-2.501481999999999971e+03
-2.494429000000000087e+03
-2.520045000000000073e+03
-2.507422999999999774e+03
-2.500369000000000142e+03
-2.539721000000000004e+03
-2.516333000000000084e+03
-2.502967999999999847e+03
-2.526728000000000065e+03
-2.528954999999999927e+03
-2.510764000000000124e+03
-2.524128999999999905e+03
-2.529697999999999865e+03
-2.527840999999999894e+03
-2.543804999999999836e+03
-2.549744999999999891e+03
-2.525242000000000189e+03
-2.566079999999999927e+03
-2.553085999999999785e+03
-2.560139999999999873e+03
-2.565708999999999833e+03
-2.562367000000000189e+03
-2.561253999999999905e+03
-2.576103999999999814e+03
-2.564224000000000160e+03
-2.575731999999999971e+03
-2.603576000000000022e+03
-2.577588999999999942e+03
-2.568679000000000087e+03
-2.628079000000000178e+03
-2.582786000000000058e+03
-2.566451000000000022e+03
-2.601349000000000160e+03
-2.606545999999999822e+03
-2.589840000000000146e+03
-2.619911000000000058e+03
-2.619911000000000058e+03
-2.599864000000000033e+03
-2.604318999999999960e+03
-2.623994999999999891e+03
-2.589469000000000051e+03
-2.601719999999999800e+03
-2.616570000000000164e+03
-2.589097000000000207e+03
-2.606175000000000182e+03
-2.620282000000000153e+03
-2.608773999999999887e+03
-2.609144999999999982e+03
-2.634389999999999873e+03
-2.633646999999999935e+03
-2.633646999999999935e+03
-2.639588000000000193e+03
-2.647384000000000015e+03
-2.670030000000000200e+03
-2.618425999999999931e+03
-2.573876000000000204e+03
-2.582786000000000058e+03
-2.564594999999999800e+03
-2.525985000000000127e+03
-2.544918999999999869e+03
-2.561253999999999905e+03
-2.541206000000000131e+03
-2.550858999999999924e+03
-2.551601000000000113e+03
-2.544175999999999931e+03
-2.551972000000000207e+03
-2.587612999999999829e+03
-2.558655000000000200e+03
