2.647092999999999847e+02
2.524576999999999884e+02
2.524576999999999884e+02
2.480026000000000010e+02
2.461462999999999965e+02
2.569128000000000043e+02
2.491163999999999987e+02
2.439187000000000012e+02
1.982536000000000058e+02
2.260980999999999881e+02
2.067925999999999931e+02
1.860019000000000062e+02
2.045649999999999977e+02
1.837744000000000142e+02
1.882295000000000016e+02
1.808043000000000120e+02
1.666963000000000079e+02
1.611273999999999944e+02
1.774628999999999905e+02
1.607562000000000069e+02
1.414506000000000085e+02
1.644687999999999874e+02
1.470194999999999936e+02
1.273426000000000045e+02
1.459056999999999960e+02
1.440493999999999915e+02
1.228875000000000028e+02
1.444207000000000107e+02
1.225161999999999978e+02
1.087796000000000021e+02
1.384805000000000064e+02
9.355785000000000196e+01
7.796487999999999374e+01
7.796487999999999374e+01
8.539011000000000706e+01
8.204874999999999829e+01
7.239596000000000231e+01
6.868335000000000434e+01
6.014433999999999969e+01
5.791676999999999964e+01
4.826397000000000048e+01
6.274316000000000315e+01
5.903054999999999808e+01
1.596424000000000021e+01
4.752145000000000152e+01
6.162937999999999761e+01
5.012028000000000105e+01
4.752145000000000152e+01
4.677893000000000256e+01
3.935370000000000346e+01
1.633549999999999969e+01
4.715019000000000204e+01
4.343757999999999697e+01
1.744928000000000168e+01
3.415603999999999729e+01
-6.682500000000000107e+00
1.188035999999999959e+01
2.710208000000000084e+01
-1.707750000000000057e+01
-8.167500000000000426e+00
5.568920000000000314e+00
-1.856250000000000000e+01
-4.083749999999999858e+01
-7.053749999999999964e+00
-1.484999999999999964e+01
-1.373625000000000007e+01
-5.197499999999999787e+00
3.044342999999999932e+01
-9.281250000000000000e+00
-1.484999999999999964e+01
1.188035999999999959e+01
-1.707750000000000057e+01
-2.227500000000000036e+00
-6.311250000000000249e+00
3.712613000000000163e-01
-1.485000000000000098e+00
-2.190374999999999872e+01
-1.856250000000000000e+01
-1.522124999999999950e+01
-3.044249999999999901e+01
-1.002374999999999972e+01
3.712613000000000163e-01
-3.192749999999999844e+01
-4.306499999999999773e+01
-1.447874999999999979e+01
-3.749625000000000341e+01
-4.083749999999999858e+01
-3.675374999999999659e+01
-3.564000000000000057e+01
-6.348375000000000057e+01
-6.274125000000000085e+01
-4.232249999999999801e+01
-6.088499999999999801e+01
-6.942374999999999829e+01
-5.086124999999999829e+01
-5.642999999999999972e+01
-6.682500000000000284e+01
-7.610625000000000284e+01
-6.311249999999999716e+01
-5.717249999999999943e+01
-6.459749999999999659e+01
-6.608249999999999602e+01
-6.236999999999999744e+01
-4.677750000000000341e+01
-7.425000000000000000e+01
-6.125625000000000142e+01
-7.796250000000000568e+01
-6.831000000000000227e+01
-7.350749999999999318e+01
-7.239374999999999716e+01
-7.573499999999999943e+01
-8.353125000000000000e+01
-7.833374999999999488e+01
-1.050638000000000005e+02
-8.650124999999999886e+01
-8.724375000000000568e+01
-1.232549999999999955e+02
-1.061774999999999949e+02
-8.724375000000000568e+01
-1.080337999999999994e+02
-1.321649999999999920e+02
-1.158299999999999983e+02
-1.225125000000000028e+02
-1.392187999999999874e+02
-1.228837999999999937e+02
-1.299375000000000000e+02
-1.228837999999999937e+02
-1.050638000000000005e+02
-1.162012000000000000e+02
-1.206563000000000017e+02
-1.217699999999999960e+02
-1.154586999999999932e+02
-1.035788000000000011e+02
-1.180575000000000045e+02
-1.058062999999999931e+02
-7.944750000000000512e+01
-1.199137000000000057e+02
-1.228837999999999937e+02
-1.254825000000000017e+02
-9.986624999999999375e+01
-1.347637000000000000e+02
-1.173149999999999977e+02
-1.076624999999999943e+02
-1.429311999999999898e+02
-1.373625000000000114e+02
-1.265962999999999994e+02
-1.362487000000000137e+02
-1.314225000000000136e+02
-1.124887999999999977e+02
-1.433025000000000091e+02
-1.418174999999999955e+02
-1.425600000000000023e+02
-1.347637000000000000e+02
-1.440449999999999875e+02
-1.551825000000000045e+02
-1.447874999999999943e+02
-1.562961999999999989e+02
-1.548112000000000137e+02
-1.789424999999999955e+02
-1.648350000000000080e+02
-1.696613000000000113e+02
-1.730024999999999977e+02
-1.811699999999999875e+02
-1.692899999999999920e+02
-2.008463000000000136e+02
-2.186662000000000035e+02
-1.770862999999999943e+02
-1.937924999999999898e+02
-1.960200000000000102e+02
-1.982475000000000023e+02
-1.767150000000000034e+02
-2.090137000000000000e+02
-1.885949999999999989e+02
-1.908224999999999909e+02
-2.156963000000000079e+02
-2.082712999999999965e+02
-2.160674999999999955e+02
-2.190374999999999943e+02
-1.908224999999999909e+02
-1.726313000000000102e+02
-1.889661999999999864e+02
-1.715175000000000125e+02
-1.640925000000000011e+02
-1.871100000000000136e+02
-1.826550000000000011e+02
-1.800562999999999931e+02
-1.967624999999999886e+02
-1.960200000000000102e+02
-2.023312999999999988e+02
-2.119836999999999989e+02
-2.034449999999999932e+02
-2.056725000000000136e+02
-2.075286999999999864e+02
-2.149538000000000011e+02
-2.093849999999999909e+02
-2.130974999999999966e+02
-1.960200000000000102e+02
-2.060437000000000012e+02
-2.242350000000000136e+02
-1.774575000000000102e+02
-1.607512999999999863e+02
-1.533262000000000000e+02
-1.637213000000000136e+02
-1.596374999999999886e+02
-1.704036999999999864e+02
-1.692899999999999920e+02
-1.559250000000000114e+02
-1.741162999999999954e+02
-1.518411999999999864e+02
-1.485000000000000000e+02
-1.492425000000000068e+02
-1.351349999999999909e+02
-1.199137000000000057e+02
-1.351349999999999909e+02
-1.436738000000000000e+02
-1.462725000000000080e+02
-1.522125000000000057e+02
-1.418174999999999955e+02
-1.566674999999999898e+02
-1.789424999999999955e+02
-1.544399999999999977e+02
-1.555537999999999954e+02
-1.644636999999999887e+02
-1.540688000000000102e+02
-1.485000000000000000e+02
-1.607512999999999863e+02
-1.722599999999999909e+02
-1.648350000000000080e+02
-1.759724999999999966e+02
-1.618650000000000091e+02
-1.704036999999999864e+02
-1.711462999999999965e+02
-1.655774999999999864e+02
-1.574099999999999966e+02
-1.752299999999999898e+02
-1.707750000000000057e+02
-1.685475000000000136e+02
-1.722599999999999909e+02
-1.603799999999999955e+02
-1.622363000000000000e+02
-1.733737000000000137e+02
-1.807988000000000000e+02
-1.722599999999999909e+02
-1.915649999999999977e+02
-1.536974999999999909e+02
-1.730024999999999977e+02
-1.937924999999999898e+02
-1.863675000000000068e+02
-1.696613000000000113e+02
-1.692899999999999920e+02
-1.518411999999999864e+02
-1.429311999999999898e+02
-1.525837999999999965e+02
-1.518411999999999864e+02
-1.577812999999999874e+02
-1.544399999999999977e+02
-1.863675000000000068e+02
-1.681762999999999977e+02
-1.826550000000000011e+02
-1.726313000000000102e+02
-1.388474999999999966e+02
-1.718887000000000000e+02
-1.830261999999999887e+02
-1.562961999999999989e+02
-1.763437999999999874e+02
-1.510988000000000113e+02
-1.325363000000000113e+02
-1.544399999999999977e+02
-1.640925000000000011e+02
-1.559250000000000114e+02
-1.674336999999999875e+02
-1.704036999999999864e+02
-1.459011999999999887e+02
-1.477574999999999932e+02
-1.644636999999999887e+02
-1.600088000000000079e+02
-1.540688000000000102e+02
-1.767150000000000034e+02
-1.633499999999999943e+02
-1.551825000000000045e+02
-1.722599999999999909e+02
-1.466437999999999988e+02
-1.544399999999999977e+02
-1.614937999999999931e+02
-1.711462999999999965e+02
-1.759724999999999966e+02
-1.770862999999999943e+02
-1.737450000000000045e+02
-1.663199999999999932e+02
-1.815412000000000035e+02
-1.704036999999999864e+02
-1.923075000000000045e+02
-1.963913000000000011e+02
-1.811699999999999875e+02
-1.926787999999999954e+02
-1.923075000000000045e+02
-2.041875000000000000e+02
-1.963913000000000011e+02
-1.960200000000000102e+02
-2.134687999999999874e+02
-2.275762000000000000e+02
-1.993613000000000000e+02
-1.997324999999999875e+02
-1.975049999999999955e+02
-2.197800000000000011e+02
-2.112412999999999954e+02
-1.923075000000000045e+02
-2.186662000000000035e+02
-2.260911999999999864e+02
-2.015886999999999887e+02
-2.108700000000000045e+02
-2.123549999999999898e+02
-2.053012999999999977e+02
-2.257199999999999989e+02
-2.368574999999999875e+02
-2.309174999999999898e+02
-2.082712999999999965e+02
-1.986187999999999931e+02
-1.949062999999999874e+02
-1.923075000000000045e+02
-1.781999999999999886e+02
-1.982475000000000023e+02
-1.986187999999999931e+02
-1.696613000000000113e+02
-2.090137000000000000e+02
-2.012175000000000011e+02
-1.882238000000000113e+02
-1.819124999999999943e+02
-1.960200000000000102e+02
-1.915649999999999977e+02
-1.685475000000000136e+02
-2.060437000000000012e+02
-1.937924999999999898e+02
-1.748586999999999989e+02
-1.882238000000000113e+02
-1.978762999999999863e+02
-1.763437999999999874e+02
-1.704036999999999864e+02
-1.815412000000000035e+02
-1.759724999999999966e+02
-1.451588000000000136e+02
-1.462725000000000080e+02
-1.551825000000000045e+02
-1.362487000000000137e+02
-1.481288000000000125e+02
-1.236263000000000005e+02
-1.202849999999999966e+02
-1.139737999999999971e+02
-1.351349999999999909e+02
-1.277099999999999937e+02
-1.429311999999999898e+02
-1.351349999999999909e+02
-1.410749999999999886e+02
-1.492425000000000068e+02
-1.254825000000000017e+02
-1.626074999999999875e+02
-1.548112000000000137e+02
-1.425600000000000023e+02
-1.544399999999999977e+02
-1.496137999999999977e+02
-1.303086999999999875e+02
-1.455300000000000011e+02
-1.585237999999999943e+02
-1.503562000000000012e+02
-1.533262000000000000e+02
-1.644636999999999887e+02
-1.477574999999999932e+02
-1.459011999999999887e+02
-1.763437999999999874e+02
-1.455300000000000011e+02
-1.722599999999999909e+02
-1.678050000000000068e+02
-1.518411999999999864e+02
-1.466437999999999988e+02
-1.659487000000000023e+02
-1.718887000000000000e+02
-1.659487000000000023e+02
-1.733737000000000137e+02
-1.540688000000000102e+02
-1.611225000000000023e+02
-1.592663000000000011e+02
-1.562961999999999989e+02
-1.800562999999999931e+02
-1.904512000000000000e+02
-1.785713000000000079e+02
-1.603799999999999955e+02
-1.666913000000000125e+02
-1.715175000000000125e+02
-1.633499999999999943e+02
-1.830261999999999887e+02
-1.503562000000000012e+02
-1.529550000000000125e+02
-1.414463000000000079e+02
-1.581525000000000034e+02
-1.299375000000000000e+02
-1.459011999999999887e+02
-1.228837999999999937e+02
-1.017224999999999966e+02
-1.187999999999999972e+02
-1.009800000000000040e+02
-1.121175000000000068e+02
-1.180575000000000045e+02
-9.281250000000000000e+01
-9.244124999999999659e+01
-1.046924999999999955e+02
-1.002374999999999972e+02
-9.912375000000000114e+01
-9.986624999999999375e+01
-1.098900000000000006e+02
-1.162012000000000000e+02
-1.028362999999999943e+02
-1.098900000000000006e+02
