-1.981361000000000104e+03
-1.986558999999999969e+03
-1.959458000000000084e+03
-1.995097999999999956e+03
-2.013660000000000082e+03
-2.002521999999999935e+03
-2.012546000000000049e+03
-2.054126000000000204e+03
-2.033336000000000013e+03
-2.068976000000000113e+03
-2.089766000000000076e+03
-2.100161000000000058e+03
-2.122065000000000055e+03
-2.133202999999999975e+03
-2.093478999999999814e+03
-2.110184999999999945e+03
-2.115382999999999811e+03
-2.107215000000000146e+03
-2.117610000000000127e+03
-2.152135999999999967e+03
-2.137286000000000058e+03
-2.163273999999999887e+03
-2.174782000000000153e+03
-2.155849000000000160e+03
-2.161789000000000215e+03
-2.203739999999999782e+03
-2.180722000000000207e+03
-2.176639000000000124e+03
-2.209309000000000196e+03
-2.202626000000000204e+03
-2.196686000000000149e+03
-2.217847000000000207e+03
-2.227128999999999905e+03
-2.209309000000000196e+03
-2.240494000000000142e+03
-2.278731999999999971e+03
-2.259798999999999978e+03
-2.280960000000000036e+03
-2.287271000000000186e+03
-2.285786000000000058e+03
-2.316971000000000004e+03
-2.296552000000000135e+03
-2.313630000000000109e+03
-2.318827999999999975e+03
-2.313259000000000015e+03
-2.341844999999999800e+03
-2.373030000000000200e+03
-2.313259000000000015e+03
-2.341844999999999800e+03
-2.384166999999999916e+03
-2.351869000000000142e+03
-2.368945999999999913e+03
-2.382682999999999993e+03
-2.374143999999999778e+03
-2.376742000000000189e+03
-2.397903999999999996e+03
-2.390478999999999814e+03
-2.406813999999999851e+03
-2.410896999999999935e+03
-2.408670000000000073e+03
-2.396047999999999774e+03
-2.433543999999999869e+03
-2.450992000000000189e+03
-2.459530999999999949e+03
-2.485889999999999873e+03
-2.497027999999999793e+03
-2.508907000000000153e+03
-2.488117000000000189e+03
-2.509650000000000091e+03
-2.493315000000000055e+03
-2.509650000000000091e+03
-2.533039000000000215e+03
-2.530811000000000149e+03
-2.552715000000000146e+03
-2.516333000000000084e+03
-2.549001999999999953e+03
-2.563481000000000222e+03
-2.557541000000000167e+03
-2.551230000000000018e+03
-2.567565000000000055e+03
-2.595038000000000011e+03
-2.547146000000000186e+03
-2.576103999999999814e+03
-2.589097000000000207e+03
-2.562739000000000033e+03
-2.580188000000000102e+03
-2.581672999999999774e+03
-2.554570999999999913e+03
-2.594295000000000073e+03
-2.615456000000000131e+03
-2.575731999999999971e+03
-2.619911000000000058e+03
-2.641815000000000055e+03
-2.618425999999999931e+03
-2.633275999999999840e+03
-2.652210000000000036e+03
-2.637731000000000222e+03
-2.665574999999999818e+03
-2.671885999999999967e+03
-2.658521000000000186e+03
-2.708268999999999778e+03
-2.683394999999999982e+03
-2.681166999999999916e+03
-2.703813999999999851e+03
-2.725717999999999847e+03
-2.686735999999999876e+03
-2.702699999999999818e+03
-2.702699999999999818e+03
-2.668173999999999978e+03
-2.718664000000000215e+03
-2.707155000000000200e+03
-2.718664000000000215e+03
-2.717920999999999822e+03
-2.733514000000000124e+03
-2.700844000000000051e+03
-2.727202999999999975e+03
-2.732400000000000091e+03
-2.707896999999999935e+03
-2.719777999999999793e+03
-2.768039999999999964e+03
-2.725717999999999847e+03
-2.728315999999999804e+03
-2.746878999999999905e+03
-2.745393999999999778e+03
-2.752076000000000022e+03
-2.748735000000000127e+03
-2.773980000000000018e+03
-2.780663000000000011e+03
-2.806278999999999996e+03
-2.796255000000000109e+03
-2.798481999999999971e+03
-2.794027999999999793e+03
-2.800338999999999942e+03
-2.804422999999999774e+03
-2.811847000000000207e+03
-2.836721000000000004e+03
-2.852684999999999945e+03
-2.861224000000000160e+03
-2.831523999999999887e+03
-2.877188000000000102e+03
-2.873846000000000004e+03
-2.833380000000000109e+03
-2.866420999999999822e+03
-2.889438999999999851e+03
-2.851943000000000211e+03
-2.879043999999999869e+03
-2.922851000000000113e+03
-2.887210999999999785e+03
-2.895007999999999811e+03
-2.917653999999999996e+03
-2.890552000000000135e+03
-2.904659999999999854e+03
-2.926193000000000211e+03
-2.921365999999999985e+03
-2.920251999999999953e+03
-2.941784999999999854e+03
-2.922851000000000113e+03
-2.954778999999999996e+03
-2.983735999999999876e+03
-2.974454999999999927e+03
-2.976682999999999993e+03
-2.988934000000000196e+03
-2.967400999999999840e+03
-2.982623000000000047e+03
-3.004896999999999935e+03
-2.984478999999999814e+03
-2.971114000000000033e+03
-3.007125000000000000e+03
-3.020489999999999782e+03
-3.014179000000000087e+03
-3.030143000000000029e+03
-3.033483999999999924e+03
-3.007496000000000095e+03
-3.016034999999999854e+03
-3.057614999999999782e+03
-3.038309999999999945e+03
-3.050190000000000055e+03
-3.063925999999999931e+03
-3.020489999999999782e+03
-3.030514000000000124e+03
-3.036083000000000084e+03
-2.999699999999999818e+03
-3.062813000000000102e+03
-3.063184000000000196e+03
-3.038309999999999945e+03
-3.083603000000000065e+03
-3.072835999999999785e+03
-3.040909000000000106e+03
-3.068380999999999858e+03
-3.068751999999999953e+03
-3.067268000000000029e+03
-3.069494999999999891e+03
-3.080632999999999811e+03
-3.089541999999999916e+03
-3.099195000000000164e+03
-3.127780999999999949e+03
-3.116643999999999778e+03
-3.137434000000000196e+03
-3.148199999999999818e+03
-3.104021000000000186e+03
-3.140032000000000153e+03
-3.164534999999999854e+03
-3.131864999999999782e+03
-3.136690999999999804e+03
-3.166019999999999982e+03
-3.160822999999999865e+03
-3.157481000000000222e+03
-3.169731999999999971e+03
-3.153396999999999935e+03
-3.187923999999999978e+03
-3.200175000000000182e+03
-3.186438999999999851e+03
-3.211684000000000196e+03
-3.233215999999999894e+03
-3.235815000000000055e+03
-3.223193000000000211e+03
-3.229875000000000000e+03
-3.222449999999999818e+03
-3.241384000000000015e+03
-3.251407000000000153e+03
-3.220594000000000051e+03
-3.237300000000000182e+03
-3.256605000000000018e+03
-3.244724999999999909e+03
-3.245467999999999847e+03
-3.269228000000000065e+03
-3.250293999999999869e+03
-3.263288000000000011e+03
-3.294472000000000207e+03
-3.299298999999999978e+03
-3.297813999999999851e+03
-3.301155000000000200e+03
-3.320831000000000131e+03
-3.317860999999999876e+03
-3.328998999999999796e+03
-3.334195999999999913e+03
-3.326771000000000186e+03
-3.358327999999999975e+03
-3.343478000000000065e+03
-3.288161000000000058e+03
-3.305610000000000127e+03
-3.294844000000000051e+03
-3.294472000000000207e+03
-3.320460000000000036e+03
-3.307838000000000193e+03
-3.303753999999999905e+03
-3.352387000000000171e+03
-3.324914999999999964e+03
-3.323429999999999836e+03
-3.363153999999999996e+03
-3.319346000000000004e+03
-3.314148999999999887e+03
-3.320088999999999942e+03
-3.298184999999999945e+03
-3.315634000000000015e+03
-3.317860999999999876e+03
-3.312664000000000215e+03
-3.225791000000000167e+03
-3.202030999999999949e+03
-3.177157000000000153e+03
-3.170474999999999909e+03
-3.175300999999999931e+03
-3.169731999999999971e+03
-3.173445000000000164e+03
-3.119614000000000033e+03
-3.116271999999999935e+03
-3.087686000000000149e+03
-3.110704000000000178e+03
-3.105876999999999953e+03
-3.083603000000000065e+03
-3.105876999999999953e+03
-3.109219000000000051e+03
-3.074693000000000211e+03
-3.078405000000000200e+03
-3.098824000000000069e+03
-3.072465000000000146e+03
-3.090284999999999854e+03
-3.077663000000000011e+03
-3.095481999999999971e+03
-3.089170999999999822e+03
-3.098452999999999975e+03
-3.111074999999999818e+03
-3.105505999999999858e+03
-3.117385999999999967e+03
-3.112188999999999851e+03
-3.119242000000000189e+03
-3.140403999999999996e+03
-3.118500000000000000e+03
-3.138547999999999774e+03
-3.147085999999999785e+03
-3.102536000000000058e+03
-3.121099000000000160e+03
-3.150427000000000135e+03
-3.132235999999999876e+03
-3.125554000000000087e+03
-3.150056000000000040e+03
-3.129637000000000171e+03
-3.130751000000000204e+03
-3.131864999999999782e+03
-3.127409999999999854e+03
-3.138175999999999931e+03
-3.171217999999999847e+03
-3.155625000000000000e+03
-3.153025999999999840e+03
-3.174929999999999836e+03
-3.158965999999999894e+03
-3.151541000000000167e+03
-3.162307999999999993e+03
-3.159708999999999833e+03
-3.162679000000000087e+03
-3.196833999999999833e+03
-3.187181000000000040e+03
-3.208713999999999942e+03
-3.207971000000000004e+03
-3.207971000000000004e+03
-3.177900000000000091e+03
-3.200916999999999916e+03
-3.184583000000000084e+03
-3.141518000000000029e+03
-3.153025999999999840e+03
-3.130380000000000109e+03
-3.130380000000000109e+03
-3.132235999999999876e+03
-3.128152999999999793e+03
-3.113302000000000135e+03
-3.115530000000000200e+03
-3.117385999999999967e+03
-3.117014999999999873e+03
-3.121840999999999894e+03
-3.085088000000000193e+03
-3.055016000000000076e+03
-3.048704999999999927e+03
-3.066896000000000186e+03
-3.072835999999999785e+03
-3.070237999999999829e+03
-3.080260999999999967e+03
-3.098081000000000131e+03
-3.088800000000000182e+03
-3.091027999999999793e+03
-3.102536000000000058e+03
-3.083974000000000160e+03
-3.115530000000000200e+03
-3.105876999999999953e+03
-3.113302000000000135e+03
-3.125182999999999993e+03
-3.103278999999999996e+03
-3.132978999999999814e+03
-3.113302000000000135e+03
-3.078405000000000200e+03
-3.093255000000000109e+03
-3.092884000000000015e+03
-3.087315000000000055e+03
-3.096967999999999847e+03
-3.115530000000000200e+03
-3.099938000000000102e+03
-3.109219000000000051e+03
-3.101793999999999869e+03
-3.093255000000000109e+03
-3.110333000000000084e+03
-3.107733999999999924e+03
-3.111445999999999913e+03
-3.103650000000000091e+03
-3.117757999999999811e+03
-3.101422999999999774e+03
-3.127409999999999854e+03
-3.114788000000000011e+03
-3.114788000000000011e+03
-3.103650000000000091e+03
-3.122583999999999833e+03
-3.110704000000000178e+03
-3.115159000000000106e+03
-3.140403999999999996e+03
-3.123697999999999865e+03
-3.126295999999999822e+03
-3.128152999999999793e+03
-3.106248999999999796e+03
-3.126666999999999916e+03
-3.142260000000000218e+03
-3.111818000000000211e+03
-3.125182999999999993e+03
-3.157481000000000222e+03
-3.115530000000000200e+03
-3.145230000000000018e+03
-3.132606999999999971e+03
-3.114788000000000011e+03
-3.128523999999999887e+03
-3.125182999999999993e+03
-3.092884000000000015e+03
-3.109960999999999785e+03
-3.129637000000000171e+03
-3.113302000000000135e+03
-3.134463999999999942e+03
-3.164164000000000215e+03
-3.144487999999999829e+03
-3.140403999999999996e+03
-3.160822999999999865e+03
-3.140032000000000153e+03
-3.147085999999999785e+03
-3.172702999999999975e+03
-3.155996000000000095e+03
-3.134835000000000036e+03
-3.177157000000000153e+03
-3.166391000000000076e+03
-3.136690999999999804e+03
-3.137063000000000102e+03
-3.177900000000000091e+03
-3.138918999999999869e+03
-3.141146000000000186e+03
-3.147085999999999785e+03
-3.143001999999999953e+03
-3.129266000000000076e+03
-3.153025999999999840e+03
