-4.588650000000000091e+02
-4.655475000000000136e+02
-4.696313000000000102e+02
-4.696313000000000102e+02
-4.766850000000000023e+02
-4.573799999999999955e+02
-4.614637000000000171e+02
-4.844812999999999761e+02
-4.577513000000000147e+02
-4.867087000000000216e+02
-4.837388000000000261e+02
-4.703736999999999853e+02
-4.956186999999999898e+02
-4.941338000000000079e+02
-4.907925000000000182e+02
-5.063849999999999909e+02
-4.674037000000000148e+02
-4.926487000000000194e+02
-5.082411999999999921e+02
-4.959900000000000091e+02
-4.971037999999999784e+02
-5.126961999999999762e+02
-4.971037999999999784e+02
-5.089837999999999738e+02
-5.156662999999999784e+02
-5.071274999999999977e+02
-5.175225000000000364e+02
-5.186362000000000307e+02
-4.870799999999999841e+02
-5.186362000000000307e+02
-5.178936999999999671e+02
-5.260612999999999602e+02
-5.435099999999999909e+02
-5.346000000000000227e+02
-5.386838000000000193e+02
-5.535338000000000420e+02
-5.282888000000000375e+02
-5.672699999999999818e+02
-5.561325000000000500e+02
-5.446237999999999602e+02
-5.416536999999999580e+02
-5.423962000000000216e+02
-5.483361999999999625e+02
-5.513062999999999647e+02
-5.524199999999999591e+02
-5.565037999999999556e+02
-5.735811999999999671e+02
-5.464800000000000182e+02
-5.591024999999999636e+02
-5.550186999999999671e+02
-5.427675000000000409e+02
-5.661562999999999874e+02
-5.683836999999999762e+02
-5.557612000000000307e+02
-5.672699999999999818e+02
-5.639288000000000238e+02
-5.654138000000000375e+02
-5.761799999999999500e+02
-5.542762000000000171e+02
-5.245761999999999716e+02
-5.494500000000000455e+02
-5.346000000000000227e+02
-5.282888000000000375e+02
-5.542762000000000171e+02
-5.442525000000000546e+02
-5.089837999999999738e+02
-5.271749999999999545e+02
-5.316299999999999955e+02
-5.134388000000000147e+02
-5.164088000000000420e+02
-5.256900000000000546e+02
-5.160375000000000227e+02
-5.074986999999999853e+02
-5.167799999999999727e+02
-5.100975000000000250e+02
-5.104687999999999874e+02
-4.907925000000000182e+02
-4.803974999999999795e+02
-5.089837999999999738e+02
-5.026725000000000136e+02
-4.763138000000000147e+02
-4.855950000000000273e+02
-5.104687999999999874e+02
-4.785412999999999784e+02
-4.681462000000000216e+02
-4.729725000000000250e+02
-4.499549999999999841e+02
-4.800262000000000171e+02
-4.766850000000000023e+02
-4.640625000000000000e+02
-4.603500000000000227e+02
-4.707450000000000045e+02
-4.696313000000000102e+02
-4.488412000000000148e+02
-4.536675000000000182e+02
-4.722300000000000182e+02
-4.566374999999999886e+02
-4.651763000000000261e+02
-4.688888000000000034e+02
-4.432724999999999795e+02
-4.540387999999999806e+02
-4.610924999999999727e+02
-4.521825000000000045e+02
-4.751999999999999886e+02
-4.584936999999999898e+02
-4.733437999999999874e+02
-4.759424999999999955e+02
-4.547812999999999874e+02
-4.610924999999999727e+02
-4.904212999999999738e+02
-4.714875000000000114e+02
-4.648050000000000068e+02
-4.777988000000000284e+02
-4.570088000000000079e+02
-4.610924999999999727e+02
-4.607212999999999852e+02
-4.562663000000000011e+02
-4.740862000000000194e+02
-4.696313000000000102e+02
-4.440149999999999864e+02
-4.692599999999999909e+02
-4.785412999999999784e+02
-4.492124999999999773e+02
-4.570088000000000079e+02
-4.822538000000000125e+02
-4.659187999999999761e+02
-4.822538000000000125e+02
-5.030437999999999761e+02
-4.525536999999999921e+02
-4.748288000000000011e+02
-4.855950000000000273e+02
-4.971037999999999784e+02
-4.737149999999999750e+02
-4.800262000000000171e+02
-4.956186999999999898e+02
-4.751999999999999886e+02
-5.011875000000000000e+02
-4.800262000000000171e+02
-4.911637999999999806e+02
-4.833675000000000068e+02
-4.933913000000000011e+02
-4.874513000000000034e+02
-4.919062999999999874e+02
-4.822538000000000125e+02
-4.807687999999999988e+02
-5.041575000000000273e+02
-4.852237999999999829e+02
-4.837388000000000261e+02
-5.060138000000000034e+02
-4.904212999999999738e+02
-4.766850000000000023e+02
-5.115824999999999818e+02
-4.893075000000000045e+02
-4.711161999999999921e+02
-5.112112000000000194e+02
-4.878224999999999909e+02
-4.837388000000000261e+02
-5.067563000000000102e+02
-5.071274999999999977e+02
-4.870799999999999841e+02
-4.870799999999999841e+02
-4.956186999999999898e+02
-5.004449999999999932e+02
-5.023013000000000261e+02
-4.941338000000000079e+02
-4.937624999999999886e+02
-5.141812999999999647e+02
-5.260612999999999602e+02
-4.997024999999999864e+02
-5.152949999999999591e+02
-5.074986999999999853e+02
-4.919062999999999874e+02
-5.041575000000000273e+02
-5.037862999999999829e+02
-4.937624999999999886e+02
-4.952475000000000023e+02
-5.089837999999999738e+02
-4.844812999999999761e+02
-5.186362000000000307e+02
-5.104687999999999874e+02
-5.034150000000000205e+02
-5.115824999999999818e+02
-5.045287000000000148e+02
-4.922774999999999750e+02
-5.074986999999999853e+02
-5.178936999999999671e+02
-5.115824999999999818e+02
-5.275462999999999738e+02
-5.112112000000000194e+02
-5.164088000000000420e+02
-5.201213000000000193e+02
-5.023013000000000261e+02
-5.071274999999999977e+02
-4.997024999999999864e+02
-4.963613000000000284e+02
-5.112112000000000194e+02
-5.138099999999999454e+02
-5.071274999999999977e+02
-5.108399999999999750e+02
-5.045287000000000148e+02
-5.130674999999999955e+02
-5.138099999999999454e+02
-5.067563000000000102e+02
-5.253187000000000353e+02
-5.048999999999999773e+02
-5.260612999999999602e+02
-5.275462999999999738e+02
-5.115824999999999818e+02
-5.130674999999999955e+02
-5.230911999999999580e+02
-4.982174999999999727e+02
-5.108399999999999750e+02
-5.242050000000000409e+02
-5.041575000000000273e+02
-4.978462999999999852e+02
-4.971037999999999784e+02
-4.740862000000000194e+02
-5.123250000000000455e+02
-5.086125000000000114e+02
-4.889361999999999853e+02
-4.885649999999999977e+02
-5.089837999999999738e+02
-4.740862000000000194e+02
-4.937624999999999886e+02
-5.008163000000000125e+02
-4.945049999999999955e+02
-4.785412999999999784e+02
-4.896786999999999921e+02
-4.815113000000000056e+02
-5.004449999999999932e+02
-4.982174999999999727e+02
-4.844812999999999761e+02
-4.878224999999999909e+02
-4.867087000000000216e+02
-4.759424999999999955e+02
-4.848525000000000205e+02
-5.000738000000000056e+02
-4.907925000000000182e+02
-4.855950000000000273e+02
-5.112112000000000194e+02
-4.855950000000000273e+02
-4.714875000000000114e+02
-4.911637999999999806e+02
-4.837388000000000261e+02
-4.911637999999999806e+02
-5.126961999999999762e+02
-4.763138000000000147e+02
-4.881938000000000102e+02
-5.071274999999999977e+02
-5.011875000000000000e+02
-4.881938000000000102e+02
-5.104687999999999874e+02
-5.097262999999999806e+02
-4.967325000000000159e+02
-5.119538000000000011e+02
-4.926487000000000194e+02
-4.948763000000000147e+02
-5.086125000000000114e+02
-4.967325000000000159e+02
-4.971037999999999784e+02
-5.074986999999999853e+02
-5.108399999999999750e+02
-4.692599999999999909e+02
-5.023013000000000261e+02
-4.893075000000000045e+02
-4.777988000000000284e+02
-5.071274999999999977e+02
-4.904212999999999738e+02
-4.763138000000000147e+02
-4.815113000000000056e+02
-4.844812999999999761e+02
-4.596075000000000159e+02
-4.803974999999999795e+02
-4.937624999999999886e+02
-4.807687999999999988e+02
-5.037862999999999829e+02
-4.963613000000000284e+02
-4.855950000000000273e+02
-4.885649999999999977e+02
-4.737149999999999750e+02
-4.930199999999999818e+02
-5.190075000000000500e+02
-4.948763000000000147e+02
-4.900500000000000114e+02
-5.041575000000000273e+02
-4.900500000000000114e+02
-4.800262000000000171e+02
-4.896786999999999921e+02
-4.818824999999999932e+02
-4.696313000000000102e+02
-5.126961999999999762e+02
-5.112112000000000194e+02
-5.026725000000000136e+02
-5.156662999999999784e+02
-5.019300000000000068e+02
-4.952475000000000023e+02
-5.119538000000000011e+02
-5.178936999999999671e+02
-5.141812999999999647e+02
-5.197500000000000000e+02
-5.353424999999999727e+02
-4.937624999999999886e+02
-5.152949999999999591e+02
-5.175225000000000364e+02
-5.178936999999999671e+02
-5.156662999999999784e+02
-5.338574999999999591e+02
-5.230911999999999580e+02
-5.346000000000000227e+02
-5.256900000000000546e+02
-5.004449999999999932e+02
-5.308875000000000455e+02
-5.268038000000000238e+02
-5.126961999999999762e+02
-5.290312999999999874e+02
-5.416536999999999580e+02
-5.301449999999999818e+02
-5.453663000000000238e+02
-5.249474999999999909e+02
-5.253187000000000353e+02
-5.375700000000000500e+02
-5.160375000000000227e+02
-5.279175000000000182e+02
-5.487074999999999818e+02
-5.468513000000000375e+02
-5.253187000000000353e+02
-5.416536999999999580e+02
-5.015586999999999875e+02
-4.904212999999999738e+02
-4.985887000000000171e+02
-5.026725000000000136e+02
-4.885649999999999977e+02
-4.900500000000000114e+02
-4.841100000000000136e+02
-4.763138000000000147e+02
-5.067563000000000102e+02
-5.115824999999999818e+02
-4.911637999999999806e+02
-4.919062999999999874e+02
-5.197500000000000000e+02
-5.000738000000000056e+02
-4.852237999999999829e+02
-5.171512000000000171e+02
-5.000738000000000056e+02
-4.506974999999999909e+02
-4.551524999999999750e+02
-4.599787999999999784e+02
-4.455000000000000000e+02
-4.514399999999999977e+02
-4.566374999999999886e+02
-4.503263000000000034e+02
-4.495837000000000216e+02
-4.540387999999999806e+02
-4.518111999999999853e+02
-4.358475000000000250e+02
-4.555237000000000194e+02
-4.269375000000000000e+02
-4.276800000000000068e+02
-4.117162000000000148e+02
-4.421587999999999852e+02
-4.365899999999999750e+02
-4.217400000000000091e+02
-4.280511999999999944e+02
-4.339911999999999921e+02
-4.306499999999999773e+02
-4.217400000000000091e+02
-4.243387000000000171e+02
-4.395600000000000023e+02
-4.384463000000000079e+02
-4.254524999999999864e+02
-4.417875000000000227e+02
-4.499549999999999841e+02
-4.158000000000000114e+02
-4.165425000000000182e+02
-4.462425000000000068e+02
-4.417875000000000227e+02
-4.391888000000000147e+02
-4.562663000000000011e+02
-4.295362999999999829e+02
-4.228537999999999784e+02
-4.365899999999999750e+02
-4.477275000000000205e+02
-4.603500000000000227e+02
-4.217400000000000091e+02
-4.384463000000000079e+02
-4.362187999999999874e+02
-4.269375000000000000e+02
-4.354762999999999806e+02
-4.332486999999999853e+02
-4.250812999999999988e+02
-4.365899999999999750e+02
-4.362187999999999874e+02
-4.421587999999999852e+02
-4.310212000000000216e+02
-4.521825000000000045e+02
-4.473562999999999761e+02
-4.584936999999999898e+02
-4.313924999999999841e+02
-4.417875000000000227e+02
-4.510688000000000102e+02
-4.373324999999999818e+02
-4.269375000000000000e+02
-4.551524999999999750e+02
-4.373324999999999818e+02
-4.191413000000000011e+02
-4.325063000000000102e+02
-4.492124999999999773e+02
-4.232250000000000227e+02
-4.547812999999999874e+02
-4.421587999999999852e+02
-4.306499999999999773e+02
-4.414162999999999784e+02
