-1.650949000000000069e+03
-1.604913999999999987e+03
-1.680648999999999887e+03
-1.666912000000000035e+03
-1.663570999999999913e+03
-1.692156999999999925e+03
-1.730025000000000091e+03
-1.717030999999999949e+03
-1.743019000000000005e+03
-1.769377999999999929e+03
-1.739306000000000040e+03
-1.757498000000000047e+03
-1.790166999999999916e+03
-1.759354000000000042e+03
-1.765294000000000096e+03
-1.820980999999999995e+03
-1.820980999999999995e+03
-1.822465999999999894e+03
-1.853279999999999973e+03
-1.869986000000000104e+03
-1.818383000000000038e+03
-1.864416999999999916e+03
-1.882608999999999924e+03
-1.849567999999999984e+03
-1.914906999999999925e+03
-1.910452999999999975e+03
-1.898201000000000022e+03
-1.941637999999999920e+03
-1.921961000000000013e+03
-1.893375000000000000e+03
-1.976163999999999987e+03
-1.967996000000000095e+03
-1.942380000000000109e+03
-1.995839999999999918e+03
-1.986558999999999969e+03
-1.989156999999999925e+03
-2.028138999999999896e+03
-2.002894000000000005e+03
-2.052269999999999982e+03
-2.053384000000000015e+03
-2.055981999999999971e+03
-2.058210000000000036e+03
-2.059324000000000069e+03
-2.086425000000000182e+03
-2.082711999999999989e+03
-2.103873999999999796e+03
-2.109813999999999851e+03
-2.106844000000000051e+03
-2.117981000000000222e+03
-2.112413000000000011e+03
-2.112784000000000106e+03
-2.121322999999999865e+03
-2.139514000000000124e+03
-2.160304000000000087e+03
-2.146938999999999851e+03
-2.157333999999999833e+03
-2.174782000000000153e+03
-2.136543999999999869e+03
-2.193344999999999800e+03
-2.180351000000000113e+03
-2.170327999999999975e+03
-2.227871000000000095e+03
-2.190003999999999905e+03
-2.216733999999999924e+03
-2.257570999999999913e+03
-2.224900999999999840e+03
-2.249032000000000153e+03
-2.248661000000000058e+03
-2.233440000000000055e+03
-2.254230000000000018e+03
-2.247918999999999869e+03
-2.230469999999999800e+03
-2.258313999999999851e+03
-2.275762000000000171e+03
-2.258313999999999851e+03
-2.289498999999999796e+03
-2.318456000000000131e+03
-2.312887000000000171e+03
-2.303235000000000127e+03
-2.358550999999999931e+03
-2.326994999999999891e+03
-2.326251999999999953e+03
-2.357809000000000196e+03
-2.344443999999999960e+03
-2.347041999999999916e+03
-2.357438000000000102e+03
-2.339246000000000095e+03
-2.310289000000000215e+03
-2.351869000000000142e+03
-2.351498000000000047e+03
-2.367460999999999785e+03
-2.402358999999999924e+03
-2.389735999999999876e+03
-2.411268999999999778e+03
-2.430574000000000069e+03
-2.419436000000000149e+03
-2.417208999999999833e+03
-2.454704999999999927e+03
-2.447280000000000200e+03
-2.446538000000000011e+03
-2.470668999999999869e+03
-2.472525000000000091e+03
-2.464728999999999814e+03
-2.467699000000000069e+03
-2.425005000000000109e+03
-2.438740999999999985e+03
-2.463244000000000142e+03
-2.449878999999999905e+03
-2.426489999999999782e+03
-2.426860999999999876e+03
-2.438369999999999891e+03
-2.427974999999999909e+03
-2.452478000000000065e+03
-2.436885000000000218e+03
-2.420179000000000087e+03
-2.461759000000000015e+03
-2.441340000000000146e+03
-2.448393999999999778e+03
-2.450621000000000095e+03
-2.448021999999999935e+03
-2.431315999999999804e+03
-2.441710999999999785e+03
-2.457304000000000087e+03
-2.450992000000000189e+03
-2.471411000000000058e+03
-2.474751999999999953e+03
-2.485518999999999778e+03
-2.515960999999999785e+03
-2.495914000000000215e+03
-2.497027999999999793e+03
-2.501110999999999876e+03
-2.494800000000000182e+03
-2.485518999999999778e+03
-2.537494000000000142e+03
-2.520045000000000073e+03
-2.501481999999999971e+03
-2.510393000000000029e+03
-2.546032000000000153e+03
-2.502596000000000004e+03
-2.565338000000000193e+03
-2.574989999999999782e+03
-2.533039000000000215e+03
-2.585755999999999858e+03
-2.589840000000000146e+03
-2.528211999999999989e+03
-2.567193999999999960e+03
-2.616199000000000069e+03
-2.571648999999999887e+03
-2.564965999999999894e+03
-2.614342999999999847e+03
-2.575360999999999876e+03
-2.579445000000000164e+03
-2.611744000000000142e+03
-2.607659999999999854e+03
-2.615827999999999975e+03
-2.624737999999999829e+03
-2.634760999999999967e+03
-2.603204999999999927e+03
-2.585755999999999858e+03
-2.547518000000000029e+03
-2.572762000000000171e+03
-2.602090999999999894e+03
-2.575731999999999971e+03
-2.573505000000000109e+03
-2.607289000000000215e+03
-2.588726000000000113e+03
-2.583157000000000153e+03
-2.588355000000000018e+03
-2.575731999999999971e+03
-2.560510999999999967e+03
-2.584643000000000029e+03
-2.590583000000000084e+03
-2.583528999999999996e+03
-2.604318999999999960e+03
-2.599864000000000033e+03
-2.597635999999999967e+03
-2.621768000000000029e+03
-2.587240999999999985e+03
-2.556427000000000135e+03
-2.570534999999999854e+03
-2.606545999999999822e+03
-2.576474999999999909e+03
-2.587983999999999924e+03
-2.577217999999999847e+03
-2.590954000000000178e+03
-2.585014000000000124e+03
-2.608030999999999949e+03
-2.595409000000000106e+03
-2.591324999999999818e+03
-2.601719999999999800e+03
-2.624365999999999985e+03
-2.614342999999999847e+03
-2.622880999999999858e+03
-2.633275999999999840e+03
-2.635132999999999811e+03
-2.648498000000000047e+03
-2.642929000000000087e+03
-2.655550999999999931e+03
-2.649239999999999782e+03
-2.664833000000000084e+03
-2.697130999999999858e+03
-2.682280999999999949e+03
-2.688592999999999847e+03
-2.694903999999999996e+03
-2.694903999999999996e+03
-2.687478999999999814e+03
-2.731286000000000058e+03
-2.744280000000000200e+03
-2.712353000000000065e+03
-2.715693999999999960e+03
-2.750219999999999800e+03
-2.730543999999999869e+03
-2.709382999999999811e+03
-2.683023999999999887e+03
-2.671514999999999873e+03
-2.683023999999999887e+03
-2.669288000000000011e+03
-2.656293999999999869e+03
-2.681166999999999916e+03
-2.680425000000000182e+03
-2.649610999999999876e+03
-2.630306000000000040e+03
-2.659264000000000124e+03
-2.636989000000000033e+03
-2.630306000000000040e+03
-2.653695000000000164e+03
-2.633275999999999840e+03
-2.645898999999999887e+03
-2.660748999999999796e+03
-2.654809000000000196e+03
-2.646641000000000076e+03
-2.666318000000000211e+03
-2.642929000000000087e+03
-2.649610999999999876e+03
-2.680425000000000182e+03
-2.646641000000000076e+03
-2.652952999999999975e+03
-2.675228000000000065e+03
-2.637360000000000127e+03
-2.645155999999999949e+03
-2.652581000000000131e+03
-2.645527999999999793e+03
-2.675599000000000160e+03
-2.678568999999999960e+03
-2.678197999999999865e+03
-2.662605000000000018e+03
-2.672628999999999905e+03
-2.666318000000000211e+03
-2.645898999999999887e+03
-2.693047999999999774e+03
-2.661862999999999829e+03
-2.661490999999999985e+03
-2.673742000000000189e+03
-2.684509000000000015e+03
-2.671885999999999967e+03
-2.700101000000000113e+03
-2.698615999999999985e+03
-2.696760000000000218e+03
-2.728315999999999804e+03
-2.737597000000000207e+03
-2.720891000000000076e+03
-2.766184000000000196e+03
-2.749478000000000065e+03
-2.729059000000000196e+03
-2.768411000000000058e+03
-2.770268000000000029e+03
-2.753190000000000055e+03
-2.781775999999999840e+03
-2.765070000000000164e+03
-2.751704999999999927e+03
-2.749478000000000065e+03
-2.763956000000000131e+03
-2.737597000000000207e+03
-2.749106000000000222e+03
-2.716807999999999993e+03
-2.663347000000000207e+03
-2.616199000000000069e+03
-2.599492000000000189e+03
-2.581300999999999931e+03
-2.598750000000000000e+03
-2.621025000000000091e+03
-2.573505000000000109e+03
-2.593552000000000135e+03
-2.587983999999999924e+03
-2.552344000000000051e+03
-2.547889000000000124e+03
-2.564224000000000160e+03
-2.543063000000000102e+03
-2.546775000000000091e+03
-2.569420999999999822e+03
-2.520045000000000073e+03
-2.493315000000000055e+03
-2.505195000000000164e+03
-2.507793999999999869e+03
-2.503338999999999942e+03
-2.512248999999999796e+03
-2.505938000000000102e+03
-2.515960999999999785e+03
-2.527840999999999894e+03
-2.472896000000000186e+03
-2.489974000000000160e+03
-2.524500000000000000e+03
-2.480320999999999913e+03
-2.478835999999999785e+03
-2.513362999999999829e+03
-2.486632999999999811e+03
-2.499255000000000109e+03
-2.521900999999999840e+03
-2.505938000000000102e+03
-2.524128999999999905e+03
-2.515960999999999785e+03
-2.507050999999999931e+03
-2.518188999999999851e+03
-2.521900999999999840e+03
-2.516704000000000178e+03
-2.515960999999999785e+03
-2.510021000000000186e+03
-2.505195000000000164e+03
-2.524128999999999905e+03
-2.544918999999999869e+03
-2.525985000000000127e+03
-2.525614000000000033e+03
-2.531925000000000182e+03
-2.511505999999999858e+03
-2.490715999999999894e+03
-2.525614000000000033e+03
-2.523385999999999967e+03
-2.519673999999999978e+03
-2.538978999999999814e+03
-2.511135000000000218e+03
-2.519673999999999978e+03
-2.521900999999999840e+03
-2.520788000000000011e+03
-2.527099000000000160e+03
-2.522643999999999778e+03
-2.520416000000000167e+03
-2.516704000000000178e+03
-2.530811000000000149e+03
-2.517074999999999818e+03
-2.497398999999999887e+03
-2.512619999999999891e+03
-2.539349999999999909e+03
-2.503338999999999942e+03
-2.511135000000000218e+03
-2.525985000000000127e+03
-2.503338999999999942e+03
-2.508164999999999964e+03
-2.517445999999999913e+03
-2.501481999999999971e+03
-2.534523999999999887e+03
-2.537123000000000047e+03
-2.510393000000000029e+03
-2.525985000000000127e+03
-2.554199999999999818e+03
-2.520416000000000167e+03
-2.540092999999999847e+03
-2.552344000000000051e+03
-2.523385999999999967e+03
-2.533780999999999949e+03
-2.553085999999999785e+03
-2.524128999999999905e+03
-2.514105000000000018e+03
-2.530440000000000055e+03
-2.520416000000000167e+03
-2.533039000000000215e+03
-2.543434000000000196e+03
-2.513733999999999924e+03
-2.525985000000000127e+03
-2.543063000000000102e+03
-2.535637000000000171e+03
-2.520045000000000073e+03
-2.543434000000000196e+03
-2.526728000000000065e+03
-2.508536000000000058e+03
-2.522643999999999778e+03
-2.550487999999999829e+03
-2.508536000000000058e+03
-2.545289999999999964e+03
-2.548630999999999858e+03
-2.520788000000000011e+03
-2.551972000000000207e+03
-2.556056000000000040e+03
-2.534523999999999887e+03
-2.541577999999999975e+03
-2.537123000000000047e+03
-2.530068999999999960e+03
-2.546775000000000091e+03
-2.543804999999999836e+03
-2.550115999999999985e+03
-2.547518000000000029e+03
-2.544175999999999931e+03
-2.566822999999999865e+03
-2.568307999999999993e+03
-2.537864999999999782e+03
-2.536751000000000204e+03
-2.568307999999999993e+03
-2.559396999999999935e+03
-2.555313999999999851e+03
-2.539721000000000004e+03
-2.564965999999999894e+03
-2.537864999999999782e+03
-2.554199999999999818e+03
-2.556798999999999978e+03
-2.547889000000000124e+03
-2.555313999999999851e+03
-2.568679000000000087e+03
-2.560882999999999811e+03
-2.567936000000000149e+03
-2.549001999999999953e+03
-2.553085999999999785e+03
-2.572391000000000076e+03
-2.544918999999999869e+03
