-1.856250000000000000e+02
-1.993613000000000000e+02
-1.882238000000000113e+02
-2.153249999999999886e+02
-1.815412000000000035e+02
-2.301750000000000114e+02
-2.101274999999999977e+02
-2.598750000000000000e+02
-2.561625000000000227e+02
-2.754674999999999727e+02
-2.836349999999999909e+02
-2.769524999999999864e+02
-2.658149999999999977e+02
-3.118500000000000227e+02
-2.970000000000000000e+02
-2.888324999999999818e+02
-3.478613000000000284e+02
-3.682799999999999727e+02
-3.504599999999999795e+02
-3.471186999999999898e+02
-4.068899999999999864e+02
-3.972375000000000114e+02
-4.154286999999999921e+02
-4.377038000000000011e+02
-4.666612999999999829e+02
-4.432724999999999795e+02
-4.644336999999999875e+02
-4.726012999999999806e+02
-4.146861999999999853e+02
-4.770561999999999898e+02
-4.792837999999999852e+02
-4.302787000000000148e+02
-4.714875000000000114e+02
-4.971037999999999784e+02
-4.429012000000000171e+02
-5.078700000000000045e+02
-5.394262999999999693e+02
-4.826250000000000000e+02
-4.885649999999999977e+02
-5.431386999999999716e+02
-4.982174999999999727e+02
-5.097262999999999806e+02
-5.412825000000000273e+02
-5.242050000000000409e+02
-5.635575000000000045e+02
-5.880599999999999454e+02
-5.464800000000000182e+02
-5.813775000000000546e+02
-6.099637000000000171e+02
-5.824913000000000238e+02
-5.936287999999999556e+02
-6.211013000000000375e+02
-5.891738000000000284e+02
-5.728387000000000171e+02
-6.563700000000000045e+02
-6.003112999999999602e+02
-6.151612999999999829e+02
-6.793875000000000455e+02
-6.337237999999999829e+02
-6.548849999999999909e+02
-6.790162000000000262e+02
-6.741900000000000546e+02
-6.656512000000000171e+02
-7.179974999999999454e+02
-6.842137000000000171e+02
-6.656512000000000171e+02
-7.012912999999999784e+02
-7.183687999999999647e+02
-6.871838000000000193e+02
-7.328474999999999682e+02
-7.506675000000000182e+02
-7.462124999999999773e+02
-7.788825000000000500e+02
-8.004149999999999636e+02
-8.015286999999999580e+02
-8.442224999999999682e+02
-8.709524999999999864e+02
-8.215761999999999716e+02
-8.293724999999999454e+02
-8.397675000000000409e+02
-8.204624999999999773e+02
-8.282586999999999762e+02
-8.516475000000000364e+02
-8.349412999999999556e+02
-8.468211999999999762e+02
-8.713237000000000307e+02
-8.308574999999999591e+02
-8.624138000000000375e+02
-8.806050000000000182e+02
-8.249175000000000182e+02
-8.553600000000000136e+02
-8.583300000000000409e+02
-8.345700000000000500e+02
-8.609288000000000238e+02
-8.854312999999999647e+02
-8.427374999999999545e+02
-8.806050000000000182e+02
-9.080774999999999864e+02
-8.947124999999999773e+02
-9.262686999999999671e+02
-9.084487000000000307e+02
-9.188437999999999874e+02
-9.377775000000000318e+02
-9.258975000000000364e+02
-9.166163000000000238e+02
-9.307237999999999829e+02
-9.526275000000000546e+02
-9.630225000000000364e+02
-9.697050000000000409e+02
-9.648787999999999556e+02
-9.845549999999999500e+02
-9.890099999999999909e+02
-9.975488000000000284e+02
-1.017596000000000004e+03
-1.017967999999999961e+03
-1.039500000000000000e+03
-1.019081000000000017e+03
-1.016854000000000042e+03
-1.030219000000000051e+03
-1.041728000000000065e+03
-1.048038999999999987e+03
-1.037644000000000005e+03
-1.057691000000000031e+03
-1.074396999999999935e+03
-1.091474999999999909e+03
-1.095188000000000102e+03
-1.105953999999999951e+03
-1.100013999999999896e+03
-1.083679000000000087e+03
-1.088505000000000109e+03
-1.134539999999999964e+03
-1.104469000000000051e+03
-1.108551999999999907e+03
-1.084791999999999916e+03
-1.088134000000000015e+03
-1.118576000000000022e+03
-1.130455999999999904e+03
-1.105211000000000013e+03
-1.143450000000000045e+03
-1.131199000000000069e+03
-1.127486000000000104e+03
-1.144192999999999984e+03
-1.154587999999999965e+03
-1.118948000000000093e+03
-1.180203999999999951e+03
-1.180945999999999913e+03
-1.139738000000000056e+03
-1.181317999999999984e+03
-1.198023999999999887e+03
-1.173520999999999958e+03
-1.183915999999999940e+03
-1.217328999999999951e+03
-1.209903999999999996e+03
-1.224010999999999967e+03
-1.252597999999999956e+03
-1.222526000000000067e+03
-1.225496000000000095e+03
-1.233663999999999987e+03
-1.250740999999999985e+03
-1.231435999999999922e+03
-1.245172000000000025e+03
-1.237748000000000047e+03
-1.239604000000000042e+03
-1.280069999999999936e+03
-1.236634000000000015e+03
-1.240346000000000004e+03
-1.270788999999999987e+03
-1.242574000000000069e+03
-1.232921000000000049e+03
-1.264848999999999933e+03
-1.246656999999999925e+03
-1.274500999999999976e+03
-1.287124000000000024e+03
-1.296034000000000106e+03
-1.272273999999999887e+03
-1.342068999999999960e+03
-1.323506000000000085e+03
-1.314596000000000004e+03
-1.369170000000000073e+03
-1.334644000000000005e+03
-1.324619999999999891e+03
-1.294548999999999978e+03
-1.330189000000000078e+03
-1.339470000000000027e+03
-1.328333000000000084e+03
-1.338728000000000065e+03
-1.336500000000000000e+03
-1.329817999999999984e+03
-1.343182000000000016e+03
-1.325733999999999924e+03
-1.349123000000000047e+03
-1.331301999999999907e+03
-1.347266000000000076e+03
-1.345780999999999949e+03
-1.316452999999999975e+03
-1.339840999999999894e+03
-1.351349999999999909e+03
-1.355063000000000102e+03
-1.365458000000000084e+03
-1.362858999999999924e+03
-1.375480999999999995e+03
-1.388474999999999909e+03
-1.395900000000000091e+03
-1.403325000000000045e+03
-1.369912000000000035e+03
-1.375109999999999900e+03
-1.337614000000000033e+03
-1.329817999999999984e+03
-1.329075000000000045e+03
-1.343554000000000087e+03
-1.297519000000000005e+03
-1.337614000000000033e+03
-1.342068999999999960e+03
-1.315338999999999942e+03
-1.336128999999999905e+03
-1.353205999999999904e+03
-1.322763999999999896e+03
-1.341326000000000022e+03
-1.355063000000000102e+03
-1.348750999999999976e+03
-1.337242999999999938e+03
-1.331673999999999978e+03
-1.354691000000000031e+03
-1.379565000000000055e+03
-1.360259999999999991e+03
-1.362488000000000056e+03
-1.377709000000000060e+03
-1.364714999999999918e+03
-1.371396999999999935e+03
-1.377337999999999965e+03
-1.364344000000000051e+03
-1.358031999999999925e+03
-1.352835000000000036e+03
-1.372510999999999967e+03
-1.359517000000000053e+03
-1.337984999999999900e+03
-1.372510999999999967e+03
-1.359888999999999896e+03
-1.358031999999999925e+03
-1.365086000000000013e+03
-1.375109999999999900e+03
-1.380679000000000087e+03
-1.398127999999999929e+03
-1.385505000000000109e+03
-1.388846000000000004e+03
-1.391074000000000069e+03
-1.386248000000000047e+03
-1.418546000000000049e+03
-1.408521999999999935e+03
-1.411121000000000095e+03
-1.402211000000000013e+03
-1.409635999999999967e+03
-1.418916999999999916e+03
-1.426713999999999942e+03
-1.447503999999999905e+03
-1.421516000000000076e+03
-1.407037000000000035e+03
-1.426343000000000075e+03
-1.435252999999999929e+03
-1.416690000000000055e+03
-1.440078999999999951e+03
-1.419660000000000082e+03
-1.444534000000000106e+03
-1.451959000000000060e+03
-1.420402000000000044e+03
-1.435252999999999929e+03
-1.450845000000000027e+03
-1.432281999999999925e+03
-1.441192999999999984e+03
-1.465324000000000069e+03
-1.457527000000000044e+03
-1.482401000000000067e+03
-1.475719000000000051e+03
-1.487228000000000065e+03
-1.485371000000000095e+03
-1.503933999999999969e+03
-1.506903999999999996e+03
-1.516926999999999907e+03
-1.541430000000000064e+03
-1.518040999999999940e+03
-1.505789999999999964e+03
-1.556279999999999973e+03
-1.518412000000000035e+03
-1.537718000000000075e+03
-1.550711000000000013e+03
-1.567416999999999916e+03
-1.567046000000000049e+03
-1.558135999999999967e+03
-1.572243999999999915e+03
-1.594890000000000100e+03
-1.602685999999999922e+03
-1.606027000000000044e+03
-1.574099999999999909e+03
-1.588578999999999951e+03
-1.619020999999999958e+03
-1.601201000000000022e+03
-1.606769999999999982e+03
-1.639810999999999922e+03
-1.601201000000000022e+03
-1.646493999999999915e+03
-1.641296000000000049e+03
-1.663570999999999913e+03
-1.674337999999999965e+03
-1.661714999999999918e+03
-1.659858999999999924e+03
-1.678049999999999955e+03
-1.688444999999999936e+03
-1.681391000000000076e+03
-1.705894000000000005e+03
-1.683248000000000047e+03
-1.695499000000000024e+03
-1.698469000000000051e+03
-1.709234999999999900e+03
-1.722229000000000042e+03
-1.709978000000000065e+03
-1.705521999999999935e+03
-1.721115000000000009e+03
-1.709978000000000065e+03
-1.725569999999999936e+03
-1.702923999999999978e+03
-1.706265000000000100e+03
-1.685104000000000042e+03
-1.668026000000000067e+03
-1.620506000000000085e+03
-1.609368999999999915e+03
-1.586722999999999956e+03
-1.583381000000000085e+03
-1.575955999999999904e+03
-1.527323000000000093e+03
-1.529179000000000087e+03
-1.531035000000000082e+03
-1.499479000000000042e+03
-1.542172000000000025e+03
-1.549597999999999956e+03
-1.518412000000000035e+03
-1.527693999999999960e+03
-1.554051999999999907e+03
-1.537718000000000075e+03
-1.552195999999999913e+03
-1.573729000000000042e+03
-1.554795000000000073e+03
-1.550339999999999918e+03
-1.555165999999999940e+03
-1.572615000000000009e+03
-1.564818999999999960e+03
-1.579297000000000025e+03
-1.552939000000000078e+03
-1.565560999999999922e+03
-1.566674999999999955e+03
-1.550711000000000013e+03
-1.559992999999999938e+03
-1.545142000000000053e+03
-1.506531999999999925e+03
-1.525095000000000027e+03
-1.534375999999999976e+03
-1.490940000000000055e+03
-1.496880000000000109e+03
-1.534375999999999976e+03
-1.486484999999999900e+03
-1.476089999999999918e+03
-1.505419000000000096e+03
-1.486114000000000033e+03
-1.466438000000000102e+03
-1.478317999999999984e+03
-1.458641000000000076e+03
-1.427085000000000036e+03
-1.438594000000000051e+03
-1.452701000000000022e+03
-1.444904999999999973e+03
-1.461982999999999947e+03
-1.457527000000000044e+03
-1.448989000000000033e+03
-1.469406999999999925e+03
-1.482029999999999973e+03
-1.475347999999999956e+03
-1.479431000000000040e+03
-1.485371000000000095e+03
-1.475719000000000051e+03
-1.492796000000000049e+03
-1.504675999999999931e+03
-1.476461000000000013e+03
-1.492054000000000087e+03
-1.503191000000000031e+03
-1.476833000000000084e+03
-1.505789999999999964e+03
-1.490568999999999960e+03
-1.467180000000000064e+03
-1.502819999999999936e+03
-1.505419000000000096e+03
-1.486114000000000033e+03
-1.530663999999999987e+03
-1.526951000000000022e+03
-1.513586000000000013e+03
-1.531405999999999949e+03
-1.548483999999999924e+03
-1.564818999999999960e+03
-1.556651000000000067e+03
-1.571873000000000047e+03
-1.577813000000000102e+03
-1.561478000000000065e+03
-1.578555000000000064e+03
-1.585980000000000018e+03
-1.575955999999999904e+03
-1.593404999999999973e+03
-1.590064000000000078e+03
-1.568902000000000044e+03
-1.602315000000000055e+03
-1.588950000000000045e+03
-1.567788999999999987e+03
-1.589320999999999913e+03
-1.571873000000000047e+03
-1.588208000000000084e+03
