-1.748586999999999989e+02
-1.908224999999999909e+02
-1.815412000000000035e+02
-1.919362000000000137e+02
-2.372288000000000068e+02
-2.190374999999999943e+02
-1.878524999999999920e+02
-2.286899999999999977e+02
-2.357437999999999931e+02
-2.201511999999999887e+02
-2.483662999999999954e+02
-2.632162000000000148e+02
-2.246062000000000012e+02
-2.647013000000000034e+02
-2.773238000000000056e+02
-2.665575000000000045e+02
-2.617312999999999761e+02
-2.628450000000000273e+02
-2.884612000000000194e+02
-2.654438000000000102e+02
-2.873475000000000250e+02
-2.873475000000000250e+02
-3.244725000000000250e+02
-2.895749999999999886e+02
-2.940299999999999727e+02
-3.344961999999999875e+02
-3.411786999999999921e+02
-3.103650000000000091e+02
-3.229875000000000114e+02
-3.415500000000000114e+02
-3.159336999999999875e+02
-3.456338000000000079e+02
-3.660525000000000091e+02
-3.437774999999999750e+02
-3.589986999999999853e+02
-3.634538000000000011e+02
-3.504599999999999795e+02
-3.805312999999999874e+02
-3.716211999999999875e+02
-3.842436999999999898e+02
-3.872137000000000171e+02
-3.786750000000000114e+02
-4.031775000000000091e+02
-3.779325000000000045e+02
-4.098600000000000136e+02
-4.124587000000000216e+02
-4.195124999999999886e+02
-4.250812999999999988e+02
-4.358475000000000250e+02
-4.447574999999999932e+02
-4.351050000000000182e+02
-4.287937999999999761e+02
-4.328774999999999977e+02
-4.414162999999999784e+02
-4.235962999999999852e+02
-4.633199999999999932e+02
-4.718587999999999738e+02
-4.380749999999999886e+02
-4.622062999999999988e+02
-4.874513000000000034e+02
-4.989599999999999795e+02
-4.674037000000000148e+02
-4.726012999999999806e+02
-4.610924999999999727e+02
-4.596075000000000159e+02
-4.722300000000000182e+02
-4.588650000000000091e+02
-4.659187999999999761e+02
-4.555237000000000194e+02
-4.529250000000000114e+02
-4.633199999999999932e+02
-4.844812999999999761e+02
-4.982174999999999727e+02
-4.711161999999999921e+02
-4.584936999999999898e+02
-4.499549999999999841e+02
-4.425299999999999727e+02
-4.599787999999999784e+02
-4.443863000000000056e+02
-4.644336999999999875e+02
-4.648050000000000068e+02
-4.577513000000000147e+02
-4.514399999999999977e+02
-4.781700000000000159e+02
-4.584936999999999898e+02
-4.770561999999999898e+02
-5.000738000000000056e+02
-4.688888000000000034e+02
-4.395600000000000023e+02
-4.506974999999999909e+02
-4.532962999999999738e+02
-4.558949999999999818e+02
-4.688888000000000034e+02
-4.566374999999999886e+02
-4.692599999999999909e+02
-4.644336999999999875e+02
-4.859662000000000148e+02
-4.822538000000000125e+02
-4.636913000000000125e+02
-4.740862000000000194e+02
-4.644336999999999875e+02
-5.089837999999999738e+02
-4.796549999999999727e+02
-4.674037000000000148e+02
-5.074986999999999853e+02
-5.041575000000000273e+02
-5.178936999999999671e+02
-5.290312999999999874e+02
-5.045287000000000148e+02
-5.041575000000000273e+02
-5.260612999999999602e+02
-5.204924999999999500e+02
-5.386838000000000193e+02
-5.620724999999999909e+02
-5.457374999999999545e+02
-5.483361999999999625e+02
-5.613300000000000409e+02
-5.375700000000000500e+02
-5.282888000000000375e+02
-5.650425000000000182e+02
-5.728387000000000171e+02
-5.880599999999999454e+02
-5.828624999999999545e+02
-6.006825000000000045e+02
-5.535338000000000420e+02
-5.876888000000000147e+02
-5.713537999999999784e+02
-5.680125000000000455e+02
-6.003112999999999602e+02
-6.025388000000000375e+02
-5.862037000000000262e+02
-6.207300000000000182e+02
-6.192450000000000045e+02
-5.910299999999999727e+02
-6.307537999999999556e+02
-6.307537999999999556e+02
-6.162749999999999773e+02
-6.352087000000000216e+02
-6.366938000000000102e+02
-6.333524999999999636e+02
-6.407775000000000318e+02
-6.634238000000000284e+02
-6.270412999999999784e+02
-6.340950000000000273e+02
-6.519149999999999636e+02
-6.604537000000000262e+02
-6.344661999999999580e+02
-6.496875000000000000e+02
-6.478311999999999671e+02
-6.645375000000000227e+02
-6.682500000000000000e+02
-6.448613000000000284e+02
-6.099637000000000171e+02
-5.802636999999999716e+02
-5.943713000000000193e+02
-6.207300000000000182e+02
-5.988261999999999716e+02
-5.724674999999999727e+02
-5.843474999999999682e+02
-5.824913000000000238e+02
-5.617011999999999716e+02
-5.832337999999999738e+02
-5.854611999999999625e+02
-5.836050000000000182e+02
-5.769225000000000136e+02
-5.787786999999999580e+02
-5.405399999999999636e+02
-5.713537999999999784e+02
-5.854611999999999625e+02
-5.390549999999999500e+02
-5.587313000000000329e+02
-5.642999999999999545e+02
-5.468513000000000375e+02
-5.709824999999999591e+02
-5.253187000000000353e+02
-5.004449999999999932e+02
-4.874513000000000034e+02
-5.026725000000000136e+02
-4.681462000000000216e+02
-4.506974999999999909e+02
-4.529250000000000114e+02
-4.566374999999999886e+02
-4.551524999999999750e+02
-4.518111999999999853e+02
-4.473562999999999761e+02
-4.636913000000000125e+02
-4.436437999999999988e+02
-3.526875000000000000e+02
-3.953813000000000102e+02
-3.998362000000000194e+02
-3.912975000000000136e+02
-3.890699999999999932e+02
-4.124587000000000216e+02
-3.950099999999999909e+02
-3.953813000000000102e+02
-3.794175000000000182e+02
-3.920400000000000205e+02
-3.987225000000000250e+02
-3.957524999999999977e+02
-3.838725000000000023e+02
-4.002074999999999818e+02
-4.028061999999999898e+02
-4.050337999999999852e+02
-4.061474999999999795e+02
-4.232250000000000227e+02
-4.109737999999999829e+02
-4.102312999999999761e+02
-4.239674999999999727e+02
-4.187699999999999818e+02
-4.046625000000000227e+02
-4.332486999999999853e+02
-4.068899999999999864e+02
-3.849863000000000284e+02
-3.950099999999999909e+02
-3.901836999999999875e+02
-4.002074999999999818e+02
-4.061474999999999795e+02
-4.035488000000000284e+02
-3.983512999999999806e+02
-3.972375000000000114e+02
-4.080038000000000125e+02
-3.990937999999999874e+02
-4.002074999999999818e+02
-4.009499999999999886e+02
-4.013213000000000079e+02
-3.987225000000000250e+02
-3.938962000000000216e+02
-3.976087999999999738e+02
-4.117162000000000148e+02
-3.912975000000000136e+02
-3.983512999999999806e+02
-4.158000000000000114e+02
-4.132013000000000034e+02
-4.002074999999999818e+02
-4.313924999999999841e+02
-3.779325000000000045e+02
-3.493462999999999852e+02
-3.942674999999999841e+02
-4.020638000000000147e+02
-3.827588000000000079e+02
-3.901836999999999875e+02
-3.901836999999999875e+02
-3.909261999999999944e+02
-3.853575000000000159e+02
-4.113450000000000273e+02
-3.912975000000000136e+02
-3.775611999999999853e+02
-3.998362000000000194e+02
-3.705074999999999932e+02
-3.894413000000000125e+02
-3.990937999999999874e+02
-4.028061999999999898e+02
-3.794175000000000182e+02
-4.024350000000000023e+02
-3.864712999999999852e+02
-3.990937999999999874e+02
-3.667950000000000159e+02
-3.638249999999999886e+02
-3.686512000000000171e+02
-3.868424999999999727e+02
-3.868424999999999727e+02
-3.753337000000000216e+02
-3.890699999999999932e+02
-3.753337000000000216e+02
-3.797887999999999806e+02
-3.771899999999999977e+02
-3.868424999999999727e+02
-3.905550000000000068e+02
-3.667950000000000159e+02
-3.753337000000000216e+02
-3.723636999999999944e+02
-4.005788000000000011e+02
-3.783036999999999921e+02
-3.857287999999999784e+02
-3.868424999999999727e+02
-3.816449999999999818e+02
-3.886988000000000056e+02
-3.831299999999999955e+02
-4.024350000000000023e+02
-3.742200000000000273e+02
-4.050337999999999852e+02
-3.935249999999999773e+02
-4.005788000000000011e+02
-3.946388000000000034e+02
-3.916687999999999761e+02
-3.983512999999999806e+02
-3.935249999999999773e+02
-4.005788000000000011e+02
-3.990937999999999874e+02
-3.938962000000000216e+02
-3.827588000000000079e+02
-3.927825000000000273e+02
-3.734775000000000205e+02
-3.764474999999999909e+02
-3.493462999999999852e+02
-3.901836999999999875e+02
-3.783036999999999921e+02
-3.597411999999999921e+02
-3.779325000000000045e+02
-3.864712999999999852e+02
-3.987225000000000250e+02
-3.909261999999999944e+02
-3.842436999999999898e+02
-3.760763000000000034e+02
-3.946388000000000034e+02
-3.890699999999999932e+02
-3.909261999999999944e+02
-3.879562999999999988e+02
-3.916687999999999761e+02
-3.920400000000000205e+02
-4.080038000000000125e+02
-3.890699999999999932e+02
-3.968661999999999921e+02
-3.968661999999999921e+02
-4.113450000000000273e+02
-3.979800000000000182e+02
-4.020638000000000147e+02
-4.068899999999999864e+02
-3.920400000000000205e+02
-4.031775000000000091e+02
-4.002074999999999818e+02
-3.935249999999999773e+02
-4.176562999999999874e+02
-4.146861999999999853e+02
-3.946388000000000034e+02
-4.124587000000000216e+02
-4.180274999999999750e+02
-3.983512999999999806e+02
-4.098600000000000136e+02
-3.994649999999999750e+02
-3.812737000000000194e+02
-4.057762000000000171e+02
-3.994649999999999750e+02
-3.630824999999999818e+02
-3.838725000000000023e+02
-3.935249999999999773e+02
-3.872137000000000171e+02
-3.905550000000000068e+02
-3.764474999999999909e+02
-3.872137000000000171e+02
-3.901836999999999875e+02
-3.745912000000000148e+02
-3.679087999999999852e+02
-3.976087999999999738e+02
-4.039200000000000159e+02
-3.964950000000000045e+02
-3.912975000000000136e+02
-3.853575000000000159e+02
-3.745912000000000148e+02
-3.816449999999999818e+02
-3.953813000000000102e+02
-3.805312999999999874e+02
-3.961236999999999853e+02
-3.950099999999999909e+02
-3.916687999999999761e+02
-3.912975000000000136e+02
-4.102312999999999761e+02
-4.031775000000000091e+02
-4.146861999999999853e+02
-4.091175000000000068e+02
-3.983512999999999806e+02
-4.068899999999999864e+02
-4.180274999999999750e+02
-4.139438000000000102e+02
-4.135724999999999909e+02
-3.953813000000000102e+02
-3.998362000000000194e+02
-3.994649999999999750e+02
-4.106025000000000205e+02
-4.046625000000000227e+02
-4.054049999999999727e+02
-4.158000000000000114e+02
-3.872137000000000171e+02
-4.161712999999999738e+02
-4.117162000000000148e+02
-3.976087999999999738e+02
-3.857287999999999784e+02
-4.061474999999999795e+02
-3.935249999999999773e+02
-4.057762000000000171e+02
-4.042912999999999784e+02
-3.875849999999999795e+02
-4.005788000000000011e+02
-4.061474999999999795e+02
-3.775611999999999853e+02
-3.912975000000000136e+02
-4.065187999999999988e+02
-3.927825000000000273e+02
-4.013213000000000079e+02
-4.054049999999999727e+02
-4.143149999999999977e+02
-4.080038000000000125e+02
-4.094886999999999944e+02
-3.953813000000000102e+02
-4.098600000000000136e+02
-4.124587000000000216e+02
-3.886988000000000056e+02
-4.065187999999999988e+02
-4.180274999999999750e+02
-4.169137999999999806e+02
-4.024350000000000023e+02
-4.165425000000000182e+02
-4.080038000000000125e+02
-4.054049999999999727e+02
-4.321349999999999909e+02
-4.061474999999999795e+02
-4.139438000000000102e+02
-3.920400000000000205e+02
-4.113450000000000273e+02
-4.217400000000000091e+02
-4.191413000000000011e+02
-4.020638000000000147e+02
