-5.605875000000000341e+01
-8.687250000000000227e+01
-5.791499999999999915e+01
-5.977125000000000199e+01
-8.278874999999999318e+01
-5.494500000000000028e+01
-3.675374999999999659e+01
-9.355500000000000682e+01
-7.981874999999999432e+01
-5.754375000000000284e+01
-7.981874999999999432e+01
-1.035788000000000011e+02
-7.907625000000000171e+01
-9.355500000000000682e+01
-1.288237000000000023e+02
-1.150875000000000057e+02
-1.581525000000000034e+02
-1.566674999999999898e+02
-1.325363000000000113e+02
-1.369912999999999954e+02
-1.492425000000000068e+02
-1.540688000000000102e+02
-1.596374999999999886e+02
-1.644636999999999887e+02
-1.715175000000000125e+02
-1.830261999999999887e+02
-1.666913000000000125e+02
-1.833975000000000080e+02
-1.778288000000000011e+02
-1.971338000000000079e+02
-1.967624999999999886e+02
-1.722599999999999909e+02
-1.833975000000000080e+02
-1.536974999999999909e+02
-1.815412000000000035e+02
-1.989900000000000091e+02
-1.911938000000000102e+02
-1.986187999999999931e+02
-2.082712999999999965e+02
-2.067863000000000113e+02
-1.960200000000000102e+02
-1.856250000000000000e+02
-2.001037000000000035e+02
-2.201511999999999887e+02
-1.963913000000000011e+02
-1.874812000000000012e+02
-2.090137000000000000e+02
-2.257199999999999989e+02
-2.227500000000000000e+02
-2.138400000000000034e+02
-2.238637999999999977e+02
-2.294325000000000045e+02
-2.468813000000000102e+02
-2.275762000000000000e+02
-2.357437999999999931e+02
-2.401987000000000023e+02
-2.416836999999999875e+02
-2.320312999999999874e+02
-2.543062999999999931e+02
-2.698987000000000194e+02
-2.372288000000000068e+02
-2.669286999999999921e+02
-2.817787000000000148e+02
-2.743537999999999784e+02
-2.647013000000000034e+02
-2.505937999999999874e+02
-2.632162000000000148e+02
-2.940299999999999727e+02
-2.947724999999999795e+02
-2.910600000000000023e+02
-2.947724999999999795e+02
-2.862337999999999738e+02
-2.799225000000000136e+02
-2.921738000000000284e+02
-2.862337999999999738e+02
-3.148199999999999932e+02
-2.795511999999999944e+02
-2.988562999999999761e+02
-3.062812999999999874e+02
-3.207599999999999909e+02
-2.899463000000000079e+02
-3.051675000000000182e+02
-3.073949999999999818e+02
-3.099936999999999898e+02
-3.330113000000000056e+02
-3.482325000000000159e+02
-3.478613000000000284e+02
-3.452624999999999886e+02
-3.278138000000000147e+02
-3.292988000000000284e+02
-3.170475000000000136e+02
-3.448913000000000011e+02
-3.705074999999999932e+02
-3.478613000000000284e+02
-3.530586999999999875e+02
-3.593700000000000045e+02
-3.486037999999999784e+02
-3.382087000000000216e+02
-3.705074999999999932e+02
-3.627112000000000194e+02
-3.623399999999999750e+02
-3.593700000000000045e+02
-3.571424999999999841e+02
-3.835013000000000147e+02
-3.723636999999999944e+02
-3.749624999999999773e+02
-3.827588000000000079e+02
-4.161712999999999738e+02
-3.901836999999999875e+02
-3.679087999999999852e+02
-4.098600000000000136e+02
-3.827588000000000079e+02
-3.987225000000000250e+02
-4.009499999999999886e+02
-3.890699999999999932e+02
-3.705074999999999932e+02
-3.649388000000000147e+02
-3.764474999999999909e+02
-3.864712999999999852e+02
-3.846150000000000091e+02
-3.768188000000000102e+02
-3.708788000000000125e+02
-4.005788000000000011e+02
-3.968661999999999921e+02
-3.905550000000000068e+02
-4.005788000000000011e+02
-3.909261999999999944e+02
-4.013213000000000079e+02
-4.176562999999999874e+02
-3.998362000000000194e+02
-3.879562999999999988e+02
-3.920400000000000205e+02
-4.269375000000000000e+02
-3.946388000000000034e+02
-4.369612000000000194e+02
-4.399311999999999898e+02
-4.191413000000000011e+02
-4.228537999999999784e+02
-4.154286999999999921e+02
-3.801600000000000250e+02
-3.552862999999999829e+02
-3.634538000000000011e+02
-3.805312999999999874e+02
-3.749624999999999773e+02
-3.512024999999999864e+02
-3.630824999999999818e+02
-3.957524999999999977e+02
-3.872137000000000171e+02
-3.812737000000000194e+02
-3.875849999999999795e+02
-4.057762000000000171e+02
-3.831299999999999955e+02
-3.883274999999999864e+02
-3.946388000000000034e+02
-3.987225000000000250e+02
-4.024350000000000023e+02
-3.983512999999999806e+02
-4.080038000000000125e+02
-4.072613000000000056e+02
-4.098600000000000136e+02
-3.950099999999999909e+02
-4.024350000000000023e+02
-4.076324999999999932e+02
-4.221113000000000284e+02
-4.091175000000000068e+02
-4.109737999999999829e+02
-3.979800000000000182e+02
-4.176562999999999874e+02
-4.280511999999999944e+02
-4.273086999999999875e+02
-4.176562999999999874e+02
-3.976087999999999738e+02
-4.195124999999999886e+02
-4.002074999999999818e+02
-4.299075000000000273e+02
-4.024350000000000023e+02
-4.258238000000000056e+02
-4.306499999999999773e+02
-4.209975000000000023e+02
-4.076324999999999932e+02
-4.295362999999999829e+02
-4.221113000000000284e+02
-4.183987000000000194e+02
-4.132013000000000034e+02
-4.276800000000000068e+02
-4.299075000000000273e+02
-4.443863000000000056e+02
-4.254524999999999864e+02
-4.354762999999999806e+02
-4.455000000000000000e+02
-4.239674999999999727e+02
-4.384463000000000079e+02
-4.228537999999999784e+02
-4.365899999999999750e+02
-4.395600000000000023e+02
-4.614637000000000171e+02
-4.291650000000000205e+02
-4.447574999999999932e+02
-4.436437999999999988e+02
-4.362187999999999874e+02
-4.388174999999999955e+02
-4.570088000000000079e+02
-4.403025000000000091e+02
-4.232250000000000227e+02
-4.521825000000000045e+02
-4.280511999999999944e+02
-4.336200000000000045e+02
-4.343625000000000114e+02
-4.573799999999999955e+02
-4.429012000000000171e+02
-4.532962999999999738e+02
-4.421587999999999852e+02
-4.336200000000000045e+02
-4.636913000000000125e+02
-4.421587999999999852e+02
-4.488412000000000148e+02
-4.603500000000000227e+02
-4.599787999999999784e+02
-4.384463000000000079e+02
-4.588650000000000091e+02
-4.648050000000000068e+02
-4.373324999999999818e+02
-4.696313000000000102e+02
-4.622062999999999988e+02
-4.328774999999999977e+02
-4.551524999999999750e+02
-4.373324999999999818e+02
-4.299075000000000273e+02
-4.592363000000000284e+02
-4.462425000000000068e+02
-4.291650000000000205e+02
-4.380749999999999886e+02
-4.421587999999999852e+02
-4.443863000000000056e+02
-4.429012000000000171e+02
-4.261949999999999932e+02
-4.391888000000000147e+02
-4.399311999999999898e+02
-4.388174999999999955e+02
-4.325063000000000102e+02
-4.343625000000000114e+02
-4.492124999999999773e+02
-4.321349999999999909e+02
-4.391888000000000147e+02
-4.325063000000000102e+02
-4.499549999999999841e+02
-4.700024999999999977e+02
-4.696313000000000102e+02
-4.584936999999999898e+02
-4.696313000000000102e+02
-4.759424999999999955e+02
-4.403025000000000091e+02
-4.588650000000000091e+02
-4.640625000000000000e+02
-4.532962999999999738e+02
-4.614637000000000171e+02
-4.700024999999999977e+02
-4.354762999999999806e+02
-4.610924999999999727e+02
-4.688888000000000034e+02
-4.414162999999999784e+02
-4.644336999999999875e+02
-4.636913000000000125e+02
-4.473562999999999761e+02
-4.514399999999999977e+02
-4.391888000000000147e+02
-4.206263000000000147e+02
-4.625774999999999864e+02
-4.469850000000000136e+02
-4.458711999999999875e+02
-4.503263000000000034e+02
-4.436437999999999988e+02
-4.414162999999999784e+02
-4.373324999999999818e+02
-4.429012000000000171e+02
-4.477275000000000205e+02
-4.466138000000000261e+02
-4.429012000000000171e+02
-4.488412000000000148e+02
-4.395600000000000023e+02
-4.510688000000000102e+02
-4.295362999999999829e+02
-4.250812999999999988e+02
-4.547812999999999874e+02
-4.480987999999999829e+02
-4.414162999999999784e+02
-4.477275000000000205e+02
-4.076324999999999932e+02
-4.458711999999999875e+02
-4.440149999999999864e+02
-4.369612000000000194e+02
-4.514399999999999977e+02
-3.894413000000000125e+02
-3.716211999999999875e+02
-3.742200000000000273e+02
-3.727350000000000136e+02
-3.575138000000000034e+02
-3.690224999999999795e+02
-3.541725000000000136e+02
-3.734775000000000205e+02
-3.708788000000000125e+02
-3.853575000000000159e+02
-3.723636999999999944e+02
-3.679087999999999852e+02
-3.716211999999999875e+02
-3.541725000000000136e+02
-3.719925000000000068e+02
-3.838725000000000023e+02
-3.753337000000000216e+02
-3.727350000000000136e+02
-3.901836999999999875e+02
-3.846150000000000091e+02
-3.786750000000000114e+02
-3.667950000000000159e+02
-3.731062999999999761e+02
-3.805312999999999874e+02
-3.827588000000000079e+02
-3.682799999999999727e+02
-3.864712999999999852e+02
-3.849863000000000284e+02
-3.671662999999999784e+02
-3.768188000000000102e+02
-3.931537000000000148e+02
-3.846150000000000091e+02
-3.835013000000000147e+02
-3.909261999999999944e+02
-3.742200000000000273e+02
-3.846150000000000091e+02
-3.809024999999999750e+02
-3.630824999999999818e+02
-3.868424999999999727e+02
-3.797887999999999806e+02
-3.708788000000000125e+02
-3.912975000000000136e+02
-3.912975000000000136e+02
-3.935249999999999773e+02
-3.990937999999999874e+02
-4.169137999999999806e+02
-4.124587000000000216e+02
-4.083750000000000000e+02
-4.146861999999999853e+02
-4.035488000000000284e+02
-4.035488000000000284e+02
-4.154286999999999921e+02
-4.035488000000000284e+02
-4.191413000000000011e+02
-4.354762999999999806e+02
-4.061474999999999795e+02
-4.139438000000000102e+02
-4.228537999999999784e+02
-4.009499999999999886e+02
-4.050337999999999852e+02
-4.013213000000000079e+02
-3.894413000000000125e+02
-4.091175000000000068e+02
-3.968661999999999921e+02
-4.002074999999999818e+02
-4.031775000000000091e+02
-4.050337999999999852e+02
-4.068899999999999864e+02
-3.990937999999999874e+02
-4.009499999999999886e+02
-3.886988000000000056e+02
-4.031775000000000091e+02
-3.857287999999999784e+02
-3.924112999999999829e+02
-4.102312999999999761e+02
-4.154286999999999921e+02
-4.002074999999999818e+02
-4.042912999999999784e+02
-3.924112999999999829e+02
-3.757049999999999841e+02
-3.575138000000000034e+02
-3.742200000000000273e+02
-3.705074999999999932e+02
-3.593700000000000045e+02
-3.653100000000000023e+02
-3.723636999999999944e+02
-3.701363000000000056e+02
-3.727350000000000136e+02
-3.653100000000000023e+02
-3.563999999999999773e+02
-3.697649999999999864e+02
-3.586274999999999977e+02
-3.615975000000000250e+02
-3.578849999999999909e+02
-3.489750000000000227e+02
-3.630824999999999818e+02
-3.667950000000000159e+02
-3.731062999999999761e+02
-3.697649999999999864e+02
-3.623399999999999750e+02
-3.786750000000000114e+02
-3.764474999999999909e+02
-3.797887999999999806e+02
-3.708788000000000125e+02
-3.500887000000000171e+02
-3.749624999999999773e+02
-3.771899999999999977e+02
-3.571424999999999841e+02
-3.682799999999999727e+02
-3.783036999999999921e+02
-3.645674999999999955e+02
-3.727350000000000136e+02
-3.708788000000000125e+02
-3.712500000000000000e+02
-3.749624999999999773e+02
-3.742200000000000273e+02
-3.719925000000000068e+02
-3.664238000000000284e+02
-3.734775000000000205e+02
-3.660525000000000091e+02
