-3.511282000000000153e+03
-3.545438000000000102e+03
-3.533929000000000087e+03
-3.526875000000000000e+03
-3.552490999999999985e+03
-3.525389999999999873e+03
-3.564371000000000095e+03
-3.625998999999999796e+03
-3.565856000000000222e+03
-3.594070999999999913e+03
-3.619315999999999804e+03
-3.574023999999999887e+03
-3.553605000000000018e+03
-3.634166000000000167e+03
-3.595184999999999945e+03
-3.625626999999999953e+03
-3.651985999999999876e+03
-3.631938999999999851e+03
-3.624514000000000124e+03
-3.666465000000000146e+03
-3.670920000000000073e+03
-3.660896000000000186e+03
-3.662010000000000218e+03
-3.711757999999999811e+03
-3.680572999999999865e+03
-3.754822999999999865e+03
-3.733289999999999964e+03
-3.709900999999999840e+03
-3.700990999999999985e+03
-3.752965999999999894e+03
-3.721039000000000215e+03
-3.744427000000000135e+03
-3.778583000000000084e+03
-3.735889000000000124e+03
-3.781552000000000135e+03
-3.784150999999999840e+03
-3.778954000000000178e+03
-3.842065999999999804e+03
-3.810139000000000124e+03
-3.804940999999999804e+03
-3.799373000000000047e+03
-3.830186000000000149e+03
-3.817563999999999851e+03
-3.890329000000000178e+03
-3.879190999999999804e+03
-3.889215000000000146e+03
-3.864340999999999894e+03
-3.894041000000000167e+03
-3.860257999999999811e+03
-3.874735999999999876e+03
-3.909262000000000171e+03
-3.859885999999999967e+03
-3.904065000000000055e+03
-3.938590999999999894e+03
-3.903322999999999865e+03
-3.902951000000000022e+03
-3.921885000000000218e+03
-3.932650999999999840e+03
-3.919286000000000058e+03
-3.938219999999999800e+03
-3.925969000000000051e+03
-3.978315000000000055e+03
-3.964949999999999818e+03
-3.961608999999999924e+03
-3.939333999999999833e+03
-3.957153999999999996e+03
-3.927824999999999818e+03
-3.974974000000000160e+03
-3.972746000000000095e+03
-4.001704000000000178e+03
-4.002818000000000211e+03
-4.007271999999999935e+03
-3.986110999999999876e+03
-4.028063000000000102e+03
-4.032146000000000186e+03
-4.006159000000000106e+03
-4.031775000000000091e+03
-4.038085999999999785e+03
-4.014326000000000022e+03
-3.992793999999999869e+03
-4.011356000000000222e+03
-4.033630999999999858e+03
-4.048110000000000127e+03
-4.069643000000000029e+03
-4.049965999999999894e+03
-4.039570999999999913e+03
-4.041427000000000135e+03
-4.039570999999999913e+03
-4.087833999999999833e+03
-4.083007999999999811e+03
-4.077068000000000211e+03
-4.075210999999999785e+03
-4.046996000000000095e+03
-4.078181000000000040e+03
-4.078923999999999978e+03
-4.071869999999999891e+03
-4.071498999999999796e+03
-4.046996000000000095e+03
-4.021751000000000204e+03
-4.085978000000000065e+03
-4.067043999999999869e+03
-4.097856999999999971e+03
-4.075954000000000178e+03
-4.095259000000000015e+03
-4.110479999999999563e+03
-4.108994999999999891e+03
-4.081521999999999935e+03
-4.088947999999999865e+03
-4.042913000000000011e+03
-4.058505000000000109e+03
-4.056648999999999887e+03
-4.066300999999999931e+03
-4.058505000000000109e+03
-4.054791999999999916e+03
-4.095259000000000015e+03
-4.044025999999999840e+03
-4.080780000000000200e+03
-4.106768000000000029e+03
-4.041056000000000040e+03
-4.109365999999999985e+03
-4.067414999999999964e+03
-4.099713999999999942e+03
-4.124958999999999833e+03
-4.092659999999999854e+03
-4.114935000000000400e+03
-4.097856999999999971e+03
-4.160970000000000255e+03
-4.107510000000000218e+03
-4.144635000000000218e+03
-4.143893000000000029e+03
-4.141664999999999964e+03
-4.168765999999999622e+03
-4.168395000000000437e+03
-4.142408000000000357e+03
-4.190670000000000073e+03
-4.198466000000000349e+03
-4.165796000000000276e+03
-4.175078000000000429e+03
-4.204034999999999854e+03
-4.230394000000000233e+03
-4.156886000000000422e+03
-4.214801000000000386e+03
-4.210345999999999549e+03
-4.196238999999999578e+03
-4.253411000000000058e+03
-4.240788999999999760e+03
-4.227795000000000073e+03
-4.226310000000000400e+03
-4.248585000000000036e+03
-4.234105999999999767e+03
-4.281997999999999593e+03
-4.279027000000000044e+03
-4.263435000000000400e+03
-4.287938000000000102e+03
-4.270118000000000393e+03
-4.261578999999999724e+03
-4.266775999999999840e+03
-4.313182999999999993e+03
-4.260836000000000240e+03
-4.317637999999999920e+03
-4.303158999999999651e+03
-4.290164999999999964e+03
-4.307243000000000393e+03
-4.318009000000000015e+03
-4.285710000000000036e+03
-4.300930999999999585e+03
-4.324319999999999709e+03
-4.312439999999999600e+03
-4.319122999999999593e+03
-4.307984999999999673e+03
-4.300560000000000400e+03
-4.336942000000000007e+03
-4.354020000000000437e+03
-4.318380000000000109e+03
-4.345853000000000065e+03
-4.370354999999999563e+03
-4.310954999999999927e+03
-4.354020000000000437e+03
-4.352534999999999854e+03
-4.383349000000000160e+03
-4.376667000000000371e+03
-4.371097999999999956e+03
-4.375552999999999884e+03
-4.371840000000000146e+03
-4.399313000000000102e+03
-4.375180999999999585e+03
-4.374439000000000306e+03
-4.383720000000000255e+03
-4.384833999999999833e+03
-4.382234999999999673e+03
-4.391145000000000437e+03
-4.414904999999999745e+03
-4.413792000000000371e+03
-4.410078999999999724e+03
-4.426784999999999854e+03
-4.429012999999999920e+03
-4.434210000000000036e+03
-4.436438000000000102e+03
-4.440149999999999636e+03
-4.446461000000000240e+03
-4.470963999999999942e+03
-4.465765999999999622e+03
-4.519969000000000051e+03
-4.462425000000000182e+03
-4.476161000000000058e+03
-4.508831000000000131e+03
-4.488042000000000371e+03
-4.519969000000000051e+03
-4.520340000000000146e+03
-4.509203000000000429e+03
-4.506231999999999971e+03
-4.544100000000000364e+03
-4.531478000000000065e+03
-4.550783000000000357e+03
-4.564890000000000327e+03
-4.589020999999999731e+03
-4.532220000000000255e+03
-4.465395000000000437e+03
-4.443862000000000080e+03
-4.444234000000000378e+03
-4.456484999999999673e+03
-4.431610999999999876e+03
-4.437921999999999571e+03
-4.439408000000000357e+03
-4.381121000000000095e+03
-4.373324999999999818e+03
-4.375552999999999884e+03
-4.374810000000000400e+03
-4.368127000000000407e+03
-4.399684000000000196e+03
-4.377408999999999651e+03
-4.405623999999999796e+03
-4.419730999999999767e+03
-4.444234000000000378e+03
-4.398569999999999709e+03
-4.463909999999999854e+03
-4.437921999999999571e+03
-4.399684000000000196e+03
-4.447945999999999913e+03
-4.450917000000000371e+03
-4.415646999999999935e+03
-4.474676000000000386e+03
-4.462796000000000276e+03
-4.443119999999999891e+03
-4.467993999999999687e+03
-4.494724000000000160e+03
-4.418988999999999578e+03
-4.482844000000000051e+03
-4.479131000000000313e+03
-4.465765999999999622e+03
-4.499179000000000087e+03
-4.511430000000000291e+03
-4.472448999999999614e+03
-4.492496000000000095e+03
-4.506231999999999971e+03
-4.470220999999999549e+03
-4.491011000000000422e+03
-4.475046999999999571e+03
-4.449430999999999585e+03
-4.454256999999999607e+03
-4.500663999999999760e+03
-4.441264000000000124e+03
-4.493609999999999673e+03
-4.516998999999999796e+03
-4.496208999999999833e+03
-4.456113999999999578e+03
-4.426784999999999854e+03
-4.418618000000000393e+03
-4.392259000000000015e+03
-4.452771999999999935e+03
-4.445719000000000051e+03
-4.442748999999999796e+03
-4.402654000000000451e+03
-4.365899999999999636e+03
-4.369240999999999985e+03
-4.389659999999999854e+03
-4.392259000000000015e+03
-4.354020000000000437e+03
-4.433467999999999847e+03
-4.365529000000000451e+03
-4.387804000000000087e+03
-4.392630000000000109e+03
-4.418246000000000095e+03
-4.399313000000000102e+03
-4.434210000000000036e+03
-4.433095999999999549e+03
-4.411564000000000306e+03
-4.458712000000000444e+03
-4.442006000000000313e+03
-4.389288999999999760e+03
-4.417503999999999905e+03
-4.390402000000000044e+03
-4.410449999999999818e+03
-4.410820999999999913e+03
-4.384462000000000444e+03
-4.395970999999999549e+03
-4.424186999999999898e+03
-4.418988999999999578e+03
-4.413048999999999978e+03
-4.413792000000000371e+03
-4.398569999999999709e+03
-4.372953999999999724e+03
-4.371469000000000051e+03
-4.400055000000000291e+03
-4.376295000000000073e+03
-4.370354999999999563e+03
-4.388546000000000276e+03
-4.403395999999999731e+03
-4.387804000000000087e+03
-4.389288999999999760e+03
-4.389288999999999760e+03
-4.399684000000000196e+03
-4.426413999999999760e+03
-4.403768000000000029e+03
-4.412305999999999585e+03
-4.395229000000000269e+03
-4.431239999999999782e+03
-4.412677999999999884e+03
-4.388917000000000371e+03
-4.432725000000000364e+03
-4.402283000000000357e+03
-4.439408000000000357e+03
-4.426413999999999760e+03
-4.425300000000000182e+03
-4.432725000000000364e+03
-4.420845000000000255e+03
-4.410449999999999818e+03
-4.450173999999999978e+03
-4.417503999999999905e+03
-4.431981999999999971e+03
-4.463167000000000371e+03
-4.433467999999999847e+03
-4.442748999999999796e+03
-4.459826000000000022e+03
-4.447945999999999913e+03
-4.453515000000000327e+03
-4.454256999999999607e+03
-4.456855999999999767e+03
-4.469106999999999971e+03
-4.457970000000000255e+03
-4.428640999999999622e+03
-4.471335000000000036e+03
-4.443490999999999985e+03
-4.437921999999999571e+03
-4.452400999999999840e+03
-4.482100999999999658e+03
-4.451287999999999556e+03
-4.457599000000000160e+03
-4.503262999999999920e+03
-4.458341000000000349e+03
-4.482472999999999956e+03
-4.473563000000000102e+03
-4.472448999999999614e+03
-4.463909999999999854e+03
-4.526279999999999745e+03
-4.469850000000000364e+03
-4.517740999999999985e+03
-4.495095000000000255e+03
-4.486927999999999884e+03
-4.487298999999999978e+03
-4.537417000000000371e+03
-4.493609999999999673e+03
-4.504747999999999593e+03
-4.519597999999999956e+03
-4.497694000000000415e+03
-4.515514000000000124e+03
-4.519597999999999956e+03
-4.517369999999999891e+03
-4.514029000000000451e+03
-4.548555000000000291e+03
-4.580110999999999876e+03
-4.538530999999999949e+03
-4.568974000000000160e+03
-4.571201000000000022e+03
-4.531478000000000065e+03
-4.556722999999999956e+03
-4.579739999999999782e+03
-4.530363999999999578e+03
-4.560805999999999585e+03
-4.613152000000000044e+03
-4.524423999999999978e+03
-4.576027000000000044e+03
-4.624661000000000058e+03
-4.551154000000000451e+03
-4.599045000000000073e+03
-4.587164999999999964e+03
-4.567488999999999578e+03
-4.593104999999999563e+03
-4.619092999999999847e+03
-4.575284999999999854e+03
-4.635055999999999585e+03
-4.633199999999999818e+03
-4.586051000000000386e+03
-4.603871000000000095e+03
-4.632828999999999724e+03
-4.606470000000000255e+03
-4.617606999999999971e+03
-4.646564999999999600e+03
-4.591619999999999891e+03
-4.627260000000000218e+03
-4.649905999999999949e+03
-4.624289999999999964e+03
-4.656217999999999847e+03
-4.654731999999999971e+03
-4.645823000000000320e+03
-4.636170000000000073e+03
-4.681462000000000444e+03
-4.630229999999999563e+03
-4.669953999999999724e+03
-4.674037999999999556e+03
-4.668840000000000146e+03
-4.652876000000000204e+03
