-4.832561999999999898e+03
-4.809171999999999571e+03
-4.778359000000000378e+03
-4.819567000000000007e+03
-4.810286000000000058e+03
-4.847783000000000357e+03
-4.843328000000000429e+03
-4.850381000000000313e+03
-4.845926000000000386e+03
-4.851865999999999985e+03
-4.863746000000000095e+03
-4.865974000000000160e+03
-4.867087000000000444e+03
-4.876368999999999687e+03
-4.854465000000000146e+03
-4.905326000000000022e+03
-4.879338999999999942e+03
-4.870057999999999993e+03
-4.908296000000000276e+03
-4.906439999999999600e+03
-4.857435000000000400e+03
-4.903470000000000255e+03
-4.897158999999999651e+03
-4.891219000000000051e+03
-4.945050000000000182e+03
-4.913864999999999782e+03
-4.877481999999999971e+03
-4.959529000000000451e+03
-4.957671999999999571e+03
-4.940595000000000255e+03
-4.946534999999999854e+03
-4.967695999999999913e+03
-4.940595000000000255e+03
-4.966953999999999724e+03
-5.032293999999999869e+03
-4.990713999999999942e+03
-5.008533999999999651e+03
-5.011503999999999905e+03
-4.991828000000000429e+03
-5.026725000000000364e+03
-4.983659999999999854e+03
-5.011131999999999607e+03
-4.995539999999999964e+03
-5.028210000000000036e+03
-5.010761000000000422e+03
-4.985145000000000437e+03
-5.014103000000000065e+03
-4.996283000000000357e+03
-5.030438000000000102e+03
-5.015216000000000349e+03
-5.016329999999999927e+03
-5.018186999999999898e+03
-5.078328999999999724e+03
-5.050484999999999673e+03
-5.041574999999999818e+03
-5.041945999999999913e+03
-5.083525999999999840e+03
-5.027838999999999942e+03
-5.064220999999999549e+03
-5.044917000000000371e+03
-5.028953000000000429e+03
-5.090951000000000022e+03
-5.021899000000000342e+03
-5.040832999999999629e+03
-5.088724000000000160e+03
-5.071645999999999731e+03
-5.086125000000000000e+03
-5.073502000000000407e+03
-5.062364999999999782e+03
-5.031551000000000386e+03
-5.102460000000000036e+03
-5.053826000000000022e+03
-5.087238999999999578e+03
-5.046771999999999935e+03
-5.057167000000000371e+03
-5.055311999999999898e+03
-5.093179000000000087e+03
-5.038975999999999658e+03
-5.063850000000000364e+03
-5.044173999999999978e+03
-5.059765999999999622e+03
-5.049743000000000393e+03
-5.059024000000000342e+03
-5.076844000000000051e+03
-5.070904000000000451e+03
-5.102088999999999942e+03
-5.104688000000000102e+03
-5.086868000000000393e+03
-5.122136000000000422e+03
-5.104688000000000102e+03
-5.101345999999999549e+03
-5.104688000000000102e+03
-5.101717999999999847e+03
-5.121765000000000327e+03
-5.120279999999999745e+03
-5.141069999999999709e+03
-5.119167000000000371e+03
-5.159261000000000422e+03
-5.158146999999999935e+03
-5.148865999999999985e+03
-5.174110999999999876e+03
-5.174854000000000269e+03
-5.147010000000000218e+03
-5.133645000000000437e+03
-5.189332999999999629e+03
-5.153692000000000007e+03
-5.178565999999999804e+03
-5.183393000000000029e+03
-5.171884000000000015e+03
-5.179309000000000196e+03
-5.218661000000000058e+03
-5.197871000000000095e+03
-5.190074999999999818e+03
-5.240194000000000415e+03
-5.132159999999999854e+03
-5.190074999999999818e+03
-5.181164999999999964e+03
-5.147381000000000313e+03
-5.149979999999999563e+03
-5.168171000000000276e+03
-5.168542000000000371e+03
-5.168171000000000276e+03
-5.190445999999999913e+03
-5.159261000000000422e+03
-5.168913999999999760e+03
-5.218661000000000058e+03
-5.168171000000000276e+03
-5.154435000000000400e+03
-5.180421999999999571e+03
-5.151465000000000146e+03
-5.123621000000000095e+03
-5.177823999999999614e+03
-5.154064000000000306e+03
-5.173739999999999782e+03
-5.161859999999999673e+03
-5.134387999999999920e+03
-5.167429000000000087e+03
-5.150722999999999956e+03
-5.153320999999999913e+03
-5.162230999999999767e+03
-5.212350000000000364e+03
-5.180421999999999571e+03
-5.158146999999999935e+03
-5.201954999999999927e+03
-5.226086000000000240e+03
-5.159631999999999607e+03
-5.183393000000000029e+03
-5.215690999999999804e+03
-5.169655999999999949e+03
-5.198984999999999673e+03
-5.191560000000000400e+03
-5.185248999999999796e+03
-5.205296000000000276e+03
-5.214207000000000335e+03
-5.214948999999999614e+03
-5.236480999999999767e+03
-5.242421000000000276e+03
-5.229427999999999884e+03
-5.249104000000000269e+03
-5.265067000000000007e+03
-5.243905999999999949e+03
-5.271006999999999607e+03
-5.286600000000000364e+03
-5.254301000000000386e+03
-5.313701000000000022e+03
-5.327809000000000196e+03
-5.271378999999999905e+03
-5.301449999999999818e+03
-5.305904999999999745e+03
-5.289940999999999804e+03
-5.318155999999999949e+03
-5.367161000000000058e+03
-5.333377000000000407e+03
-5.346371000000000095e+03
-5.338203999999999724e+03
-5.307019000000000233e+03
-5.354538999999999760e+03
-5.360479000000000269e+03
-5.272863999999999578e+03
-5.247247999999999593e+03
-5.290684000000000196e+03
-5.291055000000000291e+03
-5.271006999999999607e+03
-5.282145000000000437e+03
-5.271378999999999905e+03
-5.274349000000000160e+03
-5.265067000000000007e+03
-5.288457000000000335e+03
-5.242421000000000276e+03
-5.272863999999999578e+03
-5.269894000000000233e+03
-5.282145000000000437e+03
-5.299965000000000146e+03
-5.277689999999999600e+03
-5.271006999999999607e+03
-5.276948000000000320e+03
-5.309246000000000095e+03
-5.279917000000000371e+03
-5.291426000000000386e+03
-5.226828999999999724e+03
-5.277689999999999600e+03
-5.278432999999999993e+03
-5.259127000000000407e+03
-5.285485999999999876e+03
-5.301078999999999724e+03
-5.211979000000000269e+03
-5.165201000000000022e+03
-5.209380000000000109e+03
-5.168913999999999760e+03
-5.144039999999999964e+03
-5.154435000000000400e+03
-5.152949999999999818e+03
-5.127333999999999833e+03
-5.134015999999999622e+03
-5.148494999999999891e+03
-5.122878999999999905e+03
-5.151465000000000146e+03
-5.115453999999999724e+03
-5.152578999999999724e+03
-5.135501000000000204e+03
-5.122878999999999905e+03
-5.113597999999999956e+03
-5.142926000000000386e+03
-5.111740999999999985e+03
-5.105801000000000386e+03
-5.104315999999999804e+03
-5.098747999999999593e+03
-5.085381999999999607e+03
-5.088353000000000065e+03
-5.141813000000000102e+03
-5.111369999999999891e+03
-5.131788999999999760e+03
-5.143296999999999571e+03
-5.114340000000000146e+03
-5.135501000000000204e+03
-5.138842999999999847e+03
-5.163716000000000349e+03
-5.170027000000000044e+03
-5.180051000000000386e+03
-5.137356999999999971e+03
-5.162974000000000160e+03
-5.178194999999999709e+03
-5.135130000000000109e+03
-5.190445999999999913e+03
-5.198984999999999673e+03
-5.161488999999999578e+03
-5.186734000000000378e+03
-5.202326000000000022e+03
-5.160375000000000000e+03
-5.200841000000000349e+03
-5.191189000000000306e+03
-5.201212000000000444e+03
-5.161488999999999578e+03
-5.190074999999999818e+03
-5.188219000000000051e+03
-5.187475999999999658e+03
-5.225344000000000051e+03
-5.193787999999999556e+03
-5.192673999999999978e+03
-5.222744999999999891e+03
-5.204925000000000182e+03
-5.183764000000000124e+03
-5.201212000000000444e+03
-5.198613999999999578e+03
-5.190817000000000007e+03
-5.212720999999999549e+03
-5.196386000000000422e+03
-5.219033000000000357e+03
-5.214948999999999614e+03
-5.194158999999999651e+03
-5.195644000000000233e+03
-5.210864999999999782e+03
-5.214207000000000335e+03
-5.229798999999999978e+03
-5.247989999999999782e+03
-5.250588999999999942e+03
-5.247989999999999782e+03
-5.264324999999999818e+03
-5.261725999999999658e+03
-5.260613000000000284e+03
-5.277689999999999600e+03
-5.287713999999999942e+03
-5.213835000000000036e+03
-5.303677999999999884e+03
-5.328921999999999571e+03
-5.287713999999999942e+03
-5.314073000000000320e+03
-5.302935000000000400e+03
-5.295139000000000124e+03
-5.282145000000000437e+03
-5.286600000000000364e+03
-5.235738999999999578e+03
-5.315929000000000087e+03
-5.290684000000000196e+03
-5.289569999999999709e+03
-5.285485999999999876e+03
-5.289198999999999614e+03
-5.279917000000000371e+03
-5.282145000000000437e+03
-5.297365999999999985e+03
-5.272863999999999578e+03
-5.347484999999999673e+03
-5.301449999999999818e+03
-5.305162999999999556e+03
-5.344886000000000422e+03
-5.326694999999999709e+03
-5.312587000000000444e+03
-5.328921999999999571e+03
-5.336719000000000051e+03
-5.304048999999999978e+03
-5.360106999999999971e+03
-5.330779000000000451e+03
-5.343400999999999840e+03
-5.364934000000000196e+03
-5.358622999999999593e+03
-5.353054000000000087e+03
-5.392034999999999854e+03
-5.412824999999999818e+03
-5.402430000000000291e+03
-5.416167000000000371e+03
-5.442154000000000451e+03
-5.383496000000000095e+03
-5.410597999999999956e+03
-5.443639000000000124e+03
-5.406514000000000124e+03
-5.437328000000000429e+03
-5.434729000000000269e+03
-5.422849000000000160e+03
-5.430645000000000437e+03
-5.400573999999999614e+03
-5.384238999999999578e+03
-5.418021999999999935e+03
-5.425448000000000320e+03
-5.375699999999999818e+03
-5.426189999999999600e+03
-5.404286000000000058e+03
-5.399460000000000036e+03
-5.404286000000000058e+03
-5.383496000000000095e+03
-5.373100999999999658e+03
-5.404658000000000357e+03
-5.384609999999999673e+03
-5.376070999999999913e+03
-5.369760000000000218e+03
-5.417279999999999745e+03
-5.377927999999999884e+03
-5.376814000000000306e+03
-5.372359000000000378e+03
-5.367533000000000357e+03
-5.380896999999999935e+03
-5.389064999999999600e+03
-5.400573999999999614e+03
-5.396489999999999782e+03
-5.408740999999999985e+03
-5.395376000000000204e+03
-5.385724000000000160e+03
-5.402059000000000196e+03
-5.370873999999999796e+03
-5.374586000000000240e+03
-5.420621000000000095e+03
-5.418021999999999935e+03
-5.410597999999999956e+03
-5.430645000000000437e+03
-5.412082999999999629e+03
-5.400203000000000429e+03
-5.441411000000000058e+03
-5.444010000000000218e+03
-5.462573000000000320e+03
-5.441411000000000058e+03
-5.455519000000000233e+03
-5.433985999999999876e+03
-5.446979999999999563e+03
-5.461829999999999927e+03
-5.451435000000000400e+03
-5.464057999999999993e+03
-5.451435000000000400e+03
-5.468512999999999920e+03
-5.446979999999999563e+03
-5.448465000000000146e+03
-5.409113000000000284e+03
-5.427675000000000182e+03
-5.454404999999999745e+03
-5.423220000000000255e+03
-5.431759000000000015e+03
-5.470368999999999687e+03
-5.420993000000000393e+03
-5.462944000000000415e+03
-5.416167000000000371e+03
-5.431759000000000015e+03
-5.465542000000000371e+03
-5.472225000000000364e+03
-5.436213999999999942e+03
-5.423220000000000255e+03
-5.358622999999999593e+03
-5.324467999999999847e+03
-5.371244999999999891e+03
-5.353796000000000276e+03
-5.370502000000000407e+03
-5.378298999999999978e+03
-5.379783999999999651e+03
-5.397231999999999971e+03
-5.377185000000000400e+03
-5.403914999999999964e+03
-5.370131000000000313e+03
-5.387208999999999833e+03
-5.407627000000000407e+03
-5.400203000000000429e+03
-5.418765000000000327e+03
-5.419878999999999905e+03
-5.374215000000000146e+03
-5.383496000000000095e+03
-5.441411000000000058e+03
