-3.548036000000000058e+03
-3.539498000000000047e+03
-3.502744000000000142e+03
-3.516851000000000113e+03
-3.521306000000000040e+03
-3.555833000000000084e+03
-3.535784999999999854e+03
-3.535414000000000215e+03
-3.562885999999999967e+03
-3.581077999999999975e+03
-3.561400999999999840e+03
-3.557688999999999851e+03
-3.566969999999999800e+03
-3.603353000000000065e+03
-3.579592999999999847e+03
-3.605208999999999833e+03
-3.593699999999999818e+03
-3.611891000000000076e+03
-3.599268999999999778e+03
-3.604465999999999894e+03
-3.591844000000000051e+03
-3.630824999999999818e+03
-3.604094999999999800e+03
-3.652356999999999971e+03
-3.637507999999999811e+03
-3.625626999999999953e+03
-3.641219999999999800e+03
-3.630454000000000178e+03
-3.633052000000000135e+03
-3.662010000000000218e+03
-3.668320999999999913e+03
-3.672034000000000106e+03
-3.669063999999999851e+03
-3.653842999999999847e+03
-3.738487999999999829e+03
-3.708788000000000011e+03
-3.702476000000000113e+03
-3.724009000000000015e+03
-3.690967999999999847e+03
-3.711385999999999967e+03
-3.742943000000000211e+03
-3.761134000000000015e+03
-3.719925000000000182e+03
-3.793804000000000087e+03
-3.764846000000000004e+03
-3.774126999999999953e+03
-3.796402999999999793e+03
-3.757420999999999822e+03
-3.798259000000000015e+03
-3.807539999999999964e+03
-3.792690000000000055e+03
-3.764103999999999814e+03
-3.791576000000000022e+03
-3.783409000000000106e+03
-3.802342999999999847e+03
-3.768559000000000196e+03
-3.771528999999999996e+03
-3.771528999999999996e+03
-3.779324999999999818e+03
-3.804570000000000164e+03
-3.779695999999999913e+03
-3.811251999999999953e+03
-3.782295000000000073e+03
-3.822389999999999873e+03
-3.799001000000000204e+03
-3.862114000000000033e+03
-3.816449999999999818e+03
-3.842809000000000196e+03
-3.885130999999999858e+03
-3.832784999999999854e+03
-3.851719000000000051e+03
-3.898867000000000189e+03
-3.880675999999999931e+03
-3.851347999999999956e+03
-3.901094999999999800e+03
-3.876963999999999942e+03
-3.870280999999999949e+03
-3.870652999999999793e+03
-3.866197999999999865e+03
-3.883646000000000186e+03
-3.929309999999999945e+03
-3.842809000000000196e+03
-3.898867000000000189e+03
-3.873994000000000142e+03
-3.826474000000000160e+03
-3.873251000000000204e+03
-3.875478999999999814e+03
-3.846893000000000029e+03
-3.872137000000000171e+03
-3.901465999999999894e+03
-3.833527999999999793e+03
-3.862485000000000127e+03
-3.933021999999999935e+03
-3.881047999999999774e+03
-3.871023999999999887e+03
-3.905550000000000182e+03
-3.871394999999999982e+03
-3.867682999999999993e+03
-3.898496000000000095e+03
-3.890699999999999818e+03
-3.898125000000000000e+03
-3.885873999999999796e+03
-3.905179000000000087e+03
-3.885130999999999858e+03
-3.938963000000000193e+03
-3.902579999999999927e+03
-3.954184000000000196e+03
-3.950471000000000004e+03
-3.947873000000000047e+03
-3.924112999999999829e+03
-3.968663000000000011e+03
-3.963835999999999785e+03
-3.972746000000000095e+03
-3.956782000000000153e+03
-3.971632999999999811e+03
-3.972003999999999905e+03
-3.965320999999999913e+03
-3.970889999999999873e+03
-3.935621000000000095e+03
-4.000219000000000051e+03
-3.998362999999999829e+03
-3.993536000000000058e+03
-4.010614000000000033e+03
-4.005788000000000011e+03
-3.963094000000000051e+03
-4.026949000000000069e+03
-4.031032000000000153e+03
-4.012099000000000160e+03
-4.057391000000000076e+03
-4.013213000000000193e+03
-4.016554000000000087e+03
-4.026949000000000069e+03
-4.029547999999999774e+03
-4.016554000000000087e+03
-4.025463999999999942e+03
-4.023235999999999876e+03
-4.032518000000000029e+03
-4.038085999999999785e+03
-4.052193999999999960e+03
-4.061474999999999909e+03
-4.046625000000000000e+03
-4.084121000000000095e+03
-4.064074000000000069e+03
-4.051451000000000022e+03
-4.091545999999999822e+03
-4.055905999999999949e+03
-4.073726000000000113e+03
-4.081893999999999778e+03
-4.051822999999999865e+03
-4.077438999999999851e+03
-4.109737000000000080e+03
-4.061103999999999814e+03
-4.100085000000000036e+03
-4.087463000000000193e+03
-4.087463000000000193e+03
-4.097485999999999876e+03
-4.134610999999999876e+03
-4.108994999999999891e+03
-4.130899000000000342e+03
-4.142408000000000357e+03
-4.082264999999999873e+03
-4.065929999999999836e+03
-4.135354000000000269e+03
-4.055905999999999949e+03
-4.105654000000000451e+03
-4.096743999999999687e+03
-4.042541000000000167e+03
-4.016554000000000087e+03
-4.062960000000000036e+03
-4.001333000000000084e+03
-4.011728000000000065e+03
-4.037344000000000051e+03
-3.997619999999999891e+03
-4.020637000000000171e+03
-4.036230000000000018e+03
-4.031403999999999996e+03
-4.004673999999999978e+03
-4.045882999999999811e+03
-4.000960999999999785e+03
-4.018039000000000215e+03
-4.045510999999999967e+03
-3.987967999999999847e+03
-4.021751000000000204e+03
-3.986481999999999971e+03
-3.982769999999999982e+03
-3.985739999999999782e+03
-3.972375000000000000e+03
-4.014697999999999865e+03
-3.958639000000000124e+03
-4.012840999999999894e+03
-3.952327999999999975e+03
-3.967548999999999978e+03
-4.014326000000000022e+03
-3.982769999999999982e+03
-4.004302000000000135e+03
-4.050708999999999833e+03
-4.017666999999999916e+03
-4.029918999999999869e+03
-4.041056000000000040e+03
-4.048481000000000222e+03
-4.035487999999999829e+03
-4.053679000000000087e+03
-4.079666000000000167e+03
-4.057391000000000076e+03
-4.088576000000000022e+03
-4.081150999999999840e+03
-4.073355000000000018e+03
-4.062217999999999847e+03
-4.065559000000000196e+03
-4.084492000000000189e+03
-4.108994999999999891e+03
-4.095259000000000015e+03
-4.091545999999999822e+03
-4.100828000000000429e+03
-4.079295000000000073e+03
-4.057391000000000076e+03
-4.117533999999999651e+03
-4.089690000000000055e+03
-4.105654000000000451e+03
-4.107139000000000124e+03
-4.109365999999999985e+03
-4.072983999999999924e+03
-4.074840000000000146e+03
-4.112707999999999629e+03
-4.063331000000000131e+03
-4.136095999999999549e+03
-4.117904999999999745e+03
-4.077809999999999945e+03
-4.094516000000000076e+03
-4.154287999999999556e+03
-4.102313000000000102e+03
-4.140921999999999571e+03
-4.142408000000000357e+03
-4.084492000000000189e+03
-4.115305999999999585e+03
-4.144264000000000124e+03
-4.161341000000000349e+03
-4.108994999999999891e+03
-4.132384000000000015e+03
-4.116792000000000371e+03
-4.133868999999999687e+03
-4.130899000000000342e+03
-4.128300000000000182e+03
-4.119761000000000422e+03
-4.101940999999999804e+03
-4.139809000000000196e+03
-4.098600000000000364e+03
-4.119019000000000233e+03
-4.086349000000000160e+03
-4.127186999999999898e+03
-4.147604999999999563e+03
-4.122359999999999673e+03
-4.117162999999999556e+03
-4.166909999999999854e+03
-4.127929000000000087e+03
-4.149832999999999629e+03
-4.163939999999999600e+03
-4.145377000000000407e+03
-4.157256999999999607e+03
-4.200694000000000415e+03
-4.161341000000000349e+03
-4.153545000000000073e+03
-4.151317000000000007e+03
-4.164311999999999898e+03
-4.158000000000000000e+03
-4.183615999999999985e+03
-4.180274999999999636e+03
-4.213688000000000102e+03
-4.218143000000000029e+03
-4.211831000000000131e+03
-4.193640000000000327e+03
-4.201436999999999898e+03
-4.241159999999999854e+03
-4.211088999999999942e+03
-4.259350999999999658e+03
-4.229279999999999745e+03
-4.238561999999999898e+03
-4.248213999999999942e+03
-4.253039999999999964e+03
-4.272345000000000255e+03
-4.257494999999999891e+03
-4.264548999999999978e+03
-4.251184000000000196e+03
-4.283110999999999876e+03
-4.251926000000000386e+03
-4.269003999999999905e+03
-4.270488999999999578e+03
-4.302417000000000371e+03
-4.248213999999999942e+03
-4.326176000000000386e+03
-4.300930999999999585e+03
-4.293506000000000313e+03
-4.313554000000000087e+03
-4.273087000000000444e+03
-4.271603000000000065e+03
-4.296475999999999658e+03
-4.279027000000000044e+03
-4.259722999999999956e+03
-4.286453000000000429e+03
-4.287565999999999804e+03
-4.266775999999999840e+03
-4.292764000000000124e+03
-4.319122999999999593e+03
-4.279027000000000044e+03
-4.264920000000000073e+03
-4.267519000000000233e+03
-4.266404999999999745e+03
-4.288680000000000291e+03
-4.307243000000000393e+03
-4.251926000000000386e+03
-4.287565999999999804e+03
-4.322092999999999847e+03
-4.260836000000000240e+03
-4.296104999999999563e+03
-4.327661000000000058e+03
-4.196238999999999578e+03
-4.203663999999999760e+03
-4.188442000000000007e+03
-4.147234000000000378e+03
-4.172850000000000364e+03
-4.183987000000000080e+03
-4.157628999999999905e+03
-4.162083999999999833e+03
-4.201436999999999898e+03
-4.154287999999999556e+03
-4.122730999999999767e+03
-4.093030999999999949e+03
-4.054791999999999916e+03
-4.051822999999999865e+03
-4.082635999999999967e+03
-4.074840000000000146e+03
-4.055905999999999949e+03
-4.099342999999999847e+03
-4.060731999999999971e+03
-4.070755999999999858e+03
-4.106395999999999731e+03
-4.083750000000000000e+03
-4.078923999999999978e+03
-4.124958999999999833e+03
-4.094516000000000076e+03
-4.096001000000000204e+03
-4.116420000000000073e+03
-4.108994999999999891e+03
-4.105283000000000357e+03
-4.147604999999999563e+03
-4.112707999999999629e+03
-4.109737000000000080e+03
-4.110109000000000378e+03
-4.130899000000000342e+03
-4.142036000000000058e+03
-4.137953000000000429e+03
-4.134610999999999876e+03
-4.156886000000000422e+03
-4.121618000000000393e+03
-4.127186999999999898e+03
-4.109737000000000080e+03
-4.142036000000000058e+03
-4.146119999999999891e+03
-4.123474000000000160e+03
-4.164311999999999898e+03
-4.132012999999999920e+03
-4.133497999999999593e+03
-4.173592999999999847e+03
-4.119761000000000422e+03
-4.140921999999999571e+03
-4.158371000000000095e+03
-4.146119999999999891e+03
-4.097114999999999782e+03
-4.152430999999999585e+03
-4.167280999999999949e+03
-4.176934000000000196e+03
-4.145006000000000313e+03
-4.139809000000000196e+03
-4.152802999999999884e+03
-4.143149999999999636e+03
-4.173220999999999549e+03
-4.130155999999999949e+03
-4.143893000000000029e+03
-4.164311999999999898e+03
-4.150203999999999724e+03
-4.162826000000000022e+03
-4.178789999999999964e+03
-4.165425000000000182e+03
-4.179161000000000058e+03
-4.210345999999999549e+03
-4.163198000000000320e+03
-4.184729999999999563e+03
-4.178789999999999964e+03
-4.161341000000000349e+03
-4.146119999999999891e+03
-4.183244999999999891e+03
-4.178418999999999869e+03
-4.199579999999999927e+03
-4.213688000000000102e+03
-4.194753999999999905e+03
-4.198466000000000349e+03
-4.192525999999999840e+03
-4.190298999999999978e+03
-4.198095000000000255e+03
-4.237448000000000320e+03
-4.215171999999999571e+03
-4.230021999999999935e+03
-4.267890000000000327e+03
-4.245243999999999687e+03
-4.276057999999999993e+03
-4.253039999999999964e+03
-4.267519000000000233e+03
-4.253411000000000058e+03
-4.281626000000000204e+03
-4.240046000000000276e+03
-4.269746000000000095e+03
-4.296104999999999563e+03
