-2.020343000000000075e+03
-2.012916999999999916e+03
-2.027768000000000029e+03
-2.071204000000000178e+03
-2.050414000000000215e+03
-2.042617999999999938e+03
-2.086795999999999822e+03
-2.091251000000000204e+03
-2.097563000000000102e+03
-2.120579999999999927e+03
-2.110927000000000135e+03
-2.132460000000000036e+03
-2.132831000000000131e+03
-2.156219999999999800e+03
-2.153992000000000189e+03
-2.188889999999999873e+03
-2.161045999999999822e+03
-2.171440999999999804e+03
-2.219704000000000178e+03
-2.170699000000000069e+03
-2.203739999999999782e+03
-2.242349999999999909e+03
-2.226385999999999967e+03
-2.212278999999999996e+03
-2.284672999999999774e+03
-2.254230000000000018e+03
-2.270565000000000055e+03
-2.308432999999999993e+03
-2.301378999999999905e+03
-2.278731999999999971e+03
-2.282074000000000069e+03
-2.309916999999999916e+03
-2.307690000000000055e+03
-2.327737999999999829e+03
-2.338875000000000000e+03
-2.334048999999999978e+03
-2.361521000000000186e+03
-2.362635000000000218e+03
-2.359293999999999869e+03
-2.367090000000000146e+03
-2.404585999999999785e+03
-2.364119999999999891e+03
-2.404215000000000146e+03
-2.412753999999999905e+03
-2.391963999999999942e+03
-2.442824999999999818e+03
-2.445423999999999978e+03
-2.408670000000000073e+03
-2.462501000000000204e+03
-2.476608999999999924e+03
-2.443568000000000211e+03
-2.494429000000000087e+03
-2.479579000000000178e+03
-2.467327999999999975e+03
-2.494800000000000182e+03
-2.511135000000000218e+03
-2.465842999999999847e+03
-2.505565999999999804e+03
-2.491829999999999927e+03
-2.471039999999999964e+03
-2.547889000000000124e+03
-2.539721000000000004e+03
-2.500369000000000142e+03
-2.529697999999999865e+03
-2.524871000000000095e+03
-2.518931000000000040e+03
-2.518931000000000040e+03
-2.541206000000000131e+03
-2.557541000000000167e+03
-2.506679999999999836e+03
-2.547518000000000029e+03
-2.498141000000000076e+03
-2.537494000000000142e+03
-2.551601000000000113e+03
-2.519673999999999978e+03
-2.535266000000000076e+03
-2.567936000000000149e+03
-2.544175999999999931e+03
-2.569050000000000182e+03
-2.578702999999999975e+03
-2.554199999999999818e+03
-2.575731999999999971e+03
-2.609887000000000171e+03
-2.561253999999999905e+03
-2.581672999999999774e+03
-2.609887000000000171e+03
-2.576846000000000004e+03
-2.621396000000000186e+03
-2.660748999999999796e+03
-2.636246000000000095e+03
-2.636246000000000095e+03
-2.695646000000000186e+03
-2.676340999999999894e+03
-2.612856999999999971e+03
-2.705298999999999978e+03
-2.674485000000000127e+03
-2.680795999999999822e+03
-2.708639999999999873e+03
-2.690449000000000069e+03
-2.664460999999999785e+03
-2.713465999999999894e+03
-2.705298999999999978e+03
-2.708639999999999873e+03
-2.724974999999999909e+03
-2.725717999999999847e+03
-2.746507999999999811e+03
-2.722376000000000204e+03
-2.752076000000000022e+03
-2.762842999999999847e+03
-2.766925999999999931e+03
-2.759501000000000204e+03
-2.763213999999999942e+03
-2.792541999999999916e+03
-2.763585000000000036e+03
-2.714208999999999833e+03
-2.791429000000000087e+03
-2.780663000000000011e+03
-2.710867000000000189e+03
-2.798853999999999814e+03
-2.815931000000000040e+03
-2.773608999999999924e+03
-2.811847000000000207e+03
-2.796998000000000047e+03
-2.755789000000000215e+03
-2.788829999999999927e+03
-2.788458999999999833e+03
-2.742052000000000135e+03
-2.773608999999999924e+03
-2.827811000000000149e+03
-2.775094000000000051e+03
-2.765440999999999804e+03
-2.798853999999999814e+03
-2.775465000000000146e+03
-2.758759000000000015e+03
-2.776208000000000084e+03
-2.769896000000000186e+03
-2.760985999999999876e+03
-2.778434999999999945e+03
-2.766925999999999931e+03
-2.821500000000000000e+03
-2.818530000000000200e+03
-2.778806000000000040e+03
-2.846373999999999796e+03
-2.843032000000000153e+03
-2.807021000000000186e+03
-2.827440000000000055e+03
-2.874960000000000036e+03
-2.868277999999999793e+03
-2.846001999999999953e+03
-2.889438999999999851e+03
-2.884240999999999985e+03
-2.886469000000000051e+03
-2.905773999999999887e+03
-2.903175000000000182e+03
-2.908744000000000142e+03
-2.937329999999999927e+03
-2.936958999999999833e+03
-2.910228999999999814e+03
-2.945126000000000204e+03
-2.941784999999999854e+03
-2.902804000000000087e+03
-2.923965000000000146e+03
-2.931760999999999967e+03
-2.917282000000000153e+03
-2.952550999999999931e+03
-2.947724999999999909e+03
-2.922851000000000113e+03
-2.932875000000000000e+03
-2.951065999999999804e+03
-2.942527999999999793e+03
-2.953664999999999964e+03
-2.978166999999999916e+03
-2.967030000000000200e+03
-2.957748999999999796e+03
-2.965545000000000073e+03
-2.963318000000000211e+03
-2.983735999999999876e+03
-3.008981000000000222e+03
-2.990418999999999869e+03
-2.993018000000000029e+03
-3.020860999999999876e+03
-2.997101000000000113e+03
-3.010838000000000193e+03
-3.017891000000000076e+03
-3.002670000000000073e+03
-3.039795000000000073e+03
-3.056501000000000204e+03
-3.049076000000000022e+03
-3.065039999999999964e+03
-3.049818999999999960e+03
-3.053159999999999854e+03
-3.028286000000000058e+03
-3.058356999999999971e+03
-3.050932999999999993e+03
-3.055016000000000076e+03
-3.063184000000000196e+03
-3.082489000000000033e+03
-3.065411000000000058e+03
-3.087686000000000149e+03
-3.091769999999999982e+03
-3.062813000000000102e+03
-3.081375000000000000e+03
-3.064297999999999774e+03
-3.102536000000000058e+03
-3.106248999999999796e+03
-3.097338999999999942e+03
-3.138175999999999931e+03
-3.085829999999999927e+03
-3.068380999999999858e+03
-3.098452999999999975e+03
-3.097710000000000036e+03
-3.097710000000000036e+03
-3.110333000000000084e+03
-3.108105000000000018e+03
-3.093998000000000047e+03
-3.122583999999999833e+03
-3.137434000000000196e+03
-3.145601000000000113e+03
-3.141518000000000029e+03
-3.170846000000000004e+03
-3.145972000000000207e+03
-3.065039999999999964e+03
-3.065782000000000153e+03
-3.058728999999999814e+03
-3.038309999999999945e+03
-3.055759000000000015e+03
-3.044250000000000000e+03
-3.017891000000000076e+03
-3.066896000000000186e+03
-3.050561000000000149e+03
-3.049818999999999960e+03
-3.062070000000000164e+03
-3.052789000000000215e+03
-3.056873000000000047e+03
-3.066896000000000186e+03
-3.066896000000000186e+03
-3.020860999999999876e+03
-3.028286000000000058e+03
-3.039423999999999978e+03
-2.997472000000000207e+03
-3.038309999999999945e+03
-3.029771000000000186e+03
-3.006753999999999905e+03
-3.027543999999999869e+03
-3.034597000000000207e+03
-3.027172999999999774e+03
-3.050932999999999993e+03
-3.010838000000000193e+03
-2.985963999999999942e+03
-3.014179000000000087e+03
-2.971485000000000127e+03
-2.952179999999999836e+03
-2.982623000000000047e+03
-2.981880000000000109e+03
-2.970742000000000189e+03
-2.971114000000000033e+03
-2.982251000000000204e+03
-2.982623000000000047e+03
-2.994501999999999953e+03
-3.014179000000000087e+03
-3.007125000000000000e+03
-3.001927000000000135e+03
-3.016034999999999854e+03
-2.996358999999999924e+03
-3.007496000000000095e+03
-3.014920999999999822e+03
-3.000443000000000211e+03
-3.021231999999999971e+03
-3.044250000000000000e+03
-3.011579999999999927e+03
-3.028657000000000153e+03
-3.036824999999999818e+03
-3.021603999999999814e+03
-3.053902999999999793e+03
-3.043878999999999905e+03
-3.028286000000000058e+03
-3.062070000000000164e+03
-3.054644999999999982e+03
-3.020860999999999876e+03
-3.036083000000000084e+03
-3.043507999999999811e+03
-3.025315999999999804e+03
-3.028286000000000058e+03
-3.031998999999999796e+03
-3.025315999999999804e+03
-3.019376000000000204e+03
-3.044992000000000189e+03
-3.048704999999999927e+03
-3.046849000000000160e+03
-3.043135999999999967e+03
-3.053530999999999949e+03
-3.052789000000000215e+03
-3.064668999999999869e+03
-3.058728999999999814e+03
-3.078405000000000200e+03
-3.083231000000000222e+03
-3.105505999999999858e+03
-3.082860000000000127e+03
-3.088429000000000087e+03
-3.101050999999999931e+03
-3.083603000000000065e+03
-3.106248999999999796e+03
-3.065782000000000153e+03
-3.103650000000000091e+03
-3.113673999999999978e+03
-3.083974000000000160e+03
-3.087315000000000055e+03
-3.111818000000000211e+03
-3.121469999999999800e+03
-3.080260999999999967e+03
-3.108105000000000018e+03
-3.101050999999999931e+03
-3.078405000000000200e+03
-3.086943999999999960e+03
-3.097338999999999942e+03
-3.055016000000000076e+03
-3.077291000000000167e+03
-3.068380999999999858e+03
-3.059099999999999909e+03
-3.089914000000000215e+03
-3.101422999999999774e+03
-3.080260999999999967e+03
-3.083974000000000160e+03
-3.088057999999999993e+03
-3.060213999999999942e+03
-3.069123999999999796e+03
-3.063184000000000196e+03
-3.026429999999999836e+03
-3.060956000000000131e+03
-3.069123999999999796e+03
-3.031626999999999953e+03
-3.069123999999999796e+03
-3.059842999999999847e+03
-3.039423999999999978e+03
-3.052416999999999916e+03
-3.071351000000000113e+03
-3.037938999999999851e+03
-3.061699000000000069e+03
-3.075063999999999851e+03
-3.053530999999999949e+03
-3.084344999999999800e+03
-3.098824000000000069e+03
-3.068010000000000218e+03
-3.077291000000000167e+03
-3.097338999999999942e+03
-3.083974000000000160e+03
-3.105135000000000218e+03
-3.106619999999999891e+03
-3.090284999999999854e+03
-3.089541999999999916e+03
-3.104393000000000029e+03
-3.097710000000000036e+03
-3.087315000000000055e+03
-3.110333000000000084e+03
-3.104393000000000029e+03
-3.074320999999999913e+03
-3.106990999999999985e+03
-3.118871000000000095e+03
-3.096224999999999909e+03
-3.105876999999999953e+03
-3.118500000000000000e+03
-3.099195000000000164e+03
-3.120728000000000065e+03
-3.101050999999999931e+03
-3.111074999999999818e+03
-3.145230000000000018e+03
-3.117014999999999873e+03
-3.110704000000000178e+03
-3.146715000000000146e+03
-3.131864999999999782e+03
-3.132235999999999876e+03
-3.156739000000000033e+03
-3.149313999999999851e+03
-3.158224000000000160e+03
-3.165277999999999793e+03
-3.173445000000000164e+03
-3.181240999999999985e+03
-3.193492000000000189e+03
-3.188295000000000073e+03
-3.184210999999999785e+03
-3.202773999999999887e+03
-3.182726000000000113e+03
-3.192750000000000000e+03
-3.197947999999999865e+03
-3.164534999999999854e+03
-3.173445000000000164e+03
-3.194978000000000065e+03
-3.202030999999999949e+03
-3.196833999999999833e+03
-3.213539999999999964e+03
-3.205001000000000204e+03
-3.192378999999999905e+03
-3.221708000000000084e+03
-3.233588000000000193e+03
-3.160822999999999865e+03
-3.166019999999999982e+03
-3.186809999999999945e+03
-3.158965999999999894e+03
-3.150798999999999978e+03
-3.160079999999999927e+03
-3.151170000000000073e+03
-3.168619000000000142e+03
-3.168989999999999782e+03
-3.149684999999999945e+03
-3.184210999999999785e+03
-3.175300999999999931e+03
-3.161936000000000149e+03
-3.190893999999999778e+03
-3.179385000000000218e+03
-3.171960000000000036e+03
-3.203516000000000076e+03
-3.212054999999999836e+03
