-1.189114000000000033e+03
-1.165354000000000042e+03
-1.177605000000000018e+03
-1.244058999999999969e+03
-1.215844000000000051e+03
-1.221040999999999940e+03
-1.199509000000000015e+03
-1.222154999999999973e+03
-1.245914999999999964e+03
-1.270788999999999987e+03
-1.244430000000000064e+03
-1.319422000000000025e+03
-1.358775000000000091e+03
-1.298633000000000038e+03
-1.318680000000000064e+03
-1.384019999999999982e+03
-1.328333000000000084e+03
-1.356919000000000096e+03
-1.385875999999999976e+03
-1.360631000000000085e+03
-1.389960000000000036e+03
-1.390702999999999975e+03
-1.374367999999999938e+03
-1.412978000000000065e+03
-1.398127999999999929e+03
-1.437108999999999924e+03
-1.434881000000000085e+03
-1.448617999999999938e+03
-1.472377999999999929e+03
-1.477575000000000045e+03
-1.493166999999999916e+03
-1.507275000000000091e+03
-1.495766000000000076e+03
-1.512844000000000051e+03
-1.518784000000000106e+03
-1.507645999999999958e+03
-1.562220000000000027e+03
-1.529921000000000049e+03
-1.522867999999999938e+03
-1.607512999999999920e+03
-1.544400000000000091e+03
-1.528435999999999922e+03
-1.605285000000000082e+03
-1.562220000000000027e+03
-1.559621000000000095e+03
-1.603799999999999955e+03
-1.572243999999999915e+03
-1.584494999999999891e+03
-1.616422000000000025e+03
-1.589320999999999913e+03
-1.613824000000000069e+03
-1.636098999999999933e+03
-1.645750999999999976e+03
-1.603057000000000016e+03
-1.661714999999999918e+03
-1.635355999999999995e+03
-1.623847999999999956e+03
-1.676565000000000055e+03
-1.665798999999999978e+03
-1.667284000000000106e+03
-1.676935999999999922e+03
-1.680277000000000044e+03
-1.666912000000000035e+03
-1.721115000000000009e+03
-1.693270999999999958e+03
-1.665798999999999978e+03
-1.698097999999999956e+03
-1.728539999999999964e+03
-1.730395999999999958e+03
-1.712576000000000022e+03
-1.748959000000000060e+03
-1.741162000000000035e+03
-1.757498000000000047e+03
-1.760096000000000004e+03
-1.739676999999999907e+03
-1.786454999999999927e+03
-1.831005000000000109e+03
-1.771605000000000018e+03
-1.824693999999999960e+03
-1.812070999999999913e+03
-1.812070999999999913e+03
-1.828777000000000044e+03
-1.841400000000000091e+03
-1.860334000000000060e+03
-1.828777000000000044e+03
-1.849195999999999913e+03
-1.867016000000000076e+03
-1.871471000000000004e+03
-1.871099999999999909e+03
-1.883722999999999956e+03
-1.887064000000000078e+03
-1.878153999999999996e+03
-1.834346000000000004e+03
-1.811328999999999951e+03
-1.828405999999999949e+03
-1.836202999999999975e+03
-1.827663999999999987e+03
-1.870357999999999947e+03
-1.808358999999999924e+03
-1.796107999999999947e+03
-1.831375999999999976e+03
-1.811328999999999951e+03
-1.804275000000000091e+03
-1.830262999999999920e+03
-1.816526000000000067e+03
-1.823951000000000022e+03
-1.839172000000000025e+03
-1.830634000000000015e+03
-1.824323000000000093e+03
-1.839914999999999964e+03
-1.867387999999999920e+03
-1.848825000000000045e+03
-1.875183999999999969e+03
-1.875925999999999931e+03
-1.871471000000000004e+03
-1.895973999999999933e+03
-1.887064000000000078e+03
-1.904884000000000015e+03
-1.908596000000000004e+03
-1.929015000000000100e+03
-1.953518000000000029e+03
-1.944607999999999947e+03
-1.946093000000000075e+03
-1.937554000000000087e+03
-1.942750999999999976e+03
-1.939410000000000082e+03
-1.944607999999999947e+03
-1.965396999999999935e+03
-1.995839999999999918e+03
-1.963540999999999940e+03
-2.017743999999999915e+03
-2.010318999999999960e+03
-1.976535000000000082e+03
-2.037048999999999978e+03
-2.067862999999999829e+03
-2.057467999999999847e+03
-2.041875000000000000e+03
-2.028138999999999896e+03
-2.064150000000000091e+03
-2.061179999999999836e+03
-2.058581000000000131e+03
-2.067490999999999985e+03
-2.091623000000000047e+03
-2.073431000000000040e+03
-2.083454999999999927e+03
-2.140626999999999953e+03
-2.118353000000000065e+03
-2.122807999999999993e+03
-2.183320999999999913e+03
-2.187034000000000106e+03
-2.130974999999999909e+03
-2.178865999999999985e+03
-2.181465000000000146e+03
-2.153992000000000189e+03
-2.186291000000000167e+03
-2.219704000000000178e+03
-2.179980000000000018e+03
-2.197800000000000182e+03
-2.205967999999999847e+03
-2.201512000000000171e+03
-2.218960999999999785e+03
-2.236409999999999854e+03
-2.184063999999999851e+03
-2.202626000000000204e+03
-2.207081000000000131e+03
-2.158818999999999960e+03
-2.181465000000000146e+03
-2.200027999999999793e+03
-2.169213999999999942e+03
-2.190746000000000095e+03
-2.222302000000000135e+03
-2.215619999999999891e+03
-2.182579000000000178e+03
-2.238266000000000076e+03
-2.249032000000000153e+03
-2.252373999999999796e+03
-2.273164000000000215e+03
-2.253115999999999985e+03
-2.227128999999999905e+03
-2.275391000000000076e+03
-2.252001999999999953e+03
-2.231583999999999833e+03
-2.294695999999999913e+03
-2.270193999999999960e+03
-2.263139999999999873e+03
-2.288755999999999858e+03
-2.295809999999999945e+03
-2.295068000000000211e+03
-2.305090999999999894e+03
-2.302121000000000095e+03
-2.308804000000000087e+03
-2.339246000000000095e+03
-2.318827999999999975e+03
-2.315856999999999971e+03
-2.344815000000000055e+03
-2.325510000000000218e+03
-2.288755999999999858e+03
-2.303235000000000127e+03
-2.318827999999999975e+03
-2.306947999999999865e+03
-2.347784999999999854e+03
-2.323653999999999996e+03
-2.314001000000000204e+03
-2.341474000000000160e+03
-2.293583000000000084e+03
-2.306576000000000022e+03
-2.331079000000000178e+03
-2.311402999999999793e+03
-2.310289000000000215e+03
-2.331079000000000178e+03
-2.321797999999999774e+03
-2.275019999999999982e+03
-2.309916999999999916e+03
-2.324768000000000029e+03
-2.293210999999999785e+03
-2.330335999999999785e+03
-2.326251999999999953e+03
-2.298409000000000106e+03
-2.326251999999999953e+03
-2.360778999999999996e+03
-2.332563999999999851e+03
-2.335163000000000011e+03
-2.345557999999999993e+03
-2.333677000000000135e+03
-2.344815000000000055e+03
-2.358550999999999931e+03
-2.332934999999999945e+03
-2.353724999999999909e+03
-2.373771999999999935e+03
-2.381197999999999865e+03
-2.377114000000000033e+03
-2.409041000000000167e+03
-2.401244999999999891e+03
-2.380083999999999833e+03
-2.411268999999999778e+03
-2.425005000000000109e+03
-2.407184999999999945e+03
-2.413496000000000095e+03
-2.409041000000000167e+03
-2.435400000000000091e+03
-2.433914999999999964e+03
-2.422405999999999949e+03
-2.447650999999999840e+03
-2.451364000000000033e+03
-2.447280000000000200e+03
-2.446909000000000106e+03
-2.471782000000000153e+03
-2.448393999999999778e+03
-2.440969000000000051e+03
-2.486260999999999967e+03
-2.453219999999999800e+03
-2.435400000000000091e+03
-2.438740999999999985e+03
-2.428346000000000004e+03
-2.408298999999999978e+03
-2.439855000000000018e+03
-2.441710999999999785e+03
-2.424634000000000015e+03
-2.439112999999999829e+03
-2.445423999999999978e+03
-2.443938999999999851e+03
-2.454704999999999927e+03
-2.453219999999999800e+03
-2.449878999999999905e+03
-2.452478000000000065e+03
-2.451364000000000033e+03
-2.449878999999999905e+03
-2.474380999999999858e+03
-2.465099999999999909e+03
-2.475865999999999985e+03
-2.507050999999999931e+03
-2.497769999999999982e+03
-2.456932999999999993e+03
-2.499255000000000109e+03
-2.514105000000000018e+03
-2.474380999999999858e+03
-2.501853999999999814e+03
-2.479208000000000084e+03
-2.461387000000000171e+03
-2.474751999999999953e+03
-2.385280999999999949e+03
-2.377856000000000222e+03
-2.341474000000000160e+03
-2.328480000000000018e+03
-2.302492000000000189e+03
-2.312516000000000076e+03
-2.301007999999999811e+03
-2.261655000000000200e+03
-2.277619000000000142e+03
-2.275391000000000076e+03
-2.215619999999999891e+03
-2.218590000000000146e+03
-2.236039000000000215e+03
-2.222673999999999978e+03
-2.229728000000000065e+03
-2.245320000000000164e+03
-2.256085999999999785e+03
-2.238266000000000076e+03
-2.235295999999999822e+03
-2.231954999999999927e+03
-2.224900999999999840e+03
-2.230099000000000160e+03
-2.240864999999999782e+03
-2.246063000000000102e+03
-2.236039000000000215e+03
-2.250518000000000029e+03
-2.265739000000000033e+03
-2.261655000000000200e+03
-2.260541000000000167e+03
-2.260170000000000073e+03
-2.284300999999999931e+03
-2.259427000000000135e+03
-2.270936000000000149e+03
-2.308432999999999993e+03
-2.261655000000000200e+03
-2.263139999999999873e+03
-2.272420999999999822e+03
-2.272791999999999916e+03
-2.271679000000000087e+03
-2.273905999999999949e+03
-2.267965999999999894e+03
-2.276505000000000109e+03
-2.270936000000000149e+03
-2.274277999999999793e+03
-2.266853000000000065e+03
-2.270565000000000055e+03
-2.280960000000000036e+03
-2.263510999999999967e+03
-2.283929999999999836e+03
-2.293210999999999785e+03
-2.280588999999999942e+03
-2.298038000000000011e+03
-2.302492000000000189e+03
-2.301750000000000000e+03
-2.302492000000000189e+03
-2.298038000000000011e+03
-2.294695999999999913e+03
-2.325880999999999858e+03
-2.273164000000000215e+03
-2.286900000000000091e+03
-2.310289000000000215e+03
-2.278360999999999876e+03
-2.270936000000000149e+03
-2.315856999999999971e+03
-2.311402999999999793e+03
-2.284300999999999931e+03
-2.312516000000000076e+03
-2.293954000000000178e+03
-2.291726000000000113e+03
-2.298409000000000106e+03
-2.310659999999999854e+03
-2.316971000000000004e+03
-2.309175000000000182e+03
-2.324025000000000091e+03
-2.309545999999999822e+03
-2.320313000000000102e+03
-2.312144999999999982e+03
-2.318456000000000131e+03
-2.345557999999999993e+03
-2.326623999999999796e+03
-2.322168999999999869e+03
-2.351869000000000142e+03
-2.335534000000000106e+03
-2.338503999999999905e+03
-2.357065999999999804e+03
-2.349269999999999982e+03
-2.334420000000000073e+03
-2.351498000000000047e+03
-2.376371000000000095e+03
-2.341103000000000065e+03
-2.367090000000000146e+03
-2.391221000000000004e+03
-2.345557999999999993e+03
-2.367090000000000146e+03
-2.391221000000000004e+03
-2.363376999999999953e+03
-2.362264000000000124e+03
-2.370802000000000135e+03
-2.345186000000000149e+03
-2.376742000000000189e+03
-2.382682999999999993e+03
-2.365233999999999924e+03
-2.383425000000000182e+03
-2.396418999999999869e+03
-2.378969999999999800e+03
-2.393077999999999975e+03
-2.392335000000000036e+03
-2.365976000000000113e+03
-2.373771999999999935e+03
-2.383795999999999822e+03
-2.387509000000000015e+03
-2.394934000000000196e+03
-2.398646000000000186e+03
-2.392335000000000036e+03
-2.391221000000000004e+03
-2.370059999999999945e+03
-2.331079000000000178e+03
-2.323653999999999996e+03
-2.335905000000000200e+03
-2.323282000000000153e+03
-2.324768000000000029e+03
-2.327737999999999829e+03
-2.331820999999999913e+03
-2.328480000000000018e+03
-2.288755999999999858e+03
-2.249775000000000091e+03
-2.299893999999999778e+03
-2.285786000000000058e+03
-2.267965999999999894e+03
-2.256085999999999785e+03
-2.280588999999999942e+03
-2.293583000000000084e+03
