-2.268337999999999965e+02
-2.324025000000000034e+02
-2.624737999999999829e+02
-2.635874999999999773e+02
-2.535637999999999863e+02
-2.936587999999999852e+02
-2.802937999999999761e+02
-2.810362999999999829e+02
-2.836349999999999909e+02
-2.940299999999999727e+02
-3.140774999999999864e+02
-3.118500000000000227e+02
-3.341250000000000000e+02
-3.181612999999999829e+02
-3.296700000000000159e+02
-3.408075000000000045e+02
-3.218736999999999853e+02
-3.385799999999999841e+02
-3.604837999999999738e+02
-3.753337000000000216e+02
-3.255862000000000194e+02
-3.486037999999999784e+02
-3.961236999999999853e+02
-3.760763000000000034e+02
-3.434062999999999874e+02
-3.764474999999999909e+02
-3.842436999999999898e+02
-3.716211999999999875e+02
-4.083750000000000000e+02
-3.979800000000000182e+02
-3.775611999999999853e+02
-4.028061999999999898e+02
-3.745912000000000148e+02
-3.530586999999999875e+02
-3.931537000000000148e+02
-4.146861999999999853e+02
-3.961236999999999853e+02
-4.098600000000000136e+02
-4.284225000000000136e+02
-4.343625000000000114e+02
-4.209975000000000023e+02
-4.195124999999999886e+02
-4.039200000000000159e+02
-4.206263000000000147e+02
-4.243387000000000171e+02
-4.317638000000000034e+02
-4.384463000000000079e+02
-4.336200000000000045e+02
-4.221113000000000284e+02
-4.373324999999999818e+02
-4.473562999999999761e+02
-4.124587000000000216e+02
-4.362187999999999874e+02
-4.406738000000000284e+02
-4.369612000000000194e+02
-4.659187999999999761e+02
-4.577513000000000147e+02
-4.343625000000000114e+02
-4.373324999999999818e+02
-4.510688000000000102e+02
-4.254524999999999864e+02
-4.265663000000000125e+02
-4.369612000000000194e+02
-4.432724999999999795e+02
-4.235962999999999852e+02
-4.462425000000000068e+02
-4.573799999999999955e+02
-4.651763000000000261e+02
-4.291650000000000205e+02
-4.584936999999999898e+02
-4.677749999999999773e+02
-4.733437999999999874e+02
-4.250812999999999988e+02
-4.551524999999999750e+02
-4.577513000000000147e+02
-4.685174999999999841e+02
-4.544100000000000250e+02
-4.803974999999999795e+02
-4.789125000000000227e+02
-4.763138000000000147e+02
-4.759424999999999955e+02
-4.915350000000000250e+02
-4.636913000000000125e+02
-4.989599999999999795e+02
-4.562663000000000011e+02
-4.722300000000000182e+02
-4.826250000000000000e+02
-4.410450000000000159e+02
-4.896786999999999921e+02
-5.156662999999999784e+02
-4.789125000000000227e+02
-5.212350000000000136e+02
-4.919062999999999874e+02
-4.789125000000000227e+02
-4.666612999999999829e+02
-4.703736999999999853e+02
-4.618349999999999795e+02
-4.577513000000000147e+02
-4.685174999999999841e+02
-4.755713000000000079e+02
-4.722300000000000182e+02
-4.829961999999999875e+02
-4.603500000000000227e+02
-4.766850000000000023e+02
-4.945049999999999955e+02
-4.807687999999999988e+02
-4.696313000000000102e+02
-5.186362000000000307e+02
-4.937624999999999886e+02
-4.926487000000000194e+02
-5.245761999999999716e+02
-5.008163000000000125e+02
-4.997024999999999864e+02
-5.227200000000000273e+02
-5.023013000000000261e+02
-5.208637999999999693e+02
-5.464800000000000182e+02
-5.223487999999999829e+02
-4.911637999999999806e+02
-5.234624999999999773e+02
-5.320013000000000147e+02
-5.000738000000000056e+02
-5.152949999999999591e+02
-5.338574999999999591e+02
-5.468513000000000375e+02
-5.282888000000000375e+02
-5.423962000000000216e+02
-5.182649999999999864e+02
-5.364561999999999671e+02
-5.527912999999999784e+02
-5.371987000000000307e+02
-5.668986999999999625e+02
-5.405399999999999636e+02
-5.509349999999999454e+02
-5.479650000000000318e+02
-5.435099999999999909e+02
-5.238337000000000216e+02
-5.275462999999999738e+02
-5.524199999999999591e+02
-5.297736999999999625e+02
-5.475937999999999874e+02
-5.483361999999999625e+02
-5.553899999999999864e+02
-5.587313000000000329e+02
-5.758088000000000193e+02
-5.591024999999999636e+02
-5.490787000000000262e+02
-5.483361999999999625e+02
-5.453663000000000238e+02
-5.642999999999999545e+02
-5.602161999999999580e+02
-5.513062999999999647e+02
-5.602161999999999580e+02
-5.487074999999999818e+02
-5.498211999999999762e+02
-5.713537999999999784e+02
-5.624437000000000353e+02
-5.665275000000000318e+02
-5.765512999999999693e+02
-5.694974999999999454e+02
-5.657849999999999682e+02
-5.758088000000000193e+02
-5.635575000000000045e+02
-5.791499999999999773e+02
-5.780362999999999829e+02
-5.810062000000000353e+02
-5.216063000000000329e+02
-5.245761999999999716e+02
-5.145525000000000091e+02
-4.904212999999999738e+02
-5.074986999999999853e+02
-4.796549999999999727e+02
-4.722300000000000182e+02
-4.514399999999999977e+02
-4.562663000000000011e+02
-4.562663000000000011e+02
-4.596075000000000159e+02
-4.907925000000000182e+02
-4.536675000000000182e+02
-4.610924999999999727e+02
-4.633199999999999932e+02
-4.532962999999999738e+02
-4.659187999999999761e+02
-4.800262000000000171e+02
-4.763138000000000147e+02
-4.614637000000000171e+02
-4.711161999999999921e+02
-4.692599999999999909e+02
-4.666612999999999829e+02
-4.518111999999999853e+02
-4.759424999999999955e+02
-4.618349999999999795e+02
-4.499549999999999841e+02
-4.566374999999999886e+02
-4.562663000000000011e+02
-4.633199999999999932e+02
-4.473562999999999761e+02
-4.365899999999999750e+02
-4.777988000000000284e+02
-4.677749999999999773e+02
-4.295362999999999829e+02
-4.692599999999999909e+02
-4.584936999999999898e+02
-4.458711999999999875e+02
-4.584936999999999898e+02
-4.599787999999999784e+02
-4.603500000000000227e+02
-4.681462000000000216e+02
-4.789125000000000227e+02
-4.759424999999999955e+02
-4.558949999999999818e+02
-4.187699999999999818e+02
-4.302787000000000148e+02
-4.373324999999999818e+02
-4.187699999999999818e+02
-4.243387000000000171e+02
-4.455000000000000000e+02
-4.243387000000000171e+02
-4.183987000000000194e+02
-4.284225000000000136e+02
-4.191413000000000011e+02
-3.953813000000000102e+02
-4.195124999999999886e+02
-4.369612000000000194e+02
-4.102312999999999761e+02
-4.217400000000000091e+02
-4.202549999999999955e+02
-4.132013000000000034e+02
-3.964950000000000045e+02
-4.176562999999999874e+02
-4.302787000000000148e+02
-4.031775000000000091e+02
-4.191413000000000011e+02
-4.458711999999999875e+02
-4.150575000000000045e+02
-4.139438000000000102e+02
-4.351050000000000182e+02
-4.195124999999999886e+02
-4.388174999999999955e+02
-4.154286999999999921e+02
-4.377038000000000011e+02
-4.261949999999999932e+02
-4.280511999999999944e+02
-4.269375000000000000e+02
-4.232250000000000227e+02
-4.087461999999999875e+02
-4.380749999999999886e+02
-4.373324999999999818e+02
-4.161712999999999738e+02
-4.299075000000000273e+02
-4.514399999999999977e+02
-4.180274999999999750e+02
-4.332486999999999853e+02
-4.332486999999999853e+02
-4.113450000000000273e+02
-4.161712999999999738e+02
-4.213686999999999898e+02
-4.150575000000000045e+02
-4.221113000000000284e+02
-4.183987000000000194e+02
-4.124587000000000216e+02
-4.380749999999999886e+02
-4.291650000000000205e+02
-4.098600000000000136e+02
-4.228537999999999784e+02
-4.332486999999999853e+02
-4.172850000000000250e+02
-4.120874999999999773e+02
-4.273086999999999875e+02
-4.224825000000000159e+02
-4.109737999999999829e+02
-4.313924999999999841e+02
-4.106025000000000205e+02
-4.377038000000000011e+02
-4.503263000000000034e+02
-4.280511999999999944e+02
-4.217400000000000091e+02
-4.265663000000000125e+02
-4.117162000000000148e+02
-3.998362000000000194e+02
-4.313924999999999841e+02
-4.347337999999999738e+02
-4.313924999999999841e+02
-4.098600000000000136e+02
-4.146861999999999853e+02
-4.239674999999999727e+02
-4.466138000000000261e+02
-4.313924999999999841e+02
-4.332486999999999853e+02
-4.317638000000000034e+02
-4.269375000000000000e+02
-4.109737999999999829e+02
-4.120874999999999773e+02
-4.302787000000000148e+02
-4.132013000000000034e+02
-4.195124999999999886e+02
-3.938962000000000216e+02
-4.187699999999999818e+02
-4.306499999999999773e+02
-4.247099999999999795e+02
-4.187699999999999818e+02
-4.243387000000000171e+02
-4.351050000000000182e+02
-4.124587000000000216e+02
-4.176562999999999874e+02
-4.087461999999999875e+02
-4.239674999999999727e+02
-4.146861999999999853e+02
-4.317638000000000034e+02
-4.098600000000000136e+02
-4.313924999999999841e+02
-4.235962999999999852e+02
-4.258238000000000056e+02
-4.232250000000000227e+02
-4.250812999999999988e+02
-4.287937999999999761e+02
-4.098600000000000136e+02
-4.250812999999999988e+02
-4.261949999999999932e+02
-4.358475000000000250e+02
-4.187699999999999818e+02
-4.235962999999999852e+02
-4.150575000000000045e+02
-4.209975000000000023e+02
-4.054049999999999727e+02
-4.187699999999999818e+02
-4.436437999999999988e+02
-4.172850000000000250e+02
-4.224825000000000159e+02
-4.187699999999999818e+02
-4.191413000000000011e+02
-4.232250000000000227e+02
-4.410450000000000159e+02
-4.183987000000000194e+02
-4.224825000000000159e+02
-4.328774999999999977e+02
-4.313924999999999841e+02
-4.417875000000000227e+02
-4.347337999999999738e+02
-4.258238000000000056e+02
-4.443863000000000056e+02
-4.406738000000000284e+02
-4.091175000000000068e+02
-4.154286999999999921e+02
-4.573799999999999955e+02
-4.247099999999999795e+02
-4.273086999999999875e+02
-4.417875000000000227e+02
-4.269375000000000000e+02
-4.261949999999999932e+02
-4.328774999999999977e+02
-4.540387999999999806e+02
-4.436437999999999988e+02
-4.358475000000000250e+02
-4.221113000000000284e+02
-4.380749999999999886e+02
-4.506974999999999909e+02
-4.495837000000000216e+02
-4.403025000000000091e+02
-4.332486999999999853e+02
-4.280511999999999944e+02
-4.354762999999999806e+02
-4.384463000000000079e+02
-4.421587999999999852e+02
-4.429012000000000171e+02
-4.410450000000000159e+02
-4.321349999999999909e+02
-4.469850000000000136e+02
-4.466138000000000261e+02
-4.265663000000000125e+02
-4.306499999999999773e+02
-4.429012000000000171e+02
-4.362187999999999874e+02
-4.488412000000000148e+02
-4.391888000000000147e+02
-4.310212000000000216e+02
-4.206263000000000147e+02
-4.506974999999999909e+02
-4.325063000000000102e+02
-4.176562999999999874e+02
-4.347337999999999738e+02
-4.429012000000000171e+02
-4.269375000000000000e+02
-4.206263000000000147e+02
-4.250812999999999988e+02
-4.328774999999999977e+02
-4.135724999999999909e+02
-4.232250000000000227e+02
-4.343625000000000114e+02
-4.243387000000000171e+02
-4.228537999999999784e+02
-4.187699999999999818e+02
-4.362187999999999874e+02
-4.325063000000000102e+02
-4.328774999999999977e+02
-4.455000000000000000e+02
-4.180274999999999750e+02
-4.261949999999999932e+02
-4.414162999999999784e+02
-4.254524999999999864e+02
-4.358475000000000250e+02
-4.306499999999999773e+02
-4.451288000000000125e+02
-4.388174999999999955e+02
-4.284225000000000136e+02
-4.224825000000000159e+02
-4.403025000000000091e+02
-4.221113000000000284e+02
-4.339911999999999921e+02
-4.228537999999999784e+02
-4.243387000000000171e+02
-4.328774999999999977e+02
