-3.346447999999999865e+03
-3.369465000000000146e+03
-3.397309000000000196e+03
-3.361297999999999774e+03
-3.339021999999999935e+03
-3.358699000000000069e+03
-3.378003999999999905e+03
-3.379489000000000033e+03
-3.379117000000000189e+03
-3.411045000000000073e+03
-3.407704000000000178e+03
-3.422925000000000182e+03
-3.458936000000000149e+03
-3.444085999999999785e+03
-3.442601000000000113e+03
-3.471559000000000196e+03
-3.458936000000000149e+03
-3.493463000000000193e+03
-3.523905000000000200e+03
-3.468960000000000036e+03
-3.504599999999999909e+03
-3.491978000000000065e+03
-3.491978000000000065e+03
-3.523163000000000011e+03
-3.558059999999999945e+03
-3.511653999999999996e+03
-3.541353999999999814e+03
-3.520934999999999945e+03
-3.549150000000000091e+03
-3.587760000000000218e+03
-3.566228000000000065e+03
-3.523163000000000011e+03
-3.582934000000000196e+03
-3.544324000000000069e+03
-3.581449000000000069e+03
-3.571425000000000182e+03
-3.629340000000000146e+03
-3.622286000000000058e+03
-3.615231999999999971e+03
-3.626740999999999985e+03
-3.586646000000000186e+03
-3.605208999999999833e+03
-3.594070999999999913e+03
-3.626369999999999891e+03
-3.624143000000000029e+03
-3.622286000000000058e+03
-3.677603000000000065e+03
-3.636393999999999778e+03
-3.662751999999999953e+03
-3.646045999999999822e+03
-3.655327999999999975e+03
-3.651244000000000142e+03
-3.649759000000000015e+03
-3.700619999999999891e+03
-3.701362999999999829e+03
-3.699505999999999858e+03
-3.698021000000000186e+03
-3.716583999999999833e+03
-3.712871000000000095e+03
-3.709159000000000106e+03
-3.737001999999999953e+03
-3.715469999999999800e+03
-3.687998000000000047e+03
-3.728092999999999847e+03
-3.763731999999999971e+03
-3.699876999999999953e+03
-3.788606000000000222e+03
-3.762248000000000047e+03
-3.715099000000000160e+03
-3.714728000000000065e+03
-3.786378999999999905e+03
-3.696164999999999964e+03
-3.775612999999999829e+03
-3.778583000000000084e+03
-3.721780999999999949e+03
-3.744427000000000135e+03
-3.716583999999999833e+03
-3.734403999999999996e+03
-3.753708999999999833e+03
-3.772271000000000186e+03
-3.726606999999999971e+03
-3.777097999999999956e+03
-3.761505000000000109e+03
-3.758905999999999949e+03
-3.774126999999999953e+03
-3.779695999999999913e+03
-3.742943000000000211e+03
-3.780809999999999945e+03
-3.807911000000000058e+03
-3.764474999999999909e+03
-3.770414999999999964e+03
-3.781552000000000135e+03
-3.773385000000000218e+03
-3.774126999999999953e+03
-3.822018999999999778e+03
-3.788978000000000065e+03
-3.760762000000000171e+03
-3.826474000000000160e+03
-3.773385000000000218e+03
-3.789719999999999800e+03
-3.844293999999999869e+03
-3.804570000000000164e+03
-3.816449999999999818e+03
-3.845407000000000153e+03
-3.832414000000000215e+03
-3.853204000000000178e+03
-3.871394999999999982e+03
-3.872137000000000171e+03
-3.881789999999999964e+03
-3.869539000000000215e+03
-3.875106999999999971e+03
-3.869909999999999854e+03
-3.842438000000000102e+03
-3.867682999999999993e+03
-3.849862999999999829e+03
-3.902951000000000022e+03
-3.848376999999999953e+03
-3.883646000000000186e+03
-3.898867000000000189e+03
-3.893670000000000073e+03
-3.864713000000000193e+03
-3.915945000000000164e+03
-3.932650999999999840e+03
-3.886987999999999829e+03
-3.944902999999999793e+03
-3.881789999999999964e+03
-3.939704999999999927e+03
-3.914831000000000131e+03
-3.961237999999999829e+03
-3.900353000000000065e+03
-3.937106000000000222e+03
-3.948244000000000142e+03
-3.925969000000000051e+03
-3.989824000000000069e+03
-3.972375000000000000e+03
-3.982769999999999982e+03
-3.943045999999999822e+03
-3.958268000000000029e+03
-3.933021999999999935e+03
-3.974603000000000065e+03
-3.980914000000000215e+03
-3.990938000000000102e+03
-3.970889999999999873e+03
-3.995764000000000124e+03
-3.969405000000000200e+03
-3.979800000000000182e+03
-3.987224999999999909e+03
-3.954925999999999931e+03
-3.986110999999999876e+03
-4.014326000000000022e+03
-4.012469999999999800e+03
-4.007643999999999778e+03
-4.023978999999999814e+03
-4.058505000000000109e+03
-4.017666999999999916e+03
-4.026577999999999975e+03
-4.041427000000000135e+03
-4.048853000000000065e+03
-4.082635999999999967e+03
-4.029175999999999931e+03
-4.084492000000000189e+03
-4.069643000000000029e+03
-4.050708999999999833e+03
-4.065559000000000196e+03
-4.080409000000000106e+03
-4.082635999999999967e+03
-4.089690000000000055e+03
-4.148719000000000051e+03
-4.083750000000000000e+03
-4.135725000000000364e+03
-4.114192000000000007e+03
-4.137953000000000429e+03
-4.108994999999999891e+03
-4.141293999999999869e+03
-4.098970999999999549e+03
-4.139438000000000102e+03
-4.164311999999999898e+03
-4.150945999999999913e+03
-4.149090000000000146e+03
-4.166538999999999760e+03
-4.145006000000000313e+03
-4.162826000000000022e+03
-4.171364999999999782e+03
-4.165425000000000182e+03
-4.191042000000000371e+03
-4.223340000000000146e+03
-4.211088999999999942e+03
-4.209231999999999971e+03
-4.209975000000000364e+03
-4.196238999999999578e+03
-4.202179000000000087e+03
-4.253039999999999964e+03
-4.196980999999999767e+03
-4.235220000000000255e+03
-4.258609000000000378e+03
-4.226680999999999585e+03
-4.256752000000000407e+03
-4.248213999999999942e+03
-4.266404999999999745e+03
-4.257865999999999985e+03
-4.291649999999999636e+03
-4.304644000000000233e+03
-4.259722999999999956e+03
-4.297219000000000051e+03
-4.293506000000000313e+03
-4.280884000000000015e+03
-4.341769000000000233e+03
-4.315038999999999760e+03
-4.250440999999999804e+03
-4.167280999999999949e+03
-4.145748999999999796e+03
-4.142779000000000451e+03
-4.159855999999999767e+03
-4.153545000000000073e+03
-4.172106999999999971e+03
-4.166538999999999760e+03
-4.177676000000000386e+03
-4.092289000000000215e+03
-4.132384000000000015e+03
-4.131640999999999622e+03
-4.116048999999999978e+03
-4.112707999999999629e+03
-4.136467999999999847e+03
-4.103426000000000386e+03
-4.123845000000000255e+03
-4.153173999999999978e+03
-4.121988999999999578e+03
-4.125701000000000022e+03
-4.177676000000000386e+03
-4.145006000000000313e+03
-4.161712000000000444e+03
-4.158371000000000095e+03
-4.124216000000000349e+03
-4.145006000000000313e+03
-4.165425000000000182e+03
-4.141664999999999964e+03
-4.173592999999999847e+03
-4.182502000000000407e+03
-4.165425000000000182e+03
-4.158000000000000000e+03
-4.196238999999999578e+03
-4.174335000000000036e+03
-4.162826000000000022e+03
-4.198095000000000255e+03
-4.189927999999999884e+03
-4.181389000000000124e+03
-4.170251000000000204e+03
-4.201436999999999898e+03
-4.186957999999999629e+03
-4.187699999999999818e+03
-4.178046999999999571e+03
-4.171735999999999876e+03
-4.182873999999999796e+03
-4.170993999999999687e+03
-4.204777000000000044e+03
-4.217770999999999731e+03
-4.194381999999999607e+03
-4.225567000000000007e+03
-4.231136000000000422e+03
-4.212944999999999709e+03
-4.196609999999999673e+03
-4.215914999999999964e+03
-4.187699999999999818e+03
-4.201807999999999993e+03
-4.255639000000000124e+03
-4.216286000000000058e+03
-4.221484000000000378e+03
-4.214430000000000291e+03
-4.215543999999999869e+03
-4.203663999999999760e+03
-4.223340000000000146e+03
-4.216286000000000058e+03
-4.239675000000000182e+03
-4.239304000000000087e+03
-4.243015999999999622e+03
-4.217029000000000451e+03
-4.239675000000000182e+03
-4.225939000000000306e+03
-4.197724000000000160e+03
-4.244872999999999593e+03
-4.237819000000000415e+03
-4.230394000000000233e+03
-4.241530999999999949e+03
-4.252296999999999571e+03
-4.188442000000000007e+03
-4.248585000000000036e+03
-4.267890000000000327e+03
-4.207005000000000109e+03
-4.280884000000000015e+03
-4.202921000000000276e+03
-4.238561999999999898e+03
-4.251555000000000291e+03
-4.228537999999999556e+03
-4.228167000000000371e+03
-4.261207999999999629e+03
-4.269003999999999905e+03
-4.259722999999999956e+03
-4.286823999999999614e+03
-4.275686999999999898e+03
-4.272345000000000255e+03
-4.279770000000000437e+03
-4.273829999999999927e+03
-4.267519000000000233e+03
-4.294990999999999985e+03
-4.284595999999999549e+03
-4.265292000000000371e+03
-4.292020999999999731e+03
-4.289421999999999571e+03
-4.303900999999999840e+03
-4.290536000000000058e+03
-4.311326000000000022e+03
-4.283854000000000269e+03
-4.297219000000000051e+03
-4.314667000000000371e+03
-4.275314999999999600e+03
-4.266033999999999651e+03
-4.312439999999999600e+03
-4.282739999999999782e+03
-4.302045000000000073e+03
-4.296104999999999563e+03
-4.310212000000000444e+03
-4.290164999999999964e+03
-4.333972999999999956e+03
-4.297961000000000240e+03
-4.308355999999999767e+03
-4.329889000000000124e+03
-4.325063000000000102e+03
-4.296475999999999658e+03
-4.316524000000000342e+03
-4.302045000000000073e+03
-4.342881999999999607e+03
-4.341025999999999840e+03
-4.336199999999999818e+03
-4.322463999999999942e+03
-4.337685000000000400e+03
-4.341396999999999935e+03
-4.320606999999999971e+03
-4.363671999999999571e+03
-4.323948999999999614e+03
-4.338427999999999884e+03
-4.367385000000000218e+03
-4.364414999999999964e+03
-4.348079999999999927e+03
-4.374067000000000007e+03
-4.386689999999999600e+03
-4.364786000000000058e+03
-4.393743999999999687e+03
-4.377408999999999651e+03
-4.352163999999999760e+03
-4.398569999999999709e+03
-4.367756000000000313e+03
-4.358475000000000364e+03
-4.405994999999999891e+03
-4.383720000000000255e+03
-4.375180999999999585e+03
-4.398569999999999709e+03
-4.380750000000000000e+03
-4.386689999999999600e+03
-4.403768000000000029e+03
-4.424557999999999993e+03
-4.424557999999999993e+03
-4.416761000000000422e+03
-4.424929000000000087e+03
-4.412677999999999884e+03
-4.440149999999999636e+03
-4.416761000000000422e+03
-4.432725000000000364e+03
-4.435694999999999709e+03
-4.434581000000000131e+03
-4.446832999999999629e+03
-4.452400999999999840e+03
-4.485070999999999913e+03
-4.443490999999999985e+03
-4.471335000000000036e+03
-4.482100999999999658e+03
-4.450173999999999978e+03
-4.461682999999999993e+03
-4.470963999999999942e+03
-4.486185000000000400e+03
-4.489525999999999840e+03
-4.481359000000000378e+03
-4.477274999999999636e+03
-4.489896999999999935e+03
-4.484699999999999818e+03
-4.457599000000000160e+03
-4.469479000000000269e+03
-4.486185000000000400e+03
-4.455371000000000095e+03
-4.463538999999999760e+03
-4.505860999999999876e+03
-4.491381999999999607e+03
-4.495095000000000255e+03
-4.509944999999999709e+03
-4.501777000000000044e+03
-4.478389000000000124e+03
-4.496951000000000022e+03
-4.499921000000000276e+03
-4.456484999999999673e+03
-4.506231999999999971e+03
-4.470220999999999549e+03
-4.450917000000000371e+03
-4.496951000000000022e+03
-4.495466000000000349e+03
-4.436809000000000196e+03
-4.469479000000000269e+03
-4.487298999999999978e+03
-4.456855999999999767e+03
-4.526650999999999840e+03
-4.472448999999999614e+03
-4.438664999999999964e+03
-4.474305000000000291e+03
-4.474305000000000291e+03
