-6.805013000000000147e+02
-6.838424999999999727e+02
-7.183687999999999647e+02
-7.387875000000000227e+02
-7.491825000000000045e+02
-7.339611999999999625e+02
-7.963311999999999671e+02
-8.327137000000000171e+02
-8.208337000000000216e+02
-8.301150000000000091e+02
-8.353125000000000000e+02
-8.690963000000000420e+02
-8.861738000000000284e+02
-8.791200000000000045e+02
-8.961974999999999909e+02
-9.047363000000000284e+02
-9.262686999999999671e+02
-9.232988000000000284e+02
-9.544837999999999738e+02
-9.864112999999999829e+02
-9.570824999999999818e+02
-9.407474999999999454e+02
-1.012769999999999982e+03
-1.000519000000000005e+03
-9.916087999999999738e+02
-1.039128999999999905e+03
-1.041728000000000065e+03
-1.004230999999999995e+03
-1.063631000000000085e+03
-1.052865000000000009e+03
-1.019452999999999975e+03
-1.046182000000000016e+03
-1.043954999999999927e+03
-1.083679000000000087e+03
-1.076996000000000095e+03
-1.081451000000000022e+03
-1.083307000000000016e+03
-1.127486000000000104e+03
-1.141964999999999918e+03
-1.066230000000000018e+03
-1.146420000000000073e+03
-1.111151000000000067e+03
-1.145306000000000040e+03
-1.141594000000000051e+03
-1.122288999999999987e+03
-1.132313000000000102e+03
-1.165724999999999909e+03
-1.176863000000000056e+03
-1.160527000000000044e+03
-1.204705999999999904e+03
-1.190598999999999933e+03
-1.196910000000000082e+03
-1.204705999999999904e+03
-1.204335000000000036e+03
-1.175006000000000085e+03
-1.199136999999999944e+03
-1.258537000000000035e+03
-1.172778999999999996e+03
-1.216958000000000084e+03
-1.235148999999999887e+03
-1.175749000000000024e+03
-1.177976000000000113e+03
-1.226239000000000033e+03
-1.191340999999999894e+03
-1.219184999999999945e+03
-1.258909000000000106e+03
-1.239974999999999909e+03
-1.251113000000000056e+03
-1.293064000000000078e+03
-1.284153999999999996e+03
-1.266334000000000060e+03
-1.260394000000000005e+03
-1.274500999999999976e+03
-1.291950000000000045e+03
-1.321278999999999996e+03
-1.253711000000000013e+03
-1.250369999999999891e+03
-1.316824000000000069e+03
-1.301230999999999995e+03
-1.299746000000000095e+03
-1.336871000000000095e+03
-1.314968000000000075e+03
-1.335385999999999967e+03
-1.387361000000000104e+03
-1.342810999999999922e+03
-1.353577999999999975e+03
-1.389960000000000036e+03
-1.380307000000000016e+03
-1.363230000000000018e+03
-1.395156999999999925e+03
-1.438964999999999918e+03
-1.392188000000000102e+03
-1.406295000000000073e+03
-1.441934999999999945e+03
-1.474605000000000018e+03
-1.454185999999999922e+03
-1.443048999999999978e+03
-1.453815000000000055e+03
-1.474976000000000113e+03
-1.481659000000000106e+03
-1.491310999999999922e+03
-1.512101000000000113e+03
-1.495766000000000076e+03
-1.480173999999999978e+03
-1.525837999999999965e+03
-1.520640000000000100e+03
-1.516556000000000040e+03
-1.557021999999999935e+03
-1.516926999999999907e+03
-1.516556000000000040e+03
-1.585980000000000018e+03
-1.556651000000000067e+03
-1.532519999999999982e+03
-1.581153999999999996e+03
-1.578555000000000064e+03
-1.565560999999999922e+03
-1.607512999999999920e+03
-1.616422000000000025e+03
-1.606769999999999982e+03
-1.607884000000000015e+03
-1.617536000000000058e+03
-1.584124000000000024e+03
-1.593034000000000106e+03
-1.643894999999999982e+03
-1.606769999999999982e+03
-1.621249000000000024e+03
-1.601573000000000093e+03
-1.616422000000000025e+03
-1.607512999999999920e+03
-1.599345000000000027e+03
-1.618650000000000091e+03
-1.647607999999999947e+03
-1.632385999999999967e+03
-1.591920000000000073e+03
-1.623476000000000113e+03
-1.615308999999999969e+03
-1.610111000000000104e+03
-1.610111000000000104e+03
-1.657631000000000085e+03
-1.631271999999999935e+03
-1.659858999999999924e+03
-1.677307000000000016e+03
-1.648349999999999909e+03
-1.675079999999999927e+03
-1.714060999999999922e+03
-1.679905999999999949e+03
-1.670996000000000095e+03
-1.685474999999999909e+03
-1.689188000000000102e+03
-1.660972999999999956e+03
-1.674337999999999965e+03
-1.691786000000000058e+03
-1.681391000000000076e+03
-1.681762999999999920e+03
-1.698097999999999956e+03
-1.696613000000000056e+03
-1.690672000000000025e+03
-1.722599999999999909e+03
-1.713690000000000055e+03
-1.721857999999999947e+03
-1.704779999999999973e+03
-1.728539999999999964e+03
-1.736708000000000084e+03
-1.718144999999999982e+03
-1.753041999999999916e+03
-1.739676999999999907e+03
-1.721486000000000104e+03
-1.750073000000000093e+03
-1.759724999999999909e+03
-1.743760999999999967e+03
-1.794250999999999976e+03
-1.794993999999999915e+03
-1.795365000000000009e+03
-1.799819999999999936e+03
-1.803531999999999925e+03
-1.807988000000000056e+03
-1.812442999999999984e+03
-1.808358999999999924e+03
-1.787940000000000055e+03
-1.776059999999999945e+03
-1.793137999999999920e+03
-1.786826000000000022e+03
-1.760838999999999942e+03
-1.800563000000000102e+03
-1.818383000000000038e+03
-1.781258000000000038e+03
-1.809472999999999956e+03
-1.836944999999999936e+03
-1.803903999999999996e+03
-1.820609999999999900e+03
-1.836944999999999936e+03
-1.811328999999999951e+03
-1.816154999999999973e+03
-1.838430000000000064e+03
-1.836574000000000069e+03
-1.860334000000000060e+03
-1.865160000000000082e+03
-1.847339999999999918e+03
-1.863674999999999955e+03
-1.872955999999999904e+03
-1.858105999999999995e+03
-1.879638999999999896e+03
-1.876669000000000096e+03
-1.880381000000000085e+03
-1.874813000000000102e+03
-1.873327999999999975e+03
-1.869615000000000009e+03
-1.881124000000000024e+03
-1.903398999999999887e+03
-1.874069999999999936e+03
-1.916020999999999958e+03
-1.934954999999999927e+03
-1.886320999999999913e+03
-1.924931000000000040e+03
-1.935698000000000093e+03
-1.917134999999999991e+03
-1.937924999999999955e+03
-1.963540999999999940e+03
-1.953145999999999958e+03
-1.982846000000000004e+03
-1.981732999999999947e+03
-1.975421000000000049e+03
-1.998439000000000078e+03
-1.992499000000000024e+03
-1.975049999999999955e+03
-1.954631000000000085e+03
-1.981361000000000104e+03
-1.971709000000000060e+03
-1.944607999999999947e+03
-1.962056000000000040e+03
-1.974679000000000087e+03
-1.979134000000000015e+03
-1.989900000000000091e+03
-1.991756000000000085e+03
-1.990643000000000029e+03
-2.016630000000000109e+03
-1.965769000000000005e+03
-1.984702999999999975e+03
-2.005492999999999938e+03
-1.971709000000000060e+03
-1.965769000000000005e+03
-1.989156999999999925e+03
-1.977648999999999887e+03
-2.010690000000000055e+03
-2.019599999999999909e+03
-1.983960000000000036e+03
-2.018115000000000009e+03
-2.014402000000000044e+03
-2.027395999999999958e+03
-2.024055000000000064e+03
-2.051155999999999949e+03
-2.046329999999999927e+03
-2.059324000000000069e+03
-2.054498000000000047e+03
-2.057096000000000004e+03
-2.043359999999999900e+03
-2.050784999999999854e+03
-2.042989000000000033e+03
-2.041503999999999905e+03
-2.076400999999999840e+03
-2.042246000000000095e+03
-2.040019000000000005e+03
-2.008462999999999965e+03
-2.007720000000000027e+03
-1.983218000000000075e+03
-1.940894999999999982e+03
-1.899685999999999922e+03
-1.887064000000000078e+03
-1.906740000000000009e+03
-1.917877999999999929e+03
-1.909338999999999942e+03
-1.899315000000000055e+03
-1.844369999999999891e+03
-1.813926999999999907e+03
-1.846969000000000051e+03
-1.830262999999999920e+03
-1.835830999999999904e+03
-1.871099999999999909e+03
-1.862932000000000016e+03
-1.862560999999999922e+03
-1.875925999999999931e+03
-1.867016000000000076e+03
-1.840656999999999925e+03
-1.868130000000000109e+03
-1.868130000000000109e+03
-1.857734999999999900e+03
-1.872213999999999942e+03
-1.880381000000000085e+03
-1.844740999999999985e+03
-1.867387999999999920e+03
-1.892260999999999967e+03
-1.867016000000000076e+03
-1.905998000000000047e+03
-1.914906999999999925e+03
-1.881865999999999985e+03
-1.905625999999999976e+03
-1.939410000000000082e+03
-1.910824000000000069e+03
-1.938666999999999916e+03
-1.943493999999999915e+03
-1.940152000000000044e+03
-1.929758000000000038e+03
-1.946093000000000075e+03
-1.939038999999999987e+03
-1.936440000000000055e+03
-1.953518000000000029e+03
-1.940523999999999887e+03
-1.935326000000000022e+03
-1.948691000000000031e+03
-1.958344000000000051e+03
-1.939780999999999949e+03
-1.973193999999999960e+03
-1.952403999999999996e+03
-1.957972999999999956e+03
-1.956858999999999924e+03
-1.947577999999999975e+03
-1.964284000000000106e+03
-1.974307000000000016e+03
-1.944607999999999947e+03
-1.947949000000000069e+03
-1.986188000000000102e+03
-1.968367999999999938e+03
-1.981732999999999947e+03
-1.998067999999999984e+03
-2.009948000000000093e+03
-2.002521999999999935e+03
-2.005864000000000033e+03
-2.004008000000000038e+03
-1.992869999999999891e+03
-2.008090999999999894e+03
-2.008090999999999894e+03
-1.986930000000000064e+03
-2.007348999999999933e+03
-2.014402000000000044e+03
-2.021455999999999904e+03
-2.031108999999999924e+03
-2.004378999999999905e+03
-2.029994999999999891e+03
-2.057096000000000004e+03
-2.050041999999999916e+03
-2.067862999999999829e+03
-2.064150000000000091e+03
-2.050784999999999854e+03
-2.083083999999999833e+03
-2.081599000000000160e+03
-2.088280999999999949e+03
-2.083083999999999833e+03
-2.074916000000000167e+03
-2.071204000000000178e+03
-2.062664999999999964e+03
-2.071204000000000178e+03
-2.071574999999999818e+03
-2.025169000000000096e+03
-2.040019000000000005e+03
-2.034078999999999951e+03
-2.041875000000000000e+03
-2.053384000000000015e+03
-2.068233999999999924e+03
-2.068605000000000018e+03
-2.036676999999999907e+03
-2.066748999999999796e+03
-2.076030000000000200e+03
-2.062664999999999964e+03
-2.093106999999999971e+03
-2.073802000000000135e+03
-2.060065999999999804e+03
-2.093106999999999971e+03
-2.085311000000000149e+03
-2.073802000000000135e+03
-2.086054000000000087e+03
-2.057838999999999942e+03
-2.062293999999999869e+03
-2.081228000000000065e+03
-2.064893000000000029e+03
-2.067490999999999985e+03
-2.058210000000000036e+03
-2.058210000000000036e+03
-2.070833000000000084e+03
-2.072318000000000211e+03
-2.050414000000000215e+03
-2.073059999999999945e+03
-2.077885999999999967e+03
-2.040390000000000100e+03
-2.086425000000000182e+03
-2.086795999999999822e+03
-2.068233999999999924e+03
-2.067862999999999829e+03
-2.076771999999999935e+03
-2.045215999999999894e+03
-2.054498000000000047e+03
-2.084568999999999960e+03
-2.063778999999999996e+03
-2.061550999999999931e+03
-2.072688999999999851e+03
-2.069347000000000207e+03
-2.048929000000000087e+03
-2.077143999999999778e+03
-2.085311000000000149e+03
-2.083826000000000022e+03
-2.097190999999999804e+03
-2.086425000000000182e+03
-2.083454999999999927e+03
-2.108329000000000178e+03
-2.104615999999999985e+03
-2.096449000000000069e+03
-2.107215000000000146e+03
-2.086795999999999822e+03
-2.097563000000000102e+03
-2.126148999999999887e+03
-2.122807999999999993e+03
-2.101275000000000091e+03
-2.087909999999999854e+03
