-1.603799999999999955e+02
-1.418174999999999955e+02
-1.637213000000000136e+02
-2.023312999999999988e+02
-1.626074999999999875e+02
-1.882238000000000113e+02
-2.186662000000000035e+02
-2.045586999999999875e+02
-2.342588000000000079e+02
-2.561625000000000227e+02
-2.338874999999999886e+02
-2.617312999999999761e+02
-2.828924999999999841e+02
-3.021974999999999909e+02
-2.583899999999999864e+02
-2.739825000000000159e+02
-3.222450000000000045e+02
-2.951437000000000239e+02
-3.018263000000000034e+02
-3.348675000000000068e+02
-3.359812999999999761e+02
-3.467475000000000023e+02
-3.374662000000000148e+02
-3.367237999999999829e+02
-3.842436999999999898e+02
-3.660525000000000091e+02
-3.623399999999999750e+02
-3.779325000000000045e+02
-3.749624999999999773e+02
-3.660525000000000091e+02
-3.864712999999999852e+02
-3.905550000000000068e+02
-3.771899999999999977e+02
-3.619687999999999874e+02
-4.042912999999999784e+02
-3.745912000000000148e+02
-3.950099999999999909e+02
-4.091175000000000068e+02
-4.087461999999999875e+02
-4.213686999999999898e+02
-4.024350000000000023e+02
-4.072613000000000056e+02
-4.299075000000000273e+02
-4.610924999999999727e+02
-4.106025000000000205e+02
-4.584936999999999898e+02
-4.599787999999999784e+02
-4.417875000000000227e+02
-4.859662000000000148e+02
-4.629488000000000056e+02
-4.696313000000000102e+02
-4.473562999999999761e+02
-4.696313000000000102e+02
-4.774275000000000091e+02
-5.164088000000000420e+02
-4.982174999999999727e+02
-4.763138000000000147e+02
-5.152949999999999591e+02
-5.216063000000000329e+02
-4.900500000000000114e+02
-4.807687999999999988e+02
-4.930199999999999818e+02
-4.852237999999999829e+02
-4.922774999999999750e+02
-4.904212999999999738e+02
-4.466138000000000261e+02
-4.744574999999999818e+02
-4.603500000000000227e+02
-4.622062999999999988e+02
-4.670325000000000273e+02
-4.841100000000000136e+02
-4.714875000000000114e+02
-4.989599999999999795e+02
-4.959900000000000091e+02
-4.822538000000000125e+02
-4.948763000000000147e+02
-5.197500000000000000e+02
-5.008163000000000125e+02
-4.997024999999999864e+02
-5.290312999999999874e+02
-5.060138000000000034e+02
-4.967325000000000159e+02
-5.219774999999999636e+02
-5.071274999999999977e+02
-5.197500000000000000e+02
-5.234624999999999773e+02
-5.379412999999999556e+02
-5.000738000000000056e+02
-5.312586999999999762e+02
-5.037862999999999829e+02
-5.097262999999999806e+02
-5.487074999999999818e+02
-5.353424999999999727e+02
-5.312586999999999762e+02
-5.167799999999999727e+02
-5.138099999999999454e+02
-5.078700000000000045e+02
-5.279175000000000182e+02
-5.149238000000000284e+02
-5.190075000000000500e+02
-5.453663000000000238e+02
-5.149238000000000284e+02
-5.409112999999999829e+02
-5.364561999999999671e+02
-5.279175000000000182e+02
-5.346000000000000227e+02
-5.305162000000000262e+02
-5.442525000000000546e+02
-5.568750000000000000e+02
-5.238337000000000216e+02
-5.294025000000000318e+02
-5.268038000000000238e+02
-5.238337000000000216e+02
-5.301449999999999818e+02
-5.368274999999999864e+02
-5.320013000000000147e+02
-5.253187000000000353e+02
-5.316299999999999955e+02
-5.409112999999999829e+02
-5.286599999999999682e+02
-5.449950000000000045e+02
-5.294025000000000318e+02
-5.212350000000000136e+02
-5.397975000000000136e+02
-5.709824999999999591e+02
-5.524199999999999591e+02
-4.729725000000000250e+02
-4.599787999999999784e+02
-4.651763000000000261e+02
-4.455000000000000000e+02
-4.633199999999999932e+02
-4.429012000000000171e+02
-4.488412000000000148e+02
-4.584936999999999898e+02
-4.532962999999999738e+02
-4.636913000000000125e+02
-4.618349999999999795e+02
-4.636913000000000125e+02
-4.596075000000000159e+02
-4.555237000000000194e+02
-4.514399999999999977e+02
-4.477275000000000205e+02
-4.614637000000000171e+02
-4.488412000000000148e+02
-4.636913000000000125e+02
-4.421587999999999852e+02
-4.536675000000000182e+02
-4.425299999999999727e+02
-4.625774999999999864e+02
-4.540387999999999806e+02
-4.261949999999999932e+02
-4.499549999999999841e+02
-4.358475000000000250e+02
-4.503263000000000034e+02
-4.748288000000000011e+02
-4.362187999999999874e+02
-4.388174999999999955e+02
-4.417875000000000227e+02
-4.555237000000000194e+02
-4.432724999999999795e+02
-4.551524999999999750e+02
-4.506974999999999909e+02
-4.388174999999999955e+02
-4.588650000000000091e+02
-4.625774999999999864e+02
-4.365899999999999750e+02
-4.644336999999999875e+02
-4.666612999999999829e+02
-4.544100000000000250e+02
-4.703736999999999853e+02
-4.792837999999999852e+02
-4.443863000000000056e+02
-4.384463000000000079e+02
-4.755713000000000079e+02
-4.243387000000000171e+02
-4.506974999999999909e+02
-4.462425000000000068e+02
-4.492124999999999773e+02
-4.429012000000000171e+02
-4.306499999999999773e+02
-4.358475000000000250e+02
-4.310212000000000216e+02
-4.625774999999999864e+02
-4.425299999999999727e+02
-4.555237000000000194e+02
-4.484700000000000273e+02
-4.250812999999999988e+02
-4.462425000000000068e+02
-4.521825000000000045e+02
-4.429012000000000171e+02
-4.373324999999999818e+02
-4.503263000000000034e+02
-4.161712999999999738e+02
-4.228537999999999784e+02
-4.451288000000000125e+02
-4.243387000000000171e+02
-4.254524999999999864e+02
-4.636913000000000125e+02
-4.213686999999999898e+02
-4.306499999999999773e+02
-4.432724999999999795e+02
-4.228537999999999784e+02
-4.510688000000000102e+02
-4.499549999999999841e+02
-4.655475000000000136e+02
-4.447574999999999932e+02
-4.677749999999999773e+02
-4.514399999999999977e+02
-4.495837000000000216e+02
-4.562663000000000011e+02
-4.380749999999999886e+02
-4.636913000000000125e+02
-4.648050000000000068e+02
-4.495837000000000216e+02
-4.640625000000000000e+02
-4.740862000000000194e+02
-4.610924999999999727e+02
-4.551524999999999750e+02
-4.488412000000000148e+02
-4.551524999999999750e+02
-4.815113000000000056e+02
-4.566374999999999886e+02
-4.599787999999999784e+02
-4.774275000000000091e+02
-4.625774999999999864e+02
-4.644336999999999875e+02
-4.666612999999999829e+02
-4.581225000000000023e+02
-4.492124999999999773e+02
-4.644336999999999875e+02
-4.722300000000000182e+02
-4.640625000000000000e+02
-4.629488000000000056e+02
-4.766850000000000023e+02
-4.521825000000000045e+02
-4.584936999999999898e+02
-4.618349999999999795e+02
-4.603500000000000227e+02
-4.622062999999999988e+02
-4.789125000000000227e+02
-4.737149999999999750e+02
-4.633199999999999932e+02
-4.774275000000000091e+02
-4.759424999999999955e+02
-4.506974999999999909e+02
-4.466138000000000261e+02
-4.235962999999999852e+02
-4.276800000000000068e+02
-4.317638000000000034e+02
-4.087461999999999875e+02
-4.028061999999999898e+02
-4.172850000000000250e+02
-4.432724999999999795e+02
-4.150575000000000045e+02
-4.154286999999999921e+02
-4.009499999999999886e+02
-3.998362000000000194e+02
-4.183987000000000194e+02
-4.072613000000000056e+02
-3.968661999999999921e+02
-4.180274999999999750e+02
-4.187699999999999818e+02
-4.065187999999999988e+02
-4.031775000000000091e+02
-3.979800000000000182e+02
-4.046625000000000227e+02
-4.132013000000000034e+02
-4.109737999999999829e+02
-3.998362000000000194e+02
-4.106025000000000205e+02
-4.057762000000000171e+02
-4.091175000000000068e+02
-4.098600000000000136e+02
-4.005788000000000011e+02
-3.875849999999999795e+02
-4.354762999999999806e+02
-4.143149999999999977e+02
-4.106025000000000205e+02
-4.050337999999999852e+02
-4.113450000000000273e+02
-4.198838000000000079e+02
-4.098600000000000136e+02
-4.020638000000000147e+02
-3.983512999999999806e+02
-4.247099999999999795e+02
-4.172850000000000250e+02
-4.098600000000000136e+02
-3.987225000000000250e+02
-4.080038000000000125e+02
-3.931537000000000148e+02
-4.176562999999999874e+02
-4.128299999999999841e+02
-3.987225000000000250e+02
-4.276800000000000068e+02
-4.172850000000000250e+02
-4.039200000000000159e+02
-4.213686999999999898e+02
-4.310212000000000216e+02
-4.161712999999999738e+02
-4.139438000000000102e+02
-4.109737999999999829e+02
-4.061474999999999795e+02
-4.191413000000000011e+02
-4.221113000000000284e+02
-4.183987000000000194e+02
-4.068899999999999864e+02
-4.261949999999999932e+02
-4.146861999999999853e+02
-4.009499999999999886e+02
-4.117162000000000148e+02
-4.143149999999999977e+02
-4.102312999999999761e+02
-4.106025000000000205e+02
-4.143149999999999977e+02
-4.113450000000000273e+02
-4.154286999999999921e+02
-4.120874999999999773e+02
-4.258238000000000056e+02
-4.235962999999999852e+02
-4.265663000000000125e+02
-4.287937999999999761e+02
-4.291650000000000205e+02
-4.247099999999999795e+02
-4.209975000000000023e+02
-4.228537999999999784e+02
-4.191413000000000011e+02
-4.209975000000000023e+02
-4.313924999999999841e+02
-4.250812999999999988e+02
-4.247099999999999795e+02
-4.317638000000000034e+02
-4.243387000000000171e+02
-4.124587000000000216e+02
-4.080038000000000125e+02
-4.432724999999999795e+02
-4.302787000000000148e+02
-4.321349999999999909e+02
-4.169137999999999806e+02
-4.336200000000000045e+02
-4.169137999999999806e+02
-4.291650000000000205e+02
-4.024350000000000023e+02
-4.120874999999999773e+02
-4.295362999999999829e+02
-4.161712999999999738e+02
-4.284225000000000136e+02
-4.247099999999999795e+02
-4.198838000000000079e+02
-4.458711999999999875e+02
-4.354762999999999806e+02
-4.343625000000000114e+02
-4.362187999999999874e+02
-4.443863000000000056e+02
-4.310212000000000216e+02
-4.369612000000000194e+02
-4.128299999999999841e+02
-3.931537000000000148e+02
-4.080038000000000125e+02
-4.002074999999999818e+02
-4.087461999999999875e+02
-4.117162000000000148e+02
-3.909261999999999944e+02
-4.132013000000000034e+02
-4.068899999999999864e+02
-4.042912999999999784e+02
-3.957524999999999977e+02
-4.146861999999999853e+02
-4.187699999999999818e+02
-4.065187999999999988e+02
-4.232250000000000227e+02
-4.139438000000000102e+02
-4.046625000000000227e+02
-4.135724999999999909e+02
-4.198838000000000079e+02
-4.143149999999999977e+02
-4.228537999999999784e+02
-4.369612000000000194e+02
-4.039200000000000159e+02
-4.042912999999999784e+02
-4.098600000000000136e+02
-4.031775000000000091e+02
-4.080038000000000125e+02
-4.284225000000000136e+02
-4.128299999999999841e+02
-4.102312999999999761e+02
-3.905550000000000068e+02
-3.987225000000000250e+02
-4.083750000000000000e+02
-4.024350000000000023e+02
-3.916687999999999761e+02
-4.209975000000000023e+02
-4.124587000000000216e+02
-4.106025000000000205e+02
-4.113450000000000273e+02
-4.265663000000000125e+02
-4.161712999999999738e+02
-4.072613000000000056e+02
-3.979800000000000182e+02
-3.931537000000000148e+02
-4.198838000000000079e+02
-4.146861999999999853e+02
-3.987225000000000250e+02
-4.158000000000000114e+02
-4.317638000000000034e+02
-4.150575000000000045e+02
-3.946388000000000034e+02
-4.146861999999999853e+02
-4.102312999999999761e+02
-4.094886999999999944e+02
-4.135724999999999909e+02
-4.068899999999999864e+02
-4.143149999999999977e+02
