-1.960200000000000045e+03
-1.915278999999999996e+03
-1.923075000000000045e+03
-1.964654999999999973e+03
-1.950919000000000096e+03
-1.924189000000000078e+03
-1.977277000000000044e+03
-1.995097999999999956e+03
-1.978391000000000076e+03
-1.995839999999999918e+03
-1.978019999999999982e+03
-1.973935999999999922e+03
-1.991013999999999896e+03
-2.035192999999999984e+03
-2.003265000000000100e+03
-2.048929000000000087e+03
-2.095335000000000036e+03
-2.081599000000000160e+03
-2.090880000000000109e+03
-2.105358999999999924e+03
-2.088280999999999949e+03
-2.136914999999999964e+03
-2.133945000000000164e+03
-2.083826000000000022e+03
-2.154735000000000127e+03
-2.177380999999999858e+03
-2.115382999999999811e+03
-2.170699000000000069e+03
-2.208938000000000102e+03
-2.208938000000000102e+03
-2.204853999999999814e+03
-2.198170999999999822e+03
-2.192603000000000065e+03
-2.215990999999999985e+03
-2.244577999999999975e+03
-2.227871000000000095e+03
-2.230469999999999800e+03
-2.228242000000000189e+03
-2.237523999999999887e+03
-2.243835000000000036e+03
-2.287271000000000186e+03
-2.271307999999999993e+03
-2.275762000000000171e+03
-2.292840000000000146e+03
-2.308804000000000087e+03
-2.309175000000000182e+03
-2.325510000000000218e+03
-2.329222000000000207e+03
-2.337018999999999778e+03
-2.382682999999999993e+03
-2.364490999999999985e+03
-2.366347000000000207e+03
-2.395304999999999836e+03
-2.369318000000000211e+03
-2.399389000000000124e+03
-2.390106999999999971e+03
-2.401987999999999829e+03
-2.396047999999999774e+03
-2.420550000000000182e+03
-2.414981000000000222e+03
-2.421664000000000215e+03
-2.448393999999999778e+03
-2.418322999999999865e+03
-2.443568000000000211e+03
-2.468440999999999804e+03
-2.441710999999999785e+03
-2.456190000000000055e+03
-2.495541999999999916e+03
-2.487003999999999905e+03
-2.500739999999999782e+03
-2.528211999999999989e+03
-2.531182999999999993e+03
-2.506679999999999836e+03
-2.547518000000000029e+03
-2.568307999999999993e+03
-2.531925000000000182e+03
-2.591324999999999818e+03
-2.605432999999999993e+03
-2.582786000000000058e+03
-2.609887000000000171e+03
-2.611373000000000047e+03
-2.592068000000000211e+03
-2.638474000000000160e+03
-2.625851000000000113e+03
-2.593552000000000135e+03
-2.605061000000000149e+03
-2.605432999999999993e+03
-2.604690000000000055e+03
-2.634389999999999873e+03
-2.656293999999999869e+03
-2.658150000000000091e+03
-2.688221000000000004e+03
-2.665204000000000178e+03
-2.655550999999999931e+03
-2.696018000000000029e+03
-2.712353000000000065e+03
-2.691190999999999804e+03
-2.684509000000000015e+03
-2.706413000000000011e+03
-2.697501999999999953e+03
-2.707525999999999840e+03
-2.740568000000000211e+03
-2.703070999999999913e+03
-2.724231999999999971e+03
-2.768782000000000153e+03
-2.716436000000000149e+03
-2.732400000000000091e+03
-2.765070000000000164e+03
-2.746135999999999967e+03
-2.758016000000000076e+03
-2.787715999999999894e+03
-2.785860000000000127e+03
-2.808876999999999953e+03
-2.803309000000000196e+03
-2.789201000000000022e+03
-2.782889999999999873e+03
-2.839690999999999804e+03
-2.830409999999999854e+03
-2.826697999999999865e+03
-2.850458000000000084e+03
-2.851570999999999913e+03
-2.848230000000000018e+03
-2.869391000000000076e+03
-2.851199999999999818e+03
-2.858253999999999905e+03
-2.890552000000000135e+03
-2.866420999999999822e+03
-2.876445000000000164e+03
-2.922851000000000113e+03
-2.869391000000000076e+03
-2.889068000000000211e+03
-2.909856999999999971e+03
-2.858625000000000000e+03
-2.872360999999999876e+03
-2.894635999999999967e+03
-2.856768999999999778e+03
-2.891295000000000073e+03
-2.915425999999999931e+03
-2.933617000000000189e+03
-2.901318999999999960e+03
-2.924335999999999785e+03
-2.961460999999999785e+03
-2.937701000000000022e+03
-2.959233999999999924e+03
-2.967400999999999840e+03
-2.901690000000000055e+03
-2.928048999999999978e+03
-2.925449999999999818e+03
-2.928791000000000167e+03
-2.936215999999999894e+03
-2.930275999999999840e+03
-2.924708000000000084e+03
-2.964802000000000135e+03
-2.962945999999999913e+03
-2.949210000000000036e+03
-2.989304999999999836e+03
-2.998958000000000084e+03
-2.971485000000000127e+03
-2.964802000000000135e+03
-3.020489999999999782e+03
-2.981137000000000171e+03
-2.987820000000000164e+03
-3.017891000000000076e+03
-2.997844000000000051e+03
-2.991903999999999996e+03
-3.000443000000000211e+03
-2.959605000000000018e+03
-2.954407000000000153e+03
-2.964059999999999945e+03
-2.965916000000000167e+03
-2.967771999999999935e+03
-2.983735999999999876e+03
-2.980394999999999982e+03
-3.000813999999999851e+03
-2.978166999999999916e+03
-2.974826000000000022e+03
-3.003413000000000011e+03
-2.994501999999999953e+03
-2.974083999999999833e+03
-2.978166999999999916e+03
-2.984478999999999814e+03
-2.999699999999999818e+03
-2.957748999999999796e+03
-3.007496000000000095e+03
-2.980023999999999887e+03
-2.988563000000000102e+03
-3.016034999999999854e+03
-2.996358999999999924e+03
-3.008610000000000127e+03
-3.033483999999999924e+03
-3.012693999999999960e+03
-3.007867000000000189e+03
-3.037938999999999851e+03
-3.024202999999999975e+03
-3.017891000000000076e+03
-3.036454000000000178e+03
-3.013807999999999993e+03
-3.017148999999999887e+03
-3.044250000000000000e+03
-3.031255999999999858e+03
-3.036454000000000178e+03
-3.042764999999999873e+03
-3.030885000000000218e+03
-3.026429999999999836e+03
-3.034226000000000113e+03
-3.021603999999999814e+03
-3.028657000000000153e+03
-3.036083000000000084e+03
-3.039423999999999978e+03
-3.035340000000000146e+03
-3.055759000000000015e+03
-3.039052000000000135e+03
-2.993760000000000218e+03
-3.037568000000000211e+03
-3.013065000000000055e+03
-3.016405999999999949e+03
-3.047963000000000193e+03
-3.023088999999999942e+03
-3.016777999999999793e+03
-3.036824999999999818e+03
-3.060213999999999942e+03
-3.021231999999999971e+03
-3.023088999999999942e+03
-3.056873000000000047e+03
-3.033483999999999924e+03
-3.028286000000000058e+03
-3.050561000000000149e+03
-3.019748000000000047e+03
-3.031998999999999796e+03
-3.050190000000000055e+03
-3.025315999999999804e+03
-3.031626999999999953e+03
-3.017148999999999887e+03
-2.944012000000000171e+03
-2.976311000000000149e+03
-2.956264000000000124e+03
-2.947353999999999814e+03
-2.961460999999999785e+03
-2.939929000000000087e+03
-2.915425999999999931e+03
-2.927677000000000135e+03
-2.938815000000000055e+03
-2.934360000000000127e+03
-2.914684000000000196e+03
-2.945869000000000142e+03
-2.944012000000000171e+03
-2.927677000000000135e+03
-2.952922999999999774e+03
-2.944755000000000109e+03
-2.946981999999999971e+03
-2.963688999999999851e+03
-2.932875000000000000e+03
-2.951065999999999804e+03
-2.979652999999999793e+03
-2.980394999999999982e+03
-2.957376999999999953e+03
-2.983735999999999876e+03
-2.975197999999999865e+03
-2.959605000000000018e+03
-2.979280999999999949e+03
-2.988190999999999804e+03
-2.972228000000000065e+03
-3.004525999999999840e+03
-3.003784000000000106e+03
-2.965916000000000167e+03
-2.994873999999999796e+03
-2.987449000000000069e+03
-2.985221000000000004e+03
-3.005639999999999873e+03
-3.001927000000000135e+03
-2.975568999999999960e+03
-3.010465999999999894e+03
-2.990418999999999869e+03
-2.970000000000000000e+03
-3.003041000000000167e+03
-3.005268999999999778e+03
-2.997844000000000051e+03
-3.003784000000000106e+03
-3.010094999999999800e+03
-3.007125000000000000e+03
-3.009724000000000160e+03
-3.014920999999999822e+03
-2.982251000000000204e+03
-2.985592999999999847e+03
-2.982623000000000047e+03
-2.940670999999999822e+03
-2.958862999999999829e+03
-2.975940000000000055e+03
-2.941041999999999916e+03
-2.967400999999999840e+03
-2.982623000000000047e+03
-2.955521000000000186e+03
-2.971485000000000127e+03
-2.992646000000000186e+03
-2.960719000000000051e+03
-2.964431000000000040e+03
-2.983364999999999782e+03
-2.973713000000000193e+03
-2.983364999999999782e+03
-2.992275000000000091e+03
-2.971485000000000127e+03
-2.996358999999999924e+03
-2.987449000000000069e+03
-2.977795999999999822e+03
-2.981880000000000109e+03
-2.993760000000000218e+03
-2.985592999999999847e+03
-3.012693999999999960e+03
-3.031998999999999796e+03
-3.010838000000000193e+03
-2.991161000000000058e+03
-3.008981000000000222e+03
-2.999329000000000178e+03
-2.973340999999999894e+03
-3.006382999999999811e+03
-3.006382999999999811e+03
-3.011951000000000022e+03
-3.019376000000000204e+03
-3.006382999999999811e+03
-3.004896999999999935e+03
-3.034226000000000113e+03
-3.008981000000000222e+03
-3.023831000000000131e+03
-3.047590999999999894e+03
-3.026429999999999836e+03
-3.033112999999999829e+03
-3.037195999999999913e+03
-3.027914999999999964e+03
-3.032740999999999985e+03
-3.050932999999999993e+03
-3.058356999999999971e+03
-3.050190000000000055e+03
-3.077291000000000167e+03
-3.034969000000000051e+03
-3.053159999999999854e+03
-3.065039999999999964e+03
-3.060585000000000036e+03
-3.015291999999999916e+03
-3.030885000000000218e+03
-3.037195999999999913e+03
-3.035710999999999785e+03
-3.052789000000000215e+03
-3.040538000000000011e+03
-3.049818999999999960e+03
-3.051675000000000182e+03
-3.044621000000000095e+03
-3.038681000000000040e+03
-3.072465000000000146e+03
-3.061327999999999975e+03
-3.050561000000000149e+03
-3.062070000000000164e+03
-3.044621000000000095e+03
-3.046849000000000160e+03
-3.069123999999999796e+03
-3.086943999999999960e+03
-2.974826000000000022e+03
-3.003784000000000106e+03
-3.025315999999999804e+03
-2.996730000000000018e+03
-2.989304999999999836e+03
-3.018262000000000171e+03
-3.003041000000000167e+03
-2.996730000000000018e+03
-3.026800999999999931e+03
-2.994501999999999953e+03
-3.006010999999999967e+03
-2.998215000000000146e+03
-2.984106999999999971e+03
-3.011951000000000022e+03
-3.006382999999999811e+03
-3.004525999999999840e+03
-3.020860999999999876e+03
-2.995244999999999891e+03
-2.956264000000000124e+03
-2.968885999999999967e+03
-2.975940000000000055e+03
-2.961460999999999785e+03
-2.968885999999999967e+03
-2.997472000000000207e+03
-2.984106999999999971e+03
-2.974083999999999833e+03
-3.004525999999999840e+03
-2.993760000000000218e+03
-2.975940000000000055e+03
-2.990789999999999964e+03
-2.988563000000000102e+03
-2.988934000000000196e+03
-2.981880000000000109e+03
-2.984106999999999971e+03
-2.978909999999999854e+03
-2.987077999999999975e+03
-2.990418999999999869e+03
-2.993389000000000124e+03
-3.013807999999999993e+03
-2.987449000000000069e+03
-2.952550999999999931e+03
-2.975940000000000055e+03
-2.968143999999999778e+03
-2.960719000000000051e+03
-2.988934000000000196e+03
-2.969628999999999905e+03
-2.936588000000000193e+03
-2.960719000000000051e+03
-2.953664999999999964e+03
-2.967030000000000200e+03
-2.960347000000000207e+03
-2.958490999999999985e+03
-2.951809000000000196e+03
-2.977795999999999822e+03
-2.945869000000000142e+03
-2.977425000000000182e+03
-2.969257999999999811e+03
