-2.073431000000000040e+03
-2.059695000000000164e+03
-2.051155999999999949e+03
-2.106472000000000207e+03
-2.123920999999999822e+03
-2.073802000000000135e+03
-2.146568000000000211e+03
-2.143226000000000113e+03
-2.121693999999999960e+03
-2.177010000000000218e+03
-2.181835999999999785e+03
-2.143969000000000051e+03
-2.221931000000000040e+03
-2.216362999999999829e+03
-2.187405000000000200e+03
-2.236039000000000215e+03
-2.257943000000000211e+03
-2.213764000000000124e+03
-2.231211999999999989e+03
-2.239751000000000204e+03
-2.232326000000000022e+03
-2.275019999999999982e+03
-2.295068000000000211e+03
-2.281331000000000131e+03
-2.311773999999999887e+03
-2.344815000000000055e+03
-2.284300999999999931e+03
-2.306947999999999865e+03
-2.357065999999999804e+03
-2.328108999999999924e+03
-2.336646999999999935e+03
-2.359293999999999869e+03
-2.368574999999999818e+03
-2.366347000000000207e+03
-2.390478999999999814e+03
-2.381197999999999865e+03
-2.409041000000000167e+03
-2.416094999999999800e+03
-2.394190999999999804e+03
-2.394190999999999804e+03
-2.447280000000000200e+03
-2.426119000000000142e+03
-2.412753999999999905e+03
-2.438369999999999891e+03
-2.450250000000000000e+03
-2.461759000000000015e+03
-2.464356999999999971e+03
-2.449878999999999905e+03
-2.468813000000000102e+03
-2.497769999999999982e+03
-2.484034000000000106e+03
-2.493686000000000149e+03
-2.541949000000000069e+03
-2.527099000000000160e+03
-2.540092999999999847e+03
-2.523757999999999811e+03
-2.549744999999999891e+03
-2.536751000000000204e+03
-2.555313999999999851e+03
-2.566079999999999927e+03
-2.551230000000000018e+03
-2.558655000000000200e+03
-2.586126999999999953e+03
-2.574619000000000142e+03
-2.587240999999999985e+03
-2.611001000000000204e+03
-2.610630000000000109e+03
-2.622510000000000218e+03
-2.632905000000000200e+03
-2.642929000000000087e+03
-2.638103000000000065e+03
-2.618425999999999931e+03
-2.655550999999999931e+03
-2.679311000000000149e+03
-2.661490999999999985e+03
-2.658150000000000091e+03
-2.675228000000000065e+03
-2.678940000000000055e+03
-2.658150000000000091e+03
-2.688592999999999847e+03
-2.709382999999999811e+03
-2.689335000000000036e+03
-2.701215000000000146e+03
-2.710496000000000095e+03
-2.710867000000000189e+03
-2.718291999999999916e+03
-2.700101000000000113e+03
-2.708268999999999778e+03
-2.752818999999999960e+03
-2.719405999999999949e+03
-2.710867000000000189e+03
-2.723489999999999782e+03
-2.713094999999999800e+03
-2.709753999999999905e+03
-2.750219999999999800e+03
-2.777320999999999913e+03
-2.726088999999999942e+03
-2.768411000000000058e+03
-2.771751999999999953e+03
-2.760244000000000142e+03
-2.760985999999999876e+03
-2.761356999999999971e+03
-2.728688000000000102e+03
-2.768039999999999964e+03
-2.767297999999999774e+03
-2.707155000000000200e+03
-2.769153999999999996e+03
-2.746507999999999811e+03
-2.726831000000000131e+03
-2.750963000000000193e+03
-2.734998999999999796e+03
-2.741681000000000040e+03
-2.748735000000000127e+03
-2.727945000000000164e+03
-2.747992000000000189e+03
-2.783260999999999967e+03
-2.777320999999999913e+03
-2.779177000000000135e+03
-2.753190000000000055e+03
-2.791057999999999993e+03
-2.795512000000000171e+03
-2.782518999999999778e+03
-2.813704000000000178e+03
-2.804793999999999869e+03
-2.779920000000000073e+03
-2.840434000000000196e+03
-2.803679999999999836e+03
-2.805907000000000153e+03
-2.860481000000000222e+03
-2.832266000000000076e+03
-2.848972000000000207e+03
-2.887210999999999785e+03
-2.837092999999999847e+03
-2.868648999999999887e+03
-2.895007999999999811e+03
-2.847115999999999985e+03
-2.860481000000000222e+03
-2.901318999999999960e+03
-2.900576000000000022e+03
-2.860481000000000222e+03
-2.907630000000000109e+03
-2.901690000000000055e+03
-2.892780000000000200e+03
-2.886097000000000207e+03
-2.892780000000000200e+03
-2.892780000000000200e+03
-2.911342999999999847e+03
-2.908744000000000142e+03
-2.890923999999999978e+03
-2.910599999999999909e+03
-2.898719999999999800e+03
-2.909856999999999971e+03
-2.954778999999999996e+03
-2.952179999999999836e+03
-2.921365999999999985e+03
-2.955521000000000186e+03
-2.940670999999999822e+03
-2.936588000000000193e+03
-2.958862999999999829e+03
-2.945498000000000047e+03
-2.935474000000000160e+03
-2.951438000000000102e+03
-2.949581000000000131e+03
-2.922851000000000113e+03
-2.946239999999999782e+03
-2.953293999999999869e+03
-2.948467999999999847e+03
-2.969628999999999905e+03
-2.964431000000000040e+03
-2.955150000000000091e+03
-2.987820000000000164e+03
-2.998958000000000084e+03
-2.987820000000000164e+03
-3.010465999999999894e+03
-2.982994000000000142e+03
-3.003784000000000106e+03
-3.024574000000000069e+03
-3.034226000000000113e+03
-3.019748000000000047e+03
-3.062070000000000164e+03
-3.070237999999999829e+03
-3.047590999999999894e+03
-3.086943999999999960e+03
-3.085088000000000193e+03
-3.066896000000000186e+03
-3.098452999999999975e+03
-3.063925999999999931e+03
-3.061699000000000069e+03
-3.089914000000000215e+03
-3.070980000000000018e+03
-3.056130000000000109e+03
-3.083603000000000065e+03
-3.083231000000000222e+03
-3.077663000000000011e+03
-3.069494999999999891e+03
-3.107733999999999924e+03
-3.094369000000000142e+03
-3.106248999999999796e+03
-3.128523999999999887e+03
-3.138175999999999931e+03
-3.132606999999999971e+03
-3.127780999999999949e+03
-3.127409999999999854e+03
-3.147458000000000084e+03
-3.169360999999999876e+03
-3.155996000000000095e+03
-3.144115999999999985e+03
-3.174929999999999836e+03
-3.151170000000000073e+03
-3.158594999999999800e+03
-3.167505000000000109e+03
-3.162679000000000087e+03
-3.156739000000000033e+03
-3.207599999999999909e+03
-3.192007999999999811e+03
-3.183469000000000051e+03
-3.223193000000000211e+03
-3.180498999999999796e+03
-3.200545999999999822e+03
-3.248809000000000196e+03
-3.208342999999999847e+03
-3.212425999999999931e+03
-3.239527999999999793e+03
-3.232844999999999800e+03
-3.261802000000000135e+03
-3.276652999999999793e+03
-3.270713000000000193e+03
-3.278880000000000109e+03
-3.280364999999999782e+03
-3.241755000000000109e+03
-3.229875000000000000e+03
-3.257347000000000207e+03
-3.261802000000000135e+03
-3.212054999999999836e+03
-3.213168999999999869e+03
-3.181612999999999829e+03
-3.185324999999999818e+03
-3.219480000000000018e+03
-3.218737999999999829e+03
-3.126295999999999822e+03
-3.163791999999999916e+03
-3.179014000000000124e+03
-3.146715000000000146e+03
-3.193121000000000095e+03
-3.175672999999999774e+03
-3.154139999999999873e+03
-3.154510999999999967e+03
-3.153025999999999840e+03
-3.130751000000000204e+03
-3.121840999999999894e+03
-3.106990999999999985e+03
-3.104393000000000029e+03
-3.140775000000000091e+03
-3.118128999999999905e+03
-3.087315000000000055e+03
-3.112559999999999945e+03
-3.103278999999999996e+03
-3.089914000000000215e+03
-3.108476000000000113e+03
-3.143001999999999953e+03
-3.074693000000000211e+03
-3.037195999999999913e+03
-3.050561000000000149e+03
-3.057244000000000142e+03
-3.069494999999999891e+03
-3.043878999999999905e+03
-3.038309999999999945e+03
-3.043507999999999811e+03
-3.059471000000000004e+03
-3.063925999999999931e+03
-3.044621000000000095e+03
-3.037938999999999851e+03
-3.029028999999999996e+03
-3.025688000000000102e+03
-3.042764999999999873e+03
-3.052045999999999822e+03
-3.068380999999999858e+03
-3.065411000000000058e+03
-3.063925999999999931e+03
-3.053530999999999949e+03
-3.067268000000000029e+03
-3.079146999999999935e+03
-3.079889999999999873e+03
-3.073579000000000178e+03
-3.079146999999999935e+03
-3.060213999999999942e+03
-3.068010000000000218e+03
-3.080260999999999967e+03
-3.073949999999999818e+03
-3.084344999999999800e+03
-3.082860000000000127e+03
-3.082117000000000189e+03
-3.099938000000000102e+03
-3.070237999999999829e+03
-3.066525000000000091e+03
-3.068010000000000218e+03
-3.065782000000000153e+03
-3.076548999999999978e+03
-3.088800000000000182e+03
-3.078405000000000200e+03
-3.066153999999999996e+03
-3.080260999999999967e+03
-3.097338999999999942e+03
-3.098824000000000069e+03
-3.098452999999999975e+03
-3.073208000000000084e+03
-3.108847000000000207e+03
-3.101793999999999869e+03
-3.101793999999999869e+03
-3.109960999999999785e+03
-3.119614000000000033e+03
-3.085088000000000193e+03
-3.113673999999999978e+03
-3.129637000000000171e+03
-3.091398999999999887e+03
-3.112931000000000040e+03
-3.128152999999999793e+03
-3.082489000000000033e+03
-3.101793999999999869e+03
-3.112188999999999851e+03
-3.109960999999999785e+03
-3.095110999999999876e+03
-3.117385999999999967e+03
-3.108847000000000207e+03
-3.112188999999999851e+03
-3.151913000000000011e+03
-3.155625000000000000e+03
-3.114045000000000073e+03
-3.121099000000000160e+03
-3.147458000000000084e+03
-3.134835000000000036e+03
-3.152655000000000200e+03
-3.146344000000000051e+03
-3.141889000000000124e+03
-3.166391000000000076e+03
-3.155996000000000095e+03
-3.144115999999999985e+03
-3.171960000000000036e+03
-3.171217999999999847e+03
-3.141889000000000124e+03
-3.157481000000000222e+03
-3.164534999999999854e+03
-3.150798999999999978e+03
-3.155625000000000000e+03
-3.154882999999999811e+03
-3.128152999999999793e+03
-3.111074999999999818e+03
-3.129266000000000076e+03
-3.089914000000000215e+03
-3.126295999999999822e+03
-3.141889000000000124e+03
-3.104021000000000186e+03
-3.113302000000000135e+03
-3.150427000000000135e+03
-3.110704000000000178e+03
-3.121469999999999800e+03
-3.147458000000000084e+03
-3.156739000000000033e+03
-3.143744999999999891e+03
-3.148570999999999913e+03
-3.132235999999999876e+03
-3.147829000000000178e+03
-3.171217999999999847e+03
-3.143001999999999953e+03
-3.164905999999999949e+03
-3.177900000000000091e+03
-3.171960000000000036e+03
-3.166019999999999982e+03
-3.173815999999999804e+03
-3.167505000000000109e+03
-3.172331000000000131e+03
-3.186438999999999851e+03
-3.159338000000000193e+03
-3.146715000000000146e+03
-3.177157000000000153e+03
-3.152655000000000200e+03
-3.158965999999999894e+03
-3.163791999999999916e+03
-3.171588999999999942e+03
-3.159338000000000193e+03
-3.171588999999999942e+03
-3.176414999999999964e+03
-3.177900000000000091e+03
-3.201289000000000215e+03
-3.176786000000000058e+03
-3.166391000000000076e+03
-3.166019999999999982e+03
-3.177900000000000091e+03
-3.181240999999999985e+03
-3.179385000000000218e+03
-3.188295000000000073e+03
-3.180126999999999953e+03
-3.196833999999999833e+03
-3.205001000000000204e+03
-3.180869999999999891e+03
-3.175300999999999931e+03
-3.189409000000000106e+03
-3.174929999999999836e+03
-3.181240999999999985e+03
-3.173074000000000069e+03
-3.196090999999999894e+03
-3.196833999999999833e+03
-3.189038000000000011e+03
-3.202773999999999887e+03
-3.204630000000000109e+03
-3.186438999999999851e+03
-3.168989999999999782e+03
-3.200545999999999822e+03
-3.178271000000000186e+03
-3.177900000000000091e+03
-3.211313000000000102e+03
-3.186068000000000211e+03
