-1.217699999999999960e+02
-9.281250000000000000e+01
-1.640925000000000011e+02
-1.366200000000000045e+02
-1.581525000000000034e+02
-1.681762999999999977e+02
-1.934211999999999989e+02
-1.878524999999999920e+02
-1.748586999999999989e+02
-1.926787999999999954e+02
-1.852538000000000125e+02
-2.097563000000000102e+02
-2.227500000000000000e+02
-1.908224999999999909e+02
-1.952775000000000034e+02
-2.279474999999999909e+02
-1.989900000000000091e+02
-2.205225000000000080e+02
-2.390850000000000080e+02
-2.416836999999999875e+02
-2.201511999999999887e+02
-2.335163000000000011e+02
-2.053012999999999977e+02
-1.897087999999999965e+02
-2.283188000000000102e+02
-2.186662000000000035e+02
-2.041875000000000000e+02
-2.468813000000000102e+02
-2.234925000000000068e+02
-1.911938000000000102e+02
-2.290612000000000137e+02
-2.435399999999999920e+02
-1.915649999999999977e+02
-2.587613000000000056e+02
-2.550488000000000000e+02
-2.041875000000000000e+02
-2.465099999999999909e+02
-2.583899999999999864e+02
-2.420550000000000068e+02
-2.769524999999999864e+02
-2.754674999999999727e+02
-2.595038000000000125e+02
-2.520788000000000011e+02
-2.680425000000000182e+02
-2.684137999999999806e+02
-2.788086999999999875e+02
-2.947724999999999795e+02
-2.817787000000000148e+02
-2.906888000000000147e+02
-2.932875000000000227e+02
-2.695274999999999750e+02
-2.966288000000000125e+02
-3.163050000000000068e+02
-2.925450000000000159e+02
-2.984850000000000136e+02
-2.977425000000000068e+02
-3.118500000000000227e+02
-3.122212999999999852e+02
-2.873475000000000250e+02
-2.836349999999999909e+02
-2.899463000000000079e+02
-3.215024999999999977e+02
-3.073949999999999818e+02
-2.977425000000000068e+02
-3.073949999999999818e+02
-2.940299999999999727e+02
-3.003412000000000148e+02
-3.025688000000000102e+02
-3.270713000000000079e+02
-3.085088000000000079e+02
-3.296700000000000159e+02
-2.795511999999999944e+02
-3.062812999999999874e+02
-2.947724999999999795e+02
-2.806650000000000205e+02
-2.866050000000000182e+02
-2.932875000000000227e+02
-2.962574999999999932e+02
-3.133349999999999795e+02
-3.077663000000000011e+02
-2.936587999999999852e+02
-3.177900000000000205e+02
-3.062812999999999874e+02
-2.906888000000000147e+02
-3.111075000000000159e+02
-3.222450000000000045e+02
-3.040536999999999921e+02
-2.995987999999999829e+02
-3.096225000000000023e+02
-3.047962999999999738e+02
-3.125924999999999727e+02
-3.396938000000000102e+02
-3.073949999999999818e+02
-3.215024999999999977e+02
-3.278138000000000147e+02
-2.999700000000000273e+02
-2.873475000000000250e+02
-2.970000000000000000e+02
-3.129637000000000171e+02
-3.070237000000000194e+02
-3.415500000000000114e+02
-3.040536999999999921e+02
-3.300412999999999784e+02
-3.396938000000000102e+02
-3.237300000000000182e+02
-3.192749999999999773e+02
-3.463763000000000147e+02
-3.463763000000000147e+02
-3.396938000000000102e+02
-3.886988000000000056e+02
-3.263288000000000011e+02
-3.233587999999999738e+02
-3.563999999999999773e+02
-3.567712000000000216e+02
-3.589986999999999853e+02
-3.556575000000000273e+02
-3.419212999999999738e+02
-3.593700000000000045e+02
-3.890699999999999932e+02
-3.727350000000000136e+02
-3.504599999999999795e+02
-3.886988000000000056e+02
-3.898125000000000000e+02
-3.886988000000000056e+02
-4.076324999999999932e+02
-4.250812999999999988e+02
-4.161712999999999738e+02
-4.195124999999999886e+02
-4.028061999999999898e+02
-4.061474999999999795e+02
-4.354762999999999806e+02
-4.172850000000000250e+02
-4.354762999999999806e+02
-4.258238000000000056e+02
-4.618349999999999795e+02
-4.224825000000000159e+02
-4.484700000000000273e+02
-4.603500000000000227e+02
-4.495837000000000216e+02
-4.718587999999999738e+02
-4.380749999999999886e+02
-4.800262000000000171e+02
-4.703736999999999853e+02
-3.861000000000000227e+02
-3.452624999999999886e+02
-3.248437999999999874e+02
-3.356100000000000136e+02
-3.304125000000000227e+02
-3.281850000000000023e+02
-3.352386999999999944e+02
-3.144488000000000056e+02
-3.099936999999999898e+02
-2.888324999999999818e+02
-2.921738000000000284e+02
-3.051675000000000182e+02
-3.166761999999999944e+02
-2.676712999999999738e+02
-2.379713000000000136e+02
-2.635874999999999773e+02
-2.350012999999999863e+02
-2.357437999999999931e+02
-2.517075000000000102e+02
-2.223788000000000125e+02
-2.546775000000000091e+02
-2.350012999999999863e+02
-2.275762000000000000e+02
-2.401987000000000023e+02
-2.420550000000000068e+02
-2.394562999999999988e+02
-2.587613000000000056e+02
-2.513362999999999943e+02
-2.350012999999999863e+02
-2.453962999999999965e+02
-2.446536999999999864e+02
-2.517075000000000102e+02
-2.368574999999999875e+02
-2.647013000000000034e+02
-2.665575000000000045e+02
-2.765812000000000239e+02
-2.762099999999999795e+02
-2.390850000000000080e+02
-2.531924999999999955e+02
-2.483662999999999954e+02
-2.353725000000000023e+02
-2.439113000000000113e+02
-2.531924999999999955e+02
-2.439113000000000113e+02
-2.788086999999999875e+02
-2.669286999999999921e+02
-2.843774999999999977e+02
-2.754674999999999727e+02
-2.543062999999999931e+02
-2.724975000000000023e+02
-2.717549999999999955e+02
-2.487375000000000114e+02
-2.257199999999999989e+02
-2.379713000000000136e+02
-2.509650000000000034e+02
-2.290612000000000137e+02
-2.446536999999999864e+02
-2.658149999999999977e+02
-2.394562999999999988e+02
-2.364863000000000000e+02
-2.632162000000000148e+02
-2.424262999999999977e+02
-2.450250000000000057e+02
-2.602461999999999875e+02
-2.309174999999999898e+02
-2.550488000000000000e+02
-2.554199999999999875e+02
-2.368574999999999875e+02
-2.439113000000000113e+02
-2.535637999999999863e+02
-2.301750000000000114e+02
-2.383425000000000011e+02
-2.468813000000000102e+02
-2.375999999999999943e+02
-2.461387000000000000e+02
-2.539350000000000023e+02
-2.439113000000000113e+02
-2.246062000000000012e+02
-2.710124999999999886e+02
-2.624737999999999829e+02
-2.427975000000000136e+02
-2.583899999999999864e+02
-2.427975000000000136e+02
-2.472524999999999977e+02
-2.606175000000000068e+02
-2.613600000000000136e+02
-2.390850000000000080e+02
-2.576474999999999795e+02
-2.543062999999999931e+02
-2.513362999999999943e+02
-2.706413000000000011e+02
-2.669286999999999921e+02
-2.606175000000000068e+02
-2.721263000000000147e+02
-2.687850000000000250e+02
-2.806650000000000205e+02
-2.851200000000000045e+02
-2.713838000000000079e+02
-2.769524999999999864e+02
-3.014549999999999841e+02
-2.873475000000000250e+02
-2.899463000000000079e+02
-2.910600000000000023e+02
-3.077663000000000011e+02
-2.977425000000000068e+02
-2.732400000000000091e+02
-2.899463000000000079e+02
-2.851200000000000045e+02
-2.843774999999999977e+02
-2.769524999999999864e+02
-2.940299999999999727e+02
-2.951437000000000239e+02
-2.873475000000000250e+02
-2.765812000000000239e+02
-2.925450000000000159e+02
-3.014549999999999841e+02
-2.932875000000000227e+02
-2.951437000000000239e+02
-2.895749999999999886e+02
-3.229875000000000114e+02
-3.137062000000000239e+02
-3.070237000000000194e+02
-2.810362999999999829e+02
-2.970000000000000000e+02
-3.099936999999999898e+02
-2.817787000000000148e+02
-2.724975000000000023e+02
-2.873475000000000250e+02
-2.810362999999999829e+02
-2.598750000000000000e+02
-2.739825000000000159e+02
-2.932875000000000227e+02
-2.814075000000000273e+02
-2.921738000000000284e+02
-2.962574999999999932e+02
-2.984850000000000136e+02
-3.010837000000000216e+02
-2.947724999999999795e+02
-2.862337999999999738e+02
-2.814075000000000273e+02
-2.921738000000000284e+02
-3.137062000000000239e+02
-3.099936999999999898e+02
-3.066524999999999750e+02
-3.151913000000000125e+02
-3.047962999999999738e+02
-2.799225000000000136e+02
-2.899463000000000079e+02
-2.854911999999999921e+02
-2.587613000000000056e+02
-2.799225000000000136e+02
-2.962574999999999932e+02
-2.825212000000000216e+02
-2.750962999999999852e+02
-2.981136999999999944e+02
-2.702699999999999818e+02
-2.929162999999999784e+02
-2.947724999999999795e+02
-2.788086999999999875e+02
-2.609886999999999944e+02
-2.758387000000000171e+02
-2.643299999999999841e+02
-2.617312999999999761e+02
-2.810362999999999829e+02
-2.739825000000000159e+02
-2.832638000000000034e+02
-2.988562999999999761e+02
-2.851200000000000045e+02
-2.888324999999999818e+02
-2.691562999999999874e+02
-2.799225000000000136e+02
-2.673000000000000114e+02
-2.795511999999999944e+02
-2.810362999999999829e+02
-2.899463000000000079e+02
-3.103650000000000091e+02
-2.814075000000000273e+02
-2.910600000000000023e+02
-3.070237000000000194e+02
-2.977425000000000068e+02
-2.687850000000000250e+02
-3.174187999999999761e+02
-3.051675000000000182e+02
-2.918025000000000091e+02
-3.021974999999999909e+02
-2.999700000000000273e+02
-2.944012000000000171e+02
-3.122212999999999852e+02
-3.062812999999999874e+02
-2.940299999999999727e+02
-3.125924999999999727e+02
-3.029399999999999977e+02
-3.085088000000000079e+02
-3.114787999999999784e+02
-3.007124999999999773e+02
-3.021974999999999909e+02
-3.077663000000000011e+02
-2.895749999999999886e+02
-3.007124999999999773e+02
-3.151913000000000125e+02
-2.914311999999999898e+02
-2.814075000000000273e+02
-3.036825000000000045e+02
-3.025688000000000102e+02
-2.806650000000000205e+02
-2.936587999999999852e+02
-2.981136999999999944e+02
-2.877187999999999874e+02
-3.036825000000000045e+02
-3.070237000000000194e+02
-2.899463000000000079e+02
-2.862337999999999738e+02
-2.932875000000000227e+02
-2.702699999999999818e+02
-2.944012000000000171e+02
-2.951437000000000239e+02
-3.010837000000000216e+02
-3.137062000000000239e+02
-3.170475000000000136e+02
-3.010837000000000216e+02
-3.033111999999999853e+02
-3.118500000000000227e+02
-3.014549999999999841e+02
-2.884612000000000194e+02
-2.981136999999999944e+02
-2.970000000000000000e+02
-3.099936999999999898e+02
-2.992275000000000205e+02
-2.970000000000000000e+02
-3.222450000000000045e+02
-3.092513000000000147e+02
-3.114787999999999784e+02
-3.033111999999999853e+02
-3.099936999999999898e+02
-3.092513000000000147e+02
-2.936587999999999852e+02
-3.073949999999999818e+02
-3.018263000000000034e+02
-3.007124999999999773e+02
-3.088799999999999955e+02
-3.014549999999999841e+02
-3.129637000000000171e+02
-2.966288000000000125e+02
-2.903174999999999955e+02
-2.840063000000000102e+02
-2.970000000000000000e+02
-2.858625000000000114e+02
-2.910600000000000023e+02
-2.884612000000000194e+02
-2.892038000000000011e+02
-3.203888000000000034e+02
-2.944012000000000171e+02
-2.888324999999999818e+02
-2.762099999999999795e+02
-3.047962999999999738e+02
-2.817787000000000148e+02
-2.899463000000000079e+02
-3.125924999999999727e+02
-3.107363000000000284e+02
-2.906888000000000147e+02
-2.505937999999999874e+02
-2.294325000000000045e+02
-2.357437999999999931e+02
-2.665575000000000045e+02
-2.405699999999999932e+02
-2.264625000000000057e+02
-2.598750000000000000e+02
-2.435399999999999920e+02
-2.509650000000000034e+02
