2.598828999999999922e+01
1.707801999999999865e+01
2.970091000000000037e+01
4.009622999999999848e+01
-1.633500000000000085e+01
-2.264624999999999844e+01
-1.150874999999999915e+01
-2.895749999999999957e+01
-2.450250000000000128e+01
-4.677750000000000341e+01
-6.756749999999999545e+01
-6.014249999999999829e+01
-6.125625000000000142e+01
-4.677750000000000341e+01
-6.385499999999999687e+01
-5.011874999999999858e+01
-5.828625000000000256e+01
-7.536374999999999602e+01
-6.125625000000000142e+01
-5.086124999999999829e+01
-4.195125000000000171e+01
-5.123250000000000171e+01
-7.313625000000000398e+01
-5.011874999999999858e+01
-6.088499999999999801e+01
-9.726749999999999829e+01
-7.759125000000000227e+01
-8.390250000000000341e+01
-1.277099999999999937e+02
-1.084050000000000011e+02
-6.868125000000000568e+01
-1.032074999999999960e+02
-1.035788000000000011e+02
-1.154586999999999932e+02
-1.351349999999999909e+02
-1.329074999999999989e+02
-1.303086999999999875e+02
-1.425600000000000023e+02
-1.700324999999999989e+02
-1.726313000000000102e+02
-1.522125000000000057e+02
-1.737450000000000045e+02
-1.614937999999999931e+02
-1.585237999999999943e+02
-1.989900000000000091e+02
-1.711462999999999965e+02
-1.989900000000000091e+02
-1.889661999999999864e+02
-1.722599999999999909e+02
-1.600088000000000079e+02
-1.978762999999999863e+02
-2.242350000000000136e+02
-1.997324999999999875e+02
-2.071574999999999989e+02
-2.216362000000000023e+02
-2.049300000000000068e+02
-2.268337999999999965e+02
-2.056725000000000136e+02
-2.268337999999999965e+02
-2.375999999999999943e+02
-2.320312999999999874e+02
-2.379713000000000136e+02
-2.647013000000000034e+02
-2.294325000000000045e+02
-2.275762000000000000e+02
-2.298037999999999954e+02
-2.539350000000000023e+02
-2.424262999999999977e+02
-2.680425000000000182e+02
-2.461387000000000000e+02
-2.624737999999999829e+02
-2.799225000000000136e+02
-2.754674999999999727e+02
-2.609886999999999944e+02
-2.836349999999999909e+02
-2.684137999999999806e+02
-2.836349999999999909e+02
-2.951437000000000239e+02
-2.762099999999999795e+02
-2.747250000000000227e+02
-2.955149999999999864e+02
-2.684137999999999806e+02
-2.394562999999999988e+02
-2.086425000000000125e+02
-2.201511999999999887e+02
-2.379713000000000136e+02
-2.130974999999999966e+02
-2.294325000000000045e+02
-2.197800000000000011e+02
-2.205225000000000080e+02
-1.986187999999999931e+02
-2.071574999999999989e+02
-2.186662000000000035e+02
-2.286899999999999977e+02
-2.413125000000000000e+02
-2.446536999999999864e+02
-2.312888000000000090e+02
-2.442824999999999989e+02
-2.624737999999999829e+02
-2.453962999999999965e+02
-2.476237000000000137e+02
-2.617312999999999761e+02
-2.840063000000000102e+02
-2.828924999999999841e+02
-2.758387000000000171e+02
-2.892038000000000011e+02
-3.114787999999999784e+02
-3.003412000000000148e+02
-2.814075000000000273e+02
-3.092513000000000147e+02
-3.077663000000000011e+02
-2.743537999999999784e+02
-2.821499999999999773e+02
-2.977425000000000068e+02
-3.014549999999999841e+02
-3.033111999999999853e+02
-3.122212999999999852e+02
-3.103650000000000091e+02
-3.055387999999999806e+02
-3.107363000000000284e+02
-3.118500000000000227e+02
-3.177900000000000205e+02
-3.237300000000000182e+02
-3.322687999999999988e+02
-3.285561999999999898e+02
-3.255862000000000194e+02
-3.315262000000000171e+02
-3.129637000000000171e+02
-3.263288000000000011e+02
-3.497174999999999727e+02
-3.344961999999999875e+02
-3.434062999999999874e+02
-3.404361999999999853e+02
-3.248437999999999874e+02
-3.374662000000000148e+02
-3.229875000000000114e+02
-3.263288000000000011e+02
-3.705074999999999932e+02
-3.471186999999999898e+02
-3.344961999999999875e+02
-3.604837999999999738e+02
-3.615975000000000250e+02
-3.523163000000000125e+02
-3.593700000000000045e+02
-3.593700000000000045e+02
-3.623399999999999750e+02
-3.820163000000000011e+02
-3.638249999999999886e+02
-3.504599999999999795e+02
-3.656811999999999898e+02
-3.478613000000000284e+02
-3.708788000000000125e+02
-3.857287999999999784e+02
-3.831299999999999955e+02
-3.460049999999999955e+02
-3.716211999999999875e+02
-3.634538000000000011e+02
-3.571424999999999841e+02
-3.582563000000000102e+02
-3.682799999999999727e+02
-3.589986999999999853e+02
-3.827588000000000079e+02
-3.753337000000000216e+02
-3.757049999999999841e+02
-3.786750000000000114e+02
-3.708788000000000125e+02
-3.809024999999999750e+02
-3.797887999999999806e+02
-3.879562999999999988e+02
-3.898125000000000000e+02
-3.679087999999999852e+02
-3.872137000000000171e+02
-3.775611999999999853e+02
-3.608550000000000182e+02
-3.697649999999999864e+02
-3.909261999999999944e+02
-3.853575000000000159e+02
-3.716211999999999875e+02
-3.723636999999999944e+02
-3.857287999999999784e+02
-3.835013000000000147e+02
-3.809024999999999750e+02
-4.135724999999999909e+02
-3.968661999999999921e+02
-3.916687999999999761e+02
-4.172850000000000250e+02
-4.132013000000000034e+02
-4.102312999999999761e+02
-3.972375000000000114e+02
-4.287937999999999761e+02
-4.183987000000000194e+02
-4.299075000000000273e+02
-4.343625000000000114e+02
-4.358475000000000250e+02
-4.146861999999999853e+02
-4.276800000000000068e+02
-4.362187999999999874e+02
-4.455000000000000000e+02
-4.410450000000000159e+02
-4.399311999999999898e+02
-4.395600000000000023e+02
-4.655475000000000136e+02
-4.529250000000000114e+02
-4.651763000000000261e+02
-4.599787999999999784e+02
-4.774275000000000091e+02
-4.829961999999999875e+02
-4.815113000000000056e+02
-4.889361999999999853e+02
-4.993312999999999988e+02
-4.759424999999999955e+02
-4.644336999999999875e+02
-4.989599999999999795e+02
-4.941338000000000079e+02
-5.015586999999999875e+02
-4.915350000000000250e+02
-5.126961999999999762e+02
-4.818824999999999932e+02
-4.826250000000000000e+02
-5.048999999999999773e+02
-5.089837999999999738e+02
-4.956186999999999898e+02
-5.100975000000000250e+02
-5.074986999999999853e+02
-4.893075000000000045e+02
-5.149238000000000284e+02
-5.034150000000000205e+02
-5.126961999999999762e+02
-5.141812999999999647e+02
-5.089837999999999738e+02
-5.208637999999999693e+02
-5.279175000000000182e+02
-5.245761999999999716e+02
-5.405399999999999636e+02
-5.364561999999999671e+02
-5.294025000000000318e+02
-5.301449999999999818e+02
-5.323724999999999454e+02
-5.227200000000000273e+02
-5.082411999999999921e+02
-5.457374999999999545e+02
-5.401688000000000329e+02
-5.301449999999999818e+02
-5.334863000000000284e+02
-4.971037999999999784e+02
-5.019300000000000068e+02
-4.885649999999999977e+02
-4.881938000000000102e+02
-5.078700000000000045e+02
-5.089837999999999738e+02
-4.844812999999999761e+02
-4.844812999999999761e+02
-5.023013000000000261e+02
-4.893075000000000045e+02
-4.740862000000000194e+02
-4.978462999999999852e+02
-5.108399999999999750e+02
-4.714875000000000114e+02
-4.941338000000000079e+02
-4.893075000000000045e+02
-4.974750000000000227e+02
-4.997024999999999864e+02
-4.974750000000000227e+02
-4.889361999999999853e+02
-4.967325000000000159e+02
-5.015586999999999875e+02
-4.818824999999999932e+02
-4.781700000000000159e+02
-5.011875000000000000e+02
-4.781700000000000159e+02
-5.060138000000000034e+02
-5.000738000000000056e+02
-4.889361999999999853e+02
-5.115824999999999818e+02
-5.037862999999999829e+02
-5.052712000000000216e+02
-5.160375000000000227e+02
-5.123250000000000455e+02
-4.971037999999999784e+02
-5.030437999999999761e+02
-5.034150000000000205e+02
-5.227200000000000273e+02
-5.416536999999999580e+02
-5.201213000000000193e+02
-5.034150000000000205e+02
-5.104687999999999874e+02
-5.212350000000000136e+02
-5.134388000000000147e+02
-5.086125000000000114e+02
-5.379412999999999556e+02
-5.216063000000000329e+02
-5.008163000000000125e+02
-5.301449999999999818e+02
-4.978462999999999852e+02
-5.060138000000000034e+02
-5.119538000000000011e+02
-5.082411999999999921e+02
-5.086125000000000114e+02
-5.034150000000000205e+02
-5.023013000000000261e+02
-5.453663000000000238e+02
-5.409112999999999829e+02
-5.197500000000000000e+02
-5.468513000000000375e+02
-5.316299999999999955e+02
-5.164088000000000420e+02
-5.371987000000000307e+02
-5.212350000000000136e+02
-5.119538000000000011e+02
-5.301449999999999818e+02
-5.290312999999999874e+02
-5.368274999999999864e+02
-5.453663000000000238e+02
-5.524199999999999591e+02
-5.535338000000000420e+02
-5.264325000000000045e+02
-5.501924999999999955e+02
-5.394262999999999693e+02
-5.550186999999999671e+02
-5.371987000000000307e+02
-5.320013000000000147e+02
-5.386838000000000193e+02
-5.516775000000000091e+02
-5.401688000000000329e+02
-5.646712999999999738e+02
-5.687549999999999955e+02
-5.449950000000000045e+02
-5.650425000000000182e+02
-5.724674999999999727e+02
-5.691263000000000147e+02
-5.665275000000000318e+02
-5.732100000000000364e+02
-5.542762000000000171e+02
-5.772938000000000329e+02
-5.910299999999999727e+02
-5.687549999999999955e+02
-5.546475000000000364e+02
-5.587313000000000329e+02
-5.327437999999999647e+02
-5.587313000000000329e+02
-5.605874999999999773e+02
-5.505638000000000147e+02
-5.576174999999999500e+02
-5.806349999999999909e+02
-5.568750000000000000e+02
-5.720963000000000420e+02
-5.836050000000000182e+02
-5.594737999999999829e+02
-5.461087999999999738e+02
-5.516775000000000091e+02
-5.397975000000000136e+02
-5.390549999999999500e+02
-5.668986999999999625e+02
-5.531625000000000227e+02
-5.546475000000000364e+02
-5.583600000000000136e+02
-5.661562999999999874e+02
-5.591024999999999636e+02
-5.635575000000000045e+02
-5.487074999999999818e+02
-5.513062999999999647e+02
-5.642999999999999545e+02
-5.524199999999999591e+02
-5.587313000000000329e+02
-5.561325000000000500e+02
-5.565037999999999556e+02
-5.654138000000000375e+02
-5.605874999999999773e+02
-5.338574999999999591e+02
-5.301449999999999818e+02
-5.353424999999999727e+02
-5.282888000000000375e+02
-5.364561999999999671e+02
-5.420249999999999773e+02
-5.405399999999999636e+02
-5.360850000000000364e+02
-5.420249999999999773e+02
-5.464800000000000182e+02
-5.353424999999999727e+02
-5.591024999999999636e+02
-5.386838000000000193e+02
-5.297736999999999625e+02
-5.542762000000000171e+02
-5.498211999999999762e+02
-5.423962000000000216e+02
-5.594737999999999829e+02
-5.617011999999999716e+02
-5.702400000000000091e+02
-5.847187999999999874e+02
-5.858324999999999818e+02
-5.802636999999999716e+02
-5.810062000000000353e+02
-5.802636999999999716e+02
-5.862037000000000262e+02
-6.025388000000000375e+02
-5.780362999999999829e+02
-5.869461999999999762e+02
-5.910299999999999727e+02
-5.914012000000000171e+02
-6.003112999999999602e+02
-6.043949999999999818e+02
-6.062513000000000147e+02
-6.032812999999999874e+02
-6.203587999999999738e+02
-6.207300000000000182e+02
-6.092213000000000420e+02
-6.118200000000000500e+02
-6.259275000000000091e+02
-6.177599999999999909e+02
-6.133049999999999500e+02
-6.244424999999999955e+02
-6.237000000000000455e+02
