-4.249698999999999614e+03
-4.267890000000000327e+03
-4.292020999999999731e+03
-4.289421999999999571e+03
-4.302787999999999556e+03
-4.295362000000000080e+03
-4.338055999999999585e+03
-4.307613999999999578e+03
-4.338055999999999585e+03
-4.335828999999999724e+03
-4.307984999999999673e+03
-4.366643000000000029e+03
-4.323206000000000131e+03
-4.340654999999999745e+03
-4.371097999999999956e+03
-4.348823000000000320e+03
-4.323206000000000131e+03
-4.393001000000000204e+03
-4.361444999999999709e+03
-4.339912999999999556e+03
-4.404510000000000218e+03
-4.382234999999999673e+03
-4.378150999999999840e+03
-4.426413999999999760e+03
-4.389659999999999854e+03
-4.413048999999999978e+03
-4.433838999999999942e+03
-4.437921999999999571e+03
-4.401911000000000058e+03
-4.443862000000000080e+03
-4.442377000000000407e+03
-4.426413999999999760e+03
-4.431610999999999876e+03
-4.420845000000000255e+03
-4.424929000000000087e+03
-4.440149999999999636e+03
-4.437551000000000386e+03
-4.435323999999999614e+03
-4.453886000000000422e+03
-4.462425000000000182e+03
-4.434953000000000429e+03
-4.467251000000000204e+03
-4.472448999999999614e+03
-4.419359999999999673e+03
-4.470220999999999549e+03
-4.474305000000000291e+03
-4.466137999999999920e+03
-4.464280999999999949e+03
-4.485442000000000007e+03
-4.487670000000000073e+03
-4.457599000000000160e+03
-4.494724000000000160e+03
-4.485070999999999913e+03
-4.489525999999999840e+03
-4.473563000000000102e+03
-4.483586000000000240e+03
-4.440893000000000029e+03
-4.496951000000000022e+03
-4.477274999999999636e+03
-4.456113999999999578e+03
-4.494353000000000065e+03
-4.472448999999999614e+03
-4.484328999999999724e+03
-4.473190999999999804e+03
-4.473934000000000196e+03
-4.499550000000000182e+03
-4.507717999999999847e+03
-4.459083999999999833e+03
-4.463909999999999854e+03
-4.493238999999999578e+03
-4.444604999999999563e+03
-4.459083999999999833e+03
-4.444604999999999563e+03
-4.444604999999999563e+03
-4.422329999999999927e+03
-4.479131000000000313e+03
-4.437921999999999571e+03
-4.468735999999999876e+03
-4.458712000000000444e+03
-4.450917000000000371e+03
-4.478389000000000124e+03
-4.501405999999999949e+03
-4.462796000000000276e+03
-4.435694999999999709e+03
-4.466137999999999920e+03
-4.444975999999999658e+03
-4.450917000000000371e+03
-4.456855999999999767e+03
-4.427899000000000342e+03
-4.476161000000000058e+03
-4.443490999999999985e+03
-4.510688000000000102e+03
-4.449060000000000400e+03
-4.476904000000000451e+03
-4.450545000000000073e+03
-4.459454999999999927e+03
-4.484699999999999818e+03
-4.466137999999999920e+03
-4.478760000000000218e+03
-4.472448999999999614e+03
-4.484699999999999818e+03
-4.466880000000000109e+03
-4.473563000000000102e+03
-4.452400999999999840e+03
-4.453886000000000422e+03
-4.496579999999999927e+03
-4.434210000000000036e+03
-4.430497999999999593e+03
-4.441635000000000218e+03
-4.439779000000000451e+03
-4.449430999999999585e+03
-4.429755000000000109e+03
-4.454628999999999905e+03
-4.408222999999999956e+03
-4.449430999999999585e+03
-4.428270000000000437e+03
-4.426413999999999760e+03
-4.468735999999999876e+03
-4.434581000000000131e+03
-4.427527000000000044e+03
-4.444234000000000378e+03
-4.424557999999999993e+03
-4.386319000000000415e+03
-4.452771999999999935e+03
-4.449430999999999585e+03
-4.425300000000000182e+03
-4.478760000000000218e+03
-4.451287999999999556e+03
-4.455000000000000000e+03
-4.473190999999999804e+03
-4.445719000000000051e+03
-4.424929000000000087e+03
-4.481729999999999563e+03
-4.483957999999999629e+03
-4.432725000000000364e+03
-4.468364999999999782e+03
-4.450545000000000073e+03
-4.435694999999999709e+03
-4.463167000000000371e+03
-4.445347999999999956e+03
-4.478760000000000218e+03
-4.451287999999999556e+03
-4.476904000000000451e+03
-4.473934000000000196e+03
-4.495095000000000255e+03
-4.517740999999999985e+03
-4.508088999999999942e+03
-4.481729999999999563e+03
-4.515885000000000218e+03
-4.491381999999999607e+03
-4.477274999999999636e+03
-4.518112000000000080e+03
-4.516627000000000407e+03
-4.505118999999999687e+03
-4.509203000000000429e+03
-4.516627000000000407e+03
-4.460939999999999600e+03
-4.533333999999999833e+03
-4.526650999999999840e+03
-4.527765000000000327e+03
-4.506975000000000364e+03
-4.512914999999999964e+03
-4.509203000000000429e+03
-4.538159999999999854e+03
-4.551524999999999636e+03
-4.540015999999999622e+03
-4.562292000000000371e+03
-4.556722999999999956e+03
-4.536675000000000182e+03
-4.563404999999999745e+03
-4.549296999999999571e+03
-4.547069999999999709e+03
-4.559692000000000007e+03
-4.490269000000000233e+03
-4.531478000000000065e+03
-4.524052999999999884e+03
-4.540387999999999920e+03
-4.515885000000000218e+03
-4.562292000000000371e+03
-4.536304000000000087e+03
-4.498436999999999898e+03
-4.542985999999999876e+03
-4.547069999999999709e+03
-4.553010000000000218e+03
-4.550039999999999964e+03
-4.550783000000000357e+03
-4.549668999999999869e+03
-4.552639000000000124e+03
-4.569716000000000349e+03
-4.590877000000000407e+03
-4.591619999999999891e+03
-4.564519000000000233e+03
-4.594590000000000146e+03
-4.524795000000000073e+03
-4.571573000000000320e+03
-4.528878999999999905e+03
-4.562662999999999556e+03
-4.543729000000000269e+03
-4.552268000000000029e+03
-4.554865999999999985e+03
-4.554494999999999891e+03
-4.562662999999999556e+03
-4.565631999999999607e+03
-4.602386000000000422e+03
-4.566375000000000000e+03
-4.577884000000000015e+03
-4.587536000000000058e+03
-4.541130000000000109e+03
-4.610554000000000087e+03
-4.593847999999999956e+03
-4.564146999999999935e+03
-4.560435000000000400e+03
-4.635427999999999884e+03
-4.584938000000000102e+03
-4.610925000000000182e+03
-4.617235999999999876e+03
-4.610925000000000182e+03
-4.612780999999999949e+03
-4.632457999999999629e+03
-4.594590000000000146e+03
-4.626889000000000124e+03
-4.647307999999999993e+03
-4.603871000000000095e+03
-4.651762999999999920e+03
-4.628373999999999796e+03
-4.638769000000000233e+03
-4.655845999999999549e+03
-4.636912999999999556e+03
-4.668469000000000051e+03
-4.659559000000000196e+03
-4.648050000000000182e+03
-4.615009000000000015e+03
-4.696684000000000196e+03
-4.653989999999999782e+03
-4.648050000000000182e+03
-4.668097999999999956e+03
-4.700395999999999731e+03
-4.646564999999999600e+03
-4.694828000000000429e+03
-4.680720000000000255e+03
-4.645079999999999927e+03
-4.701139000000000124e+03
-4.719329999999999927e+03
-4.698911000000000058e+03
-4.720073000000000320e+03
-4.691485999999999876e+03
-4.692229000000000269e+03
-4.706707999999999629e+03
-4.713761000000000422e+03
-4.699283000000000357e+03
-4.703737000000000080e+03
-4.727126000000000204e+03
-4.715618000000000393e+03
-4.690372999999999593e+03
-4.708564000000000306e+03
-4.692229000000000269e+03
-4.724155999999999949e+03
-4.735293999999999869e+03
-4.720444000000000415e+03
-4.737149999999999636e+03
-4.758311999999999898e+03
-4.757939999999999600e+03
-4.733809000000000196e+03
-4.777244999999999891e+03
-4.767220999999999549e+03
-4.725640999999999622e+03
-4.786154999999999745e+03
-4.762024000000000342e+03
-4.770934000000000196e+03
-4.786896999999999935e+03
-4.781699999999999818e+03
-4.753484999999999673e+03
-4.772418999999999869e+03
-4.790609999999999673e+03
-4.720814999999999600e+03
-4.794694000000000415e+03
-4.775018000000000029e+03
-4.772046999999999571e+03
-4.802860999999999876e+03
-4.785783999999999651e+03
-4.767963999999999942e+03
-4.808059000000000196e+03
-4.800262999999999920e+03
-4.812885000000000218e+03
-4.805088999999999942e+03
-4.796179000000000087e+03
-4.782442000000000007e+03
-4.782070999999999913e+03
-4.823650999999999840e+03
-4.796550000000000182e+03
-4.802118999999999687e+03
-4.816597999999999956e+03
-4.807688000000000102e+03
-4.824021999999999935e+03
-4.800262999999999920e+03
-4.801747999999999593e+03
-4.789868000000000393e+03
-4.819195999999999913e+03
-4.790609999999999673e+03
-4.813256000000000313e+03
-4.799149000000000342e+03
-4.811399999999999636e+03
-4.831819000000000415e+03
-4.831448000000000320e+03
-4.821795000000000073e+03
-4.849268000000000029e+03
-4.805088999999999942e+03
-4.809914999999999964e+03
-4.822167000000000371e+03
-4.847039999999999964e+03
-4.806944999999999709e+03
-4.836645000000000437e+03
-4.826621000000000095e+03
-4.863375000000000000e+03
-4.818453999999999724e+03
-4.864118000000000393e+03
-4.835902000000000044e+03
-4.838130000000000109e+03
-4.892332999999999629e+03
-4.858920000000000073e+03
-4.877481999999999971e+03
-4.878967999999999847e+03
-4.876368999999999687e+03
-4.842213999999999942e+03
-4.882680000000000291e+03
-4.885649999999999636e+03
-4.860404999999999745e+03
-4.891219000000000051e+03
-4.875626000000000204e+03
-4.903470000000000255e+03
-4.909038999999999760e+03
-4.925744999999999891e+03
-4.888990999999999985e+03
-4.922033000000000357e+03
-4.920918999999999869e+03
-4.901984999999999673e+03
-4.960643000000000029e+03
-4.903470000000000255e+03
-4.947649000000000342e+03
-4.976605999999999767e+03
-4.925002000000000407e+03
-4.923889000000000124e+03
-4.927972999999999956e+03
-4.930942000000000007e+03
-4.923889000000000124e+03
-4.947649000000000342e+03
-4.947277000000000044e+03
-4.929457999999999629e+03
-4.949876000000000204e+03
-4.944307999999999993e+03
-4.924631000000000313e+03
-4.972150999999999840e+03
-4.955815999999999804e+03
-4.940224000000000160e+03
-4.952845999999999549e+03
-4.943564999999999600e+03
-4.910895000000000437e+03
-4.984402000000000044e+03
-4.927972999999999956e+03
-4.956188000000000102e+03
-4.942823000000000320e+03
-4.940595000000000255e+03
-4.938738999999999578e+03
-4.967324999999999818e+03
-4.933912999999999556e+03
-4.919805000000000291e+03
-4.971779999999999745e+03
-4.944679000000000087e+03
-4.959158000000000357e+03
-4.966211000000000240e+03
-4.969552999999999884e+03
-4.941708999999999833e+03
-4.975493000000000393e+03
-4.961756000000000313e+03
-4.932055999999999585e+03
-4.946163999999999760e+03
-4.989229000000000269e+03
-4.943936999999999898e+03
-4.971037999999999556e+03
-4.991085000000000036e+03
-4.975863999999999578e+03
-4.984774000000000342e+03
-4.988856999999999971e+03
-4.996654000000000451e+03
-4.984402000000000044e+03
-5.003336000000000240e+03
-4.987743999999999687e+03
-5.007048999999999978e+03
-5.016701000000000022e+03
-5.029323999999999614e+03
-5.002965000000000146e+03
-5.029323999999999614e+03
-5.009646999999999935e+03
-5.039719000000000051e+03
-5.020413999999999760e+03
-5.004078999999999724e+03
-5.001109000000000378e+03
-4.989970999999999549e+03
-4.981804000000000087e+03
-4.992569999999999709e+03
-5.040090000000000146e+03
-4.977349000000000160e+03
-5.037490999999999985e+03
-5.053083999999999833e+03
-4.992198999999999614e+03
-5.012618000000000393e+03
-5.014103000000000065e+03
-5.007792000000000371e+03
-5.041945999999999913e+03
-5.021155999999999949e+03
-5.017444000000000415e+03
-5.019671000000000276e+03
