-1.993613000000000056e+03
-1.934584000000000060e+03
-1.952031999999999925e+03
-1.992499000000000024e+03
-2.008090999999999894e+03
-1.987672000000000025e+03
-2.038534000000000106e+03
-2.045959000000000060e+03
-2.004750000000000000e+03
-2.070090000000000146e+03
-2.043359999999999900e+03
-2.047815000000000055e+03
-2.091623000000000047e+03
-2.082340999999999894e+03
-2.050414000000000215e+03
-2.121322999999999865e+03
-2.130231999999999971e+03
-2.121322999999999865e+03
-2.104615999999999985e+03
-2.128005000000000109e+03
-2.119465999999999894e+03
-2.113525999999999840e+03
-2.150650999999999840e+03
-2.126519999999999982e+03
-2.175896000000000186e+03
-2.163273999999999887e+03
-2.140998999999999796e+03
-2.185548999999999978e+03
-2.212278999999999996e+03
-2.171070000000000164e+03
-2.225643999999999778e+03
-2.218590000000000146e+03
-2.190375000000000000e+03
-2.251630999999999858e+03
-2.266110000000000127e+03
-2.218590000000000146e+03
-2.237152999999999793e+03
-2.274648999999999887e+03
-2.249775000000000091e+03
-2.254230000000000018e+03
-2.289498999999999796e+03
-2.284672999999999774e+03
-2.281331000000000131e+03
-2.290983999999999924e+03
-2.305090999999999894e+03
-2.296552000000000135e+03
-2.310289000000000215e+03
-2.299150999999999840e+03
-2.301750000000000000e+03
-2.325510000000000218e+03
-2.297666000000000167e+03
-2.341474000000000160e+03
-2.322911000000000058e+03
-2.321425999999999931e+03
-2.342215999999999894e+03
-2.361521000000000186e+03
-2.360778999999999996e+03
-2.334420000000000073e+03
-2.343701000000000022e+03
-2.362264000000000124e+03
-2.350384000000000015e+03
-2.347414000000000215e+03
-2.370059999999999945e+03
-2.389364999999999782e+03
-2.396418999999999869e+03
-2.386394999999999982e+03
-2.401987999999999829e+03
-2.413125000000000000e+03
-2.394934000000000196e+03
-2.411268999999999778e+03
-2.430945000000000164e+03
-2.429460000000000036e+03
-2.442824999999999818e+03
-2.465842999999999847e+03
-2.440226000000000113e+03
-2.445052000000000135e+03
-2.465099999999999909e+03
-2.464728999999999814e+03
-2.465099999999999909e+03
-2.509278999999999996e+03
-2.495170999999999822e+03
-2.530068999999999960e+03
-2.555684999999999945e+03
-2.494429000000000087e+03
-2.530068999999999960e+03
-2.543434000000000196e+03
-2.535266000000000076e+03
-2.554199999999999818e+03
-2.577960000000000036e+03
-2.542320000000000164e+03
-2.550858999999999924e+03
-2.613599999999999909e+03
-2.572762000000000171e+03
-2.570164000000000215e+03
-2.616570000000000164e+03
-2.600235000000000127e+03
-2.618425999999999931e+03
-2.607659999999999854e+03
-2.595409000000000106e+03
-2.623623999999999796e+03
-2.637360000000000127e+03
-2.585385000000000218e+03
-2.596893999999999778e+03
-2.647384000000000015e+03
-2.635503999999999905e+03
-2.608402999999999793e+03
-2.652952999999999975e+03
-2.650724999999999909e+03
-2.639588000000000193e+03
-2.639958999999999833e+03
-2.632534000000000106e+03
-2.647012000000000171e+03
-2.645527999999999793e+03
-2.649239999999999782e+03
-2.673371000000000095e+03
-2.680054000000000087e+03
-2.707525999999999840e+03
-2.659635000000000218e+03
-2.699730000000000018e+03
-2.707155000000000200e+03
-2.659264000000000124e+03
-2.702329000000000178e+03
-2.719405999999999949e+03
-2.673000000000000000e+03
-2.607659999999999854e+03
-2.590210999999999785e+03
-2.570164000000000215e+03
-2.581300999999999931e+03
-2.603576000000000022e+03
-2.573876000000000204e+03
-2.586126999999999953e+03
-2.604690000000000055e+03
-2.595038000000000011e+03
-2.595409000000000106e+03
-2.641443999999999960e+03
-2.659264000000000124e+03
-2.610259000000000015e+03
-2.631791000000000167e+03
-2.634760999999999967e+03
-2.613228999999999814e+03
-2.613599999999999909e+03
-2.639588000000000193e+03
-2.640329999999999927e+03
-2.639588000000000193e+03
-2.663719000000000051e+03
-2.653695000000000164e+03
-2.670400999999999840e+03
-2.644414000000000215e+03
-2.629563999999999851e+03
-2.612485999999999876e+03
-2.628449999999999818e+03
-2.632163000000000011e+03
-2.642557999999999993e+03
-2.642557999999999993e+03
-2.662233999999999924e+03
-2.661119999999999891e+03
-2.647384000000000015e+03
-2.660005999999999858e+03
-2.673742000000000189e+03
-2.673000000000000000e+03
-2.674856000000000222e+03
-2.684509000000000015e+03
-2.675969999999999800e+03
-2.704184999999999945e+03
-2.722005000000000109e+03
-2.705298999999999978e+03
-2.713838000000000193e+03
-2.713094999999999800e+03
-2.712724000000000160e+03
-2.700472000000000207e+03
-2.689335000000000036e+03
-2.683394999999999982e+03
-2.703070999999999913e+03
-2.691563000000000102e+03
-2.718291999999999916e+03
-2.712353000000000065e+03
-2.708639999999999873e+03
-2.730543999999999869e+03
-2.713094999999999800e+03
-2.719405999999999949e+03
-2.740568000000000211e+03
-2.719405999999999949e+03
-2.755045999999999822e+03
-2.726460000000000036e+03
-2.704556000000000040e+03
-2.743538000000000011e+03
-2.727945000000000164e+03
-2.698615999999999985e+03
-2.742795000000000073e+03
-2.739454000000000178e+03
-2.736855000000000018e+03
-2.751704999999999927e+03
-2.768782000000000153e+03
-2.736855000000000018e+03
-2.762842999999999847e+03
-2.784003999999999905e+03
-2.785860000000000127e+03
-2.762842999999999847e+03
-2.772494999999999891e+03
-2.754304000000000087e+03
-2.761728999999999814e+03
-2.798481999999999971e+03
-2.743538000000000011e+03
-2.763585000000000036e+03
-2.784003999999999905e+03
-2.757644999999999982e+03
-2.769525000000000091e+03
-2.760614999999999782e+03
-2.765440999999999804e+03
-2.782146999999999935e+03
-2.796998000000000047e+03
-2.747250000000000000e+03
-2.786231000000000222e+03
-2.814818000000000211e+03
-2.795141000000000076e+03
-2.793655999999999949e+03
-2.804422999999999774e+03
-2.781775999999999840e+03
-2.779920000000000073e+03
-2.804422999999999774e+03
-2.803309000000000196e+03
-2.805907000000000153e+03
-2.818159000000000106e+03
-2.814074999999999818e+03
-2.812219000000000051e+03
-2.845630999999999858e+03
-2.841547999999999774e+03
-2.821871000000000095e+03
-2.803679999999999836e+03
-2.801452999999999975e+03
-2.795884000000000015e+03
-2.836721000000000004e+03
-2.833380000000000109e+03
-2.824099000000000160e+03
-2.850829000000000178e+03
-2.844889000000000124e+03
-2.831894999999999982e+03
-2.830039000000000215e+03
-2.824099000000000160e+03
-2.838949000000000069e+03
-2.856768999999999778e+03
-2.842661000000000058e+03
-2.837092999999999847e+03
-2.855284000000000106e+03
-2.862338000000000193e+03
-2.851199999999999818e+03
-2.857882999999999811e+03
-2.846744999999999891e+03
-2.876074000000000069e+03
-2.857510999999999967e+03
-2.856025999999999840e+03
-2.861224000000000160e+03
-2.859367000000000189e+03
-2.853427000000000135e+03
-2.849344000000000051e+03
-2.856768999999999778e+03
-2.843403999999999996e+03
-2.825213000000000193e+03
-2.821871000000000095e+03
-2.827811000000000149e+03
-2.828182999999999993e+03
-2.828925000000000182e+03
-2.824840999999999894e+03
-2.846744999999999891e+03
-2.842289999999999964e+03
-2.827811000000000149e+03
-2.830409999999999854e+03
-2.851199999999999818e+03
-2.814818000000000211e+03
-2.826697999999999865e+03
-2.856768999999999778e+03
-2.834494000000000142e+03
-2.835606999999999971e+03
-2.877929999999999836e+03
-2.861965999999999894e+03
-2.835978999999999814e+03
-2.866791999999999916e+03
-2.868648999999999887e+03
-2.846744999999999891e+03
-2.870876000000000204e+03
-2.864565000000000055e+03
-2.862708999999999833e+03
-2.870876000000000204e+03
-2.831152999999999793e+03
-2.841547999999999774e+03
-2.843403999999999996e+03
-2.836721000000000004e+03
-2.809990999999999985e+03
-2.840063000000000102e+03
-2.823728000000000065e+03
-2.817045000000000073e+03
-2.856768999999999778e+03
-2.847858999999999924e+03
-2.841918999999999869e+03
-2.842289999999999964e+03
-2.870134000000000015e+03
-2.818900999999999840e+03
-2.854541000000000167e+03
-2.858996000000000095e+03
-2.822985000000000127e+03
-2.854541000000000167e+03
-2.861224000000000160e+03
-2.840434000000000196e+03
-2.843403999999999996e+03
-2.868648999999999887e+03
-2.843775000000000091e+03
-2.847487999999999829e+03
-2.891295000000000073e+03
-2.860481000000000222e+03
-2.866420999999999822e+03
-2.905773999999999887e+03
-2.866791999999999916e+03
-2.869391000000000076e+03
-2.897235000000000127e+03
-2.869762000000000171e+03
-2.870134000000000015e+03
-2.889068000000000211e+03
-2.840063000000000102e+03
-2.868648999999999887e+03
-2.880900000000000091e+03
-2.863079999999999927e+03
-2.893893999999999778e+03
-2.888695999999999913e+03
-2.886469000000000051e+03
-2.916539999999999964e+03
-2.914313000000000102e+03
-2.923965000000000146e+03
-2.920251999999999953e+03
-2.911342999999999847e+03
-2.927306000000000040e+03
-2.913940999999999804e+03
-2.926193000000000211e+03
-2.932503999999999905e+03
-2.907259000000000015e+03
-2.927677000000000135e+03
-2.914684000000000196e+03
-2.908373000000000047e+03
-2.934360000000000127e+03
-2.930646999999999935e+03
-2.915054999999999836e+03
-2.934360000000000127e+03
-2.942155999999999949e+03
-2.941784999999999854e+03
-2.923594000000000051e+03
-2.947353999999999814e+03
-2.939557999999999993e+03
-2.939186000000000149e+03
-2.966659000000000106e+03
-2.961090000000000146e+03
-2.963318000000000211e+03
-2.984478999999999814e+03
-2.972228000000000065e+03
-2.969628999999999905e+03
-2.986335000000000036e+03
-2.966659000000000106e+03
-2.988190999999999804e+03
-2.977795999999999822e+03
-2.964431000000000040e+03
-2.980394999999999982e+03
-2.928791000000000167e+03
-2.920994999999999891e+03
-2.914313000000000102e+03
-2.905402999999999793e+03
-2.871619000000000142e+03
-2.880528999999999996e+03
-2.868277999999999793e+03
-2.874217999999999847e+03
-2.878300999999999931e+03
-2.855655000000000200e+03
-2.863451000000000022e+03
-2.856768999999999778e+03
-2.861965999999999894e+03
-2.848230000000000018e+03
-2.850829000000000178e+03
-2.857139999999999873e+03
-2.853427000000000135e+03
-2.858625000000000000e+03
-2.858253999999999905e+03
-2.869391000000000076e+03
-2.871989999999999782e+03
-2.851570999999999913e+03
-2.872731999999999971e+03
-2.886097000000000207e+03
-2.869019999999999982e+03
-2.861224000000000160e+03
-2.857510999999999967e+03
-2.870876000000000204e+03
-2.851199999999999818e+03
-2.868277999999999793e+03
-2.887583000000000084e+03
-2.887954000000000178e+03
-2.882385000000000218e+03
-2.877929999999999836e+03
-2.899833999999999833e+03
-2.879043999999999869e+03
-2.896492000000000189e+03
-2.886469000000000051e+03
-2.883869999999999891e+03
-2.897235000000000127e+03
-2.877188000000000102e+03
-2.850458000000000084e+03
-2.891295000000000073e+03
-2.840804999999999836e+03
-2.870876000000000204e+03
-2.869391000000000076e+03
-2.885355000000000018e+03
-2.880157000000000153e+03
-2.886097000000000207e+03
-2.886840000000000146e+03
-2.887583000000000084e+03
-2.895750000000000000e+03
-2.882385000000000218e+03
