1.915707999999999913e+02
2.153316000000000088e+02
2.030800000000000125e+02
1.800618000000000052e+02
1.867444000000000131e+02
1.774628999999999905e+02
1.789480000000000075e+02
1.733789999999999907e+02
1.537022000000000048e+02
1.555585000000000093e+02
1.466482000000000028e+02
1.585286000000000115e+02
1.499895999999999958e+02
1.303127000000000066e+02
1.143485000000000014e+02
1.336540999999999997e+02
1.470194999999999936e+02
1.418217999999999961e+02
1.470194999999999936e+02
1.206598999999999933e+02
1.154622999999999990e+02
8.687515000000000498e+01
1.035819000000000045e+02
9.541415999999999542e+01
7.610857000000000028e+01
5.828802999999999912e+01
6.311442999999999870e+01
6.311442999999999870e+01
4.826397000000000048e+01
3.749739000000000289e+01
4.121000999999999692e+01
4.269505000000000194e+01
1.262288999999999994e+01
2.487451000000000079e+01
2.932965000000000089e+01
1.596424000000000021e+01
1.596424000000000021e+01
1.670675999999999917e+01
2.004811000000000121e+01
3.229973999999999990e+01
1.893432999999999922e+01
-1.373625000000000007e+01
-7.053749999999999964e+00
-7.425000000000000488e-01
1.856306999999999974e+01
-3.341250000000000053e+00
2.376072999999999880e+01
6.311442999999999692e+00
-9.652499999999999858e+00
-2.227500000000000036e+00
-1.262250000000000050e+01
1.856306999999999929e+00
0.000000000000000000e+00
1.076657999999999937e+01
-1.596374999999999922e+01
7.425226999999999578e+00
1.188035999999999959e+01
-3.081374999999999886e+01
-1.262250000000000050e+01
-2.450250000000000128e+01
-5.086124999999999829e+01
-4.974750000000000227e+01
-4.195125000000000171e+01
-5.123250000000000171e+01
-3.341250000000000142e+01
-5.457374999999999687e+01
-4.046625000000000227e+01
-2.895749999999999957e+01
-3.898125000000000284e+01
-6.348375000000000057e+01
-5.494500000000000028e+01
-4.120875000000000199e+01
-8.909999999999999432e+01
-6.608249999999999602e+01
-8.575875000000000625e+01
-8.315999999999999659e+01
-7.610625000000000284e+01
-9.429749999999999943e+01
-9.095624999999999716e+01
-8.167499999999999716e+01
-6.905249999999999488e+01
-9.392624999999999602e+01
-9.392624999999999602e+01
-9.986624999999999375e+01
-1.184287000000000063e+02
-1.351349999999999909e+02
-1.102613000000000056e+02
-1.239975000000000023e+02
-1.251113000000000000e+02
-1.087763000000000062e+02
-1.299375000000000000e+02
-1.384763000000000090e+02
-1.540688000000000102e+02
-1.600088000000000079e+02
-1.444162000000000035e+02
-1.522125000000000057e+02
-1.685475000000000136e+02
-1.485000000000000000e+02
-1.496137999999999977e+02
-1.789424999999999955e+02
-1.659487000000000023e+02
-1.614937999999999931e+02
-1.804275000000000091e+02
-1.915649999999999977e+02
-1.900800000000000125e+02
-1.644636999999999887e+02
-1.926787999999999954e+02
-1.897087999999999965e+02
-1.830261999999999887e+02
-1.911938000000000102e+02
-1.919362000000000137e+02
-2.071574999999999989e+02
-1.767150000000000034e+02
-1.904512000000000000e+02
-1.926787999999999954e+02
-1.607512999999999863e+02
-1.444162000000000035e+02
-1.733737000000000137e+02
-1.574099999999999966e+02
-1.577812999999999874e+02
-1.663199999999999932e+02
-1.533262000000000000e+02
-1.648350000000000080e+02
-1.815412000000000035e+02
-1.644636999999999887e+02
-1.863675000000000068e+02
-1.770862999999999943e+02
-1.652062999999999988e+02
-1.514699999999999989e+02
-1.741162999999999954e+02
-1.752299999999999898e+02
-1.678050000000000068e+02
-1.867387999999999977e+02
-1.997324999999999875e+02
-1.941638000000000090e+02
-1.945349999999999966e+02
-1.941638000000000090e+02
-1.989900000000000091e+02
-2.279474999999999909e+02
-1.882238000000000113e+02
-2.145825000000000102e+02
-2.420550000000000068e+02
-2.119836999999999989e+02
-1.986187999999999931e+02
-2.227500000000000000e+02
-2.071574999999999989e+02
-2.220074999999999932e+02
-2.283188000000000102e+02
-2.413125000000000000e+02
-2.390850000000000080e+02
-2.580187000000000239e+02
-2.698987000000000194e+02
-2.487375000000000114e+02
-2.457675000000000125e+02
-2.602461999999999875e+02
-2.517075000000000102e+02
-2.030737000000000023e+02
-2.064149999999999920e+02
-1.685475000000000136e+02
-1.737450000000000045e+02
-1.908224999999999909e+02
-1.785713000000000079e+02
-2.075286999999999864e+02
-1.930500000000000114e+02
-1.915649999999999977e+02
-2.079000000000000057e+02
-1.926787999999999954e+02
-1.882238000000000113e+02
-2.001037000000000035e+02
-2.056725000000000136e+02
-2.030737000000000023e+02
-2.104987000000000137e+02
-2.130974999999999966e+02
-2.101274999999999977e+02
-2.075286999999999864e+02
-2.260911999999999864e+02
-2.220074999999999932e+02
-2.201511999999999887e+02
-2.171812999999999931e+02
-2.175525000000000091e+02
-2.298037999999999954e+02
-2.160674999999999955e+02
-2.079000000000000057e+02
-2.082712999999999965e+02
-2.127263000000000090e+02
-1.893375000000000057e+02
-2.257199999999999989e+02
-2.049300000000000068e+02
-2.086425000000000125e+02
-2.049300000000000068e+02
-2.138400000000000034e+02
-2.064149999999999920e+02
-2.079000000000000057e+02
-2.015886999999999887e+02
-2.153249999999999886e+02
-2.127263000000000090e+02
-2.342588000000000079e+02
-2.234925000000000068e+02
-2.420550000000000068e+02
-2.298037999999999954e+02
-2.253488000000000113e+02
-2.272050000000000125e+02
-2.353725000000000023e+02
-2.327737999999999943e+02
-2.383425000000000011e+02
-2.364863000000000000e+02
-2.427975000000000136e+02
-2.171812999999999931e+02
-2.238637999999999977e+02
-2.264625000000000057e+02
-2.301750000000000114e+02
-2.405699999999999932e+02
-2.498513000000000090e+02
-2.272050000000000125e+02
-2.171812999999999931e+02
-2.123549999999999898e+02
-2.186662000000000035e+02
-2.476237000000000137e+02
-2.223788000000000125e+02
-2.387136999999999887e+02
-2.409413000000000125e+02
-2.257199999999999989e+02
-2.331450000000000102e+02
-2.409413000000000125e+02
-2.372288000000000068e+02
-2.390850000000000080e+02
-2.565337999999999852e+02
-2.342588000000000079e+02
-2.461387000000000000e+02
-2.684137999999999806e+02
-2.353725000000000023e+02
-2.398274999999999864e+02
-2.457675000000000125e+02
-2.509650000000000034e+02
-2.595038000000000125e+02
-2.613600000000000136e+02
-2.569049999999999727e+02
-2.669286999999999921e+02
-2.554199999999999875e+02
-2.498513000000000090e+02
-2.635874999999999773e+02
-2.483662999999999954e+02
-2.457675000000000125e+02
-2.517075000000000102e+02
-2.691562999999999874e+02
-2.632162000000000148e+02
-2.721263000000000147e+02
-2.743537999999999784e+02
-2.821499999999999773e+02
-2.762099999999999795e+02
-2.776949999999999932e+02
-2.773238000000000056e+02
-2.609886999999999944e+02
-2.799225000000000136e+02
-2.513362999999999943e+02
-2.572762000000000171e+02
-2.747250000000000227e+02
-2.505937999999999874e+02
-2.394562999999999988e+02
-2.702699999999999818e+02
-2.806650000000000205e+02
-2.669286999999999921e+02
-2.457675000000000125e+02
-2.346299999999999955e+02
-2.732400000000000091e+02
-2.743537999999999784e+02
-2.791800000000000068e+02
-2.832638000000000034e+02
-2.832638000000000034e+02
-2.810362999999999829e+02
-2.929162999999999784e+02
-2.754674999999999727e+02
-2.557913000000000068e+02
-2.698987000000000194e+02
-2.606175000000000068e+02
-2.810362999999999829e+02
-2.650724999999999909e+02
-2.635874999999999773e+02
-2.780663000000000125e+02
-2.609886999999999944e+02
-2.687850000000000250e+02
-2.724975000000000023e+02
-2.580187000000000239e+02
-2.758387000000000171e+02
-2.843774999999999977e+02
-2.747250000000000227e+02
-2.869762999999999806e+02
-2.832638000000000034e+02
-2.862337999999999738e+02
-2.717549999999999955e+02
-2.736113000000000284e+02
-2.721263000000000147e+02
-2.955149999999999864e+02
-2.832638000000000034e+02
-2.914311999999999898e+02
-3.062812999999999874e+02
-3.040536999999999921e+02
-2.973711999999999875e+02
-3.133349999999999795e+02
-2.925450000000000159e+02
-2.379713000000000136e+02
-2.550488000000000000e+02
-2.435399999999999920e+02
-2.472524999999999977e+02
-2.290612000000000137e+02
-2.123549999999999898e+02
-2.294325000000000045e+02
-2.312888000000000090e+02
-2.205225000000000080e+02
-2.086425000000000125e+02
-2.257199999999999989e+02
-2.275762000000000000e+02
-2.264625000000000057e+02
-2.160674999999999955e+02
-2.208937999999999988e+02
-2.387136999999999887e+02
-2.375999999999999943e+02
-2.190374999999999943e+02
-2.379713000000000136e+02
-2.398274999999999864e+02
-2.253488000000000113e+02
-2.060437000000000012e+02
-2.149538000000000011e+02
-2.487375000000000114e+02
-2.346299999999999955e+02
-2.394562999999999988e+02
-2.513362999999999943e+02
-2.275762000000000000e+02
-2.320312999999999874e+02
-2.201511999999999887e+02
-2.327737999999999943e+02
-2.375999999999999943e+02
-2.294325000000000045e+02
-2.234925000000000068e+02
-2.435399999999999920e+02
-2.338874999999999886e+02
-2.253488000000000113e+02
-2.494799999999999898e+02
-2.465099999999999909e+02
-2.465099999999999909e+02
-2.505937999999999874e+02
-2.524499999999999886e+02
-2.517075000000000102e+02
-2.628450000000000273e+02
-2.576474999999999795e+02
-2.643299999999999841e+02
-2.587613000000000056e+02
-2.591324999999999932e+02
-2.476237000000000137e+02
-2.494799999999999898e+02
-2.546775000000000091e+02
-2.643299999999999841e+02
-2.531924999999999955e+02
-2.535637999999999863e+02
-2.583899999999999864e+02
-2.576474999999999795e+02
-2.647013000000000034e+02
-2.673000000000000114e+02
-2.572762000000000171e+02
-2.517075000000000102e+02
-2.517075000000000102e+02
-2.513362999999999943e+02
-2.439113000000000113e+02
-2.372288000000000068e+02
-2.301750000000000114e+02
-2.387136999999999887e+02
-2.249774999999999920e+02
-2.539350000000000023e+02
-2.435399999999999920e+02
-2.476237000000000137e+02
-2.309174999999999898e+02
-2.442824999999999989e+02
-2.420550000000000068e+02
-2.420550000000000068e+02
-2.457675000000000125e+02
-2.364863000000000000e+02
-2.249774999999999920e+02
-2.472524999999999977e+02
-2.535637999999999863e+02
-2.186662000000000035e+02
-2.498513000000000090e+02
-2.401987000000000023e+02
-2.442824999999999989e+02
-2.565337999999999852e+02
-2.427975000000000136e+02
-2.539350000000000023e+02
-2.346299999999999955e+02
-2.461387000000000000e+02
-2.368574999999999875e+02
-2.439113000000000113e+02
-2.416836999999999875e+02
-2.465099999999999909e+02
-2.379713000000000136e+02
-2.580187000000000239e+02
-2.387136999999999887e+02
-2.535637999999999863e+02
-2.498513000000000090e+02
-2.353725000000000023e+02
-2.595038000000000125e+02
-2.450250000000000057e+02
-2.513362999999999943e+02
-2.739825000000000159e+02
-2.780663000000000125e+02
-2.502224999999999966e+02
-2.457675000000000125e+02
-2.416836999999999875e+02
-2.439113000000000113e+02
-2.825212000000000216e+02
-2.550488000000000000e+02
-2.517075000000000102e+02
-2.643299999999999841e+02
-2.821499999999999773e+02
