-8.093250000000000455e+01
-9.763875000000000171e+01
-1.150875000000000057e+02
-1.113750000000000000e+02
-1.707750000000000057e+02
-1.392187999999999874e+02
-1.637213000000000136e+02
-1.819124999999999943e+02
-1.704036999999999864e+02
-1.960200000000000102e+02
-1.800562999999999931e+02
-1.986187999999999931e+02
-2.027024999999999864e+02
-2.446536999999999864e+02
-2.431687000000000012e+02
-2.268337999999999965e+02
-2.472524999999999977e+02
-2.446536999999999864e+02
-2.847486999999999853e+02
-2.814075000000000273e+02
-2.598750000000000000e+02
-2.739825000000000159e+02
-2.914311999999999898e+02
-3.081374999999999886e+02
-3.062812999999999874e+02
-3.107363000000000284e+02
-3.426637999999999806e+02
-3.318974999999999795e+02
-3.304125000000000227e+02
-3.541725000000000136e+02
-3.541725000000000136e+02
-3.526875000000000000e+02
-3.589986999999999853e+02
-3.508312999999999988e+02
-3.786750000000000114e+02
-3.783036999999999921e+02
-3.745912000000000148e+02
-3.760763000000000034e+02
-3.827588000000000079e+02
-3.552862999999999829e+02
-3.950099999999999909e+02
-4.120874999999999773e+02
-3.942674999999999841e+02
-4.269375000000000000e+02
-4.232250000000000227e+02
-4.028061999999999898e+02
-4.566374999999999886e+02
-4.588650000000000091e+02
-4.425299999999999727e+02
-4.276800000000000068e+02
-4.432724999999999795e+02
-4.217400000000000091e+02
-4.577513000000000147e+02
-4.622062999999999988e+02
-4.711161999999999921e+02
-4.711161999999999921e+02
-4.904212999999999738e+02
-4.833675000000000068e+02
-4.544100000000000250e+02
-4.584936999999999898e+02
-4.603500000000000227e+02
-4.436437999999999988e+02
-4.841100000000000136e+02
-4.696313000000000102e+02
-4.714875000000000114e+02
-4.907925000000000182e+02
-4.815113000000000056e+02
-4.833675000000000068e+02
-5.086125000000000114e+02
-4.811399999999999864e+02
-4.841100000000000136e+02
-4.989599999999999795e+02
-4.867087000000000216e+02
-4.926487000000000194e+02
-5.349713000000000420e+02
-4.971037999999999784e+02
-5.052712000000000216e+02
-5.223487999999999829e+02
-5.346000000000000227e+02
-5.219774999999999636e+02
-5.661562999999999874e+02
-5.268038000000000238e+02
-5.112112000000000194e+02
-5.119538000000000011e+02
-5.598450000000000273e+02
-5.594737999999999829e+02
-5.375700000000000500e+02
-5.591024999999999636e+02
-5.824913000000000238e+02
-5.572463000000000193e+02
-5.654138000000000375e+02
-5.553899999999999864e+02
-5.568750000000000000e+02
-5.557612000000000307e+02
-5.702400000000000091e+02
-5.928862000000000307e+02
-5.806349999999999909e+02
-5.917725000000000364e+02
-5.958563000000000329e+02
-5.910299999999999727e+02
-5.902875000000000227e+02
-6.121912999999999556e+02
-6.103350000000000364e+02
-6.017962999999999738e+02
-6.058799999999999955e+02
-6.181312000000000353e+02
-6.099637000000000171e+02
-5.717250000000000227e+02
-5.858324999999999818e+02
-5.951137999999999693e+02
-5.750662999999999556e+02
-5.880599999999999454e+02
-5.951137999999999693e+02
-5.787786999999999580e+02
-6.188737999999999602e+02
-6.029099999999999682e+02
-6.043949999999999818e+02
-5.836050000000000182e+02
-6.274125000000000227e+02
-6.288975000000000364e+02
-6.003112999999999602e+02
-6.066224999999999454e+02
-6.218437999999999874e+02
-6.251849999999999454e+02
-6.110774999999999864e+02
-6.374362999999999602e+02
-6.467174999999999727e+02
-6.006825000000000045e+02
-5.576174999999999500e+02
-5.836050000000000182e+02
-5.702400000000000091e+02
-5.646712999999999738e+02
-5.516775000000000091e+02
-5.327437999999999647e+02
-5.449950000000000045e+02
-5.383125000000000000e+02
-5.553899999999999864e+02
-5.468513000000000375e+02
-5.527912999999999784e+02
-5.405399999999999636e+02
-5.631862999999999602e+02
-5.401688000000000329e+02
-5.234624999999999773e+02
-5.294025000000000318e+02
-5.371987000000000307e+02
-5.360850000000000364e+02
-5.260612999999999602e+02
-5.416536999999999580e+02
-5.379412999999999556e+02
-5.323724999999999454e+02
-5.431386999999999716e+02
-5.208637999999999693e+02
-5.446237999999999602e+02
-5.505638000000000147e+02
-5.242050000000000409e+02
-5.427675000000000409e+02
-5.676412000000000262e+02
-5.160375000000000227e+02
-5.390549999999999500e+02
-5.383125000000000000e+02
-5.204924999999999500e+02
-5.346000000000000227e+02
-5.301449999999999818e+02
-5.379412999999999556e+02
-5.342287999999999784e+02
-5.342287999999999784e+02
-5.453663000000000238e+02
-5.531625000000000227e+02
-5.271749999999999545e+02
-5.405399999999999636e+02
-5.520488000000000284e+02
-5.475937999999999874e+02
-5.431386999999999716e+02
-5.308875000000000455e+02
-5.628150000000000546e+02
-5.821200000000000045e+02
-5.178936999999999671e+02
-5.423962000000000216e+02
-5.516775000000000091e+02
-5.461087999999999738e+02
-5.242050000000000409e+02
-5.178936999999999671e+02
-5.334863000000000284e+02
-5.390549999999999500e+02
-5.234624999999999773e+02
-5.435099999999999909e+02
-5.576174999999999500e+02
-5.405399999999999636e+02
-5.268038000000000238e+02
-5.349713000000000420e+02
-5.349713000000000420e+02
-5.501924999999999955e+02
-5.346000000000000227e+02
-5.501924999999999955e+02
-5.457374999999999545e+02
-5.190075000000000500e+02
-5.089837999999999738e+02
-5.323724999999999454e+02
-5.297736999999999625e+02
-5.208637999999999693e+02
-5.227200000000000273e+02
-5.394262999999999693e+02
-5.286599999999999682e+02
-5.201213000000000193e+02
-5.178936999999999671e+02
-5.275462999999999738e+02
-5.364561999999999671e+02
-5.056424999999999841e+02
-5.242050000000000409e+02
-5.223487999999999829e+02
-5.201213000000000193e+02
-4.945049999999999955e+02
-5.256900000000000546e+02
-5.346000000000000227e+02
-5.438812000000000353e+02
-5.249474999999999909e+02
-5.193787999999999556e+02
-5.178936999999999671e+02
-5.364561999999999671e+02
-5.438812000000000353e+02
-5.223487999999999829e+02
-5.286599999999999682e+02
-5.320013000000000147e+02
-5.167799999999999727e+02
-5.353424999999999727e+02
-5.546475000000000364e+02
-5.468513000000000375e+02
-5.468513000000000375e+02
-5.602161999999999580e+02
-5.349713000000000420e+02
-5.591024999999999636e+02
-5.605874999999999773e+02
-5.487074999999999818e+02
-5.516775000000000091e+02
-5.576174999999999500e+02
-5.676412000000000262e+02
-5.535338000000000420e+02
-5.568750000000000000e+02
-5.698687999999999647e+02
-5.479650000000000318e+02
-5.583600000000000136e+02
-5.828624999999999545e+02
-5.661562999999999874e+02
-5.717250000000000227e+02
-5.527912999999999784e+02
-5.472224999999999682e+02
-5.572463000000000193e+02
-5.565037999999999556e+02
-5.357137000000000171e+02
-5.505638000000000147e+02
-5.219774999999999636e+02
-4.674037000000000148e+02
-4.659187999999999761e+02
-4.640625000000000000e+02
-4.596075000000000159e+02
-4.469850000000000136e+02
-4.714875000000000114e+02
-4.640625000000000000e+02
-4.473562999999999761e+02
-4.755713000000000079e+02
-4.796549999999999727e+02
-4.729725000000000250e+02
-4.763138000000000147e+02
-4.651763000000000261e+02
-4.677749999999999773e+02
-4.937624999999999886e+02
-4.670325000000000273e+02
-4.599787999999999784e+02
-4.781700000000000159e+02
-4.859662000000000148e+02
-4.547812999999999874e+02
-4.826250000000000000e+02
-4.826250000000000000e+02
-4.547812999999999874e+02
-4.792837999999999852e+02
-4.726012999999999806e+02
-4.737149999999999750e+02
-4.584936999999999898e+02
-4.551524999999999750e+02
-4.688888000000000034e+02
-4.688888000000000034e+02
-4.770561999999999898e+02
-4.599787999999999784e+02
-4.633199999999999932e+02
-4.662900000000000205e+02
-4.510688000000000102e+02
-4.577513000000000147e+02
-4.488412000000000148e+02
-4.714875000000000114e+02
-4.518111999999999853e+02
-4.636913000000000125e+02
-4.703736999999999853e+02
-4.733437999999999874e+02
-4.826250000000000000e+02
-4.674037000000000148e+02
-4.711161999999999921e+02
-4.763138000000000147e+02
-4.688888000000000034e+02
-4.696313000000000102e+02
-4.700024999999999977e+02
-4.722300000000000182e+02
-4.792837999999999852e+02
-4.536675000000000182e+02
-4.636913000000000125e+02
-4.651763000000000261e+02
-4.503263000000000034e+02
-4.566374999999999886e+02
-4.666612999999999829e+02
-4.711161999999999921e+02
-4.443863000000000056e+02
-4.900500000000000114e+02
-4.659187999999999761e+02
-4.451288000000000125e+02
-4.740862000000000194e+02
-4.506974999999999909e+02
-4.577513000000000147e+02
-4.726012999999999806e+02
-4.670325000000000273e+02
-4.544100000000000250e+02
-4.878224999999999909e+02
-4.677749999999999773e+02
-4.551524999999999750e+02
-4.726012999999999806e+02
-4.878224999999999909e+02
-4.748288000000000011e+02
-4.722300000000000182e+02
-4.610924999999999727e+02
-4.655475000000000136e+02
-4.826250000000000000e+02
-4.588650000000000091e+02
-4.651763000000000261e+02
-4.755713000000000079e+02
-4.815113000000000056e+02
-4.488412000000000148e+02
-4.696313000000000102e+02
-4.807687999999999988e+02
-4.610924999999999727e+02
-4.800262000000000171e+02
-4.588650000000000091e+02
-4.421587999999999852e+02
-4.685174999999999841e+02
-4.529250000000000114e+02
-4.506974999999999909e+02
-4.811399999999999864e+02
-4.670325000000000273e+02
-4.362187999999999874e+02
-4.603500000000000227e+02
-4.677749999999999773e+02
-4.391888000000000147e+02
-4.558949999999999818e+02
-4.774275000000000091e+02
-4.503263000000000034e+02
-4.584936999999999898e+02
-4.692599999999999909e+02
-4.555237000000000194e+02
-4.636913000000000125e+02
-4.622062999999999988e+02
-4.603500000000000227e+02
-4.763138000000000147e+02
-4.722300000000000182e+02
-4.544100000000000250e+02
-4.651763000000000261e+02
-4.618349999999999795e+02
-4.614637000000000171e+02
-4.737149999999999750e+02
-4.800262000000000171e+02
-4.714875000000000114e+02
-4.610924999999999727e+02
-4.703736999999999853e+02
-4.607212999999999852e+02
-4.714875000000000114e+02
-4.781700000000000159e+02
-4.681462000000000216e+02
-4.644336999999999875e+02
-4.711161999999999921e+02
-4.659187999999999761e+02
-4.625774999999999864e+02
-4.577513000000000147e+02
-4.540387999999999806e+02
-4.484700000000000273e+02
-4.636913000000000125e+02
-4.480987999999999829e+02
-4.659187999999999761e+02
-4.551524999999999750e+02
-4.480987999999999829e+02
-4.610924999999999727e+02
-4.425299999999999727e+02
-4.447574999999999932e+02
-4.610924999999999727e+02
-4.700024999999999977e+02
-4.388174999999999955e+02
-4.443863000000000056e+02
-4.544100000000000250e+02
-4.495837000000000216e+02
-4.510688000000000102e+02
-4.763138000000000147e+02
-4.432724999999999795e+02
-4.711161999999999921e+02
-4.636913000000000125e+02
-4.395600000000000023e+02
-4.462425000000000068e+02
-4.607212999999999852e+02
-4.518111999999999853e+02
-4.547812999999999874e+02
-4.633199999999999932e+02
-4.417875000000000227e+02
-4.503263000000000034e+02
-4.525536999999999921e+02
-4.636913000000000125e+02
-4.436437999999999988e+02
-4.436437999999999988e+02
-4.447574999999999932e+02
