-1.035788000000000011e+02
-9.652500000000000568e+01
-1.091474999999999937e+02
-1.110037999999999982e+02
-1.124887999999999977e+02
-1.221413000000000011e+02
-1.254825000000000017e+02
-1.355063000000000102e+02
-1.206563000000000017e+02
-1.295663000000000125e+02
-1.314225000000000136e+02
-1.414463000000000079e+02
-1.410749999999999886e+02
-1.622363000000000000e+02
-1.377336999999999989e+02
-1.652062999999999988e+02
-1.670625000000000000e+02
-1.986187999999999931e+02
-1.908224999999999909e+02
-1.926787999999999954e+02
-1.975049999999999955e+02
-1.926787999999999954e+02
-1.871100000000000136e+02
-1.767150000000000034e+02
-1.744875000000000114e+02
-1.833975000000000080e+02
-1.904512000000000000e+02
-1.793137999999999863e+02
-1.863675000000000068e+02
-2.071574999999999989e+02
-1.856250000000000000e+02
-2.119836999999999989e+02
-2.327737999999999943e+02
-2.123549999999999898e+02
-2.145825000000000102e+02
-2.290612000000000137e+02
-2.249774999999999920e+02
-2.201511999999999887e+02
-2.104987000000000137e+02
-2.424262999999999977e+02
-2.298037999999999954e+02
-2.446536999999999864e+02
-2.543062999999999931e+02
-2.621025000000000205e+02
-2.795511999999999944e+02
-2.647013000000000034e+02
-2.580187000000000239e+02
-2.955149999999999864e+02
-2.899463000000000079e+02
-2.825212000000000216e+02
-2.628450000000000273e+02
-2.817787000000000148e+02
-2.944012000000000171e+02
-2.832638000000000034e+02
-2.951437000000000239e+02
-2.940299999999999727e+02
-3.159336999999999875e+02
-3.025688000000000102e+02
-2.992275000000000205e+02
-3.122212999999999852e+02
-3.140774999999999864e+02
-3.036825000000000045e+02
-3.062812999999999874e+02
-3.374662000000000148e+02
-3.118500000000000227e+02
-3.151913000000000125e+02
-3.452624999999999886e+02
-3.051675000000000182e+02
-3.229875000000000114e+02
-3.318974999999999795e+02
-3.021974999999999909e+02
-3.422925000000000182e+02
-3.259574999999999818e+02
-3.445199999999999818e+02
-3.519449999999999932e+02
-3.159336999999999875e+02
-3.296700000000000159e+02
-3.460049999999999955e+02
-3.456338000000000079e+02
-3.534300000000000068e+02
-3.627112000000000194e+02
-3.549150000000000205e+02
-3.266999999999999886e+02
-3.582563000000000102e+02
-3.593700000000000045e+02
-3.330113000000000056e+02
-3.497174999999999727e+02
-3.675375000000000227e+02
-3.497174999999999727e+02
-3.771899999999999977e+02
-3.805312999999999874e+02
-3.482325000000000159e+02
-3.567712000000000216e+02
-3.979800000000000182e+02
-3.601125000000000114e+02
-3.716211999999999875e+02
-3.827588000000000079e+02
-3.504599999999999795e+02
-3.589986999999999853e+02
-3.708788000000000125e+02
-3.482325000000000159e+02
-3.263288000000000011e+02
-3.771899999999999977e+02
-3.608550000000000182e+02
-3.619687999999999874e+02
-3.768188000000000102e+02
-3.827588000000000079e+02
-3.749624999999999773e+02
-4.031775000000000091e+02
-3.742200000000000273e+02
-3.512024999999999864e+02
-3.619687999999999874e+02
-3.589986999999999853e+02
-3.816449999999999818e+02
-3.983512999999999806e+02
-3.682799999999999727e+02
-3.849863000000000284e+02
-3.797887999999999806e+02
-3.916687999999999761e+02
-3.909261999999999944e+02
-4.076324999999999932e+02
-3.842436999999999898e+02
-3.823874999999999886e+02
-4.183987000000000194e+02
-3.875849999999999795e+02
-4.150575000000000045e+02
-4.094886999999999944e+02
-4.243387000000000171e+02
-4.287937999999999761e+02
-3.968661999999999921e+02
-4.002074999999999818e+02
-4.209975000000000023e+02
-4.113450000000000273e+02
-4.261949999999999932e+02
-4.351050000000000182e+02
-4.358475000000000250e+02
-4.302787000000000148e+02
-4.280511999999999944e+02
-4.232250000000000227e+02
-4.132013000000000034e+02
-4.139438000000000102e+02
-4.425299999999999727e+02
-4.466138000000000261e+02
-4.306499999999999773e+02
-4.521825000000000045e+02
-4.570088000000000079e+02
-4.154286999999999921e+02
-4.510688000000000102e+02
-4.536675000000000182e+02
-4.473562999999999761e+02
-4.726012999999999806e+02
-4.666612999999999829e+02
-4.269375000000000000e+02
-4.607212999999999852e+02
-4.544100000000000250e+02
-4.562663000000000011e+02
-4.573799999999999955e+02
-4.770561999999999898e+02
-4.744574999999999818e+02
-4.618349999999999795e+02
-4.685174999999999841e+02
-4.803974999999999795e+02
-4.558949999999999818e+02
-4.562663000000000011e+02
-4.941338000000000079e+02
-4.974750000000000227e+02
-4.911637999999999806e+02
-4.889361999999999853e+02
-5.201213000000000193e+02
-5.182649999999999864e+02
-5.045287000000000148e+02
-5.093550000000000182e+02
-5.256900000000000546e+02
-5.015586999999999875e+02
-5.175225000000000364e+02
-5.037862999999999829e+02
-5.078700000000000045e+02
-4.707450000000000045e+02
-4.748288000000000011e+02
-4.365899999999999750e+02
-4.362187999999999874e+02
-4.622062999999999988e+02
-4.399311999999999898e+02
-4.484700000000000273e+02
-4.384463000000000079e+02
-4.555237000000000194e+02
-4.558949999999999818e+02
-4.492124999999999773e+02
-4.458711999999999875e+02
-4.807687999999999988e+02
-4.614637000000000171e+02
-4.544100000000000250e+02
-4.714875000000000114e+02
-4.625774999999999864e+02
-4.440149999999999864e+02
-4.421587999999999852e+02
-4.521825000000000045e+02
-4.829961999999999875e+02
-4.659187999999999761e+02
-4.930199999999999818e+02
-4.785412999999999784e+02
-4.763138000000000147e+02
-4.614637000000000171e+02
-4.570088000000000079e+02
-4.781700000000000159e+02
-4.919062999999999874e+02
-4.703736999999999853e+02
-4.588650000000000091e+02
-4.789125000000000227e+02
-4.700024999999999977e+02
-4.570088000000000079e+02
-4.555237000000000194e+02
-4.863374999999999773e+02
-4.974750000000000227e+02
-4.588650000000000091e+02
-4.688888000000000034e+02
-4.681462000000000216e+02
-4.867087000000000216e+02
-4.674037000000000148e+02
-4.748288000000000011e+02
-4.833675000000000068e+02
-4.822538000000000125e+02
-4.800262000000000171e+02
-4.751999999999999886e+02
-4.904212999999999738e+02
-4.952475000000000023e+02
-4.930199999999999818e+02
-4.900500000000000114e+02
-4.852237999999999829e+02
-5.141812999999999647e+02
-4.907925000000000182e+02
-4.893075000000000045e+02
-4.904212999999999738e+02
-4.826250000000000000e+02
-4.774275000000000091e+02
-5.204924999999999500e+02
-5.089837999999999738e+02
-5.227200000000000273e+02
-5.134388000000000147e+02
-5.156662999999999784e+02
-5.197500000000000000e+02
-5.223487999999999829e+02
-5.000738000000000056e+02
-5.249474999999999909e+02
-4.911637999999999806e+02
-4.410450000000000159e+02
-4.492124999999999773e+02
-4.332486999999999853e+02
-4.317638000000000034e+02
-4.128299999999999841e+02
-4.313924999999999841e+02
-4.128299999999999841e+02
-4.232250000000000227e+02
-4.198838000000000079e+02
-4.202549999999999955e+02
-4.132013000000000034e+02
-4.243387000000000171e+02
-4.302787000000000148e+02
-4.057762000000000171e+02
-4.336200000000000045e+02
-4.183987000000000194e+02
-4.106025000000000205e+02
-4.035488000000000284e+02
-4.291650000000000205e+02
-4.362187999999999874e+02
-4.187699999999999818e+02
-4.369612000000000194e+02
-4.354762999999999806e+02
-4.317638000000000034e+02
-4.258238000000000056e+02
-4.143149999999999977e+02
-4.299075000000000273e+02
-4.529250000000000114e+02
-4.258238000000000056e+02
-4.302787000000000148e+02
-4.310212000000000216e+02
-4.299075000000000273e+02
-4.332486999999999853e+02
-4.180274999999999750e+02
-4.462425000000000068e+02
-4.206263000000000147e+02
-4.469850000000000136e+02
-4.414162999999999784e+02
-4.254524999999999864e+02
-4.313924999999999841e+02
-4.243387000000000171e+02
-4.365899999999999750e+02
-4.362187999999999874e+02
-4.358475000000000250e+02
-4.384463000000000079e+02
-4.495837000000000216e+02
-4.410450000000000159e+02
-4.410450000000000159e+02
-4.365899999999999750e+02
-4.310212000000000216e+02
-4.473562999999999761e+02
-4.447574999999999932e+02
-4.414162999999999784e+02
-4.436437999999999988e+02
-4.321349999999999909e+02
-4.221113000000000284e+02
-4.358475000000000250e+02
-4.455000000000000000e+02
-4.373324999999999818e+02
-4.328774999999999977e+02
-4.429012000000000171e+02
-4.291650000000000205e+02
-4.213686999999999898e+02
-4.209975000000000023e+02
-4.291650000000000205e+02
-4.403025000000000091e+02
-4.432724999999999795e+02
-4.165425000000000182e+02
-4.332486999999999853e+02
-4.250812999999999988e+02
-4.336200000000000045e+02
-4.317638000000000034e+02
-4.410450000000000159e+02
-4.339911999999999921e+02
-4.395600000000000023e+02
-4.332486999999999853e+02
-4.354762999999999806e+02
-4.325063000000000102e+02
-4.499549999999999841e+02
-4.377038000000000011e+02
-4.321349999999999909e+02
-4.607212999999999852e+02
-4.317638000000000034e+02
-4.373324999999999818e+02
-4.369612000000000194e+02
-4.362187999999999874e+02
-4.369612000000000194e+02
-4.377038000000000011e+02
-4.269375000000000000e+02
-4.336200000000000045e+02
-4.399311999999999898e+02
-4.228537999999999784e+02
-4.373324999999999818e+02
-4.332486999999999853e+02
-4.310212000000000216e+02
-4.313924999999999841e+02
-4.321349999999999909e+02
-4.373324999999999818e+02
-4.031775000000000091e+02
-4.180274999999999750e+02
-4.206263000000000147e+02
-4.328774999999999977e+02
-4.354762999999999806e+02
-4.143149999999999977e+02
-4.265663000000000125e+02
-4.358475000000000250e+02
-4.143149999999999977e+02
-4.291650000000000205e+02
-4.540387999999999806e+02
-4.458711999999999875e+02
-4.455000000000000000e+02
-4.198838000000000079e+02
-4.287937999999999761e+02
-4.247099999999999795e+02
-4.284225000000000136e+02
-4.395600000000000023e+02
-4.432724999999999795e+02
-4.458711999999999875e+02
-4.436437999999999988e+02
-4.332486999999999853e+02
-4.506974999999999909e+02
-4.425299999999999727e+02
-4.306499999999999773e+02
-4.421587999999999852e+02
-4.321349999999999909e+02
-4.172850000000000250e+02
-4.243387000000000171e+02
-4.228537999999999784e+02
-4.313924999999999841e+02
-4.414162999999999784e+02
-4.325063000000000102e+02
-4.540387999999999806e+02
-4.284225000000000136e+02
-4.269375000000000000e+02
-4.321349999999999909e+02
-4.592363000000000284e+02
-4.169137999999999806e+02
-4.195124999999999886e+02
-4.325063000000000102e+02
-4.373324999999999818e+02
-4.217400000000000091e+02
-4.492124999999999773e+02
-4.369612000000000194e+02
-4.302787000000000148e+02
-4.547812999999999874e+02
-4.321349999999999909e+02
-4.250812999999999988e+02
-4.332486999999999853e+02
-4.336200000000000045e+02
-4.358475000000000250e+02
-4.310212000000000216e+02
-4.380749999999999886e+02
-4.280511999999999944e+02
-4.287937999999999761e+02
-4.425299999999999727e+02
-4.558949999999999818e+02
-4.384463000000000079e+02
-4.247099999999999795e+02
-4.187699999999999818e+02
-4.466138000000000261e+02
-4.254524999999999864e+02
-4.280511999999999944e+02
-4.354762999999999806e+02
-4.384463000000000079e+02
-4.187699999999999818e+02
-4.351050000000000182e+02
-4.414162999999999784e+02
