-2.130974999999999966e+02
-2.164387999999999863e+02
-2.350012999999999863e+02
-2.413125000000000000e+02
-2.569049999999999727e+02
-2.895749999999999886e+02
-2.840063000000000102e+02
-2.906888000000000147e+02
-3.203888000000000034e+02
-3.241012999999999806e+02
-3.114787999999999784e+02
-3.422925000000000182e+02
-3.708788000000000125e+02
-3.575138000000000034e+02
-3.909261999999999944e+02
-3.953813000000000102e+02
-4.024350000000000023e+02
-4.054049999999999727e+02
-4.039200000000000159e+02
-4.042912999999999784e+02
-4.332486999999999853e+02
-4.484700000000000273e+02
-4.451288000000000125e+02
-4.484700000000000273e+02
-4.518111999999999853e+02
-4.622062999999999988e+02
-4.421587999999999852e+02
-4.614637000000000171e+02
-4.354762999999999806e+02
-4.299075000000000273e+02
-4.432724999999999795e+02
-4.529250000000000114e+02
-4.841100000000000136e+02
-4.740862000000000194e+02
-4.614637000000000171e+02
-4.982174999999999727e+02
-4.889361999999999853e+02
-4.919062999999999874e+02
-5.004449999999999932e+02
-4.900500000000000114e+02
-5.060138000000000034e+02
-4.881938000000000102e+02
-5.100975000000000250e+02
-5.230911999999999580e+02
-5.308875000000000455e+02
-5.327437999999999647e+02
-5.305162000000000262e+02
-5.423962000000000216e+02
-5.501924999999999955e+02
-5.650425000000000182e+02
-5.635575000000000045e+02
-5.628150000000000546e+02
-5.780362999999999829e+02
-5.954850000000000136e+02
-5.850900000000000318e+02
-5.813775000000000546e+02
-6.233287000000000262e+02
-6.177599999999999909e+02
-5.951137999999999693e+02
-6.147899999999999636e+02
-6.010538000000000238e+02
-5.683836999999999762e+02
-5.821200000000000045e+02
-5.980837000000000216e+02
-6.010538000000000238e+02
-6.025388000000000375e+02
-6.177599999999999909e+02
-6.125625000000000000e+02
-6.196163000000000238e+02
-6.077363000000000284e+02
-6.114487000000000307e+02
-5.925149999999999864e+02
-6.541425000000000409e+02
-6.233287000000000262e+02
-6.032812999999999874e+02
-6.333524999999999636e+02
-6.478311999999999671e+02
-6.463463000000000420e+02
-6.727050000000000409e+02
-6.689924999999999500e+02
-6.678787999999999556e+02
-6.489450000000000500e+02
-6.378075000000000045e+02
-6.415199999999999818e+02
-6.645375000000000227e+02
-6.511725000000000136e+02
-6.489450000000000500e+02
-6.842137000000000171e+02
-6.619388000000000147e+02
-6.819863000000000284e+02
-6.972074999999999818e+02
-6.793875000000000455e+02
-6.831000000000000227e+02
-7.194824999999999591e+02
-7.120575000000000045e+02
-7.079737999999999829e+02
-7.205963000000000420e+02
-7.053750000000000000e+02
-6.868125000000000000e+02
-7.153986999999999625e+02
-7.272786999999999580e+02
-7.295063000000000102e+02
-7.243088000000000193e+02
-7.785112000000000307e+02
-7.447274999999999636e+02
-7.502962999999999738e+02
-7.365599999999999454e+02
-7.269075000000000273e+02
-7.480688000000000102e+02
-7.729424999999999955e+02
-7.599487000000000307e+02
-7.606912999999999556e+02
-7.777686999999999671e+02
-7.684874999999999545e+02
-7.829661999999999580e+02
-7.870499999999999545e+02
-7.562363000000000284e+02
-7.558650000000000091e+02
-7.896486999999999625e+02
-7.569787999999999784e+02
-7.543799999999999955e+02
-7.770262000000000171e+02
-7.655175000000000409e+02
-7.974450000000000500e+02
-7.926187999999999647e+02
-7.944750000000000227e+02
-7.766549999999999727e+02
-7.833374999999999773e+02
-7.822237999999999829e+02
-7.970737000000000307e+02
-7.974450000000000500e+02
-7.733138000000000147e+02
-7.592061999999999671e+02
-7.718287000000000262e+02
-7.918763000000000147e+02
-7.747988000000000284e+02
-7.725711999999999762e+02
-7.863075000000000045e+02
-7.751699999999999591e+02
-7.714574999999999818e+02
-7.525236999999999625e+02
-7.770262000000000171e+02
-7.796250000000000000e+02
-7.759125000000000227e+02
-7.618049999999999500e+02
-7.755412999999999784e+02
-7.777686999999999671e+02
-7.833374999999999773e+02
-7.747988000000000284e+02
-7.532662000000000262e+02
-7.796250000000000000e+02
-7.933613000000000284e+02
-8.011575000000000273e+02
-7.840800000000000409e+02
-7.770262000000000171e+02
-7.944750000000000227e+02
-7.803674999999999500e+02
-8.078400000000000318e+02
-7.848224999999999909e+02
-8.122949999999999591e+02
-8.186063000000000329e+02
-8.130375000000000227e+02
-7.981875000000000000e+02
-8.219474999999999909e+02
-8.115525000000000091e+02
-7.955887000000000171e+02
-8.141512000000000171e+02
-8.316000000000000227e+02
-8.301150000000000091e+02
-8.579587000000000216e+02
-8.308574999999999591e+02
-8.479349999999999454e+02
-8.646412000000000262e+02
-8.367975000000000136e+02
-8.587011999999999716e+02
-8.887725000000000364e+02
-8.616712999999999738e+02
-8.635275000000000318e+02
-8.832037000000000262e+02
-8.772636999999999716e+02
-8.676113000000000284e+02
-8.954550000000000409e+02
-8.858025000000000091e+02
-8.995388000000000375e+02
-9.117899999999999636e+02
-9.084487000000000307e+02
-9.244125000000000227e+02
-9.370349999999999682e+02
-9.322087000000000216e+02
-9.344362999999999602e+02
-9.607949999999999591e+02
-9.455737000000000307e+02
-9.689624999999999773e+02
-9.485438000000000329e+02
-9.663637999999999693e+02
-9.570824999999999818e+02
-9.433463000000000420e+02
-9.396337999999999511e+02
-9.459450000000000500e+02
-9.619088000000000420e+02
-9.385199999999999818e+02
-9.299813000000000329e+02
-9.533700000000000045e+02
-9.801000000000000227e+02
-9.444600000000000364e+02
-9.633936999999999671e+02
-9.548550000000000182e+02
-8.820900000000000318e+02
-8.137799999999999727e+02
-7.859362999999999602e+02
-8.015286999999999580e+02
-7.480688000000000102e+02
-7.347037000000000262e+02
-6.719624999999999773e+02
-6.816150000000000091e+02
-6.738188000000000102e+02
-6.719624999999999773e+02
-6.708487999999999829e+02
-6.979500000000000455e+02
-6.634238000000000284e+02
-6.734474999999999909e+02
-6.960937999999999874e+02
-6.949800000000000182e+02
-6.897825000000000273e+02
-6.582263000000000375e+02
-6.723337000000000216e+02
-6.998062999999999647e+02
-6.723337000000000216e+02
-6.578550000000000182e+02
-6.797586999999999762e+02
-6.853274999999999864e+02
-6.619388000000000147e+02
-6.708487999999999829e+02
-6.860700000000000500e+02
-6.693637999999999693e+02
-6.693637999999999693e+02
-6.593400000000000318e+02
-6.745612999999999602e+02
-6.827287999999999784e+02
-6.853274999999999864e+02
-6.938663000000000238e+02
-6.723337000000000216e+02
-6.845850000000000364e+02
-6.905249999999999773e+02
-6.827287999999999784e+02
-7.020338000000000420e+02
-7.094587000000000216e+02
-7.131712999999999738e+02
-7.076024999999999636e+02
-6.831000000000000227e+02
-6.496875000000000000e+02
-6.173886999999999716e+02
-5.847187999999999874e+02
-6.288975000000000364e+02
-6.262988000000000284e+02
-6.337237999999999829e+02
-6.274125000000000227e+02
-6.430049999999999955e+02
-6.359511999999999716e+02
-6.374362999999999602e+02
-6.344661999999999580e+02
-6.285262000000000171e+02
-6.233287000000000262e+02
-6.103350000000000364e+02
-6.266699999999999591e+02
-6.288975000000000364e+02
-6.288975000000000364e+02
-6.333524999999999636e+02
-6.496875000000000000e+02
-6.478311999999999671e+02
-6.456037999999999784e+02
-6.545136999999999716e+02
-6.582263000000000375e+02
-6.277838000000000420e+02
-6.259275000000000091e+02
-6.318674999999999500e+02
-6.155325000000000273e+02
-6.333524999999999636e+02
-6.411486999999999625e+02
-6.407775000000000318e+02
-6.441187999999999647e+02
-6.530286999999999580e+02
-6.545136999999999716e+02
-6.437474999999999454e+02
-6.533999999999999773e+02
-6.559987999999999602e+02
-6.411486999999999625e+02
-6.485737000000000307e+02
-6.585974999999999682e+02
-6.363224999999999909e+02
-6.645375000000000227e+02
-6.615674999999999955e+02
-6.437474999999999454e+02
-6.489450000000000500e+02
-6.326100000000000136e+02
-6.214724999999999682e+02
-6.218437999999999874e+02
-6.326100000000000136e+02
-6.337237999999999829e+02
-6.352087000000000216e+02
-6.437474999999999454e+02
-6.259275000000000091e+02
-6.396638000000000375e+02
-6.322387999999999693e+02
-6.366938000000000102e+02
-6.496875000000000000e+02
-6.508012999999999693e+02
-6.359511999999999716e+02
-6.374362999999999602e+02
-6.515438000000000329e+02
-6.333524999999999636e+02
-6.285262000000000171e+02
-6.533999999999999773e+02
-6.392925000000000182e+02
-6.444900000000000091e+02
-6.611961999999999762e+02
-6.415199999999999818e+02
-6.426336999999999762e+02
-6.444900000000000091e+02
-6.515438000000000329e+02
-6.526575000000000273e+02
-6.652799999999999727e+02
-6.582263000000000375e+02
-6.626812999999999647e+02
-6.753038000000000238e+02
-6.504299999999999500e+02
-6.459750000000000227e+02
-6.715911999999999580e+02
-6.437474999999999454e+02
-6.593400000000000318e+02
-6.496875000000000000e+02
-6.519149999999999636e+02
-6.433763000000000147e+02
-6.623099999999999454e+02
-6.073650000000000091e+02
-6.185025000000000546e+02
-6.244424999999999955e+02
-6.155325000000000273e+02
-6.244424999999999955e+02
-6.144188000000000329e+02
-6.114487000000000307e+02
-6.259275000000000091e+02
-6.237000000000000455e+02
-6.177599999999999909e+02
-5.951137999999999693e+02
-6.095924999999999727e+02
-6.270412999999999784e+02
-6.218437999999999874e+02
-6.162749999999999773e+02
-6.199874999999999545e+02
-5.988261999999999716e+02
-6.181312000000000353e+02
-6.021675000000000182e+02
-6.185025000000000546e+02
-6.329813000000000329e+02
-6.055086999999999762e+02
-6.188737999999999602e+02
-6.500588000000000193e+02
-6.240711999999999762e+02
-6.151612999999999829e+02
-6.374362999999999602e+02
-6.188737999999999602e+02
-6.155325000000000273e+02
-6.133049999999999500e+02
-5.995687000000000353e+02
-6.136762999999999693e+02
-6.103350000000000364e+02
-6.055086999999999762e+02
-6.140475000000000136e+02
-6.433763000000000147e+02
-6.229574999999999818e+02
-6.281549999999999727e+02
-6.363224999999999909e+02
-5.988261999999999716e+02
-5.962274999999999636e+02
-5.854611999999999625e+02
-5.928862000000000307e+02
-6.047662000000000262e+02
-6.218437999999999874e+02
-6.118200000000000500e+02
-6.017962999999999738e+02
-6.133049999999999500e+02
-6.211013000000000375e+02
-6.244424999999999955e+02
-6.251849999999999454e+02
-6.277838000000000420e+02
-6.159036999999999580e+02
-6.147899999999999636e+02
-6.125625000000000000e+02
-5.962274999999999636e+02
-6.032812999999999874e+02
-6.177599999999999909e+02
-5.869461999999999762e+02
-6.110774999999999864e+02
-6.006825000000000045e+02
-5.928862000000000307e+02
-5.958563000000000329e+02
-5.821200000000000045e+02
-5.836050000000000182e+02
-5.988261999999999716e+02
-6.214724999999999682e+02
-5.928862000000000307e+02
-5.995687000000000353e+02
-6.140475000000000136e+02
-6.229574999999999818e+02
-6.192450000000000045e+02
-6.229574999999999818e+02
-6.348374999999999773e+02
-6.133049999999999500e+02
-6.359511999999999716e+02
-6.144188000000000329e+02
-6.288975000000000364e+02
