-1.261508000000000038e+03
-1.247400000000000091e+03
-1.233663999999999987e+03
-1.280813000000000102e+03
-1.287494999999999891e+03
-1.263734999999999900e+03
-1.317938000000000102e+03
-1.319422000000000025e+03
-1.320906999999999925e+03
-1.365458000000000084e+03
-1.358775000000000091e+03
-1.416318999999999960e+03
-1.401097999999999956e+03
-1.390702999999999975e+03
-1.425229000000000042e+03
-1.450845000000000027e+03
-1.426343000000000075e+03
-1.421887999999999920e+03
-1.492054000000000087e+03
-1.442306000000000040e+03
-1.471634999999999991e+03
-1.479801999999999907e+03
-1.517670000000000073e+03
-1.491310999999999922e+03
-1.528065000000000055e+03
-1.537718000000000075e+03
-1.542172000000000025e+03
-1.538830999999999904e+03
-1.553309999999999945e+03
-1.562962999999999965e+03
-1.560734999999999900e+03
-1.600459000000000060e+03
-1.574843000000000075e+03
-1.600459000000000060e+03
-1.635728000000000065e+03
-1.675451000000000022e+03
-1.653919000000000096e+03
-1.643894999999999982e+03
-1.665798999999999978e+03
-1.712576000000000022e+03
-1.659115999999999985e+03
-1.698469000000000051e+03
-1.739676999999999907e+03
-1.716288999999999987e+03
-1.746730999999999995e+03
-1.774945999999999913e+03
-1.758240000000000009e+03
-1.766406999999999925e+03
-1.784970000000000027e+03
-1.804275000000000091e+03
-1.812814000000000078e+03
-1.811700000000000045e+03
-1.832118999999999915e+03
-1.816526000000000067e+03
-1.854021999999999935e+03
-1.838058999999999969e+03
-1.861818999999999960e+03
-1.892260999999999967e+03
-1.877781999999999925e+03
-1.909338999999999942e+03
-1.917506000000000085e+03
-1.930871000000000095e+03
-1.930871000000000095e+03
-1.953145999999999958e+03
-1.939780999999999949e+03
-1.964654999999999973e+03
-1.991756000000000085e+03
-1.971337999999999965e+03
-1.965769000000000005e+03
-2.031851000000000113e+03
-2.014030999999999949e+03
-2.009948000000000093e+03
-2.057838999999999942e+03
-2.061179999999999836e+03
-2.042617999999999938e+03
-2.062293999999999869e+03
-2.100903999999999996e+03
-2.063407000000000153e+03
-2.093849999999999909e+03
-2.109813999999999851e+03
-2.111670000000000073e+03
-2.113525999999999840e+03
-2.138400000000000091e+03
-2.126519999999999982e+03
-2.103501999999999953e+03
-2.160675000000000182e+03
-2.161045999999999822e+03
-2.125777999999999793e+03
-2.157333999999999833e+03
-2.183320999999999913e+03
-2.158447999999999865e+03
-2.159190000000000055e+03
-2.194458999999999833e+03
-2.213764000000000124e+03
-2.190375000000000000e+03
-2.193344999999999800e+03
-2.227128999999999905e+03
-2.224530000000000200e+03
-2.229728000000000065e+03
-2.225271999999999935e+03
-2.271679000000000087e+03
-2.253487999999999829e+03
-2.253115999999999985e+03
-2.300264999999999873e+03
-2.286157000000000153e+03
-2.265739000000000033e+03
-2.280960000000000036e+03
-2.261284000000000106e+03
-2.244206000000000131e+03
-2.291355000000000018e+03
-2.311030999999999949e+03
-2.283188000000000102e+03
-2.268708999999999833e+03
-2.307690000000000055e+03
-2.283929999999999836e+03
-2.263510999999999967e+03
-2.303606000000000222e+03
-2.282074000000000069e+03
-2.298780000000000200e+03
-2.291355000000000018e+03
-2.291355000000000018e+03
-2.321797999999999774e+03
-2.320684000000000196e+03
-2.325880999999999858e+03
-2.334420000000000073e+03
-2.344072999999999865e+03
-2.360407000000000153e+03
-2.339989000000000033e+03
-2.393449000000000069e+03
-2.377114000000000033e+03
-2.389735999999999876e+03
-2.393077999999999975e+03
-2.351126000000000204e+03
-2.386023999999999887e+03
-2.396418999999999869e+03
-2.375628999999999905e+03
-2.375257999999999811e+03
-2.415353000000000065e+03
-2.377856000000000222e+03
-2.427231999999999971e+03
-2.440597000000000207e+03
-2.432059000000000196e+03
-2.474010000000000218e+03
-2.442454000000000178e+03
-2.476237999999999829e+03
-2.460644999999999982e+03
-2.461759000000000015e+03
-2.491086999999999989e+03
-2.490715999999999894e+03
-2.495541999999999916e+03
-2.516704000000000178e+03
-2.508536000000000058e+03
-2.498884000000000015e+03
-2.533039000000000215e+03
-2.523757999999999811e+03
-2.559768999999999778e+03
-2.547146000000000186e+03
-2.533039000000000215e+03
-2.609887000000000171e+03
-2.565708999999999833e+03
-2.600978000000000065e+03
-2.598007999999999811e+03
-2.576474999999999909e+03
-2.621025000000000091e+03
-2.606916999999999916e+03
-2.625108999999999924e+03
-2.628449999999999818e+03
-2.639215999999999894e+03
-2.647012000000000171e+03
-2.644414000000000215e+03
-2.661119999999999891e+03
-2.641072999999999865e+03
-2.628820999999999913e+03
-2.687478999999999814e+03
-2.681166999999999916e+03
-2.683394999999999982e+03
-2.702699999999999818e+03
-2.637731000000000222e+03
-2.626965000000000146e+03
-2.659264000000000124e+03
-2.626965000000000146e+03
-2.625851000000000113e+03
-2.652952999999999975e+03
-2.665574999999999818e+03
-2.648126000000000204e+03
-2.687478999999999814e+03
-2.681909999999999854e+03
-2.681166999999999916e+03
-2.718291999999999916e+03
-2.704184999999999945e+03
-2.683023999999999887e+03
-2.679311000000000149e+03
-2.648498000000000047e+03
-2.669288000000000011e+03
-2.705298999999999978e+03
-2.662605000000000018e+03
-2.603947999999999865e+03
-2.646269999999999982e+03
-2.640701000000000022e+03
-2.623251999999999953e+03
-2.668545000000000073e+03
-2.677454999999999927e+03
-2.624737999999999829e+03
-2.631420000000000073e+03
-2.634389999999999873e+03
-2.527099000000000160e+03
-2.495170999999999822e+03
-2.447280000000000200e+03
-2.432800999999999931e+03
-2.449135999999999967e+03
-2.475865999999999985e+03
-2.461016000000000076e+03
-2.450992000000000189e+03
-2.442454000000000178e+03
-2.470297999999999774e+03
-2.453219999999999800e+03
-2.461387000000000171e+03
-2.456190000000000055e+03
-2.464356999999999971e+03
-2.498141000000000076e+03
-2.493315000000000055e+03
-2.474380999999999858e+03
-2.487375000000000000e+03
-2.480693000000000211e+03
-2.488860000000000127e+03
-2.494800000000000182e+03
-2.473639000000000124e+03
-2.445423999999999978e+03
-2.467327999999999975e+03
-2.492201000000000022e+03
-2.487003999999999905e+03
-2.503338999999999942e+03
-2.522271999999999935e+03
-2.496655999999999949e+03
-2.536380000000000109e+03
-2.514847000000000207e+03
-2.515219000000000051e+03
-2.532295999999999822e+03
-2.533039000000000215e+03
-2.543434000000000196e+03
-2.519673999999999978e+03
-2.496284999999999854e+03
-2.486632999999999811e+03
-2.486632999999999811e+03
-2.462873000000000047e+03
-2.460273999999999887e+03
-2.478094000000000051e+03
-2.485146999999999935e+03
-2.497769999999999982e+03
-2.456561000000000149e+03
-2.447650999999999840e+03
-2.442824999999999818e+03
-2.439855000000000018e+03
-2.436143000000000029e+03
-2.456190000000000055e+03
-2.455076000000000022e+03
-2.447280000000000200e+03
-2.455818999999999960e+03
-2.459159999999999854e+03
-2.465471000000000004e+03
-2.459530999999999949e+03
-2.476980000000000018e+03
-2.496284999999999854e+03
-2.480693000000000211e+03
-2.494057999999999993e+03
-2.471782000000000153e+03
-2.504824000000000069e+03
-2.481806000000000040e+03
-2.485518999999999778e+03
-2.496655999999999949e+03
-2.497398999999999887e+03
-2.507422999999999774e+03
-2.478835999999999785e+03
-2.523757999999999811e+03
-2.537123000000000047e+03
-2.526728000000000065e+03
-2.533039000000000215e+03
-2.544918999999999869e+03
-2.485518999999999778e+03
-2.516333000000000084e+03
-2.538606999999999971e+03
-2.495541999999999916e+03
-2.546032000000000153e+03
-2.532295999999999822e+03
-2.508164999999999964e+03
-2.546032000000000153e+03
-2.558655000000000200e+03
-2.552715000000000146e+03
-2.515960999999999785e+03
-2.495170999999999822e+03
-2.477722000000000207e+03
-2.472525000000000091e+03
-2.480693000000000211e+03
-2.495170999999999822e+03
-2.482177000000000135e+03
-2.496284999999999854e+03
-2.485518999999999778e+03
-2.493315000000000055e+03
-2.494429000000000087e+03
-2.494057999999999993e+03
-2.497027999999999793e+03
-2.521530000000000200e+03
-2.498141000000000076e+03
-2.488489000000000033e+03
-2.528583999999999833e+03
-2.491086999999999989e+03
-2.507422999999999774e+03
-2.529326000000000022e+03
-2.522643999999999778e+03
-2.502967999999999847e+03
-2.534152999999999793e+03
-2.540463999999999942e+03
-2.523014999999999873e+03
-2.518559999999999945e+03
-2.519302000000000135e+03
-2.528211999999999989e+03
-2.548630999999999858e+03
-2.494429000000000087e+03
-2.505195000000000164e+03
-2.516704000000000178e+03
-2.501853999999999814e+03
-2.499255000000000109e+03
-2.520788000000000011e+03
-2.531182999999999993e+03
-2.494429000000000087e+03
-2.508536000000000058e+03
-2.522643999999999778e+03
-2.522643999999999778e+03
-2.528583999999999833e+03
-2.526356000000000222e+03
-2.503338999999999942e+03
-2.534894999999999982e+03
-2.535266000000000076e+03
-2.509650000000000091e+03
-2.533780999999999949e+03
-2.529697999999999865e+03
-2.493686000000000149e+03
-2.470297999999999774e+03
-2.481806000000000040e+03
-2.481806000000000040e+03
-2.497027999999999793e+03
-2.493686000000000149e+03
-2.505565999999999804e+03
-2.498512000000000171e+03
-2.484405000000000200e+03
-2.481434999999999945e+03
-2.504452999999999975e+03
-2.512990999999999985e+03
-2.491458999999999833e+03
-2.497769999999999982e+03
-2.510021000000000186e+03
-2.498884000000000015e+03
-2.449507999999999811e+03
-2.379340999999999894e+03
-2.328851000000000113e+03
-2.287271000000000186e+03
-2.279474999999999909e+03
-2.279474999999999909e+03
-2.300635999999999967e+03
-2.260913000000000011e+03
-2.252744999999999891e+03
-2.244949000000000069e+03
-2.254230000000000018e+03
-2.242349999999999909e+03
-2.239380000000000109e+03
-2.263510999999999967e+03
-2.253858999999999924e+03
-2.259798999999999978e+03
-2.264625000000000000e+03
-2.262025999999999840e+03
-2.266110000000000127e+03
-2.280960000000000036e+03
-2.272791999999999916e+03
-2.311402999999999793e+03
-2.309545999999999822e+03
-2.279474999999999909e+03
-2.288014000000000124e+03
-2.296181000000000040e+03
-2.270565000000000055e+03
-2.265367000000000189e+03
-2.264253999999999905e+03
-2.267965999999999894e+03
-2.267965999999999894e+03
-2.269079999999999927e+03
-2.255715000000000146e+03
-2.284300999999999931e+03
-2.271679000000000087e+03
-2.267594999999999800e+03
-2.280588999999999942e+03
-2.299893999999999778e+03
-2.296923999999999978e+03
-2.241978999999999814e+03
-2.256829000000000178e+03
-2.241235999999999876e+03
-2.234925000000000182e+03
-2.254230000000000018e+03
-2.241606999999999971e+03
-2.228985000000000127e+03
-2.249403999999999996e+03
-2.252001999999999953e+03
-2.243463999999999942e+03
-2.240494000000000142e+03
-2.240123000000000047e+03
-2.231583999999999833e+03
-2.247918999999999869e+03
-2.247175999999999931e+03
-2.215990999999999985e+03
-2.246063000000000102e+03
-2.270193999999999960e+03
-2.260913000000000011e+03
-2.262768999999999778e+03
-2.268336999999999989e+03
