-1.318308999999999969e+03
-1.315710000000000036e+03
-1.281555000000000064e+03
-1.332415999999999940e+03
-1.345780999999999949e+03
-1.303829999999999927e+03
-1.337242999999999938e+03
-1.365828999999999951e+03
-1.330931000000000040e+03
-1.376595000000000027e+03
-1.380679000000000087e+03
-1.379935999999999922e+03
-1.425229000000000042e+03
-1.434138999999999896e+03
-1.394786000000000058e+03
-1.435252999999999929e+03
-1.465694999999999936e+03
-1.422630000000000109e+03
-1.447133000000000038e+03
-1.450473999999999933e+03
-1.453073000000000093e+03
-1.461240000000000009e+03
-1.479431000000000040e+03
-1.475719000000000051e+03
-1.471263999999999896e+03
-1.523609999999999900e+03
-1.492424999999999955e+03
-1.495394999999999982e+03
-1.539944999999999936e+03
-1.525465999999999894e+03
-1.524353000000000065e+03
-1.569644999999999982e+03
-1.564818999999999960e+03
-1.579669000000000096e+03
-1.610854000000000042e+03
-1.574471000000000004e+03
-1.580781999999999925e+03
-1.616794000000000096e+03
-1.620506000000000085e+03
-1.614194999999999936e+03
-1.640182000000000016e+03
-1.632015000000000100e+03
-1.602685999999999922e+03
-1.659488000000000056e+03
-1.663200000000000045e+03
-1.643152000000000044e+03
-1.699953999999999951e+03
-1.685846000000000004e+03
-1.656888999999999896e+03
-1.714432000000000016e+03
-1.698469000000000051e+03
-1.690300999999999931e+03
-1.712576000000000022e+03
-1.738934999999999945e+03
-1.734108999999999924e+03
-1.745246000000000095e+03
-1.756755000000000109e+03
-1.695127999999999929e+03
-1.722971000000000004e+03
-1.713318999999999960e+03
-1.696613000000000056e+03
-1.749329999999999927e+03
-1.788310999999999922e+03
-1.758611000000000104e+03
-1.734108999999999924e+03
-1.782742999999999938e+03
-1.780885999999999967e+03
-1.773461000000000013e+03
-1.811700000000000045e+03
-1.766036000000000058e+03
-1.794993999999999915e+03
-1.831375999999999976e+03
-1.823951000000000022e+03
-1.827663999999999987e+03
-1.858478000000000065e+03
-1.852165999999999940e+03
-1.843999000000000024e+03
-1.875183999999999969e+03
-1.881494999999999891e+03
-1.882238000000000056e+03
-1.910452999999999975e+03
-1.904884000000000015e+03
-1.887806000000000040e+03
-1.911194999999999936e+03
-1.911938000000000102e+03
-1.929385999999999967e+03
-1.926415999999999940e+03
-1.945349999999999909e+03
-1.955744999999999891e+03
-1.963170000000000073e+03
-1.961314000000000078e+03
-1.968367999999999938e+03
-2.009204999999999927e+03
-1.995469000000000051e+03
-2.025539999999999964e+03
-2.049300000000000182e+03
-2.008834000000000060e+03
-2.051155999999999949e+03
-2.063407000000000153e+03
-2.067862999999999829e+03
-2.077143999999999778e+03
-2.084197999999999865e+03
-2.084197999999999865e+03
-2.099789999999999964e+03
-2.129119000000000142e+03
-2.109070999999999913e+03
-2.115382999999999811e+03
-2.142112999999999829e+03
-2.155478000000000065e+03
-2.138771000000000186e+03
-2.185548999999999978e+03
-2.188518999999999778e+03
-2.136914999999999964e+03
-2.162902999999999793e+03
-2.184434999999999945e+03
-2.170699000000000069e+03
-2.197800000000000182e+03
-2.184806000000000040e+03
-2.201141000000000076e+03
-2.247175999999999931e+03
-2.221931000000000040e+03
-2.230469999999999800e+03
-2.240123000000000047e+03
-2.238637000000000171e+03
-2.228242000000000189e+03
-2.236409999999999854e+03
-2.221559999999999945e+03
-2.207452999999999975e+03
-2.252001999999999953e+03
-2.249403999999999996e+03
-2.222302000000000135e+03
-2.251260000000000218e+03
-2.294695999999999913e+03
-2.261655000000000200e+03
-2.295068000000000211e+03
-2.326994999999999891e+03
-2.286900000000000091e+03
-2.290240999999999985e+03
-2.305461999999999989e+03
-2.316599999999999909e+03
-2.301378999999999905e+03
-2.296552000000000135e+03
-2.244949000000000069e+03
-2.266110000000000127e+03
-2.316228999999999814e+03
-2.288014000000000124e+03
-2.290612999999999829e+03
-2.338875000000000000e+03
-2.317713999999999942e+03
-2.324396000000000186e+03
-2.343329999999999927e+03
-2.322539999999999964e+03
-2.333677000000000135e+03
-2.345186000000000149e+03
-2.318827999999999975e+03
-2.341844999999999800e+03
-2.350755000000000109e+03
-2.302864000000000033e+03
-2.330335999999999785e+03
-2.358922999999999774e+03
-2.348155999999999949e+03
-2.346300000000000182e+03
-2.381940000000000055e+03
-2.365233999999999924e+03
-2.311402999999999793e+03
-2.323282000000000153e+03
-2.332563999999999851e+03
-2.299521999999999935e+03
-2.337018999999999778e+03
-2.359664999999999964e+03
-2.324025000000000091e+03
-2.343329999999999927e+03
-2.362264000000000124e+03
-2.329965000000000146e+03
-2.348155999999999949e+03
-2.362264000000000124e+03
-2.337760999999999967e+03
-2.374514999999999873e+03
-2.376742000000000189e+03
-2.354838999999999942e+03
-2.377856000000000222e+03
-2.382682999999999993e+03
-2.357438000000000102e+03
-2.412010999999999967e+03
-2.383054000000000087e+03
-2.375628999999999905e+03
-2.387880000000000109e+03
-2.409413000000000011e+03
-2.401244999999999891e+03
-2.419065000000000055e+03
-2.449507999999999811e+03
-2.419436000000000149e+03
-2.440226000000000113e+03
-2.457675000000000182e+03
-2.437626999999999953e+03
-2.457304000000000087e+03
-2.456190000000000055e+03
-2.457304000000000087e+03
-2.472153999999999996e+03
-2.472153999999999996e+03
-2.473268000000000029e+03
-2.494800000000000182e+03
-2.501110999999999876e+03
-2.490715999999999894e+03
-2.502224999999999909e+03
-2.515960999999999785e+03
-2.478094000000000051e+03
-2.511135000000000218e+03
-2.519673999999999978e+03
-2.513733999999999924e+03
-2.514476000000000113e+03
-2.530440000000000055e+03
-2.548260000000000218e+03
-2.521159000000000106e+03
-2.499626000000000204e+03
-2.508536000000000058e+03
-2.510021000000000186e+03
-2.536009000000000015e+03
-2.533409999999999854e+03
-2.562739000000000033e+03
-2.551230000000000018e+03
-2.563853000000000065e+03
-2.576846000000000004e+03
-2.582414999999999964e+03
-2.551601000000000113e+03
-2.527099000000000160e+03
-2.509278999999999996e+03
-2.467699000000000069e+03
-2.490344999999999800e+03
-2.499998000000000047e+03
-2.484775999999999840e+03
-2.482920000000000073e+03
-2.498512000000000171e+03
-2.484405000000000200e+03
-2.496284999999999854e+03
-2.528583999999999833e+03
-2.518188999999999851e+03
-2.515219000000000051e+03
-2.536751000000000204e+03
-2.505565999999999804e+03
-2.439483999999999924e+03
-2.441710999999999785e+03
-2.420550000000000182e+03
-2.417208999999999833e+03
-2.416094999999999800e+03
-2.425748000000000047e+03
-2.429088999999999942e+03
-2.407556000000000040e+03
-2.402730000000000018e+03
-2.394563000000000102e+03
-2.425748000000000047e+03
-2.417208999999999833e+03
-2.417951000000000022e+03
-2.444309999999999945e+03
-2.465471000000000004e+03
-2.440969000000000051e+03
-2.470668999999999869e+03
-2.478465000000000146e+03
-2.449507999999999811e+03
-2.484775999999999840e+03
-2.455447999999999865e+03
-2.417208999999999833e+03
-2.461759000000000015e+03
-2.449878999999999905e+03
-2.433172999999999774e+03
-2.465471000000000004e+03
-2.459530999999999949e+03
-2.442824999999999818e+03
-2.444681000000000040e+03
-2.458789000000000215e+03
-2.419065000000000055e+03
-2.414239000000000033e+03
-2.449878999999999905e+03
-2.431688000000000102e+03
-2.441340000000000146e+03
-2.476237999999999829e+03
-2.440226000000000113e+03
-2.462873000000000047e+03
-2.472525000000000091e+03
-2.443568000000000211e+03
-2.475865999999999985e+03
-2.491086999999999989e+03
-2.469925999999999931e+03
-2.481806000000000040e+03
-2.497027999999999793e+03
-2.482177000000000135e+03
-2.491086999999999989e+03
-2.509278999999999996e+03
-2.525614000000000033e+03
-2.524500000000000000e+03
-2.508536000000000058e+03
-2.513733999999999924e+03
-2.505565999999999804e+03
-2.522643999999999778e+03
-2.527840999999999894e+03
-2.530068999999999960e+03
-2.555684999999999945e+03
-2.554199999999999818e+03
-2.530811000000000149e+03
-2.566451000000000022e+03
-2.542690999999999804e+03
-2.538978999999999814e+03
-2.537123000000000047e+03
-2.509278999999999996e+03
-2.524500000000000000e+03
-2.545289999999999964e+03
-2.518559999999999945e+03
-2.514847000000000207e+03
-2.535637000000000171e+03
-2.540092999999999847e+03
-2.511135000000000218e+03
-2.527099000000000160e+03
-2.497769999999999982e+03
-2.489974000000000160e+03
-2.525985000000000127e+03
-2.516333000000000084e+03
-2.508536000000000058e+03
-2.523385999999999967e+03
-2.508164999999999964e+03
-2.490715999999999894e+03
-2.507793999999999869e+03
-2.511876999999999953e+03
-2.500739999999999782e+03
-2.507050999999999931e+03
-2.512248999999999796e+03
-2.492943999999999960e+03
-2.498141000000000076e+03
-2.503338999999999942e+03
-2.495914000000000215e+03
-2.518559999999999945e+03
-2.515219000000000051e+03
-2.514105000000000018e+03
-2.495914000000000215e+03
-2.522643999999999778e+03
-2.499626000000000204e+03
-2.520788000000000011e+03
-2.531182999999999993e+03
-2.515219000000000051e+03
-2.539349999999999909e+03
-2.555313999999999851e+03
-2.545661000000000058e+03
-2.550858999999999924e+03
-2.554199999999999818e+03
-2.512248999999999796e+03
-2.534894999999999982e+03
-2.519302000000000135e+03
-2.523757999999999811e+03
-2.538978999999999814e+03
-2.556056000000000040e+03
-2.535637000000000171e+03
-2.512990999999999985e+03
-2.514105000000000018e+03
-2.531925000000000182e+03
-2.515590000000000146e+03
-2.536009000000000015e+03
-2.523757999999999811e+03
-2.507050999999999931e+03
-2.535637000000000171e+03
-2.527840999999999894e+03
-2.529697999999999865e+03
-2.561996000000000095e+03
-2.547889000000000124e+03
-2.541577999999999975e+03
-2.552344000000000051e+03
-2.527469999999999800e+03
-2.546403999999999996e+03
-2.551601000000000113e+03
-2.536380000000000109e+03
-2.517445999999999913e+03
-2.542690999999999804e+03
-2.529326000000000022e+03
-2.525242000000000189e+03
-2.533409999999999854e+03
-2.538978999999999814e+03
-2.528211999999999989e+03
-2.541577999999999975e+03
-2.555313999999999851e+03
-2.534152999999999793e+03
-2.546403999999999996e+03
-2.573876000000000204e+03
-2.546775000000000091e+03
-2.565338000000000193e+03
-2.576103999999999814e+03
-2.569050000000000182e+03
-2.579815999999999804e+03
-2.591324999999999818e+03
-2.570534999999999854e+03
-2.571277999999999793e+03
-2.585385000000000218e+03
-2.573876000000000204e+03
-2.579815999999999804e+03
-2.604318999999999960e+03
-2.596150999999999840e+03
-2.596150999999999840e+03
-2.613971000000000004e+03
-2.592438999999999851e+03
-2.577217999999999847e+03
-2.589840000000000146e+03
-2.567193999999999960e+03
-2.570905999999999949e+03
-2.546032000000000153e+03
-2.559025999999999840e+03
-2.555313999999999851e+03
-2.565708999999999833e+03
-2.543063000000000102e+03
-2.556427000000000135e+03
-2.566451000000000022e+03
-2.561253999999999905e+03
-2.563110000000000127e+03
-2.587612999999999829e+03
-2.553829000000000178e+03
-2.576474999999999909e+03
