-3.681315000000000055e+03
-3.708788000000000011e+03
-3.727721000000000004e+03
-3.736260000000000218e+03
-3.737373999999999796e+03
-3.764474999999999909e+03
-3.764103999999999814e+03
-3.763731999999999971e+03
-3.763360999999999876e+03
-3.777097999999999956e+03
-3.807168999999999869e+03
-3.797887000000000171e+03
-3.808282000000000153e+03
-3.823132999999999811e+03
-3.840581000000000131e+03
-3.822760999999999967e+03
-3.845407000000000153e+03
-3.852090000000000146e+03
-3.849119999999999891e+03
-3.920028999999999996e+03
-3.884018000000000029e+03
-3.890329000000000178e+03
-3.878449000000000069e+03
-3.910005000000000109e+03
-3.896639999999999873e+03
-3.920771000000000186e+03
-3.898125000000000000e+03
-3.865826000000000022e+03
-3.950842999999999847e+03
-3.930423999999999978e+03
-3.948614999999999782e+03
-3.958639000000000124e+03
-3.973117000000000189e+03
-3.912603999999999814e+03
-3.977943999999999960e+03
-3.936735000000000127e+03
-3.928938999999999851e+03
-3.984998000000000047e+03
-3.928568000000000211e+03
-3.973489000000000033e+03
-4.012840999999999894e+03
-3.996876999999999953e+03
-3.970518999999999778e+03
-4.026206000000000131e+03
-3.979429000000000087e+03
-4.012099000000000160e+03
-4.025835000000000036e+03
-3.969034000000000106e+03
-3.992793999999999869e+03
-3.975715999999999894e+03
-3.986481999999999971e+03
-3.997619999999999891e+03
-4.012099000000000160e+03
-4.027320000000000164e+03
-4.028063000000000102e+03
-4.036601000000000113e+03
-4.004302000000000135e+03
-4.023606999999999971e+03
-4.032518000000000029e+03
-4.057019999999999982e+03
-4.063702999999999975e+03
-4.029175999999999931e+03
-4.120131999999999607e+03
-4.064815999999999804e+03
-4.100828000000000429e+03
-4.074469000000000051e+03
-4.091916999999999916e+03
-4.067786000000000058e+03
-4.105283000000000357e+03
-4.061846000000000004e+03
-4.096372999999999593e+03
-4.111222999999999956e+03
-4.088947999999999865e+03
-4.125701000000000022e+03
-4.129042000000000371e+03
-4.130527000000000044e+03
-4.132012999999999920e+03
-4.151317000000000007e+03
-4.141293999999999869e+03
-4.155029999999999745e+03
-4.145748999999999796e+03
-4.146862000000000080e+03
-4.183615999999999985e+03
-4.205149000000000342e+03
-4.176190999999999804e+03
-4.193269000000000233e+03
-4.191042000000000371e+03
-4.145377000000000407e+03
-4.183615999999999985e+03
-4.148719000000000051e+03
-4.172106999999999971e+03
-4.182502000000000407e+03
-4.220369999999999891e+03
-4.160228000000000065e+03
-4.254154000000000451e+03
-4.219998999999999796e+03
-4.184729999999999563e+03
-4.214059000000000196e+03
-4.234478000000000065e+03
-4.214430000000000291e+03
-4.222597999999999956e+03
-4.196980999999999767e+03
-4.248213999999999942e+03
-4.228167000000000371e+03
-4.277542000000000371e+03
-4.205520000000000437e+03
-4.274944000000000415e+03
-4.234849000000000160e+03
-4.261207999999999629e+03
-4.276429000000000087e+03
-4.304644000000000233e+03
-4.299817000000000007e+03
-4.276429000000000087e+03
-4.284225000000000364e+03
-4.272716000000000349e+03
-4.309470000000000255e+03
-4.303529999999999745e+03
-4.320235999999999876e+03
-4.341025999999999840e+03
-4.336199999999999818e+03
-4.341396999999999935e+03
-4.314667000000000371e+03
-4.403768000000000029e+03
-4.328774999999999636e+03
-4.338798999999999978e+03
-4.348079999999999927e+03
-4.324319999999999709e+03
-4.337314000000000306e+03
-4.358104000000000269e+03
-4.339170000000000073e+03
-4.352163999999999760e+03
-4.373695999999999913e+03
-4.351421000000000276e+03
-4.365158000000000357e+03
-4.391515999999999622e+03
-4.393372999999999593e+03
-4.337685000000000400e+03
-4.400426000000000386e+03
-4.417131999999999607e+03
-4.362188000000000102e+03
-4.413420000000000073e+03
-4.374439000000000306e+03
-4.415275999999999840e+03
-4.437921999999999571e+03
-4.426413999999999760e+03
-4.415275999999999840e+03
-4.445347999999999956e+03
-4.430126000000000204e+03
-4.373324999999999818e+03
-4.475789999999999964e+03
-4.413048999999999978e+03
-4.465765999999999622e+03
-4.439408000000000357e+03
-4.493980999999999767e+03
-4.466137999999999920e+03
-4.483586000000000240e+03
-4.487298999999999978e+03
-4.480615999999999985e+03
-4.527021999999999935e+03
-4.492868000000000393e+03
-4.495837000000000444e+03
-4.523310000000000400e+03
-4.511059000000000196e+03
-4.490640000000000327e+03
-4.511059000000000196e+03
-4.514770999999999731e+03
-4.477645999999999731e+03
-4.561177999999999884e+03
-4.531849000000000160e+03
-4.530734999999999673e+03
-4.535561999999999898e+03
-4.596817000000000007e+03
-4.514399999999999636e+03
-4.548184000000000196e+03
-4.553752000000000407e+03
-4.498064999999999600e+03
-4.489154999999999745e+03
-4.440520999999999731e+03
-4.406737000000000080e+03
-4.400796999999999571e+03
-4.456855999999999767e+03
-4.400055000000000291e+03
-4.430497999999999593e+03
-4.449430999999999585e+03
-4.427155999999999949e+03
-4.447203999999999724e+03
-4.459826000000000022e+03
-4.459826000000000022e+03
-4.442006000000000313e+03
-4.492868000000000393e+03
-4.450545000000000073e+03
-4.504747999999999593e+03
-4.486927999999999884e+03
-4.453144000000000233e+03
-4.479502000000000407e+03
-4.491753999999999905e+03
-4.502149000000000342e+03
-4.482100999999999658e+03
-4.486927999999999884e+03
-4.498064999999999600e+03
-4.542614999999999782e+03
-4.529250000000000000e+03
-4.513286000000000058e+03
-4.541501000000000204e+03
-4.523310000000000400e+03
-4.523680999999999585e+03
-4.515514000000000124e+03
-4.586051000000000386e+03
-4.562662999999999556e+03
-4.561920000000000073e+03
-4.587908000000000357e+03
-4.534076000000000022e+03
-4.581595999999999549e+03
-4.573429000000000087e+03
-4.557836000000000240e+03
-4.561920000000000073e+03
-4.566746000000000095e+03
-4.562292000000000371e+03
-4.576770000000000437e+03
-4.594219000000000051e+03
-4.578626000000000204e+03
-4.617979000000000269e+03
-4.649905999999999949e+03
-4.621319999999999709e+03
-4.613895000000000437e+03
-4.667725999999999658e+03
-4.622434000000000196e+03
-4.643224000000000160e+03
-4.635798999999999978e+03
-4.579368999999999687e+03
-4.608326000000000022e+03
-4.591619999999999891e+03
-4.622805000000000291e+03
-4.600529999999999745e+03
-4.652505000000000109e+03
-4.614637999999999920e+03
-4.616864999999999782e+03
-4.633570999999999913e+03
-4.587908000000000357e+03
-4.575655999999999949e+03
-4.606841000000000349e+03
-4.620948999999999614e+03
-4.599045000000000073e+03
-4.590135000000000218e+03
-4.603128999999999905e+03
-4.574171000000000276e+03
-4.595332999999999629e+03
-4.606099000000000160e+03
-4.564146999999999935e+03
-4.590506000000000313e+03
-4.635798999999999978e+03
-4.564890000000000327e+03
-4.627260000000000218e+03
-4.581967999999999847e+03
-4.584194999999999709e+03
-4.612409999999999854e+03
-4.610554000000000087e+03
-4.586793999999999869e+03
-4.620206000000000131e+03
-4.584938000000000102e+03
-4.449430999999999585e+03
-4.454628999999999905e+03
-4.434581000000000131e+03
-4.441635000000000218e+03
-4.410078999999999724e+03
-4.445719000000000051e+03
-4.423814999999999600e+03
-4.448689000000000306e+03
-4.477274999999999636e+03
-4.430868999999999687e+03
-4.458341000000000349e+03
-4.489896999999999935e+03
-4.421587000000000444e+03
-4.439779000000000451e+03
-4.465395000000000437e+03
-4.439036000000000058e+03
-4.447945999999999913e+03
-4.492496000000000095e+03
-4.475418999999999869e+03
-4.465765999999999622e+03
-4.507345999999999549e+03
-4.526650999999999840e+03
-4.474305000000000291e+03
-4.493980999999999767e+03
-4.502890999999999622e+03
-4.462425000000000182e+03
-4.504005000000000109e+03
-4.445347999999999956e+03
-4.480244999999999891e+03
-4.492868000000000393e+03
-4.479502000000000407e+03
-4.465024000000000342e+03
-4.514029000000000451e+03
-4.503262999999999920e+03
-4.508460000000000036e+03
-4.527021999999999935e+03
-4.493980999999999767e+03
-4.467993999999999687e+03
-4.489896999999999935e+03
-4.517740999999999985e+03
-4.473934000000000196e+03
-4.492868000000000393e+03
-4.522195999999999913e+03
-4.485814000000000306e+03
-4.519597999999999956e+03
-4.493238999999999578e+03
-4.488412999999999556e+03
-4.505860999999999876e+03
-4.488783999999999651e+03
-4.461311999999999898e+03
-4.509203000000000429e+03
-4.503262999999999920e+03
-4.486555999999999585e+03
-4.529250000000000000e+03
-4.516998999999999796e+03
-4.504747999999999593e+03
-4.526650999999999840e+03
-4.573429000000000087e+03
-4.541872999999999593e+03
-4.537417000000000371e+03
-4.527021999999999935e+03
-4.531478000000000065e+03
-4.542614999999999782e+03
-4.542243999999999687e+03
-4.501034999999999854e+03
-4.514029000000000451e+03
-4.539645000000000437e+03
-4.533704999999999927e+03
-4.560805999999999585e+03
-4.539645000000000437e+03
-4.551524999999999636e+03
-4.566375000000000000e+03
-4.588279000000000451e+03
-4.544842999999999847e+03
-4.562292000000000371e+03
-4.598673999999999978e+03
-4.570087000000000444e+03
-4.590135000000000218e+03
-4.597189000000000306e+03
-4.571944000000000415e+03
-4.596074999999999818e+03
-4.623176000000000386e+03
-4.595332999999999629e+03
-4.619092999999999847e+03
-4.640625000000000000e+03
-4.600158999999999651e+03
-4.616864999999999782e+03
-4.628744999999999891e+03
-4.591248999999999796e+03
-4.612038999999999760e+03
-4.634685000000000400e+03
-4.598673999999999978e+03
-4.609439999999999600e+03
-4.664385000000000218e+03
-4.605355999999999767e+03
-4.643224000000000160e+03
-4.645079999999999927e+03
-4.600529999999999745e+03
-4.642109999999999673e+03
-4.670324999999999818e+03
-4.619463999999999942e+03
-4.628373999999999796e+03
-4.719329999999999927e+03
-4.626889000000000124e+03
-4.660301000000000386e+03
-4.687402000000000044e+03
-4.644708999999999833e+03
-4.657331000000000131e+03
-4.707820999999999913e+03
-4.631715000000000146e+03
-4.650277000000000044e+03
-4.684432999999999993e+03
-4.667725999999999658e+03
-4.682576000000000022e+03
-4.710420000000000073e+03
-4.722300000000000182e+03
-4.711904999999999745e+03
-4.703365999999999985e+03
-4.671810000000000400e+03
-4.736408000000000357e+03
-4.715988999999999578e+03
-4.732323999999999614e+03
-4.737520999999999731e+03
-4.724899000000000342e+03
-4.757198000000000320e+03
-4.736779000000000451e+03
-4.759425000000000182e+03
-4.726012999999999920e+03
-4.746060000000000400e+03
-4.757198000000000320e+03
-4.763137999999999920e+03
-4.719701000000000022e+03
-4.738635000000000218e+03
-4.792466000000000349e+03
-4.730467999999999847e+03
-4.790609999999999673e+03
-4.777615999999999985e+03
-4.766479000000000269e+03
-4.780215000000000146e+03
-4.764993999999999687e+03
-4.770934000000000196e+03
-4.776131000000000313e+03
-4.818082999999999629e+03
-4.766106999999999971e+03
-4.776502000000000407e+03
-4.800262999999999920e+03
-4.760167000000000371e+03
-4.787640000000000327e+03
-4.831819000000000415e+03
-4.786896999999999935e+03
-4.784298999999999978e+03
-4.827363999999999578e+03
