7.091091000000000122e+01
4.677893000000000256e+01
1.893432999999999922e+01
2.635954999999999870e+01
3.378477999999999781e+01
-7.053749999999999964e+00
-5.940000000000000391e+00
-1.002374999999999972e+01
-1.670625000000000071e+01
-3.675374999999999659e+01
-2.932874999999999943e+01
-1.447874999999999979e+01
-4.083749999999999858e+01
-3.118499999999999872e+01
-4.492125000000000057e+01
-6.682500000000000284e+01
-4.937624999999999886e+01
-1.299375000000000036e+01
-7.276500000000000057e+01
-8.390250000000000341e+01
-5.865749999999999886e+01
-4.974750000000000227e+01
-6.274125000000000085e+01
-1.150874999999999915e+01
-4.232249999999999801e+01
-5.123250000000000171e+01
-4.306499999999999773e+01
-3.935249999999999915e+01
-4.603499999999999659e+01
-4.529249999999999687e+01
-4.157999999999999829e+01
-8.390250000000000341e+01
-7.165125000000000455e+01
-9.504000000000000625e+01
-7.759125000000000227e+01
-6.608249999999999602e+01
-7.425000000000000000e+01
-9.132750000000000057e+01
-6.979500000000000171e+01
-8.464499999999999602e+01
-1.076624999999999943e+02
-9.949500000000000455e+01
-8.835750000000000171e+01
-8.872875000000000512e+01
-9.652500000000000568e+01
-7.944750000000000512e+01
-1.039500000000000028e+02
-1.006086999999999989e+02
-1.128599999999999994e+02
-9.986624999999999375e+01
-9.132750000000000057e+01
-9.058499999999999375e+01
-1.280812999999999988e+02
-1.254825000000000017e+02
-1.087763000000000062e+02
-1.366200000000000045e+02
-1.403325000000000102e+02
-1.407038000000000011e+02
-1.343925000000000125e+02
-1.340212999999999965e+02
-1.247399999999999949e+02
-1.418174999999999955e+02
-1.206563000000000017e+02
-1.510988000000000113e+02
-1.421887999999999863e+02
-1.555537999999999954e+02
-1.499850000000000136e+02
-1.503562000000000012e+02
-1.403325000000000102e+02
-1.251113000000000000e+02
-8.390250000000000341e+01
-1.314225000000000136e+02
-1.395900000000000034e+02
-1.377336999999999989e+02
-1.262249999999999943e+02
-1.217699999999999960e+02
-1.343925000000000125e+02
-1.303086999999999875e+02
-1.087763000000000062e+02
-1.325363000000000113e+02
-1.455300000000000011e+02
-1.317937000000000012e+02
-1.444162000000000035e+02
-1.562961999999999989e+02
-1.666913000000000125e+02
-1.336500000000000057e+02
-1.243687999999999931e+02
-1.756013000000000090e+02
-1.637213000000000136e+02
-1.525837999999999965e+02
-1.592663000000000011e+02
-1.477574999999999932e+02
-1.510988000000000113e+02
-1.536974999999999909e+02
-1.536974999999999909e+02
-1.822838000000000136e+02
-1.897087999999999965e+02
-1.767150000000000034e+02
-1.837687999999999988e+02
-1.963913000000000011e+02
-1.826550000000000011e+02
-1.804275000000000091e+02
-1.785713000000000079e+02
-2.290612000000000137e+02
-2.208937999999999988e+02
-1.659487000000000023e+02
-2.127263000000000090e+02
-2.142112999999999943e+02
-1.737450000000000045e+02
-2.220074999999999932e+02
-2.298037999999999954e+02
-2.112412999999999954e+02
-2.019600000000000080e+02
-2.104987000000000137e+02
-2.342588000000000079e+02
-2.071574999999999989e+02
-2.342588000000000079e+02
-2.401987000000000023e+02
-2.513362999999999943e+02
-2.372288000000000068e+02
-2.357437999999999931e+02
-2.650724999999999909e+02
-2.305461999999999989e+02
-1.930500000000000114e+02
-2.208937999999999988e+02
-2.060437000000000012e+02
-1.878524999999999920e+02
-2.197800000000000011e+02
-2.242350000000000136e+02
-2.045586999999999875e+02
-2.138400000000000034e+02
-2.130974999999999966e+02
-1.841399999999999864e+02
-1.681762999999999977e+02
-1.700324999999999989e+02
-1.366200000000000045e+02
-1.358774999999999977e+02
-1.659487000000000023e+02
-1.704036999999999864e+02
-1.637213000000000136e+02
-1.663199999999999932e+02
-1.566674999999999898e+02
-1.585237999999999943e+02
-1.852538000000000125e+02
-1.570388000000000090e+02
-1.685475000000000136e+02
-1.756013000000000090e+02
-1.559250000000000114e+02
-1.670625000000000000e+02
-1.696613000000000113e+02
-1.652062999999999988e+02
-1.644636999999999887e+02
-1.689187000000000012e+02
-1.919362000000000137e+02
-1.681762999999999977e+02
-1.752299999999999898e+02
-1.774575000000000102e+02
-1.659487000000000023e+02
-1.893375000000000057e+02
-1.934211999999999989e+02
-1.700324999999999989e+02
-1.778288000000000011e+02
-1.956487999999999943e+02
-1.763437999999999874e+02
-1.655774999999999864e+02
-1.730024999999999977e+02
-1.963913000000000011e+02
-1.934211999999999989e+02
-1.852538000000000125e+02
-1.752299999999999898e+02
-1.707750000000000057e+02
-1.756013000000000090e+02
-1.800562999999999931e+02
-1.837687999999999988e+02
-1.822838000000000136e+02
-2.001037000000000035e+02
-1.756013000000000090e+02
-1.718887000000000000e+02
-1.949062999999999874e+02
-1.826550000000000011e+02
-1.681762999999999977e+02
-1.900800000000000125e+02
-2.056725000000000136e+02
-1.893375000000000057e+02
-1.826550000000000011e+02
-1.915649999999999977e+02
-1.956487999999999943e+02
-2.015886999999999887e+02
-1.837687999999999988e+02
-1.889661999999999864e+02
-2.030737000000000023e+02
-2.008463000000000136e+02
-1.900800000000000125e+02
-2.012175000000000011e+02
-2.093849999999999909e+02
-1.960200000000000102e+02
-1.952775000000000034e+02
-2.086425000000000125e+02
-1.989900000000000091e+02
-1.989900000000000091e+02
-2.201511999999999887e+02
-2.138400000000000034e+02
-2.130974999999999966e+02
-2.045586999999999875e+02
-2.093849999999999909e+02
-2.130974999999999966e+02
-2.253488000000000113e+02
-2.104987000000000137e+02
-2.145825000000000102e+02
-1.848824999999999932e+02
-1.444162000000000035e+02
-1.670625000000000000e+02
-1.893375000000000057e+02
-1.685475000000000136e+02
-1.611225000000000023e+02
-1.789424999999999955e+02
-1.436738000000000000e+02
-1.433025000000000091e+02
-1.585237999999999943e+02
-1.696613000000000113e+02
-1.503562000000000012e+02
-1.496137999999999977e+02
-1.622363000000000000e+02
-1.540688000000000102e+02
-1.536974999999999909e+02
-1.685475000000000136e+02
-1.533262000000000000e+02
-1.655774999999999864e+02
-1.473862000000000023e+02
-1.407038000000000011e+02
-1.685475000000000136e+02
-1.455300000000000011e+02
-1.429311999999999898e+02
-1.663199999999999932e+02
-1.759724999999999966e+02
-1.384763000000000090e+02
-1.696613000000000113e+02
-1.655774999999999864e+02
-1.555537999999999954e+02
-1.718887000000000000e+02
-1.670625000000000000e+02
-1.752299999999999898e+02
-1.551825000000000045e+02
-1.715175000000000125e+02
-1.759724999999999966e+02
-1.633499999999999943e+02
-1.900800000000000125e+02
-1.878524999999999920e+02
-1.856250000000000000e+02
-1.852538000000000125e+02
-1.678050000000000068e+02
-1.666913000000000125e+02
-1.833975000000000080e+02
-1.551825000000000045e+02
-1.674336999999999875e+02
-1.733737000000000137e+02
-1.626074999999999875e+02
-1.830261999999999887e+02
-1.640925000000000011e+02
-1.659487000000000023e+02
-1.752299999999999898e+02
-1.704036999999999864e+02
-1.711462999999999965e+02
-1.600088000000000079e+02
-1.804275000000000091e+02
-1.889661999999999864e+02
-1.789424999999999955e+02
-1.800562999999999931e+02
-1.926787999999999954e+02
-1.700324999999999989e+02
-1.934211999999999989e+02
-2.027024999999999864e+02
-1.726313000000000102e+02
-1.845112000000000023e+02
-1.989900000000000091e+02
-1.807988000000000000e+02
-1.919362000000000137e+02
-1.752299999999999898e+02
-1.945349999999999966e+02
-1.904512000000000000e+02
-1.696613000000000113e+02
-1.889661999999999864e+02
-2.041875000000000000e+02
-1.926787999999999954e+02
-1.885949999999999989e+02
-1.923075000000000045e+02
-1.986187999999999931e+02
-1.989900000000000091e+02
-1.997324999999999875e+02
-1.975049999999999955e+02
-1.997324999999999875e+02
-1.949062999999999874e+02
-1.923075000000000045e+02
-1.741162999999999954e+02
-1.781999999999999886e+02
-1.804275000000000091e+02
-1.685475000000000136e+02
-1.967624999999999886e+02
-1.733737000000000137e+02
-1.600088000000000079e+02
-1.659487000000000023e+02
-1.941638000000000090e+02
-1.926787999999999954e+02
-1.856250000000000000e+02
-1.833975000000000080e+02
-1.811699999999999875e+02
-1.863675000000000068e+02
-1.633499999999999943e+02
-1.785713000000000079e+02
-1.611225000000000023e+02
-1.585237999999999943e+02
-1.826550000000000011e+02
-1.819124999999999943e+02
-1.822838000000000136e+02
-1.781999999999999886e+02
-1.930500000000000114e+02
-1.785713000000000079e+02
-1.833975000000000080e+02
-1.893375000000000057e+02
-1.856250000000000000e+02
-1.681762999999999977e+02
-1.893375000000000057e+02
-1.756013000000000090e+02
-1.774575000000000102e+02
-1.837687999999999988e+02
-1.678050000000000068e+02
-1.763437999999999874e+02
-1.781999999999999886e+02
-1.726313000000000102e+02
-1.633499999999999943e+02
-1.618650000000000091e+02
-1.789424999999999955e+02
-1.711462999999999965e+02
-1.778288000000000011e+02
-1.774575000000000102e+02
-1.715175000000000125e+02
-1.852538000000000125e+02
-1.822838000000000136e+02
-1.704036999999999864e+02
-1.923075000000000045e+02
-1.785713000000000079e+02
-1.874812000000000012e+02
-1.759724999999999966e+02
-2.019600000000000080e+02
-1.997324999999999875e+02
-1.859961999999999875e+02
-2.064149999999999920e+02
-2.223788000000000125e+02
-1.596374999999999886e+02
-1.800562999999999931e+02
-2.097563000000000102e+02
-1.874812000000000012e+02
-1.882238000000000113e+02
-1.837687999999999988e+02
-1.811699999999999875e+02
-1.897087999999999965e+02
-1.848824999999999932e+02
-1.715175000000000125e+02
-1.941638000000000090e+02
-1.960200000000000102e+02
-1.878524999999999920e+02
-1.833975000000000080e+02
-1.830261999999999887e+02
-1.781999999999999886e+02
-1.963913000000000011e+02
-2.008463000000000136e+02
-2.030737000000000023e+02
-1.904512000000000000e+02
-2.038163000000000125e+02
-2.012175000000000011e+02
-1.978762999999999863e+02
-1.997324999999999875e+02
-2.041875000000000000e+02
-1.956487999999999943e+02
-1.993613000000000000e+02
-1.833975000000000080e+02
-1.975049999999999955e+02
-1.949062999999999874e+02
-2.064149999999999920e+02
-2.067863000000000113e+02
-2.071574999999999989e+02
-2.041875000000000000e+02
-2.015886999999999887e+02
-2.127263000000000090e+02
-2.212649999999999864e+02
-2.056725000000000136e+02
-2.079000000000000057e+02
-2.012175000000000011e+02
-2.038163000000000125e+02
-2.053012999999999977e+02
-2.030737000000000023e+02
-1.989900000000000091e+02
-1.867387999999999977e+02
-2.116125000000000114e+02
-1.982475000000000023e+02
-1.963913000000000011e+02
-2.049300000000000068e+02
-2.030737000000000023e+02
-2.234925000000000068e+02
-2.004749999999999943e+02
-2.038163000000000125e+02
-2.030737000000000023e+02
-2.227500000000000000e+02
-2.194088000000000136e+02
-1.945349999999999966e+02
-2.160674999999999955e+02
-2.194088000000000136e+02
-2.008463000000000136e+02
-2.038163000000000125e+02
-2.264625000000000057e+02
-2.090137000000000000e+02
-2.101274999999999977e+02
