5.123405999999999949e+01
3.341352000000000100e+00
-1.002374999999999972e+01
1.559298000000000073e+01
8.539011000000000351e+00
5.940180999999999933e+00
-7.424999999999999822e+00
-4.455000000000000071e+00
-1.967624999999999957e+01
-1.150874999999999915e+01
-2.227499999999999858e+01
-5.160374999999999801e+01
-2.673000000000000043e+01
-7.499250000000000682e+01
-6.719625000000000625e+01
-4.603499999999999659e+01
-8.872875000000000512e+01
-8.872875000000000512e+01
-9.689624999999999488e+01
-1.020938000000000017e+02
-8.464499999999999602e+01
-8.724375000000000568e+01
-1.228837999999999937e+02
-1.407038000000000011e+02
-1.046924999999999955e+02
-1.173149999999999977e+02
-1.429311999999999898e+02
-1.321649999999999920e+02
-1.310512999999999977e+02
-1.481288000000000125e+02
-1.600088000000000079e+02
-1.700324999999999989e+02
-1.600088000000000079e+02
-1.581525000000000034e+02
-2.093849999999999909e+02
-1.893375000000000057e+02
-1.930500000000000114e+02
-1.956487999999999943e+02
-1.986187999999999931e+02
-1.915649999999999977e+02
-1.997324999999999875e+02
-2.156963000000000079e+02
-2.309174999999999898e+02
-2.108700000000000045e+02
-2.312888000000000090e+02
-2.353725000000000023e+02
-2.361150000000000091e+02
-2.539350000000000023e+02
-2.201511999999999887e+02
-2.338874999999999886e+02
-2.509650000000000034e+02
-2.494799999999999898e+02
-2.587613000000000056e+02
-2.468813000000000102e+02
-2.613600000000000136e+02
-2.453962999999999965e+02
-2.650724999999999909e+02
-2.576474999999999795e+02
-2.416836999999999875e+02
-2.576474999999999795e+02
-2.528213000000000079e+02
-2.413125000000000000e+02
-2.387136999999999887e+02
-2.505937999999999874e+02
-2.643299999999999841e+02
-2.743537999999999784e+02
-2.502224999999999966e+02
-2.457675000000000125e+02
-2.773238000000000056e+02
-2.513362999999999943e+02
-2.639587000000000216e+02
-2.862337999999999738e+02
-2.572762000000000171e+02
-2.635874999999999773e+02
-2.661861999999999853e+02
-2.531924999999999955e+02
-2.936587999999999852e+02
-2.958863000000000056e+02
-2.884612000000000194e+02
-3.077663000000000011e+02
-3.070237000000000194e+02
-2.984850000000000136e+02
-2.984850000000000136e+02
-2.840063000000000102e+02
-2.877187999999999874e+02
-2.884612000000000194e+02
-2.858625000000000114e+02
-3.088799999999999955e+02
-2.661861999999999853e+02
-2.765812000000000239e+02
-2.654438000000000102e+02
-2.799225000000000136e+02
-2.903174999999999955e+02
-2.621025000000000205e+02
-2.431687000000000012e+02
-2.747250000000000227e+02
-2.684137999999999806e+02
-2.866050000000000182e+02
-2.665575000000000045e+02
-3.144488000000000056e+02
-2.851200000000000045e+02
-2.958863000000000056e+02
-2.999700000000000273e+02
-3.163050000000000068e+02
-3.107363000000000284e+02
-2.973711999999999875e+02
-3.222450000000000045e+02
-3.370950000000000273e+02
-3.244725000000000250e+02
-2.992275000000000205e+02
-3.263288000000000011e+02
-3.311549999999999727e+02
-3.059100000000000250e+02
-3.348675000000000068e+02
-3.415500000000000114e+02
-3.356100000000000136e+02
-3.426637999999999806e+02
-3.322687999999999988e+02
-3.619687999999999874e+02
-3.823874999999999886e+02
-3.612262999999999806e+02
-3.526875000000000000e+02
-3.779325000000000045e+02
-3.422925000000000182e+02
-3.404361999999999853e+02
-3.059100000000000250e+02
-2.724975000000000023e+02
-3.010837000000000216e+02
-2.832638000000000034e+02
-2.840063000000000102e+02
-3.003412000000000148e+02
-2.624737999999999829e+02
-2.576474999999999795e+02
-2.502224999999999966e+02
-2.762099999999999795e+02
-2.884612000000000194e+02
-2.587613000000000056e+02
-2.717549999999999955e+02
-2.776949999999999932e+02
-2.724975000000000023e+02
-2.643299999999999841e+02
-2.884612000000000194e+02
-2.505937999999999874e+02
-2.776949999999999932e+02
-2.505937999999999874e+02
-2.650724999999999909e+02
-2.732400000000000091e+02
-2.598750000000000000e+02
-2.721263000000000147e+02
-2.665575000000000045e+02
-2.932875000000000227e+02
-2.595038000000000125e+02
-2.698987000000000194e+02
-2.847486999999999853e+02
-2.769524999999999864e+02
-2.739825000000000159e+02
-2.866050000000000182e+02
-2.788086999999999875e+02
-2.806650000000000205e+02
-2.821499999999999773e+02
-3.070237000000000194e+02
-2.724975000000000023e+02
-2.661861999999999853e+02
-3.025688000000000102e+02
-2.951437000000000239e+02
-2.791800000000000068e+02
-2.858625000000000114e+02
-2.817787000000000148e+02
-2.773238000000000056e+02
-2.869762999999999806e+02
-2.921738000000000284e+02
-2.944012000000000171e+02
-2.747250000000000227e+02
-2.817787000000000148e+02
-3.174187999999999761e+02
-2.947724999999999795e+02
-2.810362999999999829e+02
-3.125924999999999727e+02
-2.888324999999999818e+02
-2.873475000000000250e+02
-3.207599999999999909e+02
-3.029399999999999977e+02
-2.914311999999999898e+02
-2.962574999999999932e+02
-2.977425000000000068e+02
-2.962574999999999932e+02
-2.992275000000000205e+02
-3.059100000000000250e+02
-2.988562999999999761e+02
-3.073949999999999818e+02
-3.047962999999999738e+02
-3.044250000000000114e+02
-3.118500000000000227e+02
-3.163050000000000068e+02
-3.289275000000000091e+02
-3.441487000000000194e+02
-3.538011999999999944e+02
-3.281850000000000023e+02
-3.181612999999999829e+02
-3.296700000000000159e+02
-3.374662000000000148e+02
-3.422925000000000182e+02
-3.062812999999999874e+02
-3.259574999999999818e+02
-3.419212999999999738e+02
-3.014549999999999841e+02
-3.244725000000000250e+02
-3.344961999999999875e+02
-3.463763000000000147e+02
-3.370950000000000273e+02
-3.538011999999999944e+02
-3.634538000000000011e+02
-3.593700000000000045e+02
-3.404361999999999853e+02
-3.500887000000000171e+02
-3.549150000000000205e+02
-3.623399999999999750e+02
-3.567712000000000216e+02
-3.508312999999999988e+02
-3.619687999999999874e+02
-3.623399999999999750e+02
-3.582563000000000102e+02
-3.515738000000000056e+02
-3.489750000000000227e+02
-3.764474999999999909e+02
-3.545437999999999761e+02
-3.497174999999999727e+02
-3.415500000000000114e+02
-3.467475000000000023e+02
-3.552862999999999829e+02
-3.563999999999999773e+02
-3.430350000000000250e+02
-3.441487000000000194e+02
-3.263288000000000011e+02
-3.352386999999999944e+02
-3.515738000000000056e+02
-3.515738000000000056e+02
-3.549150000000000205e+02
-3.367237999999999829e+02
-3.359812999999999761e+02
-3.393224999999999909e+02
-3.608550000000000182e+02
-3.441487000000000194e+02
-3.363525000000000205e+02
-3.292988000000000284e+02
-3.025688000000000102e+02
-2.806650000000000205e+02
-3.122212999999999852e+02
-2.802937999999999761e+02
-2.940299999999999727e+02
-3.073949999999999818e+02
-2.951437000000000239e+02
-2.992275000000000205e+02
-3.047962999999999738e+02
-2.895749999999999886e+02
-2.736113000000000284e+02
-3.044250000000000114e+02
-2.717549999999999955e+02
-2.873475000000000250e+02
-2.981136999999999944e+02
-2.732400000000000091e+02
-2.791800000000000068e+02
-2.906888000000000147e+02
-2.877187999999999874e+02
-2.795511999999999944e+02
-2.765812000000000239e+02
-2.691562999999999874e+02
-2.970000000000000000e+02
-2.932875000000000227e+02
-2.814075000000000273e+02
-2.910600000000000023e+02
-3.103650000000000091e+02
-2.788086999999999875e+02
-2.951437000000000239e+02
-3.125924999999999727e+02
-3.092513000000000147e+02
-2.892038000000000011e+02
-2.936587999999999852e+02
-2.947724999999999795e+02
-3.070237000000000194e+02
-2.984850000000000136e+02
-3.111075000000000159e+02
-2.966288000000000125e+02
-3.252149999999999750e+02
-2.880899999999999750e+02
-2.906888000000000147e+02
-2.877187999999999874e+02
-2.784375000000000000e+02
-2.758387000000000171e+02
-3.073949999999999818e+02
-2.981136999999999944e+02
-2.810362999999999829e+02
-2.880899999999999750e+02
-3.062812999999999874e+02
-3.007124999999999773e+02
-2.958863000000000056e+02
-3.133349999999999795e+02
-3.070237000000000194e+02
-3.003412000000000148e+02
-2.918025000000000091e+02
-2.988562999999999761e+02
-3.122212999999999852e+02
-3.003412000000000148e+02
-3.081374999999999886e+02
-3.085088000000000079e+02
-3.073949999999999818e+02
-3.166761999999999944e+02
-3.200174999999999841e+02
-3.400649999999999977e+02
-3.085088000000000079e+02
-3.107363000000000284e+02
-3.066524999999999750e+02
-3.073949999999999818e+02
-3.304125000000000227e+02
-3.170475000000000136e+02
-3.211313000000000102e+02
-3.192749999999999773e+02
-3.263288000000000011e+02
-3.018263000000000034e+02
-3.248437999999999874e+02
-3.270713000000000079e+02
-3.103650000000000091e+02
-3.292988000000000284e+02
-3.200174999999999841e+02
-3.211313000000000102e+02
-3.263288000000000011e+02
-3.285561999999999898e+02
-3.215024999999999977e+02
-3.248437999999999874e+02
-3.174187999999999761e+02
-3.066524999999999750e+02
-3.493462999999999852e+02
-3.385799999999999841e+02
-3.159336999999999875e+02
-3.270713000000000079e+02
-3.437774999999999750e+02
-3.174187999999999761e+02
-3.155625000000000000e+02
-3.092513000000000147e+02
-3.129637000000000171e+02
-3.192749999999999773e+02
-3.211313000000000102e+02
-3.222450000000000045e+02
-3.207599999999999909e+02
-3.244725000000000250e+02
-3.218736999999999853e+02
-3.215024999999999977e+02
-3.330113000000000056e+02
-3.241012999999999806e+02
-3.344961999999999875e+02
-3.241012999999999806e+02
-3.163050000000000068e+02
-3.281850000000000023e+02
-3.363525000000000205e+02
-3.222450000000000045e+02
-3.363525000000000205e+02
-3.378374999999999773e+02
-3.177900000000000205e+02
-3.467475000000000023e+02
-3.266999999999999886e+02
-3.144488000000000056e+02
-3.270713000000000079e+02
-3.341250000000000000e+02
-3.318974999999999795e+02
-3.259574999999999818e+02
-3.374662000000000148e+02
-3.352386999999999944e+02
-3.370950000000000273e+02
-3.463763000000000147e+02
-3.233587999999999738e+02
-3.356100000000000136e+02
-3.452624999999999886e+02
-3.085088000000000079e+02
-3.330113000000000056e+02
-3.593700000000000045e+02
-3.382087000000000216e+02
-3.281850000000000023e+02
-3.333824999999999932e+02
-3.307837999999999852e+02
-3.430350000000000250e+02
-3.478613000000000284e+02
-3.404361999999999853e+02
-3.552862999999999829e+02
-3.708788000000000125e+02
-3.641963000000000079e+02
-3.753337000000000216e+02
-3.727350000000000136e+02
-3.667950000000000159e+02
-3.545437999999999761e+02
-3.679087999999999852e+02
-3.560287000000000148e+02
-3.757049999999999841e+02
-3.690224999999999795e+02
-3.641963000000000079e+02
-3.641963000000000079e+02
-3.612262999999999806e+02
-3.745912000000000148e+02
-3.693937999999999988e+02
-3.719925000000000068e+02
-3.690224999999999795e+02
-3.690224999999999795e+02
-3.749624999999999773e+02
-3.768188000000000102e+02
-3.623399999999999750e+02
-3.883274999999999864e+02
-3.801600000000000250e+02
-3.760763000000000034e+02
-3.953813000000000102e+02
-3.927825000000000273e+02
-3.953813000000000102e+02
-3.890699999999999932e+02
-3.905550000000000068e+02
